14372.225418051443	300	4.0	5.4395307625425735	450283	5439.530762542574	0	-22.639982278933065
14374.619044919367	300	5.606373132073677	0.0	155580	2393.6268679263235	0	-0.15000000000000002
14376.790670951677	300	7.4347470997634195	0.0	139857	2171.626032310258	0	0.3
14379.745170931845	300	8.480247119597157	0.0	155432	2954.4999801662616	0	0.3
14382.114984272974	300	10.110433778467936	0.0	163442	2369.8133411292224	0	0.3
14383.131105847118	750	13.094312204322456	0.0	126289	1016.1215741454799	1	0.3
14385.457792911677	750	14.767625139763943	0.0	352642	2326.6870645585136	1	0.3
14388.52898561567	750	15.696432435770326	0.0	437162	3071.1927039936154	1	0.75
14391.09024684872	750	17.135171202720098	0.0	374758	2561.2612330502266	1	0.75
14394.07969263685	750	18.145725414591638	0.0	362795	2989.44578812846	1	0.75
14396.519016322949	750	19.70640172849036	0.0	353220	2439.3236861012783	1	0.75
14401.392601035954	750	18.83281701548577	0.0	405134	4873.58471300459	1	0.75
14404.42633217966	750	19.799085871780104	0.0	386351	3033.7311437056637	1	0.75
14409.009519296102	750	19.21589875533694	0.0	434409	4583.187116443164	1	0.75
14413.148200536989	750	19.077217514450254	0.0	337059	4138.681240886686	1	0.75
14418.70124685269	750	17.524171198748103	0.0	366214	5553.046315702153	1	0.75
14421.89004030375	750	18.335377747689407	0.0	360831	3188.793451058696	1	0.75
14425.532460604016	750	18.69295744742336	0.0	372963	3642.4203002660456	1	0.75
14429.165739870474	750	19.059678180965534	0.0	405596	3633.2792664578265	1	0.75
14431.578986960638	750	20.646431090800565	0.0	350713	2413.2470901649694	1	0.75
14434.328426094213	750	21.896991957224948	0.0	386472	2749.439133575614	1	0.75
14437.13588529015	750	23.089532761288783	0.0	399894	2807.4591959361637	1	0.75
14440.23310659289	750	23.992311458547636	0.0	401853	3097.221302741151	1	0.75
14442.89492257307	750	25.330495478367208	0.0	343800	2661.8159801804304	1	0.75
14445.365914561688	1850	26.859503489750725	0.0	359903	2470.9919886164816	3	0.75
14453.5446883392	1850	22.680729712237326	0.0	905935	8178.773777513397	3	0.75
14461.61108377343	1850	18.61433427800711	0.0	1076599	8066.395434230218	3	1.85
14468.909370341624	1850	15.316047709813423	0.0	758197	7298.286568193687	3	1.85
14480.82863673995	300	7.396781311486375	0.0	972798	11919.266398327049	0	1.85
14481.900460143892	300	10.324957907543983	0.0	149029	1071.823403942392	0	-1.25
14483.105347601786	750	13.120070449650461	0.0	157421	1204.8874578935224	1	0.3
14485.901115511879	750	14.324302539557952	0.0	400322	2795.7679100925084	1	0.3
14488.443385141469	750	15.782032909967931	0.0	369834	2542.269629590021	1	0.75
14491.426409060856	750	16.799008990581356	0.0	412837	2983.0239193865764	1	0.75
14496.007903701606	750	16.2175143498319	0.0	401088	4581.494640749453	1	0.75
14499.21134130111	750	17.014076750326662	0.0	365161	3203.4375995052374	1	0.75
14501.92141155575	750	18.30400649568609	0.0	321064	2710.070254640575	1	0.75
14506.273421548696	750	17.951996502740826	0.0	361565	4352.009992945261	1	0.75
14511.146523635429	750	17.078894416009028	0.0	378327	4873.102086731797	1	0.75
14516.098355671375	750	16.127062380064054	0.0	390680	4951.832035944976	1	0.75
14519.364335548333	750	16.86108250310688	0.0	345516	3265.9798769571757	1	0.75
14523.11116896459	750	17.11424908684933	0.0	384505	3746.8334162575493	1	0.75
14526.099460787904	750	18.12595726353555	0.0	372093	2988.2918233137766	1	0.75
14529.170374943476	750	19.055043107963204	0.0	438281	3070.914155572345	1	0.75
14531.959264569912	750	20.26615348152804	0.0	398987	2788.889626435164	1	0.75
14535.018229864192	750	21.20718818724828	0.0	393804	3058.9652942797593	1	0.75
14537.374270186687	750	22.8511478647519	0.0	331053	2356.0403224963825	1	0.75
14539.846833437861	750	24.378584613577182	0.0	314107	2472.563251174716	1	0.75

