12508.448747540244	300	4.0	2.7479944591788286	181801	2747.9944591788285	-11.516376174468961
12510.362098702202	300	6.086648838040633	0.0	155580	1913.3511619593676	0.3
12511.85377832326	300	8.594969216981635	0.0	139857	1491.6796210589978	0.3
12513.628123095777	300	10.820624444466498	0.0	155432	1774.3447725151377	0.3
12515.342248032459	300	13.106499507785612	0.0	163442	1714.1249366808843	0.3
12516.634512465223	300	15.814235075020923	0.0	126289	1292.2644327646908	0.3
12518.257541398225	300	18.19120614201833	0.0	153295	1623.0289330025935	0.3
12520.031956281075	300	20.416791259167496	0.0	173849	1774.4148828508314	0.3
12521.565872338835	300	22.88287520140669	0.0	150710	1533.9160577608043	0.3
12523.032863897935	300	25.415883642306405	0.0	139105	1466.9915591002853	0.3
12524.569918813897	300	27.878828726343436	0.0	141840	1537.0549159629686	0.3
12526.341845774246	300	30.106901765993914	0.0	156148	1771.926960349524	0.3
12528.08221118534	300	32.366536354900504	0.0	160746	1740.365411093408	0.3
12529.867378298637	300	34.58136924160355	0.0	179801	1785.1671132969557	0.3
12531.200075220208	300	37.24867232003313	0.0	140051	1332.6969215704157	0.3
12532.565893923937	300	39.88285361630364	0.0	138313	1365.8187037294915	0.3
12534.095434900684	300	42.35331263955561	0.0	143509	1529.54097674803	0.3
12535.831841922954	300	44.61690561728628	0.0	150616	1736.407022269337	0.3
12537.405555457031	300	47.043192083208965	0.0	165384	1573.7135340773111	0.3
12538.984830097519	300	49.463917442721325	0.0	140881	1579.2746404876473	0.3
12540.82641979993	300	51.622327740309146	0.0	157671	1841.5897024121746	0.3
12542.660317100272	300	53.788430439968046	0.0	157812	1833.8973003411027	0.3
12544.421433470761	300	56.02731406947749	0.0	163927	1761.116370490554	0.3
12545.884563308697	300	58.56418423154187	0.0	137654	1463.1298379356144	0.3
12548.342418445785	300	59.55216177681638	0.0	146754	1512.0224547254973	0.3
12552.335748065047	300	59.55883215755341	0.0	153938	2493.3296192629646	0.3
12555.820375558753	300	59.501099518613444	0.0	181901	2557.7326389399664	0.3
12558.664667612918	300	59.62740091891401	0.0	111155	1373.698599699437	0.3
12561.32986593164	300	59.710098515384466	0.0	153605	1917.3024035295455	0.3
12563.921801557688	300	59.698078588408286	0.0	149029	2012.0199269761815	0.3
12567.77550519626	300	59.84437494983583	0.0	157421	2853.703638572459	0.3
12570.257951598798	300	59.589961441238486	0.0	157488	2254.4135085973458	0.3
12572.187661840791	300	59.774122814912445	0.0	143881	1815.8386263260395	0.3
12575.98191266338	300	59.92893317805132	0.0	163444	1845.1896368611287	0.3
12579.971852294151	300	59.57849399368006	0.0	179328	2850.4391843712497	0.3
12583.689705293466	300	59.860640994365944	0.0	159914	3217.852999314119	0.3
12587.772758434192	300	59.77758785363984	0.0	131610	3083.053140726108	0.3
12591.91556271898	300	59.63478356885185	0.0	124011	3142.8042847879847	0.3
12595.793463279248	300	59.75688300858508	0.0	144254	2377.9005602667776	0.3
12597.512260723457	300	59.738039945027566	0.0	149991	1518.843063557514	0.3
12600.346507413191	300	59.535893761735515	0.0	147968	1702.1461832920495	0.3
12603.219751303262	300	59.55032214142147	0.0	161857	1985.571620314048	0.3
12605.661488146356	300	59.818289773754096	0.0	145210	1732.0323676673747	0.3
12608.522015083981	300	59.52287859515331	0.0	172312	2295.4111786007957	0.3
12612.291187121093	300	59.753706558040825	0.0	167025	2769.1720371124825	0.3
12617.18268037256	300	58.86221330657462	0.0	160064	4891.493251466208	0.3
12621.639111473398	300	58.40578220573709	0.0	137507	4456.431100837527	0.3
12625.296639162754	300	58.748254516381216	0.0	118421	3657.5276893558726	0.3

