6381.724500502924	300	4.0	1.9680897620528024	450283	1968.0897620528024	0	-7.71278597682705
6382.531912021738	300	7.192588481185374	0.0	155580	807.4115188146266	0	-0.15000000000000002
6383.440187460444	750	10.284313042479486	0.0	139857	908.2754387058885	1	0.3
6385.449172447085	750	12.275328055837898	0.0	382355	2008.984986641587	1	0.3
6386.981970280758	750	14.742530222165119	0.0	411561	1532.7978336727792	1	0.75
6388.144053775538	1850	17.580446727385556	0.0	318564	1162.0834947795613	3	0.75
6391.19514884641	1850	18.529351656513445	0.0	905515	3051.09507087211	3	0.75
6394.752871928355	1850	18.971628574569163	0.0	1060487	3557.7230819442807	3	1.85
6404.221862993856	750	13.502637509067641	0.0	852833	9468.991065501523	1	1.85
6408.537898708497	750	13.18660179442674	0.0	362795	4316.0357146409015	1	-0.3500000000000001
6410.441935599671	750	15.282564903252968	0.0	353220	1904.0368911737714	1	0.75
6412.102459430616	750	17.622041072306928	0.0	405134	1660.5238309460403	1	0.75
6413.67122485136	750	20.05327565156246	0.0	386351	1568.7654207444707	1	0.75
6415.534437979131	750	22.190062523792236	0.0	434409	1863.2131277702192	1	0.75
6416.852268273425	1850	24.872232229498717	0.0	337059	1317.8302942935172	3	0.75
6420.224778179486	1850	25.499722323436593	0.0	923170	3372.5099060621255	3	0.75
6423.911619101747	1850	25.81288140117474	0.0	966699	3686.840922261852	3	1.85
6427.937425430792	1850	25.787075072130595	0.0	885714	4025.8063290441423	3	1.85
6435.458921259642	1850	22.26557924328158	0.0	987708	7521.495828849016	3	1.85
6440.6068531669225	1850	21.11764733600011	0.0	923755	5147.931907281469	3	1.85
6445.899216799491	1850	19.82528370343184	0.0	891604	5292.363632568271	3	1.85
6449.993285402352	1850	19.731215100571124	0.0	955231	4094.068602860715	3	1.85
6455.273198663388	1850	18.451301839535144	0.0	968026	5279.913261035982	3	1.85
6459.2391021189715	1850	18.4853983839519	0.0	874175	3965.903455583245	3	1.85
6464.7395781485475	1850	16.984922354375684	0.0	897976	5500.476029576213	3	1.85
6469.255165585001	1850	16.469334917922357	0.0	905935	4515.587436453329	3	1.85
6473.7292540075505	1850	15.995246495372399	0.0	1076599	4474.088422549956	3	1.85
6477.991194680199	1850	15.733305822724319	0.0	758197	4261.940672648081	3	1.85
6485.971891053206	750	11.75260944971799	0.0	972798	7980.696373006326	1	1.85
6488.149095610372	750	13.575404892551196	0.0	400508	2177.204557166795	1	-0.3500000000000001
6490.232536195279	750	15.491964307643993	0.0	358218	2083.4405849072036	1	0.75
6492.30215522462	750	17.422345278302817	0.0	400322	2069.619029341173	1	0.75
6493.875483902538	750	19.84901660038501	0.0	369834	1573.32867791781	1	0.75
6495.794208965223	750	21.930291537700285	0.0	412837	1918.7250626847228	1	0.75
6499.916243464949	750	21.808257037975046	0.0	401088	4122.03449972524	1	0.75
6502.1639276843425	1850	23.560572818581104	0.0	365161	2247.684219393943	3	0.75
6505.692285078935	1850	24.032215423988188	0.0	728962	3528.357394592912	3	0.75
6509.586315273337	1850	24.13818522958686	0.0	938587	3894.03019440133	3	1.85
6514.357150858944	1850	23.3673496439798	0.0	908665	4770.83558560706	3	1.85
6519.4616454771485	1850	22.26285502577545	0.0	930577	5104.4946182043495	3	1.85
6523.735317773875	1850	21.989182729049023	0.0	858450	4273.672296726428	3	1.85
6527.492426200587	1850	22.232074302336176	0.0	1025005	3757.1084267128454	3	1.85
6531.525756938747	1850	22.19874356417659	0.0	886255	4033.3307381595887	3	1.85
6536.262113931385	1850	21.46238657153886	0.0	973972	4736.356992637727	3	1.85
6540.482877082658	1850	21.241623420265817	0.0	958994	4220.763151273042	3	1.85
6544.502814708944	1850	21.221685793979702	0.0	982064	4019.937626286116	3	1.85
6548.114598450014	1850	21.609902052910776	0.0	830730	3611.783741068923	3	1.85
6551.906597322334	1850	21.817903180590076	0.0	846370	3791.998872320701	3	1.85

