15447.510014605099	750	4.0	5.4395307625425735	450283	5439.530762542574	-22.639982278933065
15449.903641473025	300	5.606373132073677	0.0	155580	2393.6268679263235	-0.15000000000000002
15452.075267505335	300	7.4347470997634195	0.0	139857	2171.626032310258	0.3
15455.029767485501	300	8.480247119597157	0.0	155432	2954.4999801662616	0.3
15457.39958082663	300	10.110433778467936	0.0	163442	2369.8133411292224	0.3
15458.415702400776	300	13.094312204322456	0.0	126289	1016.1215741454799	0.3
15459.49096935072	300	16.019045254378536	0.0	153295	1075.2669499439207	0.3
15462.51139698104	750	16.998617624058227	0.0	437162	3020.4276303203083	0.3
15465.120150682085	750	18.38986392301169	0.0	374758	2608.7537010465367	0.75
15467.61252034127	750	19.89749426382763	0.0	362795	2492.369659184056	0.75
15470.230489691601	750	21.27952491349602	0.0	353220	2617.969350331617	0.75
15474.279120528347	750	21.230894076751404	0.0	405134	4048.630836744614	0.75
15478.136289721358	750	21.373724883738646	0.0	386351	3857.1691930127554	0.75
15481.827316240371	750	21.682698364727568	0.0	434409	3691.0265190110804	0.75
15486.041722177006	750	21.468292428091168	0.0	337059	4214.4059366364	0.75
15491.11552313629	750	20.39449146880785	0.0	366214	5073.800959283318	0.75
15495.37614372159	750	20.133870883506077	0.0	360831	4260.62058530177	0.75
15498.920391670827	750	20.5896229342709	0.0	372963	3544.247949235182	0.75
15502.873594469294	750	20.636420135803803	0.0	405596	3953.2027984670913	0.75
15505.50981123433	750	22.00020337076797	0.0	350713	2636.2167650358365	0.75
15508.254064985966	750	23.25594961913003	0.0	386472	2744.253751637942	0.75
15511.050538140262	750	24.45947646483456	0.0	399894	2796.4731542954673	0.75
15518.265134318643	1850	21.244880286454634	0.0	968026	7214.596178379926	0.75
15525.294591592747	1850	18.215423012350612	0.0	874175	7029.457274104022	1.85
15532.801103202984	1850	14.70891140211365	0.0	897976	7506.511610236963	1.85
15539.120376644794	1850	12.389637960302966	0.0	905935	6319.273441810684	1.85
15554.05887178403	1850	4.0	2.5488571789331256	1076599	14938.495139236093	-9.11008586941244
15554.923094232354	300	7.135777551675298	0.0	111155	864.2224483247016	-1.25
15555.929902321768	300	10.12896946226133	0.0	153605	1006.8080894139687	0.3
15558.767352237672	750	11.291519546358977	0.0	400508	2837.4499159023526	0.3
15561.254904076537	750	12.803967707493026	0.0	358218	2487.5518388659516	0.75
15564.03896910751	750	14.019902676519695	0.0	400322	2784.06503097333	0.75
15566.700090415525	750	15.358781368506154	0.0	369834	2661.1213080135417	0.75
15571.556755823274	750	14.502115960756027	0.0	412837	4856.665407750126	0.75
15574.864171066158	750	15.194700717874406	0.0	401088	3307.4152428816215	0.75
15578.096345218975	750	15.96252656505713	0.0	365161	3232.1741528172756	0.75
15582.116526067504	750	15.94234571652817	0.0	321064	4020.1808485289616	0.75
15587.107936664419	750	14.950935119613334	0.0	361565	4991.410596914835	0.75
15591.555954518355	750	14.502917265677437	0.0	378327	4448.017853935897	0.75
15595.282248670459	750	14.776623113574686	0.0	390680	3726.294152102752	0.75
15598.666579483273	750	15.39229230076089	0.0	345516	3384.330812813796	0.75
15601.609096344084	750	16.449775439949196	0.0	384505	2942.5168608116905	0.75
15604.256861968415	750	17.802009815618025	0.0	372093	2647.765624331174	0.75
15607.31550123253	750	18.743370551504505	0.0	438281	3058.639264113521	0.75
15610.408132344724	750	19.65073943930977	0.0	398987	3092.6311121947338	0.75
15613.276465288809	750	20.782406495225064	0.0	393804	2868.3329440847074	0.75
15615.766128849375	750	22.29274293465861	0.0	331053	2489.6635605664537	0.75
15617.940388168661	750	24.118483615372128	0.0	314107	2174.2593192864847	0.75

