6585.773272650556	750	4.0	4.043612194844198	450283	4043.6121948441983	-16.63753243783005
6587.429731057668	300	6.343541592888147	0.0	155580	1656.458407111853	-0.15000000000000002
6588.698422185407	300	9.07485046514876	0.0	139857	1268.6911277393874	0.3
6591.251501868648	750	10.521770781907584	0.0	382355	2553.0796832411756	0.3
6596.876116081488	1200	8.89715656906755	0.0	652874	5624.614212840036	0.75
6602.561040586079	1200	7.212232064477195	0.0	520315	5684.9245045903535	1.2
6607.292424476635	750	6.480848173921358	0.0	352642	4731.383890555837	0.3
6609.391480604582	300	8.381792045974048	0.0	173849	2099.0561279473086	-0.15000000000000002
6610.861021057387	300	10.912251593169778	0.0	150710	1469.5404528042711	0.3
6613.065933643969	750	12.707339006586857	0.0	362795	2204.912586582921	0.3
6617.4282126028975	1200	12.345060047658775	0.0	607410	4362.278958928081	0.75
6623.375009971471	1200	10.3982626790854	0.0	594078	5946.797368573373	1.2
6626.293510353649	750	11.479762296906896	0.0	386351	2918.5003821785044	0.3
6629.110052425353	750	12.663220225201934	0.0	434409	2816.542071704961	0.75
6635.645338962674	1200	10.12793368788116	0.0	526950	6535.286537320773	0.75
6641.336529651221	750	8.436742999333957	0.0	366214	5691.1906885472035	0.3
6642.826555237338	300	10.946717413216989	0.0	143509	1490.025586116967	-0.15000000000000002
6644.278650347214	300	13.494622303341176	0.0	150616	1452.0951098758146	0.3
6646.066930928311	300	15.706341722243746	0.0	165384	1788.2805810974298	0.3
6647.599166832063	300	18.17410581849147	0.0	140881	1532.2359037522767	0.3
6650.688385089597	750	19.08488756095677	0.0	386472	3089.218257534699	0.3
6659.302865104675	1200	14.470407545879041	0.0	616206	8614.480015077728	0.75
6667.775124321056	1200	9.998148329498589	0.0	656471	8472.259216380453	1.2
6675.156448455251	750	6.61682419530316	0.0	343800	7381.324134195429	0.3
6676.695043005714	300	9.078229644839848	0.0	146754	1538.5945504633103	-0.15000000000000002
6677.967701219635	300	11.805571430919278	0.0	153938	1272.6582139205702	0.3
6681.553122467693	750	12.22015018286137	0.0	425781	3585.4212480579067	0.3
6684.870676933555	750	12.90259571699905	0.0	277716	3317.5544658623203	0.75
6688.825430874651	750	12.94784177590291	0.0	400396	3954.753941096139	0.75
6695.800339552855	750	9.972933097699025	0.0	400508	6974.908678203885	0.75
6696.761965984296	300	13.0113066662581	0.0	157421	961.6264314409264	-0.15000000000000002
6698.572065197981	750	15.201207452573184	0.0	400322	1810.0992136849168	0.3
6700.017779974788	750	17.755492675765947	0.0	369834	1445.7147768072389	0.75
6704.438659021881	1850	17.3346136286725	0.0	1035329	4420.879047093443	0.75
6708.737716562	1850	17.03555608855362	0.0	1026056	4299.0575401188835	1.85
6712.005812871124	1850	17.767459779429174	0.0	943942	3268.0963091244444	1.85
6715.704798863691	2850	18.068473786862764	0.0	1139291	3698.985992566408	1.85
6730.348068235875	2850	7.425204414679123	0.0	1499009	14643.26937218364	2.85
6731.387349604099	300	10.385923046455584	0.0	144254	1039.2813682235387	-2.25
6732.17532750673	300	13.59794514382468	0.0	149991	787.9779026309047	0.3
6732.775402797386	300	16.99786985316881	0.0	147968	600.0752906558674	0.3
6734.39965688028	750	19.37361577027486	0.0	384505	1624.2540828939523	0.3
6736.848646015559	1200	20.92462663499533	0.0	599477	2448.9891352795325	0.75
6742.716190742324	2850	19.05708190823048	0.0	1587250	5867.544726764851	1.2000000000000002
6748.659876881511	2850	17.113395769044054	0.0	1464921	5943.686139186426	2.85
6758.695696605151	2850	11.077576045403504	0.0	1483527	10035.81972364055	2.85
6763.255941992284	1850	10.517330658271181	0.0	830730	4560.245387132324	0.8500000000000001
6770.305465882351	2850	7.467806768202912	0.0	1364537	7049.523890068269	1.85

