24981.55578105064	300	4.0	3.8635903273045304	450283	3863.5903273045305	0	-15.863438407409479
24982.79611845689	300	6.759662593753583	0.0	155580	1240.3374062464177	0	-0.15000000000000002
24984.21710163564	300	9.338679415001378	0.0	139857	1420.983178752206	0	0.3
24985.575530584905	750	11.980250465737047	0.0	155432	1358.428949264331	1	0.3
24988.63148447661	750	12.92429657403178	0.0	411561	3055.9538917052673	1	0.3
24991.33832050498	750	14.217460545663556	0.0	318564	2706.836028368223	1	0.75
24994.209185617197	750	15.34659543344433	0.0	352642	2870.865112219226	1	0.75
24997.495939621047	750	16.059841429596545	0.0	437162	3286.754003847786	1	0.75
25000.58328518978	750	16.97249586086595	0.0	374758	3087.3455687305923	1	0.75
25003.723275252058	750	17.83250579858487	0.0	362795	3139.9900622810806	1	0.75
25007.204443461917	750	18.351337588726995	0.0	353220	3481.1682098578735	1	0.75
25010.859039716728	750	18.696741333917146	0.0	405134	3654.5962548098455	1	0.75
25014.692362864393	750	18.863418186252172	0.0	386351	3833.3231476649735	1	0.75
25019.215819242076	750	18.33996180857082	0.0	434409	4523.456377681354	1	0.75
25026.454728140958	750	15.101052909687507	0.0	337059	7238.908898883313	1	0.75
25035.114647275375	300	10.441133775267405	0.0	366214	8659.919134420103	0	0.75
25038.79257656943	300	10.763204481215247	0.0	143509	3677.929294052157	0	-0.15000000000000002
25042.60059025491	300	10.955190795735362	0.0	150616	3808.013685479886	0	0.3
25046.40789058198	300	11.147890468666855	0.0	165384	3807.300327068506	0	0.3
25049.873889038936	300	11.68189201171244	0.0	140881	3465.998456954415	0	0.3
25052.66802362057	300	12.887757430080617	0.0	157671	2794.134581631822	0	0.3
25056.74514373117	300	12.810637319480527	0.0	157812	4077.120110600089	0	0.3
25061.884039667893	300	11.671741382755503	0.0	163927	5138.895936725024	0	0.3
25065.453733165617	300	12.102047885031828	0.0	137654	3569.6934977236733	0	0.3
25068.110410008772	300	13.445371041877735	0.0	146754	2656.6768431540936	0	0.3
25069.877484940735	750	15.678296109915703	0.0	153938	1767.0749319620334	1	0.3
25074.117384769088	750	15.438396281558097	0.0	425781	4239.899828357606	1	0.3
25078.56014396484	750	14.995637085805235	0.0	277716	4442.759195752859	1	0.75
25089.565692148393	300	7.990088902252615	0.0	400396	11005.54818355262	0	0.75
25093.382126596396	300	8.173654454253576	0.0	149029	3816.43444799904	0	-0.15000000000000002
25097.64178614738	300	7.913994903269707	0.0	157421	4259.659550983869	0	0.3
25101.445287936367	300	8.11049311427949	0.0	157488	3803.5017889902165	0	0.3
25105.132022465925	300	8.423758584720435	0.0	143881	3686.7345295590553	0	0.3
25110.25462067355	300	7.30116037709842	0.0	163444	5122.598207622015	0	0.3
25113.646870375618	300	7.9089106750287845	0.0	179328	3392.2497020696355	0	0.3
25116.139425487163	300	9.416355563483116	0.0	159914	2492.555111545669	0	0.3
25119.239695152624	300	10.316085898022282	0.0	131610	3100.2696654608335	0	0.3
25121.769353362244	300	11.78642768840364	0.0	124011	2529.6582096186426	0	0.3
25124.555605831174	300	13.000175219474276	0.0	144254	2786.2524689293646	0	0.3
25127.924698794544	300	13.631082256103877	0.0	149991	3369.0929633703986	0	0.3
25132.06116940518	300	13.49461164546674	0.0	147968	4136.470610637136	0	0.3
25136.251120478584	300	13.304660572060646	0.0	161857	4189.951073406096	0	0.3
25139.176113173162	300	14.37966787748503	0.0	145210	2924.992694575616	0	0.3
25142.440276625122	300	15.11550442552369	0.0	172312	3264.1634519613394	0	0.3
25144.725502502122	750	16.830278548526454	0.0	167025	2285.2258769972373	1	0.3
25150.417014449406	750	15.13876660124281	0.0	393804	5691.511947283643	1	0.3
25156.802620792783	750	12.753160257864842	0.0	331053	6385.60634337797	1	0.75
25161.615423679676	750	11.940357370973052	0.0	314107	4812.80288689179	1	0.75

