12837.198117007752	300	4.0	0.9431490088747451	181801	943.149008874745	-3.755540738161404
12838.206289063904	300	6.991827943849348	0.0	155580	1008.1720561506512	0.3
12839.121040332197	300	10.077076675557688	0.0	139857	914.7512682916605	0.3
12840.066917136837	300	13.131199870917996	0.0	155432	945.876804639692	0.3
12841.412709602748	300	15.785407405008314	0.0	163442	1345.7924659096798	0.3
12842.345379068762	300	18.852737938993503	0.0	126289	932.6694660148142	0.3
12843.417010706584	300	21.78110630117345	0.0	153295	1071.6316378200527	0.3
12844.601020396945	300	24.597096610810954	0.0	173849	1184.0096903624951	0.3
12845.715740793641	300	27.482376214114947	0.0	150710	1114.7203966960094	0.3
12846.814768830647	300	30.383348177109262	0.0	139105	1099.0280370056817	0.3
12847.729053235233	300	33.469063772524166	0.0	141840	914.2844045850971	0.3
12848.593119885532	300	36.60499712222424	0.0	156148	864.0666502999292	0.3
12849.37235714622	300	39.825759861536355	0.0	160746	779.2372606878886	0.3
12850.300552712048	300	42.897564295709856	0.0	179801	928.1955658264993	0.3
12851.242062016234	300	45.95605499152313	0.0	140051	941.509304186723	0.3
12852.171060106804	300	49.02705690095298	0.0	138313	928.9980905701498	0.3
12853.061482134979	300	52.13663487277848	0.0	143509	890.4220281745031	0.3
12853.979100449298	300	55.219016558459906	0.0	150616	917.6183143185692	0.3
12855.112129037905	300	58.08598796985141	0.0	165384	1133.0285886084946	0.3
12856.592615687267	300	59.524325116982446	0.0	140881	1061.662852868967	0.3
12858.196379839042	300	59.53185492504047	0.0	157671	992.4701919419764	0.3
12859.504717785707	300	59.64833292687553	0.0	157812	883.5219981649349	0.3
12861.694905623977	300	59.5106469485895	0.0	163927	1137.6859782860236	0.3
12863.512301791323	300	59.9031998521599	0.0	137654	1107.447096429605	0.3
12866.57791325156	300	59.5903686288494	0.0	146754	2312.8312233105007	0.3
12868.139309410024	300	59.896060668080246	0.0	153938	1194.3079607691577	0.3
12870.954694164613	300	59.79191235628307	0.0	181901	1604.148311797176	0.3
12872.732789861217	300	59.59348272937731	0.0	111155	1698.4296269057684	0.3
12875.92038980699	300	59.57951583423952	0.0	153605	3013.96689513778	0.3
12879.506135486008	300	59.8034595486477	0.0	149029	2276.056285591821	0.3
12881.386215310944	300	59.60326433289412	0.0	157421	1700.195215753585	0.3
12883.709910960977	300	59.721358831567734	0.0	157488	1381.9055013263833	0.3
12886.123065444785	300	59.99567661631772	0.0	143881	1725.6822152500133	0.3
12888.165765872891	300	59.5530625126935	0.0	163444	1942.6141036242273	0.3
12890.332969868783	300	59.974503681787944	0.0	179328	1578.558830905553	0.3
12892.837715302036	300	59.76645362870467	0.0	159914	1708.05005308328	0.3
12894.370914224424	300	59.99320184804581	0.0	131610	1273.2517806588592	0.3
12895.849060274571	300	59.64410234618654	0.0	124011	1349.0995018592691	0.3
12899.723020482596	300	59.77014213816168	0.0	144254	1873.9602080248605	0.3
12902.923393650039	300	59.9214589754975	0.0	149991	1848.6831626641776	0.3
12905.075303337648	300	59.7713490958808	0.0	147968	1150.1098796166964	0.3
12907.754370000934	300	59.7427156922343	0.0	161857	2028.6334036465046	0.3
12910.468107262146	300	59.88606360544844	0.0	145210	1856.652086785857	0.3
12913.57077678642	300	59.948271454524615	0.0	172312	1437.7921509238288	0.3
12917.295366257349	300	59.87341541023531	0.0	167025	2074.8560442892986	0.3
12919.815940600267	300	59.917994933095756	0.0	160064	2455.420477139563	0.3
12922.642053422443	300	59.55751551689622	0.0	137507	1360.4794161995387	0.3
12923.94096532102	300	59.54087620859657	0.0	118421	1016.6393082996439	0.3

