11706.958409448787	300	4.0	3.5013497766476167	450283	3501.3497766476166	0	-14.305804039584752
11707.92666773909	300	7.031741709697546	0.0	155580	968.258290302454	0	-0.15000000000000002
11708.61340903118	750	10.345000417606482	0.0	139857	686.7412920910647	1	0.3
11710.29173617061	750	12.666673278177015	0.0	382355	1678.327139429466	1	0.3
11712.17351937213	750	14.78489007665742	0.0	411561	1881.7832015195943	1	0.75
11713.504186186534	750	17.454223262253	0.0	318564	1330.6668144044238	1	0.75
11714.803662921926	1850	20.154746526859547	0.0	352642	1299.4767353934526	3	0.75
11719.180399168265	1850	19.778010280520604	0.0	1060487	4376.736246338943	3	0.75
11724.045887834485	1850	18.912521614299262	0.0	852833	4865.488666221342	3	1.85
11730.328571785885	1850	16.629837662898282	0.0	913888	6282.683951400979	3	1.85
11736.783358369208	1850	14.175051079576097	0.0	939819	6454.786583322185	3	1.85
11742.147103835203	1850	12.811305613581633	0.0	917428	5363.745465994462	3	1.85
11748.968173728528	1850	9.990235720257747	0.0	946851	6821.069893323885	3	1.85
11760.251180881578	300	4.0	1.292771432794023	1036454	11283.00715305177	0	-3.708917161014299
11761.824190183734	300	6.426990697844882	0.0	140051	1573.0093021551174	0	-1.25
11763.49067282345	300	8.760508058130224	0.0	138313	1666.482639714659	0	0.3
11765.340711451443	300	10.91046943013779	0.0	143509	1850.038627992434	0	0.3
11767.471084246095	300	12.780096635485386	0.0	150616	2130.372794652403	0	0.3
11769.620983761288	750	14.630197120293163	0.0	165384	2149.8995151922236	1	0.3
11772.441504484941	750	15.809676396640482	0.0	350713	2820.520723652682	1	0.3
11774.730679547196	750	17.520501334384374	0.0	386472	2289.1750622561053	1	0.75
11776.827568161229	750	19.423612720352786	0.0	399894	2096.8886140315863	1	0.75
11778.731712420922	1850	21.51946846066037	0.0	401853	1904.144259692417	3	0.75
11783.065627566528	1850	21.185553315054634	0.0	874175	4333.915145605737	3	0.75
11788.225786111236	1850	20.025394770347226	0.0	897976	5160.158544707407	3	1.85
11797.555325229305	750	14.695855652279569	0.0	905935	9329.539118067656	1	1.85
11800.107513264527	750	16.143667617056018	0.0	425781	2552.1880352235507	1	-0.3500000000000001
11801.791179676049	750	18.46000120553552	0.0	277716	1683.6664115205003	1	0.75
11803.953977708103	1850	20.297203173480973	0.0	400396	2162.7980320545457	3	0.75
11809.446307998924	1850	18.804872882659886	0.0	975811	5492.330290821085	3	0.75
11813.391207239943	1850	18.85997364163994	0.0	873429	3944.8992410199485	3	1.85
11816.831863696263	1850	19.419317185320175	0.0	954453	3440.656456319765	3	1.85
11820.271078293985	1850	19.980102587598232	0.0	885062	3439.214597721945	3	1.85
11825.003819808762	1850	19.24736107282016	0.0	1035329	4732.74151477807	3	1.85
11828.969882402727	1850	19.2812984788559	0.0	1026056	3966.062593964265	3	1.85
11832.915835559863	1850	19.335345321718897	0.0	943942	3945.953157137	3	1.85
11835.538344116174	1850	20.71283676540795	0.0	728962	2622.50855631095	3	1.85
11838.746186449447	1850	21.504994432133287	0.0	938587	3207.8423332746625	3	1.85
11842.187611903893	1850	22.063568977688742	0.0	908665	3441.425454444548	3	1.85
11845.659085453717	1850	22.592095427864127	0.0	930577	3471.4735498246155	3	1.85
11848.491682486214	1850	23.75949839536664	0.0	858450	2832.5970324974855	3	1.85
11851.862534203367	1850	24.388646678213828	0.0	1025005	3370.851717152815	3	1.85
11854.944322067116	1850	25.306858814463386	0.0	886255	3081.787863750441	3	1.85
11858.851191844295	1850	25.399989037286172	0.0	973972	3906.8697771772127	3	1.85
11862.202743391921	1850	26.048437489658347	0.0	958994	3351.551547627827	3	1.85
11865.438413881546	1850	26.812767000033855	0.0	982064	3235.6704896244914	3	1.85
11867.999051260578	1850	28.25212962100188	0.0	830730	2560.637379031975	3	1.85
11870.891440424732	1850	29.35974045684898	0.0	846370	2892.389164152901	3	1.85

