24272.81589056399	300	4.0	5.5231617266206285	181801	5523.1617266206285	-23.4495954244687
24276.502152143545	300	4.31373842044512	0.0	155580	3686.26157955488	0.3
24279.414418875152	300	5.401471688837662	0.0	139857	2912.2667316074576	0.3
24282.137739213464	300	6.678151350527327	0.0	155432	2723.320338310336	0.3
24284.62265002364	300	8.193240540350528	0.0	163442	2484.9108101767983	0.3
24286.35895524273	300	10.45693532125846	0.0	126289	1736.30521909207	0.3
24289.31138442015	300	11.504506143840727	0.0	153295	2952.4291774177323	0.3
24293.283912156676	300	11.531978407315542	0.0	173849	3972.527736525184	0.3
24296.057764540787	300	12.758126023202001	0.0	150710	2773.8523841135416	0.3
24300.02861427146	300	12.78727629252931	0.0	139105	3970.849730672692	0.3
24304.471523887543	300	12.344366676447782	0.0	141840	4442.909616081528	0.3
24309.862748815463	300	10.953141748531845	0.0	156148	5391.224927915937	0.3
24315.375577950334	300	9.440312613660623	0.0	160746	5512.829134871222	0.3
24320.772332387314	300	8.043558176680715	0.0	179801	5396.754436979908	0.3
24324.868143633164	300	7.947746930828342	0.0	140051	4095.8112458523724	0.3
24329.636398613973	300	7.179491950020101	0.0	138313	4768.25498080824	0.3
24334.5209969743	300	6.294893589694396	0.0	143509	4884.5983603257055	0.3
24339.50657184741	300	5.3093187165863585	0.0	150616	4985.5748731080375	0.3
24342.944469405662	300	5.871421158334756	0.0	165384	3437.8975582516023	0.3
24344.65611818878	300	8.159772375218207	0.0	140881	1711.64878311655	0.3
24346.18782505593	300	10.628065508068604	0.0	157671	1531.7068671496036	0.3
24347.666674436867	300	13.149216127133354	0.0	157812	1478.8493809352487	0.3
24350.603764806245	750	14.212125757755095	0.0	401853	2937.090369378259	0.3
24352.992505221446	750	15.823385342554978	0.0	343800	2388.7404152001163	0.75
24355.336519728982	750	17.47937083501878	0.0	359903	2344.0145075362	0.75
24357.732502905965	750	19.083387658034002	0.0	379700	2395.983176984778	0.75
24362.573279186054	1200	18.242611377945558	0.0	696376	4840.776280088445	0.75
24364.700727553005	750	20.115163010995236	0.0	277716	2127.448366950325	0.3
24368.754329273168	1200	20.061561290832692	0.0	622896	4053.601720162543	0.75
24371.985543966442	1200	20.830346597557497	0.0	641447	3231.214693275194	1.2
24374.53882835943	1200	22.277062204572196	0.0	570392	2553.2843929853007	1.2
24379.55080863549	1850	21.265081928511975	0.0	954453	5011.980276060221	1.2000000000000002
24382.613955120516	1200	22.201935443484324	0.0	584349	3063.1464850276534	0.5499999999999999
24387.36628252585	1850	21.449608038145595	0.0	1035329	4752.327405338729	1.2000000000000002
24391.620908282915	1850	21.19498228108209	0.0	1026056	4254.625757063501	1.85
24394.26333380578	1200	22.5525567582204	0.0	598727	2642.42552286169	0.5499999999999999
24397.25782565504	1850	23.558064908959516	0.0	728962	2994.491849260885	1.2000000000000002
24401.713237011478	1850	23.102653552522302	0.0	938587	4455.4113564372155	1.85
24405.500548871198	1850	23.315341692804704	0.0	908665	3787.3118597175967	1.85
24410.928763175292	1850	21.88712738870819	0.0	930577	5428.214304096511	1.85
24416.2079898305	1850	20.607900733505762	0.0	858450	5279.22665520243	1.85
24420.717086925037	1200	20.098803638964842	0.0	641452	4509.097094540921	0.5499999999999999
24423.116120502975	1200	21.69977006102873	0.0	599477	2399.0335779361117	1.2
24425.895013874582	1200	22.920876689421497	0.0	634861	2778.89337160723	1.2
24429.833017903897	1850	22.982872660105294	0.0	958994	3938.004029316201	1.2000000000000002
24434.334449891303	1850	22.48144067269981	0.0	982064	4501.43198740548	1.85
24438.06517089679	1850	22.750719667215606	0.0	830730	3730.721005484209	1.85
24441.36707740388	1850	23.448813160122107	0.0	846370	3301.9065070935003	1.85

