23400.004457214167	300	4.0	4.8551176236478435	450283	4855.117623647843	0	-20.127005781685725
23401.501669315177	300	6.502787898988277	0.0	155580	1497.2121010117223	0	-0.15000000000000002
23402.78897430002	300	9.215482914147731	0.0	139857	1287.3049848405465	0	0.3
23404.00829995884	750	11.996157255325587	0.0	155432	1219.3256588221457	1	0.3
23406.73564027474	750	13.268816939424614	0.0	411561	2727.3403159009717	1	0.3
23408.62069404463	750	15.383763169534628	0.0	318564	1885.053769889986	1	0.75
23410.852851366402	750	17.151605847763307	0.0	352642	2232.1573217713235	1	0.75
23413.603498791916	750	18.400958422250405	0.0	437162	2750.6474255128987	1	0.75
23416.481643643012	750	19.522813571153886	0.0	374758	2878.1448510965206	1	0.75
23418.4671430184	750	21.537314195766392	0.0	362795	1985.499375387494	1	0.75
23420.14044104627	1850	23.864016167895006	0.0	353220	1673.2980278713835	3	0.75
23426.205015851774	1850	21.7994413623942	0.0	917428	6064.574805500806	3	0.75
23433.18642430533	1850	18.818032908837882	0.0	946851	6981.408453556319	3	1.85
23440.897309124226	1850	15.107148089940015	0.0	1036454	7710.884818897867	3	1.85
23447.968956762055	1850	12.035500452112633	0.0	821631	7071.647637827383	3	1.85
23453.942088274736	1850	10.062368939434899	0.0	923170	5973.131512677734	3	1.85
23460.895011080687	750	7.109446133483178	0.0	966699	6952.92280595172	1	1.85
23463.028768602857	750	8.975688611313776	0.0	372963	2133.757522169401	1	-0.3500000000000001
23466.186335076363	750	9.818122137806023	0.0	405596	3157.566473507753	1	0.75
23469.417923213965	750	10.586534000200853	0.0	350713	3231.5881376051702	1	0.75
23473.510612522503	750	10.493844691666512	0.0	386472	4092.6893085343404	1	0.75
23478.658913709925	300	9.34554350424349	0.0	399894	5148.301187423021	0	0.75
23479.614334200465	750	12.390123013702214	0.0	163927	955.4204905412762	1	-0.15000000000000002
23481.628809091835	750	14.375648122331842	0.0	343800	2014.4748913703716	1	0.3
23483.72531883026	750	16.279138383909107	0.0	359903	2096.5097384227342	1	0.75
23486.07132313799	750	17.933134076179023	0.0	379700	2346.0043077300857	1	0.75
23488.62784578153	750	19.376611432633695	0.0	425781	2556.5226435453305	1	0.75
23490.19602064139	750	21.80843657277552	0.0	277716	1568.174859858173	1	0.75
23492.44280109433	1850	23.561656119835252	0.0	400396	2246.7804529402674	3	0.75
23498.522340999807	1850	21.482116214357323	0.0	975811	6079.539905477928	3	0.75
23506.36044826525	1850	17.644008948915854	0.0	873429	7838.107265441472	3	1.85
23518.21035079711	300	9.794106417052065	0.0	954453	11849.902531863787	0	1.85
23521.094683833886	300	10.909773380280743	0.0	143881	2884.333036771322	0	-1.25
23522.43871339479	750	13.565743819374807	0.0	163444	1344.029560905936	1	0.3
23525.622473953765	750	14.381983260400247	0.0	401088	3183.760558974559	1	0.3
23528.945631468712	750	15.058825745452284	0.0	365161	3323.157514947966	1	0.75
23531.85036164959	750	16.154095564573538	0.0	321064	2904.7301808787433	1	0.75
23534.969708009103	750	17.034749205063992	0.0	361565	3119.346359509548	1	0.75
23538.269873757432	750	17.734583456732185	0.0	378327	3300.1657483318086	1	0.75
23542.484987383817	750	17.51946983034865	0.0	390680	4215.1136263835315	1	0.75
23549.69446505636	750	14.30999215780691	0.0	345516	7209.477672541741	1	0.75
23557.07678280695	750	10.927674407216072	0.0	384505	7382.317750590838	1	0.75
23564.50479139566	300	7.499665818507097	0.0	372093	7428.008588708975	0	0.75
23568.711820294135	300	7.292636920033007	0.0	172312	4207.02889847409	0	-0.15000000000000002
23573.509624477294	300	6.494832736872522	0.0	167025	4797.804183160485	0	0.3
23578.92027619181	300	5.084181022359076	0.0	160064	5410.651714513446	0	0.3
23583.113652594857	300	4.890804619312105	0.0	137507	4193.376403046972	0	0.3
23586.197631586627	300	5.806825627541082	0.0	118421	3083.9789917710223	0	0.3

