14344.293794774472	300	4.0	4.851455205977005	450283	4851.455205977005	0	-20.11125738570112
14346.497459654176	300	5.796335120296149	0.0	155580	2203.664879703851	0	-0.15000000000000002
14348.654326190095	300	7.639468584376665	0.0	139857	2156.8665359194842	0	0.3
14351.316494460267	300	8.97730031420655	0.0	155432	2662.1682701701147	0	0.3
14353.75914127462	300	10.534653499851958	0.0	163442	2442.646814354592	0	0.3
14356.324041986409	300	11.969752788063095	0.0	126289	2564.9007117888623	0	0.3
14359.597604019713	300	12.69619075475933	0.0	153295	3273.5620333037646	0	0.3
14362.55173155842	300	13.742063216051369	0.0	173849	2954.127538707962	0	0.3
14363.88984189181	750	16.403952882659972	0.0	150710	1338.1103333913968	1	0.3
14366.784753953529	750	17.509040820941017	0.0	362795	2894.912061718953	1	0.3
14370.901526173473	750	17.392268600998605	0.0	353220	4116.7722199424115	1	0.75
14377.751178454744	750	14.542616319726687	0.0	405134	6849.65228127192	1	0.75
14386.715152705021	300	9.57864206944957	0.0	386351	8963.974250277117	0	0.75
14389.077315409835	300	11.216479364635974	0.0	179801	2362.1627048135965	0	-0.15000000000000002
14391.335761230863	300	12.958033543608323	0.0	140051	2258.4458210276525	0	0.3
14393.713285074124	750	14.580509700348324	0.0	138313	2377.523843259999	1	0.3
14397.594887616002	750	14.698907158472187	0.0	360831	3881.6025418761387	1	0.3
14401.001126111465	750	15.292668663008717	0.0	372963	3406.238495463469	1	0.75
14405.349596404158	750	14.944198370315865	0.0	405596	4348.470292692851	1	0.75
14409.487643217828	750	14.806151556645842	0.0	350713	4138.046813670024	1	0.75
14413.013333540364	750	15.280461234108687	0.0	386472	3525.690322537156	1	0.75
14415.609239465486	750	16.684555308987974	0.0	399894	2595.905925120711	1	0.75
14417.598534319493	750	18.695260454979998	0.0	401853	1989.294854007977	1	0.75
14419.846347899016	750	20.447446875458674	0.0	343800	2247.813579521324	1	0.75
14423.413440328954	750	20.880354445520915	0.0	359903	3567.092429937759	1	0.75
14427.695417817764	750	20.598376956711025	0.0	379700	4281.977488809892	1	0.75
14433.773308952284	750	18.520485822190786	0.0	425781	6077.891134520238	1	0.75
14437.49626278083	750	18.79753199364625	0.0	277716	3722.95382854454	1	0.75
14445.158814710068	750	15.134980064408209	0.0	400396	7662.551929238039	1	0.75
14448.845463696429	750	15.448331078045717	0.0	400508	3686.648986362493	1	0.75
14451.317282464946	750	16.976512309528673	0.0	358218	2471.8187685170446	1	0.75
14453.850859054675	750	18.44293571979883	0.0	400322	2533.5765897298425	1	0.75
14455.884160152504	1850	20.409634621970845	0.0	369834	2033.3010978279824	3	0.75
14462.855325256398	1850	17.438469518077532	0.0	1035329	6971.165103893317	3	0.75
14480.396864306938	300	4.0	0.10306953246177364	1026056	17541.539050539304	0	1.4068010104143736
14481.821858980607	300	6.575005326331096	0.0	159914	1424.9946736689035	0	-1.25
14482.986264220437	300	9.410600086501447	0.0	131610	1164.4052398296506	0	0.3
14484.003393255241	750	12.39347105169774	0.0	124011	1017.1290348037069	1	0.3
14487.637593946967	750	12.75927035997113	0.0	378327	3634.2006917266094	1	0.3
14493.366719974783	300	11.03014433215388	0.0	390680	5729.126027817249	0	0.75
14496.232761041523	300	12.164103265414248	0.0	147968	2866.0410667396313	0	-0.15000000000000002
14500.47971245059	300	11.917151856347743	0.0	161857	4246.951409066504	0	0.3
14503.782847572686	300	12.614016734251633	0.0	145210	3303.135122096112	0	0.3
14506.485719564758	750	13.911144742179296	0.0	172312	2702.871992072336	1	0.3
14512.60623203297	750	11.790632273967454	0.0	398987	6120.512468211841	1	0.3
14516.733066585444	750	11.663797721492363	0.0	393804	4126.83455247509	1	0.75
14519.742174504578	750	12.654689802357971	0.0	331053	3009.107919134392	1	0.75
14523.117827967066	750	13.279036339869457	0.0	314107	3375.6534624885144	1	0.75

