21600.398037171	750	4.0	3.5949223786930258	450283	3594.9223786930256	-14.70816622838001
21603.69764376073	750	4.700393410267405	0.0	398865	3299.6065897325957	0.75
21607.06760406055	750	5.330433110446052	0.0	350812	3369.960299821353	0.75
21608.58828646281	300	7.809750708184413	0.0	155432	1520.6824022616397	-0.15000000000000002
21610.05321770009	300	10.344819470904213	0.0	163442	1464.9312372801999	0.3
21610.973338999705	300	13.424698171288629	0.0	126289	920.1212996155849	0.3
21614.125280400614	750	14.272756770382136	0.0	352642	3151.9414009064917	0.3
21617.62076391057	750	14.777273260428275	0.0	437162	3495.4835099538604	0.75
21620.41277577406	750	15.985261396935744	0.0	374758	2792.011863492531	0.75
21623.30019760563	750	17.097839565369213	0.0	362795	2887.4218315665335	0.75
21626.2948570315	750	18.103180139498544	0.0	353220	2994.6594258706696	0.75
21629.60014514865	750	18.79789202234453	0.0	405134	3305.2881171540157	0.75
21632.835292389027	750	19.562744781971	0.0	386351	3235.147240373534	0.75
21636.19236219218	750	20.205674978820387	0.0	434409	3357.0698031506145	0.75
21639.087191993738	750	21.310845177260912	0.0	337059	2894.829801559472	0.75
21642.160511061287	750	22.2375261097133	0.0	366214	3073.3190675476103	0.75
21645.107483645614	750	23.290553525387992	0.0	360831	2946.972584325307	0.75
21648.752662920688	750	23.64537425031381	0.0	372963	3645.179275074184	0.75
21652.62503218695	750	23.773004984055166	0.0	405596	3872.3692662586436	0.75
21655.93253466826	750	24.465502502744872	0.0	350713	3307.502481310293	0.75
21660.308245114822	750	24.08979205618254	0.0	386472	4375.710446562333	0.75
21664.78798451354	750	23.61005265746383	0.0	399894	4479.73939871871	0.75
21668.58242026371	750	23.81561690729529	0.0	401853	3794.435750168538	0.75
21671.58049574101	750	24.817541429994044	0.0	343800	2998.075477301244	0.75
21674.880297141368	750	25.517740029635466	0.0	359903	3299.8014003585804	0.75
21678.540886697912	750	25.857150473093753	0.0	379700	3660.5895565417113	0.75
21682.785481021805	750	25.612556149197296	0.0	425781	4244.594323896457	0.75
21685.44313059174	750	26.954906579265305	0.0	277716	2657.649569931991	0.75
21689.115297566055	750	27.282739604949747	0.0	400396	3672.166974315557	0.75
21693.52758646197	750	26.870450709035687	0.0	400508	4412.28889591406	0.75
21698.91376006354	750	25.48427710746243	0.0	358218	5386.173601573258	0.75
21703.216388606696	750	25.181648564306318	0.0	400322	4302.628543156113	0.75
21706.678915006833	750	25.71912216417059	0.0	369834	3462.526400135728	0.75
21710.58560924469	750	25.81242792631293	0.0	412837	3906.6942378576578	0.75
21714.78002771086	750	25.618009460140932	0.0	401088	4194.418466171999	0.75
21718.489118914866	750	25.908918256138133	0.0	365161	3709.091204002802	0.75
21720.949308081563	750	27.44872908943862	0.0	321064	2460.189166699513	0.75
21729.679379366164	1850	22.71865780483782	0.0	938587	8730.071284600797	0.75
21742.36260818528	1850	14.03542898571935	0.0	908665	12683.228819118473	1.85
21748.87895583069	750	11.519081340308178	0.0	390680	6516.347645411172	-0.3500000000000001
21755.014859587856	750	9.383177583140569	0.0	345516	6135.903757167608	0.75
21758.315982811768	300	10.082054359229028	0.0	161857	3301.12322391154	-0.15000000000000002
21760.53088630785	300	11.867150863146142	0.0	145210	2214.9034960828862	0.3
21762.5358150766	300	13.862222094395289	0.0	172312	2004.9287687508527	0.3
21766.56458973926	750	13.833447431736804	0.0	398987	4028.774662658486	0.3
21770.16987678581	750	14.228160385184646	0.0	393804	3605.287046552158	0.75
21773.58454829954	750	14.813488871456153	0.0	331053	3414.6715137284937	0.75
21776.56049631982	750	15.837540851175193	0.0	314107	2975.9480202809596	0.75

