11088.96399504395	300	4.0	2.078595783943468	181801	2078.5957839434677	-8.63796187095691
11090.670214415111	300	6.29378062883896	0.0	155580	1706.2193711610394	0.3
11092.002989003362	300	8.961006040588074	0.0	139857	1332.7745882508866	0.3
11093.304673904657	300	11.659321139291926	0.0	155432	1301.6849012961488	0.3
11094.690079528164	300	14.273915515785353	0.0	163442	1385.4056235065734	0.3
11095.847647912844	300	17.1163471311059	0.0	126289	1157.5683846794523	0.3
11097.144945062575	300	19.819049981373805	0.0	153295	1297.2971497320955	0.3
11098.584114566684	300	22.379880477265274	0.0	173849	1439.169504108535	0.3
11099.839726840644	300	25.124268203304055	0.0	150710	1255.6122739612176	0.3
11100.993541492526	300	27.97045355142365	0.0	139105	1153.8146518804049	0.3
11102.29354498747	300	30.67045005647929	0.0	141840	1300.0034949443584	0.3
11103.469336001219	300	33.49465904273017	0.0	156148	1175.7910137491212	0.3
11104.799539777872	300	36.164455266075876	0.0	160746	1330.2037766542885	0.3
11106.405068929504	300	38.5589261144468	0.0	179801	1605.5291516290802	0.3
11107.574660140479	300	41.38933490347061	0.0	140051	1169.5912109761855	0.3
11108.642633959502	300	44.321361084446806	0.0	138313	1067.9738190238095	0.3
11109.800275665151	300	47.16371937879811	0.0	143509	1157.6417056486873	0.3
11111.376393926475	300	49.58760111747471	0.0	150616	1576.1182613234068	0.3
11113.254168961634	300	51.70982608231759	0.0	165384	1877.7750351571265	0.3
11114.784550913711	300	54.179444130239105	0.0	140881	1530.3819520784837	0.3
11116.471720550233	300	56.492274493718085	0.0	157671	1687.169636521025	0.3
11118.160927451934	300	58.80306759201599	0.0	157812	1689.2069017020922	0.3
11120.299504131557	300	59.63154329571832	0.0	163927	1671.524296297673	0.3
11121.616349592747	300	59.506646790185876	0.0	137654	1124.896505532447	0.3
11123.384250618103	300	59.5336707743874	0.0	146754	972.9760157984778	0.3
11124.832246100874	300	59.837135494879284	0.0	153938	1196.5352795081099	0.3
11126.292061351296	300	59.992957923601175	0.0	181901	1344.177571278107	0.3
11128.286292323308	300	59.99366129621627	0.0	111155	999.2966273849058	0.3
11130.573564833607	300	59.76749225153022	0.0	153605	1226.1690446860446	0.3
11132.141149115047	300	59.87425181981661	0.0	149029	1393.240431713619	0.3
11134.755362470034	300	59.61931706238621	0.0	157421	1254.9347574303988	0.3
11138.200009885	300	59.59163272043169	0.0	157488	2027.6843419545175	0.3
11142.773210332085	750	59.018432273347244	0.0	369834	4573.200447084448	0.3
11147.648278593771	750	58.14336401166016	0.0	412837	4875.068261687083	0.75
11151.460348866753	750	58.331293738678454	0.0	401088	3812.0702729817026	0.75
11155.227686039245	750	58.563956566187144	0.0	365161	3767.3371724913077	0.75
11159.029597709645	750	58.76204489578707	0.0	321064	3801.9116704000808	0.75
11163.82722073273	750	57.96442187270225	0.0	361565	4797.623023084817	0.75
11165.833455978647	300	59.958186626784475	0.0	144254	2006.2352459177816	-0.15000000000000002
11168.591951313043	300	59.96914348571561	0.0	149991	1989.0431410688595	0.3
11172.895716133015	300	59.66537866574266	0.0	147968	2303.7648199729533	0.3
11178.192518223968	300	58.368576574789465	0.0	161857	5296.8020909532015	0.3
11183.340928191488	300	57.22016660727006	0.0	145210	5148.409967519402	0.3
11189.761937077978	300	54.799157720782034	0.0	172312	6421.008886488024	0.3
11195.57207056713	300	52.98902423162829	0.0	167025	5810.133489153751	0.3
11200.462033440763	300	52.0990613579956	0.0	160064	4889.962873632687	0.3
11204.230590185907	300	52.33050461285164	0.0	137507	3768.5567451439633	0.3
11208.437609391913	300	52.12348540684526	0.0	118421	4207.01920600638	0.3

