3256.135160814022	300	4.0	3.153822860718748	181801	3153.822860718748	-13.261438301090616
3258.3643044964056	300	5.770856317616306	0.0	155580	2229.143682383694	0.3
3259.705510240852	300	8.429650573169816	0.0	139857	1341.2057444464908	0.3
3260.7736569522353	300	11.361503861786982	0.0	155432	1068.1467113828344	0.3
3262.642153525823	300	13.493007288199552	0.0	163442	1868.4965735874305	0.3
3264.4187675153617	300	15.716393298660446	0.0	126289	1776.613989539107	0.3
3266.2485818226714	300	17.886578991350568	0.0	153295	1829.8143073098768	0.3
3267.500768317808	300	20.634392496214122	0.0	173849	1252.186495136447	0.3
3268.6014598941715	300	23.533700919850702	0.0	150710	1100.6915763634204	0.3
3269.712159369749	300	26.423001444273243	0.0	139105	1110.6994755774558	0.3
3270.851554809662	300	29.283606004360383	0.0	141840	1139.3954399128595	0.3
3272.0627518426245	300	32.072408971398026	0.0	156148	1211.197032962354	0.3
3273.257429357594	300	34.87773145642859	0.0	160746	1194.6775149694324	0.3
3274.637362682944	300	37.497798131078135	0.0	179801	1379.9333253504615	0.3
3275.991524626704	300	40.14363618731771	0.0	140051	1354.1619437604263	0.3
3277.691130899847	300	42.444029914175154	0.0	138313	1699.6062731425538	0.3
3279.0916771602992	300	45.04348365372291	0.0	143509	1400.5462604522493	0.3
3280.3022432479365	300	47.832917566085825	0.0	150616	1210.5660876370807	0.3
3281.5595989045332	300	50.57556190948894	0.0	165384	1257.355656596886	0.3
3282.6308919564867	300	53.504268857535386	0.0	140881	1071.2930519535485	0.3
3283.83455231511	300	56.30060849891174	0.0	157671	1203.6603586236483	0.3
3285.0882661428054	300	59.04689467121635	0.0	157812	1253.7138276953888	0.3
3286.508379309825	300	59.86030216815771	0.0	163927	1186.5925030586404	0.3
3290.4374946657363	750	59.93118681224672	0.0	343800	3429.115355910985	0.3
3293.733048452313	750	59.94472801474434	0.0	359903	2986.458797502372	0.75
3296.652866746195	750	59.74436634324077	0.0	379700	2200.3616715035737	0.75
3300.864089922548	750	59.53314316688748	0.0	425781	3711.2231763532914	0.75
3304.672117884482	750	59.72511520495371	0.0	277716	3808.027961933768	0.75
3308.5603470534306	750	59.83688603600522	0.0	400396	3888.2291689484955	0.75
3311.98526561441	750	59.627895244172315	0.0	400508	2708.990791832903	0.75
3315.059343925657	750	59.85381990637226	0.0	358218	2274.075337800056	0.75
3318.9889907948304	750	59.6689979155586	0.0	400322	2684.821990813661	0.75
3322.7558593046697	750	59.647976190418944	0.0	369834	3021.0217251396552	0.75
3326.3701937106916	750	59.88873229395779	0.0	412837	2759.243896461161	0.75
3330.3567885695566	750	59.90213743509295	0.0	401088	3486.594858864834	0.75
3331.7432959094326	300	59.5347264636678	0.0	159914	867.4109714251503	-0.15000000000000002
3334.0555496276706	300	59.95814780307427	0.0	131610	1076.5786605935389	0.3
3336.128597585613	300	59.83946138632552	0.0	124011	618.686416748754	0.3
3340.182212597857	300	59.50483464600025	0.0	144254	1334.626740325265	0.3
3341.958470092114	300	59.6261999728309	0.0	149991	1378.634673169359	0.3
3344.126946074894	300	59.745773468384684	0.0	147968	1880.4265044462102	0.3
3345.909955192568	300	59.60329362971475	0.0	161857	1642.4798386699438	0.3
3347.574978720133	300	59.8210464864339	0.0	145210	782.2471432808438	0.3
3349.575259967303	300	59.91729410699156	0.0	172312	1403.7523794423416	0.3
3351.4117367098384	300	59.522320155587416	0.0	167025	1394.9739514041464	0.3
3353.6853552685193	300	59.58626225281247	0.0	160064	1436.0579027749488	0.3
3357.5846760399963	300	59.68694148133519	0.0	137507	2899.3207714772775	0.3
3365.77809751803	750	55.493520003301676	0.0	314107	8193.421478033513	0.3

