168.18804438490025	750	4.0	1.4342768133466879	450283	1434.276813346688	1	-5.4173902973907575
169.5482056429965	750	6.6398387419037395	0.0	398865	1360.16125809626	1	0.75
170.97850433087453	750	9.209540054025693	0.0	350812	1430.298687878048	1	0.75
172.29357374926602	750	11.89447063563421	0.0	382355	1315.0694183914811	1	0.75
173.57497803749027	750	14.613066347409948	0.0	411561	1281.4042882242632	1	0.75
174.803283367521	1850	17.38476101737922	0.0	318564	1228.305330030729	3	0.75
178.8458719524324	1850	17.342172432467855	0.0	905515	4042.5885849113647	3	0.75
183.61973666648933	1850	16.568307718410892	0.0	1060487	4773.864714056963	3	1.85
189.36415655466098	1850	14.82388783023923	0.0	852833	5744.419888171663	3	1.85
195.48372921788624	1850	12.704315167014004	0.0	913888	6119.572663225225	3	1.85
199.25749693434622	1850	12.930547450554023	0.0	939819	3773.767716459982	3	1.85
203.1110155988873	1850	13.077028786012942	0.0	917428	3853.5186645410786	3	1.85
208.86151457027438	1850	11.326529814625848	0.0	946851	5750.498971387095	3	1.85
214.4083816166917	750	9.779662768208535	0.0	1036454	5546.867046417313	1	1.85
215.94658565113963	750	12.241458733760593	0.0	337059	1538.2040344479417	1	-0.3500000000000001
217.98314666136247	750	14.20489772353778	0.0	366214	2036.5610102228122	1	0.75
219.78256455541924	750	16.40547982948101	0.0	360831	1799.4178940567685	1	0.75
221.46571802815535	750	18.722326356744865	0.0	372963	1683.1534727361422	1	0.75
223.33820637740618	750	20.849838007494064	0.0	405596	1872.488349250803	1	0.75
225.18932622195746	1850	22.998718162942776	0.0	350713	1851.1198445512875	3	0.75
234.6382253213836	1850	17.549819063516647	0.0	891604	9448.899099426128	3	0.75
246.46842805917547	300	9.719616325724763	0.0	955231	11830.202737791884	0	1.85
247.85836111171162	750	12.329683273188598	0.0	163927	1389.9330525361631	1	-1.25
250.7460596362125	750	13.441984748687712	0.0	343800	2887.6985245008873	1	0.3
254.0170546176675	750	14.170989767232744	0.0	359903	3270.9949814549673	1	0.75
256.5753308625145	750	15.612713522385759	0.0	379700	2558.2762448469857	1	0.75
258.76278116025935	750	17.42526322464091	0.0	425781	2187.4502977448483	1	0.75
259.7721626304237	1850	20.415881754476565	0.0	277716	1009.3814701643446	3	0.75
262.61085699937763	1850	21.577187385522652	0.0	972798	2838.6943689539166	3	0.75
266.2430800359956	1850	21.944964348904673	0.0	975811	3632.2230366179797	3	1.85
269.4266731798723	1850	22.761371205028	0.0	873429	3183.593143876676	3	1.85
272.10211587381036	1850	24.085928511089918	0.0	954453	2675.44269393808	3	1.85
275.06503100980245	1850	25.12301337509781	0.0	885062	2962.9151359921098	3	1.85
280.6521706986098	1850	23.535873686290493	0.0	1035329	5587.139688807319	3	1.85
285.99906349310504	1850	22.188980891795218	0.0	1026056	5346.892794495273	3	1.85
289.4233582602805	1850	22.764686124619747	0.0	943942	3424.294767175471	3	1.85
293.72817535930034	1850	22.459869025599918	0.0	728962	4304.817099019831	3	1.85
299.03632206255486	1850	21.151722322345353	0.0	938587	5308.146703254564	3	1.85
303.59861846071266	1850	20.589425924187577	0.0	908665	4562.296398157776	3	1.85
307.1446898762499	1850	21.04335450865032	0.0	930577	3546.0714155372534	3	1.85
310.6013851999761	1850	21.586659184924137	0.0	858450	3456.695323726184	3	1.85
314.99754079943614	1850	21.190503585464054	0.0	1025005	4396.155599460082	3	1.85
318.87357597665783	1850	21.314468408242348	0.0	886255	3876.035177221709	3	1.85
323.6070730387587	1850	20.580971346141492	0.0	973972	4733.497062100854	3	1.85
329.8737996350897	1850	18.314244749810484	0.0	958994	6266.726596331008	3	1.85
337.9064100834836	1850	14.281634301416592	0.0	982064	8032.6104483938925	3	1.85
341.1794548031723	1850	15.008589581727945	0.0	830730	3273.044719688647	3	1.85
344.45804565574383	1850	15.729998729156351	0.0	846370	3278.590852571594	3	1.85

