24957.76315040603	750	4.0	6.6911010369313795	450283	6691.10103693138	0.06729580042427595	-28.021734458804932
24959.602212926333	300	6.160937479695716	0.0	155580	1839.0625203042848	0.0845974502129804	-0.15000000000000002
24960.971234447672	300	8.791915958355675	0.0	139857	1369.0215213400395	0.10215836480284382	0.3
24963.689205902876	750	10.073944503153923	0.0	382355	2717.9714552017517	0.14067660617562233	0.3
24970.841931213912	1200	6.921219192114942	0.0	652874	7152.725311038981	0.09127625787507918	0.75
24972.963689896154	300	8.799460509869759	0.0	126289	2121.7586822451835	0.059520906433320045	-0.6000000000000001
24982.004749299285	750	4.0	0.2415988932575674	352642	9041.059403127327	0.039004499835275964	-0.7388752410075397
24986.26119172127	300	4.0	0.2564424219876446	173849	4256.442421987645	0.040843733513683284	-1.2527024145468717
24991.436763752077	300	4.0	1.175572030806822	150710	5175.572030806822	0.02911948652302029	-4.7549597324693345
24996.302560966204	300	4.0	0.8657972141285408	139105	4865.797214128541	0.028588326615027988	-3.4229280207527255
25000.117415390967	300	4.185145575235331	0.0	141840	3814.8544247646696	0.03718097316616474	0.3
25004.507410070917	300	4.0	0.20484910471578588	156148	4389.994679951116	0.035569063605730554	-0.5808511502778793
25008.318499879493	300	4.188910191425562	0.0	160746	3811.0898085744375	0.04217848648917777	0.3
25011.65348283268	300	4.853927238237896	0.0	179801	3334.9829531876667	0.05391361890714954	0.3
25013.98493371562	300	6.522476355299775	0.0	140051	2331.450882938121	0.06007031974163064	0.3
25016.413314390982	300	8.094095679934087	0.0	138313	2428.3806753656877	0.05695688546820262	0.3
25025.049569870836	750	4.0	0.5421597999192709	360831	8636.255479853358	0.041780954817946955	-2.0312871396528647
25026.454367423292	300	6.595202447543974	0.0	150616	1404.7975524560256	0.10721544875749257	-0.15000000000000002
25027.67382803625	300	9.375741834585192	0.0	165384	1219.460612958782	0.13562061639590653	0.3
25031.434332498473	1200	9.615237372365096	0.0	586839	3760.504462220095	0.15605326516579826	0.29999999999999993
25035.045765449388	1200	10.003804421450132	0.0	601738	3611.4329509149657	0.1666202884501976	1.2
25039.243571179948	1200	9.805998690888268	0.0	616206	4197.805730561865	0.14679240525919302	1.2
25043.897247757297	1200	9.152322113539062	0.0	656471	4653.676577349204	0.1410650244142954	1.2
25046.94977463991	1200	10.099795230923466	0.0	536667	3052.5268826155975	0.1758107366904333	1.2
25050.329298843426	1200	10.72027102741166	0.0	587236	3379.5242035118044	0.17376292183076497	1.2
25053.854715298334	1200	11.194854572505083	0.0	590335	3525.4164549065786	0.16745113876642512	1.2
25059.37726726417	1850	9.672302606666781	0.0	1076599	5522.551965838302	0.19494592475719266	1.2000000000000002
25061.89181973129	1200	11.157750139551148	0.0	487160	2514.552467115632	0.19373626375702815	0.5499999999999999
25067.693047421853	1850	9.35652244898532	0.0	972798	5801.227690565826	0.16768829838932206	1.2000000000000002
25072.44125282547	1200	8.608317045370278	0.0	641447	4748.205403615044	0.13509251295481756	0.5499999999999999
25076.162452183584	750	8.887117687252506	0.0	358218	3721.1993581177726	0.09626412495706518	0.3
25079.114254077733	750	9.935315793105703	0.0	400322	2951.8018941468026	0.13561953489961773	0.75
25082.32386763128	1200	10.725702239561167	0.0	584349	3209.613553544535	0.1820621050639179	0.75
25086.095384285894	1200	10.954185584947448	0.0	670129	3771.5166546137207	0.17768156987460915	1.2
25090.221542484873	1200	10.828027385968223	0.0	690253	4126.158198979223	0.16728709048789325	1.2
25094.807701444115	1200	10.241868426723709	0.0	598727	4586.158959244514	0.13055086082289422	1.2
25097.79475775769	1200	11.254812113149317	0.0	487812	2987.0563135743914	0.16330860512511433	1.2
25102.845554625743	1850	10.20401524509603	0.0	938587	5050.796868053286	0.1858294887954496	1.2000000000000002
25106.952233101696	1200	10.097336769143133	0.0	605884	4106.6784759528955	0.14753626405081868	0.5499999999999999
25110.88170752056	1200	10.167862350280824	0.0	587506	3929.47441886231	0.14951261603329105	1.2
25114.126447063143	1200	10.923122807697602	0.0	566904	3244.739542583222	0.17471479376390037	1.2
25117.737121454706	1200	11.312448416137856	0.0	641452	3610.6743915597444	0.1776543466504341	1.2
25125.01263341623	1850	8.036936454609071	0.0	886255	7275.511961528785	0.12181342078554888	1.2000000000000002
25128.639030581664	750	8.410539289177514	0.0	438281	3626.3971654315587	0.12085852155905334	-0.3500000000000001
25131.302060426948	750	9.747509443895698	0.0	398987	2663.0298452818147	0.1498244567956681	0.75
25135.16727809781	1200	9.88229177303212	0.0	638661	3865.217670863579	0.1652328676892622	0.75
25139.496388433403	1200	9.553181437440621	0.0	538612	4329.110335591501	0.12441632535254096	1.2
25143.619597087745	1200	9.429972783100048	0.0	550906	4123.208654340573	0.13361099235665694	1.2

