1383.9147574095866	300	4.0	1.8420807370233856	181801	1842.0807370233856	-7.620947169200558
1385.5868798192553	300	6.327877590331219	0.0	155580	1672.1224096687802	0.3
1387.025769561236	300	8.888987848350478	0.0	139857	1438.8897419807413	0.3
1388.431070908474	300	11.483686501112356	0.0	155432	1405.3013472381235	0.3
1389.5135340416846	300	14.401223367901805	0.0	163442	1082.4631332105503	0.3
1391.9628526736258	750	15.951904735960671	0.0	318564	2449.318631941135	0.3
1394.7102385393782	750	17.204518870208318	0.0	352642	2747.38586575235	0.75
1398.7209709923916	750	17.19378641719481	0.0	437162	4010.732453013505	0.75
1402.063362777571	750	17.851394632015523	0.0	374758	3342.3917851792926	0.75
1405.0903854636429	750	18.82437194594349	0.0	362795	3027.0226860720313	0.75
1408.2373067140609	750	19.67745069552533	0.0	353220	3146.92125041816	0.75
1413.5331646175061	1200	18.38159279208023	0.0	594078	5295.8579034450995	0.75
1417.2258946804511	750	18.688862729135085	0.0	386351	3692.7300629451433	0.3
1425.302558564845	1200	14.612198844741291	0.0	687371	8076.663884393795	0.75
1428.2523341917574	750	15.66242321782879	0.0	337059	2949.7756269125025	0.3
1431.4002632250476	750	16.5144941845386	0.0	366214	3147.929033290191	0.75
1434.8676591393635	750	17.04709827022274	0.0	360831	3467.395914315855	0.75
1439.114050794711	750	16.800706614875377	0.0	372963	4246.3916553473655	0.75
1443.8818465235433	750	16.03291088604291	0.0	405596	4767.79572883247	0.75
1447.156894260913	750	16.75786314867324	0.0	350713	3275.047737369666	0.75
1450.1234755611943	750	17.79128184839213	0.0	386472	2966.581300281108	0.75
1452.8828448203074	750	19.031912589279226	0.0	399894	2759.3692591129075	0.75
1457.9224501217739	1200	17.9923072878126	0.0	656471	5039.605301466625	0.75
1460.4395067949404	750	19.475250614646	0.0	343800	2517.0566731666026	0.3
1465.076766309381	1200	18.83799110020535	0.0	587236	4637.25951444065	0.75
1469.2577156103239	1200	18.657041799262412	0.0	590335	4180.949300942933	1.2
1472.5777141956098	750	19.337043213976564	0.0	425781	3319.9985852858476	0.3
1474.876350401944	750	21.038407007642284	0.0	277716	2298.636206334282	0.75
1480.5071119297204	1200	19.407645479865696	0.0	622896	5630.761527776588	0.75
1485.6861113975183	1200	18.22864601206785	0.0	641447	5178.9994677978475	1.2
1490.0926570900515	750	17.82210031953455	0.0	358218	4406.545692533302	0.3
1496.96698112068	750	14.947776288906114	0.0	400322	6874.324030628433	0.75
1502.1790390715744	750	13.735718338011818	0.0	369834	5212.0579508942965	0.75
1507.4195816188358	750	12.49517579075057	0.0	412837	5240.542547261248	0.75
1511.6898181782349	750	12.224939231351447	0.0	401088	4270.2365593991235	0.75
1515.671882240036	750	12.242875169550208	0.0	365161	3982.064061801239	0.75
1516.91087759902	300	15.003879810566268	0.0	131610	1238.9953589839397	-0.15000000000000002
1519.8611888389185	750	16.053568570667903	0.0	361565	2950.3112398983653	0.3
1522.903608798349	750	17.0111486112373	0.0	378327	3042.4199594306046	0.75
1526.3296384956636	750	17.585118913922713	0.0	390680	3426.029697314583	0.75
1529.8424650172494	750	18.072292392337047	0.0	345516	3512.8265215856673	0.75
1533.5598374879933	750	18.354919921593048	0.0	384505	3717.372470743998	0.75
1537.5962536916097	750	18.318503717976615	0.0	372093	4036.416203616432	0.75
1546.9928680992737	1200	12.92188931031272	0.0	634861	9396.614407663896	0.75
1554.844313176648	750	9.070444232938312	0.0	398987	7851.445077374407	0.3
1557.3526595204005	300	10.562097889185935	0.0	160064	2508.3463437523774	-0.15000000000000002
1558.8407387696632	300	13.074018639923054	0.0	137507	1488.0792492628823	0.3
1560.177366288907	300	15.737391120679247	0.0	118421	1336.6275192438068	0.3

