14555.613948752954	300	4.0	1.4374854905964438	181801	1437.485490596444	-5.881187609564709
14557.176744296516	300	6.437204456439855	0.0	155580	1562.7955435601455	0.3
14558.5877844283	300	9.026164324655364	0.0	139857	1411.0401317844921	0.3
14560.05181265392	300	11.56213609903563	0.0	155432	1464.0282256197333	0.3
14561.526942334423	300	14.08700641853339	0.0	163442	1475.1296805022387	0.3
14562.701201644133	300	16.912747108822973	0.0	126289	1174.259309710416	0.3
14564.155645025214	300	19.45830372774232	0.0	153295	1454.4433810806554	0.3
14565.539540696067	300	22.07440805688923	0.0	173849	1383.8956708530905	0.3
14566.788957774319	300	24.824990978637825	0.0	150710	1249.417078251405	0.3
14568.001412476737	300	27.612536276218783	0.0	139105	1212.4547024190385	0.3
14569.230599839299	300	30.38334891365841	0.0	141840	1229.1873625603737	0.3
14570.546152654226	300	33.0677960987313	0.0	156148	1315.5528149271122	0.3
14571.938695164472	300	35.67525358848501	0.0	160746	1392.5425102462834	0.3
14573.861294925107	300	37.75265382785011	0.0	179801	1922.5997606349072	0.3
14575.65007641022	300	39.96387234273597	0.0	140051	1788.7814851141434	0.3
14577.492436052757	300	42.121512700201386	0.0	138313	1842.359642534584	0.3
14580.277602262295	300	43.33634649066334	0.0	143509	2785.166209538044	0.3
14583.459720173945	300	44.15422857901076	0.0	150616	3182.1179116525764	0.3
14586.308933797522	300	45.30501495543449	0.0	165384	2849.2136235762714	0.3
14588.319408760486	300	47.294539992468934	0.0	140881	2010.4749629655528	0.3
14590.553984651238	300	49.059964101716474	0.0	157671	2234.575890752457	0.3
14592.86109500736	300	50.752853745594244	0.0	157812	2307.110356122234	0.3
14594.9412237296	300	52.67272502335559	0.0	163927	2080.1287222386536	0.3
14596.746689025793	300	54.86725972716203	0.0	137654	1805.4652961935565	0.3
14598.359616694586	300	57.25433205836806	0.0	146754	1612.9276687939762	0.3
14600.260654755115	300	59.353293997839316	0.0	153938	1901.0380605287357	0.3
14603.64879187903	300	59.96515687392403	0.0	181901	1888.1371239152836	0.3
14605.419843399028	300	59.84079540321093	0.0	111155	1124.3614707131012	0.3
14608.248241063451	300	59.57994160039213	0.0	153605	1760.853802818808	0.3
14610.490388225357	300	59.93763996454194	0.0	149029	1642.301635850189	0.3
14614.496136772555	300	59.93189141734137	0.0	157421	2505.748547200562	0.3
14618.801519023773	300	59.6265091661251	0.0	157488	3805.3822512162624	0.3
14622.446956116735	300	59.981072073162245	0.0	143881	3145.4370929628644	0.3
14626.207178395056	300	59.789167575969756	0.0	163444	2191.9044971924895	0.3
14629.237779690797	300	59.75802582821234	0.0	179328	2531.141747757411	0.3
14633.150055202961	300	59.84575031604784	0.0	159914	2912.275512164496	0.3
14637.031886865285	300	59.96391865372388	0.0	131610	3881.8316623239652	0.3
14641.000188880003	300	59.995616639005064	0.0	124011	3968.3020147188167	0.3
14645.259285496571	300	59.73652002243756	0.0	144254	3759.0966165675027	0.3
14649.281793636535	300	59.71401188247408	0.0	149991	4022.5081399634737	0.3
14653.443936496777	300	59.55186902223264	0.0	147968	3662.1428602414435	0.3
14657.14374383572	300	59.85206168328973	0.0	161857	3199.807338942902	0.3
14661.021870766303	300	59.97393475270901	0.0	145210	3378.126930580721	0.3
14665.468942828016	300	59.52686269099477	0.0	172312	3947.0720617142447	0.3
14669.903306419477	300	59.09249909953446	0.0	167025	4434.3635914603165	0.3
14673.962451588133	300	59.0333539308772	0.0	160064	4059.1451686572645	0.3
14677.232153132889	300	59.76365238612148	0.0	137507	2769.70154475571	0.3
14681.009061014272	300	59.986744504738056	0.0	118421	2276.9078813834262	0.3

