17093.933579799334	300	4.0	1.1368993425153846	181801	1136.8993425153847	-4.588667172816153
17095.056638041293	300	6.876941758039963	0.0	155580	1123.0582419600366	0.3
17095.954446134	300	9.979133665329806	0.0	139857	897.8080927101561	0.3
17096.829920226093	300	13.103659573236472	0.0	155432	875.4740920933344	0.3
17098.668826327692	750	15.264753471638068	0.0	411561	1838.9061015984034	0.3
17100.10101427143	750	17.832565527900798	0.0	318564	1432.1879437372704	0.75
17102.087777740948	750	19.845802058384056	0.0	352642	1986.7634695167453	0.75
17105.365107854832	1200	20.568471944499997	0.0	709534	3277.3301138840593	0.75
17107.391624135835	1200	22.54195566349911	0.0	584846	2026.5162810008862	1.2
17109.218156999916	1200	24.71542279941581	0.0	560821	1826.5328640833009	1.2
17114.33132413747	2850	23.60225566185855	0.0	1354548	5113.167137557257	1.2000000000000002
17118.780868795082	1850	23.152711004247067	0.0	917428	4449.5446576114855	0.8500000000000001
17123.396342928805	1850	22.53723687052421	0.0	946851	4615.474133722857	1.85
17129.335440100414	1850	20.59813969891487	0.0	1036454	5939.097171609343	1.85
17132.36066528049	1200	21.57291451883874	0.0	526950	3025.2251800761287	0.5499999999999999
17135.862489064246	1200	22.071090735080613	0.0	587876	3501.8237837581282	1.2
17139.176161347477	1200	22.75741845184683	0.0	617242	3313.672283233781	1.2
17142.515504185587	1850	23.41807561373981	0.0	885714	3339.342838107021	1.2000000000000002
17146.895309796837	1850	23.03827000249023	0.0	987708	4379.805611249578	1.85
17151.010651992478	1850	22.922927806848335	0.0	923755	4115.342195641893	1.85
17156.685137765442	1850	21.248442033885432	0.0	891604	5674.485772962906	1.85
17159.030711947424	1200	22.902867851904897	0.0	616206	2345.5741819805316	0.5499999999999999
17163.14938167019	1850	22.784198129136595	0.0	968026	4118.6697227683035	1.2000000000000002
17166.900196195493	1850	23.033383603832554	0.0	874175	3750.814525304042	1.85
17170.493180466372	1850	23.440399332954694	0.0	897976	3592.9842708778583	1.85
17174.177829368142	1850	23.755750431185486	0.0	905935	3684.6489017692056	1.85
17177.869748714602	1850	24.063831084721123	0.0	1076599	3691.9193464643654	1.85
17181.305891824246	1850	24.62768797507884	0.0	758197	3436.143109642281	1.85
17185.05890683924	1850	24.874672960083743	0.0	972798	3753.0150149950987	1.85
17189.050016066536	1850	24.883563732786225	0.0	975811	3991.109227297518	1.85
17192.41155377951	1850	25.522026019808496	0.0	873429	3361.537712977726	1.85
17198.069607400805	2850	23.863972398516147	0.0	1497683	5658.053621292353	1.85
17201.944722267755	1850	23.98885753156516	0.0	885062	3875.114866950988	0.8500000000000001
17207.113261969513	1850	22.820317829804697	0.0	1035329	5168.539701760459	1.85
17210.76661127986	1850	23.16696851945726	0.0	1026056	3653.3493103474407	1.85
17213.784905919183	1850	24.14867388013594	0.0	943942	3018.294639321317	1.85
17217.032218931086	1850	24.901360868234413	0.0	728962	3247.3130119015286	1.85
17221.443983966343	1850	24.489595832978164	0.0	938587	4411.76503525625	1.85
17224.2896364646	1850	25.643943334721104	0.0	908665	2845.6524982570586	1.85
17229.960388123305	2850	23.973191676017834	0.0	1402287	5670.751658703272	1.85
17233.965008067255	1850	23.96857173206611	0.0	858450	4004.6199439517213	0.8500000000000001
17239.64909432228	1850	22.28448547703833	0.0	1025005	5684.086255027778	1.85
17244.24998185564	1850	21.683597943684013	0.0	886255	4600.887533354319	1.85
17247.741420995895	1200	22.19215880342731	0.0	634861	3491.4391402567016	0.5499999999999999
17253.958529241878	1850	19.975050557444877	0.0	958994	6217.1082459824365	1.2000000000000002
17259.072335253437	1200	18.861244545885565	0.0	638661	5113.806011559312	0.5499999999999999
17267.63823908165	1200	14.29534071767255	0.0	538612	8565.903828213015	1.2
17269.474080988486	750	16.45949881083938	0.0	314107	1835.841906833171	0.3

