10722.534235033332	300	4.0	0.571357828104974	181801	571.357828104974	-2.1568386608513883
10723.023644632942	300	7.510590400389811	0.0	155580	489.4095996101895	0.3
10723.448458704039	300	11.085776329291644	0.0	139857	424.8140710981664	0.3
10723.889020327693	300	14.645214705638937	0.0	155432	440.561623652708	0.3
10724.339165036516	300	18.195069996815956	0.0	163442	450.14470882298014	0.3
10724.72263152155	300	21.811603511781225	0.0	126289	383.4664850347314	0.3
10725.203695219932	300	25.330539813399575	0.0	153295	481.06369838164625	0.3
10725.72976592639	300	28.80446910694309	0.0	173849	526.0707064564879	0.3
10726.284902883015	300	32.2493321503159	0.0	150710	555.1369566271876	0.3
10726.948448781348	300	35.585786251982846	0.0	139105	663.5458983330495	0.3
10727.760726514096	300	38.77350851923578	0.0	141840	812.2777327470661	0.3
10728.538098535271	300	41.996136498060324	0.0	156148	777.3720211754563	0.3
10730.196926725892	750	44.3373083074393	0.0	386351	1658.8281906210248	0.3
10730.951030839486	300	47.583204193844985	0.0	179801	754.1041135943188	-0.15000000000000002
10731.532902346893	300	51.00133268643939	0.0	140051	581.8715074055949	0.3
10732.094439352855	300	54.4397956804773	0.0	138313	561.5370059620822	0.3
10732.666258244008	300	57.867976789324224	0.0	143509	571.8188911530831	0.3
10733.728684830849	300	59.77345396284458	0.0	150616	594.5228264796458	0.3
10734.470812891734	300	59.68634184598249	0.0	165384	587.1121168620909	0.3
10735.301472467716	300	59.61351997750154	0.0	140881	572.8218684809488	0.3
10736.29925495636	300	59.99354766803164	0.0	157671	619.9723094699098	0.3
10737.20953590717	300	59.76231221066362	0.0	157812	731.235457368015	0.3
10738.169728858375	300	59.55173851038194	0.0	163927	710.573700281681	0.3
10739.425338015291	300	59.98374358123442	0.0	137654	567.994929147522	0.3
10740.527030905156	300	59.756704231137356	0.0	146754	727.0393500970607	0.3
10741.30128206861	300	59.651905409743186	0.0	153938	604.7988213941696	0.3
10742.692548923154	300	59.81599821070194	0.0	181901	835.9071990412481	0.3
10743.413178045941	300	59.763363410310134	0.0	111155	552.6348003917999	0.3
10744.23645785419	300	59.65572065788406	0.0	153605	607.6427524260758	0.3
10745.636122782607	300	59.963706778785856	0.0	149029	692.0138790982063	0.3
10746.628604145484	300	59.631291645856784	0.0	157421	832.4151329290655	0.3
10747.486397290313	300	59.567428116865756	0.0	157488	563.8635289910281	0.3
10748.0472024697	300	59.5289903255922	0.0	143881	538.4377912735586	0.3
10748.825991932921	300	59.955779316638136	0.0	163444	573.2110089540582	0.3
10750.368899278861	300	59.73211488510249	0.0	179328	723.664431535646	0.3
10751.760495967714	300	59.72093793587653	0.0	159914	1011.1769492259601	0.3
10752.381890465353	300	59.67545056642162	0.0	131610	545.4873694549085	0.3
10753.350353982481	300	59.52417241009856	0.0	124011	651.2781563230589	0.3
10754.394204362898	300	59.69083995274459	0.0	144254	833.3324573539733	0.3
10756.873166003332	750	59.61161800345736	0.0	390680	2079.221949287235	0.3
10759.605910444758	750	59.55511572356876	0.0	345516	2056.502279888593	0.75
10762.174064930636	750	59.88415949939727	0.0	384505	2170.9562241714966	0.75
10764.412101289498	750	59.818740431820636	0.0	372093	1565.4190675766279	0.75
10766.926925739624	750	59.88263682839928	0.0	438281	2436.103603421365	0.75
10768.82031106063	750	59.76030463924851	0.0	398987	1622.3321891507676	0.75
10770.430890317142	750	59.83554154342027	0.0	393804	1424.76309582824	0.75
10771.86513435404	750	59.631327643313426	0.0	331053	1204.2139001068465	0.75
10773.100992778662	750	59.54841353789752	0.0	314107	1082.9141054159018	0.75

