3491.839183244198	300	4.0	3.13772266060829	450283	3137.72266060829	0	-12.742207440615646
3492.8090329021556	300	7.0301503420424005	0.0	155580	969.8496579575992	0	-0.15000000000000002
3493.612317200242	750	10.22686604395588	0.0	139857	803.2842980865196	1	0.3
3495.233965507319	750	12.605217736878757	0.0	382355	1621.6483070771246	1	0.3
3496.600323801255	1850	15.238859442943076	0.0	411561	1366.35829393568	3	0.75
3498.621788676282	1850	17.21739456791615	0.0	801058	2021.46487502693	3	0.75
3500.854377992423	1850	18.984805251775462	0.0	905515	2232.589316140684	3	1.85
3503.7560644247637	1850	20.08311881943434	0.0	1060487	2901.6864323411187	3	1.85
3507.994541528	1850	19.844641716198304	0.0	852833	4238.477103236037	3	1.85
3514.483668595084	1850	17.355514649114244	0.0	913888	6489.1270670840595	3	1.85
3525.039062457596	750	10.800120786602498	0.0	939819	10555.393862511746	1	1.85
3528.535333966049	750	11.303849278149315	0.0	405134	3496.271508453183	1	-0.3500000000000001
3530.0007790527197	1850	13.838404191478869	0.0	386351	1465.4450866704458	3	0.75
3533.7048572227613	1850	14.13432602143716	0.0	1036454	3704.078170041711	3	0.75
3536.2461510871804	1850	15.593032157018373	0.0	821631	2541.293864418786	3	1.85
3539.3086136981397	1850	16.53056954605893	0.0	923170	3062.4626109594437	3	1.85
3542.578177952183	1850	17.26100529201582	0.0	966699	3269.564254043109	3	1.85
3545.813130496706	1850	18.026052747492766	0.0	885714	3234.9525445230515	3	1.85
3548.4207850705043	1850	19.418398173694452	0.0	987708	2607.654573798314	3	1.85
3551.4095484482004	1850	20.429634795997977	0.0	923755	2988.7633776964744	3	1.85
3554.6656190383496	1850	21.17356420584881	0.0	891604	3256.0705901491656	3	1.85
3558.301330115442	1850	21.537853128756264	0.0	955231	3635.7110770925433	3	1.85
3561.4068194270303	1850	22.43236381716826	0.0	968026	3105.489311588008	3	1.85
3563.9521043771792	1850	23.88707886701894	0.0	874175	2545.284950149318	3	1.85
3565.8148602812516	1850	26.024322962946698	0.0	897976	1862.7559040722413	3	1.85
3568.066898500683	1850	27.772284743515545	0.0	905935	2252.0382194311537	3	1.85
3570.9048109075884	1850	28.93437233660981	0.0	1076599	2837.912406905735	3	1.85
3573.124799135166	1850	30.714384109031798	0.0	758197	2219.9882275780114	3	1.85
3575.714977571877	1850	32.12420567232105	0.0	972798	2590.178436710755	3	1.85
3578.7773608459224	2850	33.06182239827575	0.0	975811	3062.3832740453013	4	1.85
3582.2962187444205	4300	33.54296449977769	0.0	1341201	3518.857898498053	5	1.85
3587.333553565993	4300	32.50562967820536	0.0	2147852	5037.3348215723345	5	2.8499999999999996
3592.6431524427835	4300	31.196030801414533	0.0	2191074	5309.598876790826	5	4.3
3598.9086536202776	4300	28.930529623920375	0.0	2286761	6265.501177494161	5	4.3
3605.5536149600457	4300	26.285568284152156	0.0	2307787	6644.961339768217	5	4.3
3611.3423555968834	4300	24.496827647314262	0.0	2143948	5788.740636837894	5	4.3
3619.911911364637	4300	19.927271879560408	0.0	1919781	8569.555767753855	5	4.3
3628.0165279054054	4300	15.822655338791849	0.0	2147467	8104.61654076856	5	4.3
3634.3978734894185	4300	13.4413097547786	0.0	2133870	6381.345584013251	5	4.3
3641.1331991570496	1850	10.705984087147872	0.0	2146120	6735.3256676307265	3	4.3
3644.133483129613	1850	11.705700114584364	0.0	858450	3000.2839725635085	3	-0.6000000000000001
3648.1551491150726	1200	11.684034129125015	0.0	1025005	4021.6659854593486	2	1.85
3650.3403136985844	1850	13.49886954561323	0.0	599477	2185.1645835117843	3	0.5499999999999999
3653.9556452568204	1850	13.883537987376995	0.0	973972	3615.3315582362357	3	1.2000000000000002
3657.082985256893	1850	14.756197987304596	0.0	958994	3127.340000072399	3	1.85
3659.503523804774	1850	16.33565943942344	0.0	982064	2420.5385478811527	3	1.85
3662.2990806253247	1850	17.540102618872936	0.0	830730	2795.5568205505024	3	1.85
3665.5086233998422	1850	18.330559844355157	0.0	846370	3209.54277451778	3	1.85

