3143.653249639271	750	4.0	4.127748728925795	450283	4127.748728925795	1	-16.999319534380916
3147.9833331716472	300	4.0	0.33008353237607296	398865	4330.083532376073	0	-0.6693591892171138
3148.9207262332025	300	7.06260693844462	0.0	139857	937.3930615553796	0	-0.15000000000000002
3149.833462656688	750	10.149870514959257	0.0	155432	912.7364234853625	1	0.3
3152.0750860698736	750	11.908247101773865	0.0	411561	2241.6234131853917	1	0.3
3153.9698089631183	750	14.013524208529192	0.0	318564	1894.7228932446717	1	0.75
3156.458864768624	750	15.524468403022956	0.0	352642	2489.055805506235	1	0.75
3159.42257830064	750	16.56075487100714	0.0	437162	2963.7135320158122	1	0.75
3162.477034049143	750	17.506299122503922	0.0	374758	3054.4557485032205	1	0.75
3165.9944166742894	750	17.988916497357625	0.0	362795	3517.3826251462947	1	0.75
3171.225509714285	750	16.75782345736166	0.0	353220	5231.093039995964	1	0.75
3176.907497540622	750	15.075835631025075	0.0	405134	5681.987826336586	1	0.75
3179.7127316254578	750	16.270601546189308	0.0	386351	2805.234084835767	1	0.75
3182.9322865021068	750	17.051046669540664	0.0	434409	3219.5548766486445	1	0.75
3185.056790211983	750	18.926542959664133	0.0	337059	2124.5037098765306	1	0.75
3187.579333289309	750	20.403999882338308	0.0	366214	2522.543077325827	1	0.75
3189.229113684312	750	22.754219487335263	0.0	360831	1649.7803950030439	1	0.75
3190.8958781567712	1850	25.087455014875943	0.0	372963	1666.7644724593242	3	0.75
3194.7096095978504	1850	25.273723573796925	0.0	987708	3813.731441079016	3	0.75
3198.0235457564936	1850	25.959787415153674	0.0	923755	3313.936158643249	3	1.85
3201.6163759437177	1850	26.36695722792993	0.0	891604	3592.8301872237416	3	1.85
3204.635041865542	1850	27.348291306105235	0.0	955231	3018.665921824698	3	1.85
3207.4928124231733	1850	28.490520748474108	0.0	968026	2857.7705576311273	3	1.85
3209.819500390971	1850	30.163832780676422	0.0	874175	2326.687967797688	3	1.85
3212.5636068066747	1850	31.41972636497301	0.0	897976	2744.1064157034125	3	1.85
3215.551382478268	1850	32.43195069337952	0.0	905935	2987.775671593492	3	1.85
3220.074738225323	1850	31.908594946324353	0.0	1076599	4523.355747055166	3	1.85
3224.0225435850443	1850	31.96078958660303	0.0	758197	3947.8053597213225	3	1.85
3226.7241773214796	1850	33.25915585016758	0.0	972798	2701.633736435448	3	1.85
3229.7436155121727	1850	34.23971765947465	0.0	975811	3019.4381906929325	3	1.85
3232.5442472367045	4300	35.43908593494294	0.0	873429	2800.6317245317105	5	1.85
3245.1793121208498	4300	26.804021050797832	0.0	2147852	12635.064884145106	5	1.8499999999999996
3258.055392585614	4300	17.92794058603395	0.0	2191074	12876.080464763883	5	4.3
3268.5120066961754	4300	11.47132647547243	0.0	2286761	10456.614110561519	5	4.3
3277.319647389701	1850	6.663685781946633	0.0	2307787	8807.640693525798	3	4.3
3281.039144307111	1850	6.944188864536425	0.0	943942	3719.4969174102084	3	-0.6000000000000001
3284.4275094989935	1850	7.555823672654563	0.0	728962	3388.365191881861	3	1.85
3290.80399915155	750	5.179334020097948	0.0	938587	6376.4896525566155	1	1.85
3292.2664088336223	750	7.716924338025705	0.0	378327	1462.4096820722439	1	-0.3500000000000001
3293.831668571574	750	10.151664600074042	0.0	390680	1565.2597379516626	1	0.75
3295.268689136709	750	12.71464403493918	0.0	345516	1437.0205651348626	1	0.75
3296.8037740947993	750	15.179559076848593	0.0	384505	1535.084958090586	1	0.75
3298.210884871806	1850	17.772448299842488	0.0	372093	1407.1107770061055	3	0.75
3303.6259222796193	1850	16.35741089202875	0.0	973972	5415.0374078137365	3	0.75
3307.8002891470383	1850	16.183044024609508	0.0	958994	4174.366867419241	3	1.85
3311.7078045824105	1850	16.275528589237634	0.0	982064	3907.5154353718754	3	1.85
3315.161267188696	1850	16.822065982951862	0.0	830730	3453.4626062857733	3	1.85
3318.176180200729	1850	17.807152970919212	0.0	846370	3014.9130120326495	3	1.85

