5663.663710391185	300	4.0	2.288238812003366	450283	2288.238812003366	0	-9.089426891614474
5664.782412427952	300	6.8812979632329325	0.0	155580	1118.7020367670673	0	-0.15000000000000002
5665.808549249863	300	9.855161141322627	0.0	139857	1026.136821910304	0	0.3
5666.812551777468	750	12.851158613717809	0.0	155432	1004.0025276048184	1	0.3
5669.236117275327	750	14.427593115858352	0.0	411561	2423.5654978594566	1	0.3
5670.507864529347	750	17.15584586183847	0.0	318564	1271.7472540198846	1	0.75
5671.972830417783	750	19.690879973402538	0.0	352642	1464.965888435928	1	0.75
5673.9738349465515	750	21.689875444633977	0.0	437162	2001.0045287685596	1	0.75
5675.685864488469	1850	23.97784590271728	0.0	374758	1712.0295419166987	3	0.75
5679.33921366583	1850	24.324496725356106	0.0	913888	3653.3491773611754	3	0.75
5683.773764875459	1850	23.889945515726165	0.0	939819	4434.551209629939	3	1.85
5688.619465780476	1850	23.044244610709384	0.0	917428	4845.700905016782	3	1.85
5693.257439100523	1850	22.40627129066251	0.0	946851	4637.973320046876	3	1.85
5697.523790874663	1850	22.13991951652235	0.0	1036454	4266.351774140161	3	1.85
5701.354544342223	1850	22.309166048962368	0.0	821631	3830.7534675599827	3	1.85
5705.250006291397	1850	22.41370409978767	0.0	923170	3895.4619491747007	3	1.85
5709.669191592713	1850	21.99451879847166	0.0	966699	4419.185301316009	3	1.85
5713.678717266827	1850	21.98499312435805	0.0	885714	4009.525674113613	3	1.85
5716.625430567077	1850	23.0382798241072	0.0	987708	2946.7133002508494	3	1.85
5719.573660913069	1850	24.090049478115667	0.0	923755	2948.2303459915292	3	1.85
5724.148560889977	1850	23.51514950120739	0.0	891604	4574.8999769082775	3	1.85
5728.2694482333545	1850	23.394262157829928	0.0	955231	4120.8873433774625	3	1.85
5733.276064895066	1850	22.38764549611858	0.0	968026	5006.6166617113495	3	1.85
5737.026493074209	1850	22.637217316976923	0.0	874175	3750.4281791416565	3	1.85
5741.0308109903135	1850	22.632899400872343	0.0	897976	4004.317916104581	3	1.85
5746.400735185036	1850	21.262975206149598	0.0	905935	5369.924194722747	3	1.85
5752.318227379036	1850	19.345483012148968	0.0	1076599	5917.492194000628	3	1.85
5755.810082995035	1850	19.85362739614915	0.0	758197	3491.8556159998193	3	1.85
5759.8866846306355	1850	19.777025760549886	0.0	972798	4076.601635599264	3	1.85
5763.553378255893	1850	20.11033213529153	0.0	975811	3666.693625258353	3	1.85
5766.642205913253	1850	21.021504477931995	0.0	873429	3088.8276573595367	3	1.85
5770.162940627911	1850	21.500769763274143	0.0	954453	3520.7347146578495	3	1.85
5774.780252523131	1850	20.883457868054258	0.0	885062	4617.3118952198865	3	1.85
5781.848206808064	1850	17.81550358312049	0.0	1035329	7067.9542849337695	3	1.85
5787.347542507284	1850	16.316167883900892	0.0	1026056	5499.335699219594	3	1.85
5791.397813074708	1850	16.26589731647666	0.0	943942	4050.2705674242306	3	1.85
5793.96514433938	1850	17.698566051805013	0.0	728962	2567.331264671648	3	1.85
5797.368899658334	1850	18.29481073285006	0.0	938587	3403.7553189549535	3	1.85
5801.478137459113	1850	18.18557293207109	0.0	908665	4109.237800778972	3	1.85
5805.773854508749	1850	17.8898558824359	0.0	930577	4295.717049635191	3	1.85
5808.781385594571	1850	18.882324796612945	0.0	858450	3007.531085822954	3	1.85
5812.972727360967	1850	18.690983030217303	0.0	1025005	4191.341766395642	3	1.85
5818.558503498333	1850	17.105206892850337	0.0	886255	5585.776137366968	3	1.85
5822.523570242269	1850	17.140140148914476	0.0	973972	3965.06674393586	3	1.85
5826.514259840522	1850	17.1494505506617	0.0	958994	3990.6895982527753	3	1.85
5830.1049399490075	1850	17.55877044217567	0.0	982064	3590.680108486029	3	1.85
5833.684581051321	1850	17.97912933986164	0.0	830730	3579.64110231403	3	1.85
5837.680313440783	1850	17.983396950400085	0.0	846370	3995.732389461555	3	1.85

