6202.148033237184	750	4.0	4.043612194844198	450283	4043.6121948441983	1	-16.63753243783005
6205.750529967097	750	4.397503270086706	0.0	398865	3602.496729913294	1	0.75
6207.950528247465	750	6.197504989719165	0.0	350812	2199.998280367541	1	0.75
6210.950375027567	750	7.197658209616832	0.0	382355	2999.8467801023326	1	0.75
6215.395597429705	300	6.752435807479209	0.0	411561	4445.222402137623	0	0.75
6216.708126253204	300	9.439906983980887	0.0	126289	1312.5288234983211	0	-0.15000000000000002
6218.6396699711695	300	11.508363266014396	0.0	153295	1931.5437179664914	0	0.3
6221.067106809684	300	13.080926427500408	0.0	173849	2427.4368385139874	0	0.3
6223.115560832344	750	15.032472404840862	0.0	150710	2048.4540226595464	1	0.3
6227.186845402644	750	14.961187834540397	0.0	362795	4071.284570300463	1	0.3
6229.363062256174	750	16.78497098101003	0.0	353220	2176.216853530369	1	0.75
6232.198557516682	750	17.949475720502313	0.0	405134	2835.4952605077174	1	0.75
6235.055333087281	750	19.09270014990418	0.0	386351	2856.7755705981344	1	0.75
6239.886468415062	750	18.261564822122253	0.0	434409	4831.135327781924	1	0.75
6242.510551794843	750	19.637481442341723	0.0	337059	2624.0833797805317	1	0.75
6244.8380506928115	750	21.309982544372907	0.0	366214	2327.498897968818	1	0.75
6248.1338865140715	750	22.014146723112702	0.0	360831	3295.8358212602016	1	0.75
6253.490985613871	750	20.657047623312696	0.0	372963	5357.099099800003	1	0.75
6259.201586716455	750	18.946446520729427	0.0	405596	5710.601102583271	1	0.75
6262.715122467807	750	19.43291076937641	0.0	350713	3513.535751353019	1	0.75
6266.236701339078	750	19.91133189810667	0.0	386472	3521.5788712697404	1	0.75
6269.672138277243	750	20.475894959940838	0.0	399894	3435.4369381658325	1	0.75
6276.476911593231	750	17.67112164395203	0.0	401853	6804.773315988806	1	0.75
6280.1774303554475	750	17.970602881736106	0.0	343800	3700.518762215925	1	0.75
6286.950870938508	750	15.197162298675906	0.0	359903	6773.4405830602	1	0.75
6293.135015419704	750	13.013017817479904	0.0	379700	6184.144481196004	1	0.75
6296.420642414396	750	13.727390822788296	0.0	425781	3285.6269946916073	1	0.75
6299.461399294478	750	14.686633942706449	0.0	277716	3040.7568800818485	1	0.75
6303.426691077879	750	14.721342159305278	0.0	400396	3965.2917834011696	1	0.75
6309.595482305692	750	12.552550931492616	0.0	400508	6168.791227812662	1	0.75
6313.402993957295	750	12.745039279889077	0.0	358218	3807.51165160354	1	0.75
6315.109221116004	300	15.038812121180987	0.0	400322	1706.2271587080904	0	0.75
6315.708226062162	750	18.439807175022818	0.0	143881	599.0049461581673	1	-0.15000000000000002
6317.430874788213	750	20.717158448971357	0.0	412837	1722.6487260514612	1	0.3
6319.108129935605	1850	23.039903301580797	0.0	401088	1677.2551473905576	3	0.75
6323.423623173194	1850	22.724410063991208	0.0	943942	4315.493237589591	3	0.75
6326.127888891556	1850	24.020144345629944	0.0	728962	2704.265718361259	3	1.85
6329.327349736348	1850	24.820683500837923	0.0	938587	3199.4608447920205	3	1.85
6332.269262635959	1850	25.87877060122611	0.0	908665	2941.912899611817	3	1.85
6340.006194983166	1850	22.14183825401936	0.0	930577	7736.932347206747	3	1.85
6348.6452122011115	1850	17.50282103607373	0.0	858450	8639.01721794563	3	1.85
6352.704975965781	1850	17.443057271403582	0.0	1025005	4059.763764670146	3	1.85
6356.114223177199	1850	18.03381005998586	0.0	886255	3409.2472114177194	3	1.85
6359.657696149114	1850	18.49033708807145	0.0	973972	3543.47297191441	3	1.85
6363.488742711974	1850	18.65929052521149	0.0	958994	3831.04656285996	3	1.85
6369.347955061507	1850	16.800078175678784	0.0	982064	5859.212349532706	3	1.85
6375.11125322063	1850	15.03678001655529	0.0	830730	5763.298159123492	3	1.85
6379.756410740871	1850	14.391622496314437	0.0	846370	4645.157520240855	3	1.85

