13793.283678007603	300	4.0	2.270600619083366	181801	2270.600619083366	-9.463582662058473
13794.771481459189	300	6.512196548414093	0.0	155580	1487.8034515859076	0.3
13795.613743554857	300	9.669934452745972	0.0	139857	842.2620956681199	0.3
13796.461084221799	300	12.822593785804463	0.0	155432	847.3406669415097	0.3
13797.607782765748	300	15.675895241856146	0.0	163442	1146.6985439483178	0.3
13798.342843033784	300	18.940834973819875	0.0	126289	735.0602680362739	0.3
13799.303114701683	300	21.980563305921816	0.0	153295	960.2716678980584	0.3
13800.599351388551	300	24.684326619052904	0.0	173849	1296.2366868689123	0.3
13801.740163174489	300	27.543514833114074	0.0	150710	1140.811785938829	0.3
13802.83925467413	300	30.444423333473107	0.0	139105	1099.0914996409674	0.3
13804.284423141891	300	32.999254865712984	0.0	141840	1445.168467760127	0.3
13806.039375982127	300	35.24430202547524	0.0	156148	1754.9528402377405	0.3
13807.546862522593	300	37.73681548500997	0.0	160746	1507.4865404652721	0.3
13809.000387193568	300	40.28329081403509	0.0	179801	1453.5246709748758	0.3
13810.304773932876	300	42.97890407472667	0.0	140051	1304.3867393084224	0.3
13811.889092563002	300	45.39458544460154	0.0	138313	1584.318630125133	0.3
13814.042880309344	300	47.2407976982588	0.0	143509	2153.787746342735	0.3
13816.033938930988	300	49.24973907661474	0.0	150616	1991.058621644063	0.3
13818.704770363904	300	50.57890764369779	0.0	165384	2670.8314329169434	0.3
13821.185940037936	300	52.09773796966671	0.0	140881	2481.1696740310786	0.3
13823.450586316163	300	53.83309169143972	0.0	157671	2264.646278226998	0.3
13825.53568781462	300	55.74799019298257	0.0	157812	2085.101498457141	0.3
13827.473909318349	300	57.80976868925342	0.0	163927	1938.2215037291528	0.3
13829.398799011977	300	59.88487899562491	0.0	137654	1424.889693628512	0.3
13831.417602225287	300	59.89833812439993	0.0	146754	1486.5408712249866	0.3
13833.91869215132	300	59.88392432287496	0.0	153938	1514.4138015249637	0.3
13836.008399619228	300	59.72240871797542	0.0	181901	1661.515604899538	0.3
13838.304177369222	300	59.59861579828271	0.0	111155	1123.7929196927137	0.3
13842.396361092595	300	59.506432074909206	0.0	153605	3092.183723373498	0.3
13845.399244066764	300	59.76707478361214	0.0	149029	2239.357291297067	0.3
13847.624069032916	300	59.536425223021425	0.0	157421	1730.649560590714	0.3
13851.429022178732	300	59.73147207720691	0.0	157488	2304.9531458145116	0.3
13853.991277493458	300	59.94490864788196	0.0	143881	2286.563429324956	0.3
13858.02700125163	300	59.90489270669673	0.0	163444	2540.015941185229	0.3
13862.39824370024	300	59.53365025808692	0.0	179328	3371.242448609811	0.3
13865.818554140851	300	59.60197024212985	0.0	159914	1931.6800159570714	0.3
13868.842480888947	300	59.54432208040908	0.0	131610	1557.6481617207687	0.3
13871.504626772843	300	59.6363883314979	0.0	124011	2407.933748911186	0.3
13874.113132794593	300	59.50924142151604	0.0	144254	1627.1469099818544	0.3
13875.984601361593	300	59.63918670339891	0.0	149991	1370.054718117128	0.3
13878.703517483038	300	59.97043558601851	0.0	147968	1168.7511173804007	0.3
13880.93984991397	300	59.767351820085544	0.0	161857	1703.0837659329654	0.3
13883.350212526137	300	59.79879483700044	0.0	145210	968.5569830851048	0.3
13886.196819560346	300	59.546394143937995	0.0	172312	1752.4006930624519	0.3
13887.949622558797	300	59.89209584878533	0.0	167025	1154.2982951526635	0.3
13889.133837533613	300	59.85924066552668	0.0	160064	1032.8551832586522	0.3
13890.86710582015	300	59.94828649403507	0.0	137507	910.9541714916058	0.3
13892.068767363131	300	59.55861281356882	0.0	118421	889.6736804662484	0.3

