5116.371548629517	300	4.0	3.791441730238546	450283	3791.441730238546	0	-15.553199440025747
5117.758594884089	300	6.6129537454278156	0.0	155580	1387.046254572185	0	-0.15000000000000002
5118.775820948566	300	9.595727680951125	0.0	139857	1017.2260644766923	0	0.3
5119.728409201659	750	12.643139427858042	0.0	155432	952.5882530930813	1	0.3
5122.369392399228	750	14.002156230288671	0.0	411561	2640.983197569373	1	0.3
5124.4785878116745	750	15.892960817842239	0.0	318564	2109.1954124464314	1	0.75
5126.939484492459	750	17.43206413705769	0.0	352642	2460.896680784549	1	0.75
5129.127603930623	750	19.243944698893944	0.0	437162	2188.1194381637433	1	0.75
5130.513283306214	1850	21.858265323303293	0.0	374758	1385.6793755906497	3	0.75
5133.789940157948	1850	22.58160847156954	0.0	913888	3276.656851733752	3	0.75
5138.936812304454	1850	21.4347363250641	0.0	939819	5146.872146505444	3	1.85
5143.979104995053	1850	20.392443634465412	0.0	917428	5042.292690598687	3	1.85
5148.571970117343	1850	19.7995785121754	0.0	946851	4592.865122290011	3	1.85
5155.460375036287	1850	16.911173593231055	0.0	1036454	6888.4049189443485	3	1.85
5161.616628922197	1850	14.754919707321417	0.0	821631	6156.253885909639	3	1.85
5171.854270725955	750	8.517277903563489	0.0	923170	10237.641803757928	1	1.85
5175.545927725255	750	8.825620904263742	0.0	360831	3691.656999299747	1	-0.3500000000000001
5178.447897893152	750	9.923650736365811	0.0	372963	2901.9701678979313	1	0.75
5181.712471506476	750	10.659077123042174	0.0	405596	3264.573613323638	1	0.75
5183.810005711073	750	12.561542918444534	0.0	350713	2097.5342045976386	1	0.75
5186.029130472517	750	14.342418157000994	0.0	386472	2219.124761443542	1	0.75
5189.294584834584	750	15.076963794933647	0.0	399894	3265.454362067346	1	0.75
5192.203971131151	750	16.16757749836711	0.0	401853	2909.386296566537	1	0.75
5194.595313365767	750	17.776235263751023	0.0	343800	2391.3422346160864	1	0.75
5196.233625793046	750	20.137922836472303	0.0	359903	1638.3124272787184	1	0.75
5198.347385323943	1850	22.02416330557502	0.0	379700	2113.759530897283	3	0.75
5205.073087307	1850	19.298461322518264	0.0	1076599	6725.701983056754	3	0.75
5211.314582542922	1850	17.056966086595974	0.0	758197	6241.495235922292	3	1.85
5221.630803049972	750	10.740745579546415	0.0	972798	10316.220507049558	1	1.85
5225.668406761723	750	10.703141867795203	0.0	400508	4037.603711751213	1	-0.3500000000000001
5228.850516761374	750	11.521031868145393	0.0	358218	3182.10999964981	1	0.75
5232.16150657079	750	12.210042058729117	0.0	400322	3310.9898094162745	1	0.75
5236.421093181842	750	11.950455447676635	0.0	369834	4259.586611052482	1	0.75
5241.486787616383	750	10.88476101313657	0.0	412837	5065.694434540064	1	0.75
5246.434008947489	300	9.937539682029891	0.0	401088	4947.22133110668	0	0.75
5248.400361569102	300	11.971187060416447	0.0	159914	1966.352621613444	0	-0.15000000000000002
5250.374537998981	750	13.997010630537027	0.0	131610	1974.1764298794205	1	0.3
5255.794654578331	750	12.576894051188265	0.0	361565	5420.116579348761	1	0.3
5262.28463078913	300	10.086917840388876	0.0	378327	6489.976210799387	0	0.75
5265.380974936757	300	10.990573692761513	0.0	149991	3096.3441476273633	0	-0.15000000000000002
5269.401669817063	300	10.969878812456123	0.0	147968	4020.6948803053897	0	0.3
5273.644330102514	300	10.727218527005174	0.0	161857	4242.66028545095	0	0.3
5276.6664566713025	300	11.705091958216478	0.0	145210	3022.126568788695	0	0.3
5279.031044451609	300	13.340504177909619	0.0	172312	2364.5877803068593	0	0.3
5280.621280530354	750	15.750268099164607	0.0	167025	1590.2360787450118	1	0.3
5284.276332592064	750	16.095216037454065	0.0	393804	3655.0520617105412	1	0.3
5287.849014730742	750	16.52253389877603	0.0	331053	3572.6821386780357	1	0.75
5290.943090218885	750	17.428458410633116	0.0	314107	3094.075488142911	1	0.75

