7415.701639691858	300	4.0	2.287148895543779	450283	2287.148895543779	0	-9.084740250838248
7416.728314968821	300	6.973324723036945	0.0	155580	1026.6752769630546	0	-0.15000000000000002
7417.609839357644	750	10.09180033421328	0.0	139857	881.5243888236656	1	0.3
7419.750741677269	750	11.950898014589086	0.0	382355	2140.9023196241947	1	0.3
7421.834259049455	750	13.867380642402324	0.0	411561	2083.517372186761	1	0.75
7423.3249382609665	1850	16.376701430889703	0.0	318564	1490.679211512622	3	0.75
7427.945671591195	1850	15.755968100661812	0.0	905515	4620.733330227889	3	0.75
7440.0346435412	750	7.666996150656456	0.0	1060487	12088.971950005356	1	1.85
7446.518108174635	300	5.183531517221212	0.0	374758	6483.464633435244	0	-0.3500000000000001
7450.714661867447	300	4.986977824408822	0.0	139105	4196.55369281239	0	-0.15000000000000002
7454.1143129469265	300	5.587326744929163	0.0	141840	3399.6510794796595	0	0.3
7457.000108604368	300	6.701531087488061	0.0	156148	2885.795657441101	0	0.3
7459.72625700309	300	7.975382688766446	0.0	160746	2726.148398721615	0	0.3
7462.62174460101	300	9.079895090846822	0.0	179801	2895.487597919624	0	0.3
7464.754092810242	300	10.947546881614539	0.0	140051	2132.3482092322834	0	0.3
7466.629952968817	750	13.07168672304017	0.0	138313	1875.8601585743693	1	0.3
7471.21507325964	750	12.486566432216321	0.0	360831	4585.120290823849	1	0.3
7476.236980698333	750	11.464658993523518	0.0	372963	5021.907438692805	1	0.75
7485.259856987477	300	6.441782704379592	0.0	405596	9022.876289143926	0	0.75
7488.783355359421	300	6.918284332435756	0.0	140881	3523.4983719438346	0	-0.15000000000000002
7492.043631848677	300	7.6580078431800445	0.0	157671	3260.276489255711	0	0.3
7495.200781246177	300	8.500858445679885	0.0	157812	3157.149397500159	0	0.3
7499.476408044282	300	8.225231647574226	0.0	163927	4275.626798105659	0	0.3
7502.987834969566	300	8.71380472229005	0.0	137654	3511.4269252841777	0	0.3
7505.757441213686	300	9.944198478170339	0.0	146754	2769.60624411971	0	0.3
7507.734818648305	300	11.966821043551514	0.0	153938	1977.3774346188263	0	0.3
7509.37831449656	750	14.323325195295876	0.0	181901	1643.4958482556378	1	0.3
7511.707857540809	750	15.993782151047284	0.0	277716	2329.5430442485917	1	0.3
7514.429896777382	750	17.271742914473645	0.0	400396	2722.039236573638	1	0.75
7517.113426675273	750	18.58821301658291	0.0	400508	2683.529897890737	1	0.75
7519.343630274117	750	20.358009417738803	0.0	358218	2230.2035988441044	1	0.75
7521.853411604792	750	21.848228087064054	0.0	400322	2509.7813306747485	1	0.75
7524.019378896144	1850	23.68226079571143	0.0	369834	2165.9672913526274	3	0.75
7532.147068882349	1850	19.554570809506636	0.0	1035329	8127.689986204789	3	0.75
7540.194042621928	1200	15.50759706992698	0.0	1026056	8046.9737395796565	2	1.85
7547.273057311148	750	12.428582380707503	0.0	598727	7079.014689219476	1	0.5499999999999999
7549.2233790459	750	14.478260645955404	0.0	321064	1950.3217347521008	1	0.3
7552.5534579255045	750	15.148181766351454	0.0	361565	3330.078879603949	1	0.75
7555.511186472977	750	16.190453218878872	0.0	378327	2957.7285474725836	1	0.75
7558.538264839996	750	17.163374851858755	0.0	390680	3027.0783670201154	1	0.75
7563.546479436019	750	16.15516025583711	0.0	345516	5008.2145960216485	1	0.75
7569.284416837582	750	14.417222854273563	0.0	384505	5737.937401563546	1	0.75
7576.242226927557	300	11.45941276429922	0.0	372093	6957.810089974341	0	0.75
7578.674817891326	750	13.026821800530273	0.0	172312	2432.5909637689465	1	-0.15000000000000002
7586.408976331863	300	9.292663359992694	0.0	398987	7734.158440537581	0	0.3
7589.266906191238	300	10.43473350061842	0.0	160064	2857.929859374275	0	-0.15000000000000002
7590.700340490379	300	13.001299201477341	0.0	137507	1433.4342991410783	0	0.3
7591.628449429695	750	16.073190262161205	0.0	118421	928.1089393161361	1	0.3

