3494.995288807806	300	4.0	0.7877996422626304	181801	787.7996422626304	-3.087538461729311
3495.763525582294	300	7.231763225511941	0.0	155580	768.2367744880596	0.3
3496.6379511301566	300	10.357337677649495	0.0	139857	874.4255478624464	0.3
3497.69216862786	300	13.303120179945896	0.0	155432	1054.2174977035986	0.3
3500.214651154716	750	14.780637653089753	0.0	411561	2522.4825268561417	0.3
3501.862526952303	750	17.132761855502867	0.0	318564	1647.8757975868875	0.75
3503.3569888793677	750	19.63829992843795	0.0	352642	1494.4619270649223	0.75
3506.480721166286	1200	20.514567641519367	0.0	709534	3123.73228691858	0.75
3508.914665158059	1200	22.080623649746506	0.0	584846	2433.9439917728605	1.2
3511.595955507552	1200	23.399333300253705	0.0	560821	2681.290349492805	1.2
3516.379652791754	1850	22.61563601605183	0.0	939819	4783.697284201872	1.2000000000000002
3520.02862598426	1850	22.966662823545843	0.0	917428	3648.973192505991	1.85
3523.355095556176	1850	23.640193251629913	0.0	946851	3326.4695719159295	1.85
3526.749424234436	1850	24.245864573370046	0.0	1036454	3394.3286782598657	1.85
3530.2556346372307	1850	24.739654170575292	0.0	821631	3506.210402794755	1.85
3534.218906985242	1850	24.776381822563952	0.0	923170	3963.2723480113414	1.85
3538.355611226414	1850	24.63967758139141	0.0	966699	4136.704241172542	1.85
3542.467116875576	1850	24.52817193223004	0.0	885714	4111.5056491613705	1.85
3546.3709721485466	1850	24.62431665925932	0.0	987708	3903.85527297072	1.85
3552.0589293208595	2850	22.936359486945864	0.0	1336050	5687.957172313458	1.85
3556.99325591838	1850	22.002032889425678	0.0	891604	4934.3265975201875	0.8500000000000001
3559.490799532863	1200	23.5044892749423	0.0	616206	2497.5436144833784	0.5499999999999999
3562.6370906404745	1850	24.35819816733099	0.0	968026	3146.2911076113123	1.2000000000000002
3566.046253408445	1850	24.94903539936048	0.0	874175	3409.162767970508	1.85
3569.978266627793	1850	25.01702218001279	0.0	897976	3932.013219347689	1.85
3573.659463844064	1850	25.335824963741814	0.0	905935	3681.1972162709767	1.85
3586.81291588063	2850	16.182372927175404	0.0	1547572	13153.45203656641	1.85
3591.2034993282878	750	15.791789479517693	0.0	277716	4390.583447657713	-1.35
3596.1485169912717	750	14.84677181653383	0.0	400396	4945.017662983863	0.75
3599.107093705088	750	15.888195102717473	0.0	400508	2958.5767138163574	0.75
3601.1755116559275	750	17.81977715187785	0.0	358218	2068.4179508396237	0.75
3603.1583493391586	750	19.836939468646804	0.0	400322	1982.8376832310455	0.75
3607.38338588166	1200	19.611902926145532	0.0	584349	4225.0365425012715	0.75
3610.756439633914	1200	20.238849173891925	0.0	670129	3373.0537522536074	1.2
3613.5561920099026	1200	21.439096797902994	0.0	690253	2799.752375988928	1.2
3616.5625743065457	1200	22.432714501259866	0.0	598727	3006.3822966431294	1.2
3619.1105229476075	1850	23.88476586019803	0.0	728962	2547.9486410618383	1.2000000000000002
3621.905921203605	1850	25.08936760420077	0.0	938587	2795.398255997259	1.85
3625.007512512817	1850	25.98777629498849	0.0	908665	3101.591309212284	1.85
3629.7693092394893	2850	25.22597956831583	0.0	1402287	4761.796726672658	1.85
3632.3445234185824	1850	26.650765389222876	0.0	858450	2575.214179092954	0.8500000000000001
3638.51282805848	2850	24.482460749325423	0.0	1527299	6168.304639897455	1.85
3642.7658788528365	1850	24.229409954968986	0.0	886255	4253.050794356436	0.8500000000000001
3647.133845500744	1850	23.861443307061307	0.0	973972	4367.966647907676	1.85
3650.78639730843	1850	24.208891499375294	0.0	958994	3652.551807686015	1.85
3655.222352772026	1850	23.7729360357793	0.0	982064	4435.955463595996	1.85
3657.8710879973974	1850	25.124200810408293	0.0	830730	2648.735225371007	1.85
3661.9630941522682	1850	25.032194655537808	0.0	846370	4092.006154870484	1.85

