4901.932973101561	750	4.0	5.259051639025879	450283	5259.051639025879	-21.86392204781128
4903.47819916421	300	6.454773937350686	0.0	155580	1545.2260626493135	-0.15000000000000002
4904.941109830908	300	8.991863270652232	0.0	139857	1462.9106666984549	0.3
4906.295634265519	300	11.637338836041588	0.0	155432	1354.5244346106435	0.3
4910.10275623035	750	11.830216871210647	0.0	411561	3807.1219648309425	0.3
4912.954936019317	750	12.97803708224332	0.0	318564	2852.1797889673267	0.75
4916.264127034914	750	13.668846066647154	0.0	352642	3309.1910155961646	0.75
4919.405025469646	750	14.527947631915179	0.0	437162	3140.8984347319765	0.75
4923.754841749923	1200	14.17813135163819	0.0	584846	4349.816280276989	0.75
4926.811280623841	1200	15.121692477720323	0.0	560821	3056.4388739178653	1.2
4930.42092828915	1200	15.512044812411185	0.0	607410	3609.6476653091395	1.2
4933.663440291576	1200	16.26953280998501	0.0	594078	3242.5120024261746	1.2
4940.200983655075	1850	13.731989446485247	0.0	946851	6537.543363499762	1.2000000000000002
4945.538844342998	1850	12.394128758562099	0.0	1036454	5337.860687923147	1.85
4950.350103405922	1850	11.582869695638331	0.0	821631	4811.259062923768	1.85
4954.917450790773	1850	11.01552231078715	0.0	923170	4567.347384851183	1.85
4960.029481129499	1850	9.903491972061111	0.0	966699	5112.030338726038	1.85
4964.427933682991	1850	9.505039418569488	0.0	885714	4398.452553491623	1.85
4970.868866573441	1850	7.064106528119534	0.0	987708	6440.932890449954	1.85
4975.01849146012	1200	6.914481641440782	0.0	586839	4149.624886678752	0.5499999999999999
4979.509992959658	1200	6.422980141902231	0.0	601738	4491.50149953855	1.2
4983.900676833278	1200	6.032296268281047	0.0	616206	4390.683873621185	1.2
4989.119437156625	1200	4.813535944934481	0.0	656471	5218.760323346566	1.2
4991.448832881101	750	6.48414022045843	0.0	343800	2329.3957244760504	0.3
4993.841991470352	750	8.09098163120761	0.0	359903	2393.158589250821	0.75
4997.558638221536	1200	8.37433488002385	0.0	590335	3716.6467511837586	0.75
5000.9357032135795	1200	8.997269887980345	0.0	696376	3377.0649920435058	1.2
5003.829769883929	1200	10.103203217630996	0.0	487160	2894.0666703493484	1.2
5008.57602090842	1200	9.356952193140167	0.0	622896	4746.25102449083	1.2
5013.136424949718	1200	8.796548151841783	0.0	641447	4560.404041298382	1.2
5017.801758493475	1200	8.131214608086102	0.0	570392	4665.333543755682	1.2
5024.28585168549	1200	5.647121416070254	0.0	620283	6484.093192015848	1.2
5025.531644271879	300	8.401328829682516	0.0	143881	1245.792586387737	-0.6000000000000001
5029.093470904355	750	8.839502197205734	0.0	412837	3561.8266324767815	0.3
5032.725357885736	750	9.20761521582439	0.0	401088	3631.8869813813444	0.75
5038.3641485807	1200	7.568824520860283	0.0	598727	5638.7906949641065	0.75
5041.4661938922045	750	8.46677920935603	0.0	321064	3102.0453115042533	0.3
5044.8260921687815	750	9.106880932778038	0.0	361565	3359.8982765779906	0.75
5048.766826727634	750	9.166146373925628	0.0	378327	3940.7345588524117	0.75
5052.793838104937	750	9.139134996622822	0.0	390680	4027.0113773028047	0.75
5057.405295687107	750	8.527677414453025	0.0	345516	4611.457582169798	0.75
5061.747087573907	750	8.185885527652948	0.0	384505	4341.791886800076	0.75
5065.206114289282	750	8.726858812278264	0.0	372093	3459.0267153746854	0.75
5069.562532725923	750	8.370440375637223	0.0	438281	4356.418436641041	0.75
5073.591381996623	750	8.34159110493758	0.0	398987	4028.8492706996444	0.75
5077.190452432424	750	8.742520669136008	0.0	393804	3599.070435801572	0.75
5083.715678826194	1200	6.217294275366508	0.0	538612	6525.226393769499	0.75
5091.292129718517	1200	4.0	1.3591566169572524	550906	7576.450892323761	-4.644373452916185

