10147.972621393214	750	4.0	2.009934342455404	450283	2009.9343424554038	-7.892717672558236
10153.02353831378	1200	4.0	1.0509169205671534	611087	5050.916920567153	-3.768942758438759
10155.74371008551	300	5.2798282282710725	0.0	139857	2720.1717717289275	-0.6000000000000001
10156.720493859888	300	8.303044453892367	0.0	155432	976.7837743787054	0.3
10157.94540053045	300	11.07813778332966	0.0	163442	1224.9066705627065	0.3
10159.050467299503	300	13.973071014276549	0.0	126289	1105.0667690531113	0.3
10160.171015690687	300	16.852522623093563	0.0	153295	1120.5483911829872	0.3
10162.375547766189	750	18.647990547591203	0.0	437162	2204.5320755023595	0.3
10165.045087740496	1200	19.978450573283812	0.0	584846	2669.539974307391	0.75
10167.262676825796	1200	21.760861487983508	0.0	560821	2217.589085300302	1.2
10172.993218263064	2850	20.030320050715716	0.0	1354548	5730.5414372677915	1.2000000000000002
10179.282350122912	2850	17.741188190867707	0.0	1519951	6289.131859848009	2.85
10185.235495375513	2850	15.788042938267244	0.0	1422919	5953.145252600461	2.85
10191.470744602628	2850	13.552793711152244	0.0	1578343	6235.2492271149995	2.85
10196.477977439625	2850	12.545560874155973	0.0	1231445	5007.232836996272	2.85
10202.357638075773	2850	10.66590023800818	0.0	1471065	5879.660636147792	2.85
10208.699673185627	2850	8.32386512815364	0.0	1491626	6342.03510985454	2.85
10216.332644524548	2850	4.69089378923366	0.0	1358801	7632.971338919981	2.85
10222.597440829602	1200	4.0	1.573902515820626	639204	6264.796305054286	-7.217780818028691
10223.946077597842	300	6.651363231761219	0.0	140881	1348.6367682387806	-0.6000000000000001
10225.504416669473	300	9.093024160129524	0.0	157671	1558.3390716316956	0.3
10226.405260747339	300	12.192180082265782	0.0	157812	900.844077863742	0.3
10228.39596383781	750	14.201476991793562	0.0	401853	1990.7030904722196	0.3
10230.136206343597	750	16.461234486006244	0.0	343800	1740.242505787317	0.75
10233.135960786853	1200	17.461480042750633	0.0	587236	2999.754443255609	0.75
10236.65891569315	1200	17.938525136454235	0.0	590335	3522.9549062963993	1.2
10239.917895746572	1200	18.679545083031883	0.0	696376	3258.9800534223505	1.2
10242.858494951695	1200	19.738945877908698	0.0	487160	2940.5992051231888	1.2
10246.382788910936	1200	20.214651918666938	0.0	622896	3524.2939592417592	1.2
10252.216950880047	1850	18.380489949556686	0.0	975811	5834.161969110252	1.2000000000000002
10257.75110567536	1850	16.84633515424446	0.0	873429	5534.154795312224	1.85
10262.10661745717	1850	16.49082337243191	0.0	954453	4355.511781812551	1.85
10265.81098383865	1850	16.786456990953226	0.0	885062	3704.3663814786846	1.85
10270.653057257163	1850	15.944383572439364	0.0	1035329	4842.073418513863	1.85
10277.36833039621	1850	13.229110433392346	0.0	1026056	6715.273139047016	1.85
10282.438608298728	1850	12.15883253087218	0.0	943942	5070.277902520168	1.85
10286.248514613699	1850	12.348926215900358	0.0	728962	3809.9063149718218	1.85
10292.494344968607	1850	10.1030958609913	0.0	938587	6245.830354909059	1.85
10303.238815011417	1850	4.0	0.6413741818183007	908665	10744.4700428096	-0.907908981818693
10304.328443432727	300	6.9103715786904765	0.0	149991	1089.6284213095232	-1.25
10305.30943768217	300	9.929377329248746	0.0	147968	980.9942494417307	0.3
10307.364985930377	750	11.873829081041626	0.0	384505	2055.548248207121	0.3
10309.480681993868	750	13.7581330175519	0.0	372093	2115.696063489726	0.75
10313.455770633273	1200	13.783044378147526	0.0	634861	3975.088639404373	0.75
10318.535657813378	1200	12.703157198043256	0.0	630203	5079.88718010427	1.2
10322.198668043391	1200	13.04014696802845	0.0	638661	3663.0102300148064	1.2
10333.694322222438	2850	5.544492788982825	0.0	1231456	11495.654179045625	1.2000000000000002
10336.297064032417	750	6.941750979004544	0.0	314107	2602.7418099782813	-1.35

