22982.173305499236	300	4.0	5.84241140162946	450283	5842.41140162946	0	-24.372369027006677
22983.906586244968	300	6.266719254268797	0.0	155580	1733.2807457312028	0	-0.15000000000000002
22985.107874314046	300	9.065431185188647	0.0	139857	1201.2880690801505	0	0.3
22986.409088288834	300	11.76421721040178	0.0	155432	1301.2139747868682	0	0.3
22987.74915646572	750	14.424149033514515	0.0	163442	1340.0681768872635	1	0.3
22990.11460735092	750	16.058698148316054	0.0	318564	2365.450885198462	1	0.3
22992.498980870158	750	17.674324629076867	0.0	352642	2384.3735192391878	1	0.75
22995.46898249248	750	18.704323006754894	0.0	437162	2970.00162232197	1	0.75
22997.82102619364	750	20.35227930559364	0.0	374758	2352.0437011612544	1	0.75
23000.054698107986	750	22.118607391247252	0.0	362795	2233.671914346389	1	0.75
23002.1239817858	750	24.049323713435793	0.0	353220	2069.2836778114593	1	0.75
23004.866152291106	1850	25.30715320812794	0.0	405134	2742.170505307854	3	0.75
23010.27962802374	1850	23.893677475497103	0.0	946851	5413.475732630834	3	0.75
23019.652288192152	1850	18.52101730708541	0.0	1036454	9372.660168411698	3	1.85
23031.827196216283	750	10.3461092829541	0.0	821631	12174.908024131308	1	1.85
23038.367842505802	300	7.805462993436262	0.0	366214	6540.646289517837	0	-0.3500000000000001
23039.94223771612	300	10.231067783116826	0.0	143509	1574.3952103194356	0	-0.15000000000000002
23041.43278589138	300	12.740519607854635	0.0	150616	1490.5481752621931	0	0.3
23042.90763052351	750	15.265674975723602	0.0	165384	1474.8446321310307	1	0.3
23046.603049779507	750	15.57025571972632	0.0	350713	3695.4192559972817	1	0.3
23050.53456789065	750	15.638737608585272	0.0	386472	3931.518111141049	1	0.75
23054.404642226855	750	15.768663272378534	0.0	399894	3870.0743362067383	1	0.75
23057.188363773475	750	16.984941725758734	0.0	401853	2783.7215466198004	1	0.75
23059.259871458085	750	18.913434041146946	0.0	343800	2071.5076846117868	1	0.75
23061.62939217596	750	20.54391332327282	0.0	359903	2369.520717874124	1	0.75
23063.890502889088	750	22.28280261014438	0.0	379700	2261.1107131284393	1	0.75
23067.04483019565	1850	23.12847530358333	0.0	425781	3154.3273065610524	3	0.75
23071.056433019206	1850	23.116872480028128	0.0	758197	4011.6028235552	3	0.75
23077.081022263348	1850	21.092283235885652	0.0	972798	6024.589244142475	3	1.85
23084.538575104092	1850	17.63473039514165	0.0	975811	7457.552840744007	3	1.85
23091.040983361745	1850	15.13232213748981	0.0	873429	6502.408257651837	3	1.85
23098.990546183115	750	11.182759316117588	0.0	954453	7949.562821372221	1	1.85
23101.592120991805	750	12.581184507429953	0.0	369834	2601.574808687635	1	-0.3500000000000001
23103.989110163584	750	14.184195335647653	0.0	412837	2396.9891717822998	1	0.75
23106.98038671564	750	15.192918783591878	0.0	401088	2991.276552055774	1	0.75
23109.853027982204	750	16.320277517027456	0.0	365161	2872.641266564421	1	0.75
23112.08504694711	750	18.088258552121893	0.0	321064	2232.0189649055646	1	0.75
23114.123963749087	1850	20.049341750143743	0.0	361565	2038.916801978151	3	0.75
23121.469901076685	1850	16.70340442254694	0.0	908665	7345.937327596807	3	0.75
23131.311772085046	750	10.861533414186185	0.0	930577	9841.871008360751	1	1.85
23133.46038719876	750	12.7129183004713	0.0	345516	2148.615113714886	1	-0.3500000000000001
23135.715444104375	750	14.457861394857598	0.0	384505	2255.056905613702	1	0.75
23137.916580549077	750	16.25672495015316	0.0	372093	2201.1364447044393	1	0.75
23140.570324546985	750	17.602980952242422	0.0	438281	2653.7439979107357	1	0.75
23142.747363055445	750	19.425942443783672	0.0	398987	2177.038508458751	1	0.75
23145.035052549523	1850	21.138252949705326	0.0	393804	2287.6894940783463	3	0.75
23150.36183532962	1850	19.81147016960864	0.0	830730	5326.782780096683	3	0.75
23159.33549274621	750	14.837812753017982	0.0	846370	8973.65741659066	1	1.85

