19059.024930678745	750	4.0	6.08032816050688	450283	6080.3281605068805	-25.395411090179586
19061.379882179142	300	5.645048499601703	0.0	155580	2354.951500398297	-0.15000000000000002
19063.652960992786	300	7.371969685954002	0.0	139857	2273.078813647701	0.3
19066.21239978763	300	8.81253089110955	0.0	155432	2559.4387948444523	0.3
19069.174102561	300	9.85082811774056	0.0	163442	2961.702773368989	0.3
19071.21005353065	300	11.814877148093101	0.0	126289	2035.95096964746	0.3
19074.347299973586	300	12.677630705156039	0.0	153295	3137.2464429370616	0.3
19077.03076781208	300	13.994162866660107	0.0	173849	2683.4678384959343	0.3
19078.836639835004	300	16.188290843738397	0.0	150710	1805.8720229217085	0.3
19082.514673780595	750	16.510256898148143	0.0	362795	3678.0339455902567	0.3
19085.725081630157	750	17.299849048588484	0.0	353220	3210.4078495596573	0.75
19089.150152354796	750	17.87477832394998	0.0	405134	3425.0707246385023	0.75
19092.44482292773	750	18.580107751016396	0.0	386351	3294.6705729335827	0.75
19096.801845821876	750	18.22308485686806	0.0	434409	4357.0228941483365	0.75
19100.08499143064	750	18.939939248108143	0.0	337059	3283.1456087599176	0.75
19104.486246300792	750	18.538684377953302	0.0	366214	4401.25487015484	0.75
19110.898536917713	750	16.12639376103056	0.0	360831	6412.2906169227435	0.75
19116.141499741316	750	14.883430937428002	0.0	372963	5242.962823602557	0.75
19122.96263842988	750	12.062292248864175	0.0	405596	6821.138688563828	0.75
19127.785696398027	750	11.239234280717715	0.0	350713	4823.05796814646	0.75
19134.403493822414	750	8.621436856330766	0.0	386472	6617.797424386949	0.75
19136.780457878467	300	10.244472800277657	0.0	157812	2376.964056053107	-0.15000000000000002
19139.30406802582	300	11.72086265292263	0.0	163927	2523.6101473550275	0.3
19141.5154916434	300	13.509439035345196	0.0	137654	2211.423617577433	0.3
19143.76069079335	300	15.264239885392046	0.0	146754	2245.1991499531514	0.3
19148.15305883733	750	14.871871841409382	0.0	379700	4392.368043982665	0.3
19152.106638870548	750	14.918291808194445	0.0	425781	3953.580033214938	0.75
19155.167826050765	750	15.857104627978249	0.0	277716	3061.187180216196	0.75
19162.317362549507	750	12.707568129237268	0.0	400396	7149.536498740981	0.75
19171.079861222097	750	7.945069456648163	0.0	400508	8762.498672589105	0.75
19174.118260511408	300	8.906670167334154	0.0	157421	3038.39928931401	-0.15000000000000002
19177.530134409273	300	9.494796269468774	0.0	157488	3411.873897865381	0.3
19180.92707424423	300	10.097856434511488	0.0	143881	3396.9398349572853	0.3
19184.929130186967	300	10.095800491775918	0.0	163444	4002.0559427355697	0.3
19188.293189813627	300	10.731740865117175	0.0	179328	3364.0596266587427	0.3
19191.207039477875	300	11.817891200867384	0.0	159914	2913.8496642497903	0.3
19193.466583192287	300	13.558347486456967	0.0	131610	2259.543714410418	0.3
19195.95480404199	300	15.070126636754427	0.0	124011	2488.2208497025395	0.3
19198.958617944998	300	16.066312733747377	0.0	144254	3003.813903007051	0.3
19205.379942066687	750	13.64498861205432	0.0	390680	6421.3241216930555	0.3
19210.258522138585	750	12.766408540159263	0.0	345516	4878.580071895056	0.75
19216.5561384613	750	10.468792217446083	0.0	384505	6297.616322713181	0.75
19219.080968175633	300	11.943962503113474	0.0	145210	2524.8297143326113	-0.15000000000000002
19222.12784180914	300	12.897088869605271	0.0	172312	3046.873633508202	0.3
19225.304837464395	300	13.720093214347239	0.0	167025	3176.995655258034	0.3
19227.292880299086	300	15.732050379654181	0.0	160064	1988.0428346930566	0.3
19230.761468150802	750	16.26346252793965	0.0	331053	3468.5878517145297	0.3
19233.744076268023	750	17.28085441071685	0.0	314107	2982.6081172228046	0.75

