19244.82516707805	300	4.0	6.212365695121308	450283	6212.365695121308	0	-25.963172489021623
19246.33225633206	300	6.492910745984942	0.0	155580	1507.089254015058	0	-0.15000000000000002
19247.90180383266	300	8.923363245387266	0.0	139857	1569.547500597674	0	0.3
19251.284785055264	300	9.54038202278418	0.0	155432	3382.981222603087	0	0.3
19253.69075809731	300	11.134408980739513	0.0	163442	2405.973042044665	0	0.3
19255.09258719392	300	13.732579884127976	0.0	126289	1401.8290966115378	0	0.3
19256.802333242726	750	16.02283383532257	0.0	153295	1709.746048805408	1	0.3
19262.785896371115	750	14.039270706933781	0.0	437162	5983.563128388787	1	0.3
19267.28462890395	750	13.540538174096831	0.0	374758	4498.73253283695	1	0.75
19269.902904694445	750	14.92226238360384	0.0	362795	2618.275790492992	1	0.75
19272.303377762168	750	16.521789315880714	0.0	353220	2400.473067723125	1	0.75
19275.477490566012	750	17.34767651203702	0.0	405134	3174.1128038436923	1	0.75
19280.85765983981	750	15.967507238237854	0.0	386351	5380.169273799165	1	0.75
19287.541281368096	750	13.283885709952509	0.0	434409	6683.621528285345	1	0.75
19295.068844218673	300	9.756322859377912	0.0	337059	7527.562850574597	0	0.75
19298.552744209115	300	10.272422868935951	0.0	138313	3483.8999904419593	0	-0.15000000000000002
19302.324142314952	300	10.501024763097647	0.0	143509	3771.3981058383047	0	0.3
19306.285086306852	300	10.540080771199172	0.0	150616	3960.9439918984754	0	0.3
19309.162323600045	300	11.662843478005646	0.0	165384	2877.2372931935247	0	0.3
19310.41233190452	750	14.412835173534186	0.0	140881	1250.0083044714609	1	0.3
19313.807712975056	750	15.01745410299978	0.0	386472	3395.3810705344054	1	0.3
19317.132913745394	750	15.692253332659696	0.0	399894	3325.2007703400827	1	0.75
19320.755168752057	750	16.06999832600023	0.0	401853	3622.255006659465	1	0.75
19323.583750257672	750	17.241416820383993	0.0	343800	2828.581505616239	1	0.75
19326.629742423174	750	18.195424654880277	0.0	359903	3045.9921655037165	1	0.75
19330.03405427075	750	18.79111280730682	0.0	379700	3404.3118475734555	1	0.75
19335.543495968108	750	17.281671109946284	0.0	425781	5509.441697360535	1	0.75
19341.508893855796	750	15.316273222259719	0.0	277716	5965.397887686566	1	0.75
19353.732683338643	300	7.0924837394132245	0.0	400396	12223.789482846494	0	0.75
19358.219272664952	300	6.605894413103672	0.0	149029	4486.589326309552	0	-0.15000000000000002
19362.44838016814	300	6.376786909916857	0.0	157421	4229.107503186816	0	0.3
19365.627237889905	300	7.19792918815151	0.0	157488	3178.8577217653465	0	0.3
19367.909864474223	300	8.915302603832144	0.0	143881	2282.6265843193664	0	0.3
19370.39018218905	300	10.434984889004907	0.0	163444	2480.3177148272375	0	0.3
19373.048585611876	300	11.77658146618017	0.0	179328	2658.4034228247374	0	0.3
19375.595679018963	300	13.229488059093505	0.0	159914	2547.093407086666	0	0.3
19378.633334871934	300	14.19183220612425	0.0	131610	3037.655852969254	0	0.3
19380.788212259864	750	16.036954818196378	0.0	124011	2154.877387927873	1	0.3
19386.250374847914	750	14.574792230142174	0.0	378327	5462.162588054203	1	0.3
19393.428888360675	750	11.396278717381643	0.0	390680	7178.513512760533	1	0.75
19398.912031577733	300	9.913135500322893	0.0	345516	5483.143217058751	0	0.75
19400.67320281258	300	12.151964265471994	0.0	161857	1761.171234850898	0	-0.15000000000000002
19401.98462878827	750	14.840538289784336	0.0	145210	1311.4259756876584	1	0.3
19405.903391414515	750	14.921775663537943	0.0	438281	3918.7626262463928	1	0.3
19409.988749984295	750	14.836417093760312	0.0	398987	4085.3585697776307	1	0.75
19413.316581279716	750	15.508585798336698	0.0	393804	3327.831295423614	1	0.75
19419.06546939532	750	13.759697682736196	0.0	331053	5748.888115600503	1	0.75
19422.622648634348	750	14.202518443706909	0.0	314107	3557.1792390292867	1	0.75

