18300.00455690957	300	4.0	0.961476743137674	181801	961.4767431376739	-3.8343499954919977
18300.82114545302	300	7.183411456552229	0.0	155580	816.5885434477706	0.3
18301.698905082645	300	10.305651826927711	0.0	139857	877.7596296245175	0.3
18302.875555828992	300	13.129001080580561	0.0	155432	1176.650746347149	0.3
18306.665814594213	750	13.338742315361042	0.0	411561	3790.2587652195193	0.3
18308.904664372403	750	15.099892537171996	0.0	318564	2238.8497781890464	0.75
18311.333152283096	750	16.671404626479024	0.0	352642	2428.487910692975	0.75
18314.128150450113	750	17.876406459461148	0.0	437162	2794.998167017875	0.75
18316.624133019304	750	19.380423890268247	0.0	374758	2495.9825691929022	0.75
18320.849719052003	1200	19.154837857570918	0.0	560821	4225.586032697332	0.75
18323.616638114345	750	20.38791879522833	0.0	353220	2766.9190623425866	0.3
18328.565912900132	1200	19.438644009442847	0.0	594078	4949.274785785485	0.75
18332.558030114255	1200	19.446526795316874	0.0	624282	3992.117214125974	1.2
18337.235430620698	1200	18.769126288874887	0.0	687371	4677.400506441986	1.2
18341.144141442128	1200	18.860415467445353	0.0	526950	3908.7108214295336	1.2
18345.68890346485	1200	18.315653444721335	0.0	587876	4544.762022724019	1.2
18351.12954487659	750	16.875012032980095	0.0	360831	5440.641411741239	0.3
18354.665278912562	750	17.33927799700731	0.0	372963	3535.734035972784	0.75
18357.027379964788	750	18.977176944783437	0.0	405596	2362.101052223874	0.75
18358.397649256633	750	21.606907652940603	0.0	350713	1370.2692918428352	0.75
18362.443687666117	1850	21.560869243452654	0.0	891604	4046.038409487948	0.75
18369.195019971172	1200	18.809536938399383	0.0	616206	6751.332305053272	0.5499999999999999
18372.226062427217	750	19.778494482358468	0.0	401853	3031.0424560409137	0.3
18374.78831341262	1200	21.216243496952888	0.0	536667	2562.2509854055797	0.75
18377.40159633246	1200	22.602960577115475	0.0	587236	2613.2829198374134	1.2
18380.986224085515	1850	23.018332824060852	0.0	905935	3584.6277530546217	1.2000000000000002
18385.674568078775	1850	22.329988830801213	0.0	1076599	4688.34399325964	1.85
18388.920498559215	1850	23.084058350360806	0.0	758197	3245.930480440406	1.85
18392.86134563254	1850	23.14321127703401	0.0	972798	3940.8470733267964	1.85
18397.001551561152	1850	23.003005348426115	0.0	975811	4140.205928607893	1.85
18400.470192863268	1850	23.534364046308717	0.0	873429	3468.641302117399	1.85
18404.382426341064	1850	23.62213056851113	0.0	954453	3912.2334777975902	1.85
18408.030634315903	1850	23.973922593669943	0.0	885062	3648.2079748411848	1.85
18412.104732834654	1850	23.899824074918683	0.0	1035329	4074.098518751261	1.85
18416.45349274507	1850	23.551064164507558	0.0	1026056	4348.759910411123	1.85
18420.7304375304	1850	23.274119379173708	0.0	943942	4276.944785333848	1.85
18424.439947218394	1850	23.564609691180888	0.0	728962	3709.5096879928215	1.85
18432.1511893587	1850	19.85336755087797	0.0	938587	7711.242140302918	1.85
18436.00266438196	1200	20.001892527621038	0.0	605884	3851.4750232569304	0.5499999999999999
18439.0738997612	1200	20.930657148379964	0.0	587506	3071.2353792410745	1.2
18441.819576851423	1200	22.18498005815432	0.0	566904	2745.6770902256426	1.2
18445.180633022414	1200	22.823923887167084	0.0	641452	3361.056170987237	1.2
18450.038763192493	1850	21.96579371708501	0.0	886255	4858.130170082074	1.2000000000000002
18455.268974724608	1850	20.735582184968365	0.0	973972	5230.2115321166475	1.85
18458.840716841918	1200	21.163840067659013	0.0	630203	3571.7421173093508	0.5499999999999999
18462.548213061986	1200	21.456343847592198	0.0	638661	3707.4962200668147	1.2
18466.29081235246	1200	21.713744557116176	0.0	538612	3742.599290476021	1.2
18469.590419072643	1200	22.41413783693426	0.0	550906	3299.606720181916	1.2

