3502.1984783426556	750	4.0	3.13772266060829	450283	3137.72266060829	-12.742207440615646
3506.3103301869837	1850	4.0	0.11185184432805727	957685	4111.851844328057	0.2690370693893538
3508.6363858672635	1850	5.673944319719774	0.0	877771	2326.0556802802257	1.85
3510.9075293986753	1850	7.402800788308309	0.0	933276	2271.143531411465	1.85
3513.579239479251	1850	8.731090707732251	0.0	996749	2671.710080576058	1.85
3517.3496011729817	1850	8.960729014001888	0.0	801058	3770.361693730363	1.85
3523.1046542381287	1850	7.205675948855275	0.0	905515	5755.053065146614	1.85
3528.661479939582	750	5.648850247402038	0.0	437162	5556.825701453236	-0.3500000000000001
3530.4756793996903	300	7.8346507872936275	0.0	150710	1814.199460108411	-0.15000000000000002
3532.243800956267	300	10.066529230716641	0.0	139105	1768.1215565769855	0.3
3533.7765525051377	300	12.533777681845766	0.0	141840	1532.7515488708764	0.3
3535.0578624594673	300	15.252467727516308	0.0	156148	1281.3099543294582	0.3
3538.558461846403	750	15.751868340580401	0.0	386351	3500.599386935908	0.3
3540.309345191182	750	18.000984995802288	0.0	434409	1750.8833447781149	0.75
3541.647840635639	750	20.66248955134481	0.0	337059	1338.4954444574762	0.75
3543.055040999967	750	23.255289187017404	0.0	366214	1407.200364327409	0.75
3544.277251614547	750	26.03307857243731	0.0	360831	1222.2106145800906	0.75
3547.0282416589907	1850	27.28208852799362	0.0	885714	2750.9900444436953	0.75
3550.2674285248095	1850	28.042901662175062	0.0	987708	3239.1868658185563	1.85
3553.4426833957195	1850	28.86764679126491	0.0	923755	3175.2548709101525	1.85
3556.6347643870704	1850	29.675565799914562	0.0	891604	3192.0809913503485	1.85
3559.1426625631116	1850	31.16766762387333	0.0	955231	2507.898176041233	1.85
3562.3680694868244	1850	31.94226070016064	0.0	968026	3225.4069237126882	1.85
3565.5574000054185	1850	32.752930181566846	0.0	874175	3189.3305185937934	1.85
3568.970859809026	1850	33.33947037795921	0.0	897976	3413.4598036076427	1.85
3571.90482003447	1850	34.405510152515326	0.0	905935	2933.9602254438755	1.85
3574.8972263748606	1850	35.41310381212473	0.0	1076599	2992.4063403905966	1.85
3579.429393209557	4300	34.88093697742805	0.0	1972048	4532.166834696686	1.8499999999999996
3585.076564466685	4300	33.23376572030022	0.0	2134614	5647.171257127834	4.3
3591.2986974013593	4300	31.011632785626254	0.0	2164140	6222.132934673963	4.3
3596.6696989101274	4300	29.64063127685785	0.0	2113193	5371.001508768404	4.3
3601.608248676875	4300	28.70208151011028	0.0	2147852	4938.54976674757	4.3
3607.592287239281	4300	26.71804294770443	0.0	2191074	5984.038562405846	4.3
3613.303795658762	4300	25.006534528223874	0.0	2286761	5711.508419480557	4.3
3620.288089812027	4300	22.02224037495882	0.0	2307787	6984.294153265057	4.3
3628.7596621776456	4300	17.55066800933994	0.0	2143948	8471.572365618878	4.3
3636.7806146976404	4300	13.529715489345115	0.0	1919781	8020.952519994827	4.3
3643.2590946839787	4300	11.051235503006476	0.0	2147467	6478.479986338639	4.3
3649.462996009222	4300	8.84733417776276	0.0	2133870	6203.901325243716	4.3
3652.935644919972	1850	9.374685267012682	0.0	930577	3472.6489107500784	-0.6000000000000001
3656.0222801858426	1850	10.288050001142677	0.0	858450	3086.6352658700025	1.85
3659.9108278891313	1850	10.399502297853783	0.0	1025005	3888.547703288895	1.85
3663.3122777988606	1850	10.998052388124188	0.0	886255	3401.449909729594	1.85
3666.4846488156545	1850	11.82568137133014	0.0	973972	3172.3710167940476	1.85
3669.090209336949	1850	13.22012085003558	0.0	958994	2605.560521294561	1.85
3672.0607098990586	1850	14.249620287926213	0.0	982064	2970.500562109366	1.85
3675.168153276542	1850	15.142176910443233	0.0	830730	3107.44337748298	1.85
3677.964686395519	1850	16.34564379146618	0.0	846370	2796.533118977051	1.85

