2627.5216845378745	300	4.0	0.6586327531686942	181801	658.6327531686942	-2.532120838625385
2628.116828737513	300	7.404855800361424	0.0	155580	595.144199638576	0.3
2628.744741296912	300	10.776943240962828	0.0	139857	627.9125593985966	0.3
2629.5346719439267	300	13.987012593947577	0.0	155432	789.9306470152517	0.3
2631.3990575046514	750	16.12262703322285	0.0	411561	1864.3855607247249	0.3
2632.962147956336	750	18.559536581538506	0.0	318564	1563.090451684347	0.75
2635.7465685535194	1200	19.775115984354823	0.0	561791	2784.4205971836795	0.75
2638.5580340307247	1200	20.963650507149378	0.0	709534	2811.465477205445	1.2
2641.348421339968	1850	22.173263197906184	0.0	852833	2790.387309243193	1.2000000000000002
2643.204025198067	1200	24.317659339806827	0.0	560821	1855.6038580993604	0.5499999999999999
2647.6629886195437	2850	23.858695918330344	0.0	1354548	4458.963421476481	1.2000000000000002
2651.3062187417318	1850	24.215465796142027	0.0	917428	3643.230122188317	0.8500000000000001
2654.83241180952	1850	24.689272728353636	0.0	946851	3526.1930677883915	1.85
2658.250160115733	1850	25.271524422141038	0.0	1036454	3417.7483062125984	1.85
2663.1808719963046	2850	24.340812541569516	0.0	1231445	4930.711880571522	1.85
2666.826704700227	1850	24.69497983764696	0.0	923170	3645.832703922555	0.8500000000000001
2670.936022882398	1850	24.585661655475874	0.0	966699	4109.31818217109	1.85
2674.2819757261777	1850	25.23970881169615	0.0	885714	3345.952843779722	1.85
2677.3107300927727	1850	26.210954445101244	0.0	987708	3028.754366594905	1.85
2683.142981910433	2850	24.37870262744143	0.0	1336050	5832.251817659814	1.85
2687.2102275705547	1850	24.31145696731933	0.0	891604	4067.2456601221024	0.8500000000000001
2691.2061448522322	1850	24.31553968564169	0.0	955231	3995.91728167764	1.85
2695.1190602950087	1850	24.40262424286525	0.0	968026	3912.9154427764365	1.85
2698.2357645517077	1850	25.28591998616647	0.0	874175	3116.7042566987834	1.85
2703.9233194711014	2850	23.598365066772917	0.0	1383735	5687.554919393552	1.85
2706.931927588488	1850	24.58975694938604	0.0	905935	3008.6081173868765	0.8500000000000001
2714.38790371468	2850	21.13378082319447	0.0	1547572	7455.97612619157	1.85
2715.969285951297	1200	23.552398586577183	0.0	487160	1581.3822366172874	-0.44999999999999996
2719.9326016219147	1850	23.589082915959292	0.0	972798	3963.315670617893	1.2000000000000002
2724.897497271217	1850	22.624187266657092	0.0	975811	4964.895649302199	1.85
2729.7091804490838	1850	21.812504088790146	0.0	873429	4811.683177866947	1.85
2732.819986353762	1200	22.701698184112143	0.0	620283	3110.8059046780045	0.5499999999999999
2737.194934777054	1850	22.32674976082004	0.0	885062	4374.948423292102	1.2000000000000002
2742.3755517354725	1850	21.14613280240185	0.0	1035329	5180.616958418187	1.85
2745.500264044323	1200	22.021420493551386	0.0	690253	3124.7123088504654	0.5499999999999999
2747.997087572443	1200	23.52459696543156	0.0	598727	2496.823528119824	1.2
2751.1831028445404	1850	24.338581693334092	0.0	728962	3186.0152720974693	1.2000000000000002
2754.4405704811547	1850	25.081114056719922	0.0	938587	3257.4676366141675	1.85
2757.7638582710983	1850	25.757826266776092	0.0	908665	3323.28778994383	1.85
2762.9859541898836	2850	24.535730347991002	0.0	1402287	5222.095918785092	1.85
2766.321798613053	1850	25.19988592482185	0.0	858450	3335.844423169151	0.8500000000000001
2772.436182521569	2850	23.08550201630569	0.0	1527299	6114.38390851616	1.85
2776.0658564556616	1850	23.455828082213326	0.0	886255	3629.673934092362	0.8500000000000001
2780.147184990909	1850	23.374499546965737	0.0	973972	4081.328535247592	1.85
2784.2957818476307	1850	23.225902690243863	0.0	958994	4148.596856721875	1.85
2788.7359641035187	1850	22.78572043435604	0.0	982064	4440.182255887824	1.85
2792.2142842680346	1850	23.307400269839995	0.0	830730	3478.3201645160443	1.85
2795.9239819213067	1850	23.597702616568014	0.0	846370	3709.69765327198	1.85

