952.5671718164988	300	4.0	5.756575723777061	181801	5756.575723777061	-24.453275612241363
955.8272065273392	300	4.739965289159594	0.0	155580	3260.0347108404053	0.3
957.730280093513	300	6.836891722985813	0.0	139857	1903.073566173781	0.3
959.2038473930435	300	9.36332442345537	0.0	155432	1473.5672995304417	0.3
961.1566948840278	300	11.41047693247104	0.0	163442	1952.8474909843305	0.3
963.2255455741695	300	13.341626242329319	0.0	126289	2068.8506901417195	0.3
965.1236429154485	300	15.443528901050303	0.0	153295	1898.0973412790163	0.3
967.3666056079722	300	17.200566208526528	0.0	173849	2242.9626925237762	0.3
969.3687511569882	300	19.198420659510578	0.0	150710	2002.1455490159506	0.3
971.1440311162809	300	21.42314070021794	0.0	139105	1775.2799592926385	0.3
972.8690681163807	300	23.698103700118022	0.0	141840	1725.037000099917	0.3
975.9490800855905	300	24.61809173090828	0.0	156148	3080.0119692097433	0.3
978.4312123067556	300	26.13595950974319	0.0	160746	2482.132221165088	0.3
982.7031964187458	300	25.86397539775294	0.0	179801	4271.984111990251	0.3
986.244552002245	300	26.322619814253763	0.0	140051	3541.3555834991803	0.3
990.0278825793027	300	26.53928923719593	0.0	138313	3783.3305770578295	0.3
993.6396541128737	300	26.927517703624964	0.0	143509	3611.7715335709668	0.3
996.3475382800167	300	28.21963353648196	0.0	150616	2707.884167143004	0.3
999.1478087449118	300	29.419363071586908	0.0	165384	2800.270464895052	0.3
1001.821137995412	300	30.746033821086755	0.0	140881	2673.32925050015	0.3
1004.8179158171719	300	31.749255999326838	0.0	157671	2996.7778217599193	0.3
1007.3343829559466	300	33.23278886055209	0.0	157812	2516.4671387747435	0.3
1010.5075908806679	300	34.05958093583081	0.0	163927	3173.207924721281	0.3
1013.2790974898168	300	35.288074326682036	0.0	137654	2771.5066091487743	0.3
1017.0390020589689	300	35.528169757529874	0.0	146754	3759.904569152161	0.3
1019.1484097925498	300	37.41876202394892	0.0	153938	2109.407733580958	0.3
1021.3333820540248	300	39.23378976247387	0.0	181901	2184.972261475053	0.3
1022.5721289754878	300	41.99504284101096	0.0	111155	1238.746921462912	0.3
1024.1276577537283	300	44.439514062770556	0.0	153605	1555.5287782404057	0.3
1025.625638495518	300	46.941533320980795	0.0	149029	1497.9807417897593	0.3
1027.4344881098582	300	49.132683706640606	0.0	157421	1808.8496143401887	0.3
1029.7311231016593	300	50.83604871483947	0.0	157488	2296.6349918011388	0.3
1032.3812117588002	300	52.1859600576987	0.0	143881	2650.08865714077	0.3
1036.1281164564855	300	52.43905536001316	0.0	163444	3746.904697685544	0.3
1039.4090929696852	300	53.158078846813495	0.0	179328	3280.976513199662	0.3
1042.0637598086676	300	54.50341200783117	0.0	159914	2654.6668389823194	0.3
1044.2277245922662	300	56.33944722423261	0.0	131610	2163.9647835985693	0.3
1046.1678540080075	300	58.39931780849118	0.0	124011	1940.1294157414252	0.3
1049.0520972494735	300	59.515074567025174	0.0	144254	1884.2432414660161	0.3
1051.7036210863726	300	59.695063241451535	0.0	149991	1820.0113255736364	0.3
1054.336011034166	300	59.51462451371759	0.0	147968	1680.4387277339406	0.3
1057.904161374465	300	59.94647417341847	0.0	161857	2568.1503402991234	0.3
1061.9314785480967	300	59.91915699978678	0.0	145210	3527.317173631696	0.3
1066.3952551512898	300	59.455380396593725	0.0	172312	4463.776603193052	0.3
1070.687975202786	300	59.16266034509735	0.0	167025	4292.720051496376	0.3
1074.6766355187485	300	59.17400002913484	0.0	160064	3988.66031596251	0.3
1078.2790090868114	300	59.57162646107201	0.0	137507	3102.3735680628315	0.3
1081.8892533368341	300	59.9613822110493	0.0	118421	2610.244250022713	0.3

