18088.534803325394	750	4.0	2.005422751396268	450283	2005.4227513962683	0.22453270747352005	-7.873317831003952
18089.403832761644	300	7.130970563748243	0.0	155580	869.0294362517569	0.17902730737296754	-0.15000000000000002
18091.46980655404	750	9.064996771356444	0.0	350812	2065.9737923918	0.16980467094592772	0.3
18095.039038606406	1200	9.495764718989264	0.0	617681	3569.232052367181	0.17305711451020467	0.75
18098.563106339232	1200	9.971696986165036	0.0	652874	3524.0677328242264	0.18526147892077535	1.2
18101.614585272757	1200	10.920218052641655	0.0	520315	3051.4789335233813	0.17051240114550612	1.2
18104.450179605188	1200	12.084623720205936	0.0	561791	2835.594332435717	0.19812107591477413	1.2
18111.138041965387	1850	9.396761360007446	0.0	1060487	6687.862360198491	0.15856890331823836	1.2000000000000002
18113.875083710947	1200	10.659719614448138	0.0	584846	2737.0417455593083	0.21367814391171738	0.5499999999999999
18116.425394385802	1200	12.10940893959225	0.0	560821	2550.310674855887	0.21990301241698362	1.2
18120.6198314747	1850	11.914971850694691	0.0	939819	4194.437088897557	0.22406320087328258	1.2000000000000002
18124.797779325043	1850	11.737024000354563	0.0	917428	4177.947850340131	0.21958818847518916	1.85
18129.569111412955	1850	10.965691912444173	0.0	946851	4771.332087910389	0.19844583913979347	1.85
18133.489464584065	1200	11.045338741335696	0.0	687371	3920.3531711084784	0.17533394824365942	0.5499999999999999
18138.22999392685	1850	10.304809398549056	0.0	821631	4740.52934278664	0.17332051772872648	1.2000000000000002
18141.988455574785	1200	10.546347750614398	0.0	587876	3758.4616479346596	0.15641399462544686	0.5499999999999999
18145.41478648898	1200	11.120016836419035	0.0	617242	3426.3309141953614	0.18014663949788193	1.2
18151.24130894448	1850	9.293494380916666	0.0	885714	5826.52245550237	0.15201417428050273	1.2000000000000002
18157.522063885084	1200	7.01273944031237	0.0	639204	6280.7549406042945	0.10177184208662977	0.5499999999999999
18162.71543597925	750	5.819367346147149	0.0	350713	5193.372094165222	0.06753088237101819	0.3
18164.97657607979	300	7.558227245607921	0.0	157671	2261.1401005392277	0.06973075218222845	-0.15000000000000002
18170.940618997498	750	5.594184327896792	0.0	399894	5964.042917711129	0.06705082534071882	0.3
18172.400440763773	300	8.134362561624874	0.0	163927	1459.821766271918	0.11229247555243374	-0.15000000000000002
18175.164232849762	750	9.370570475635184	0.0	343800	2763.7920859896903	0.12439430655540364	0.3
18179.932262078764	1200	8.602541246632132	0.0	587236	4768.029229003053	0.12316115774373831	0.75
18183.498250224613	750	9.036553100784	0.0	379700	3565.988145848132	0.10647820028288188	0.3
18191.49043897183	1200	5.044364353568485	0.0	696376	7992.188747215516	0.08713207633423546	0.75
18192.660386898882	300	7.8744164265150784	0.0	111155	1169.947927053406	0.09500850202790777	-0.6000000000000001
18196.567265362803	750	7.967537962594947	0.0	400396	3906.8784639201313	0.10248488753813083	0.3
18200.140117351504	750	8.394685973893361	0.0	400508	3572.8519887015855	0.11209756275001727	0.75
18203.32030070132	750	9.214502624079135	0.0	358218	3180.1833498142278	0.11264067526827518	0.75
18210.081664816684	1200	6.453138508714533	0.0	620283	6761.364115364601	0.09173932795461522	0.75
18212.48359890961	300	8.051204415788904	0.0	143881	2401.9340929256286	0.059902143203583315	-0.6000000000000001
18220.60419166596	750	4.0	0.06938834056128416	412837	8120.592756350188	0.050838283902017785	0.0016301355864780653
18224.483201318148	300	4.120990347809393	0.0	179328	3879.0096521906066	0.04623035673518561	-0.15000000000000002
18228.40758673285	300	4.196604933108949	0.0	159914	3924.3854147004445	0.04074880092076953	0.3
18231.190184810293	300	5.414006855667903	0.0	131610	2782.598077441045	0.04729752423355091	0.3
18232.48787057157	300	8.116321094385757	0.0	124011	1297.6857612821461	0.09556319696185463	0.3
18235.489031321933	750	9.115160344026384	0.0	378327	3001.160750359373	0.12606022518277216	0.3
18239.900611681212	1200	8.70357998474803	0.0	587506	4411.580359278354	0.1331735913558433	0.75
18242.305479130227	750	10.2987125357327	0.0	345516	2404.8674490153317	0.14367361500172116	0.3
18247.735923015593	1200	8.868268650368558	0.0	641452	5430.443885364141	0.1181214673313924	0.75
18250.994827843664	750	9.609363822297567	0.0	372093	3258.90482807099	0.11417731404578918	0.3
18256.325197890492	1200	8.278993775470603	0.0	634861	5330.370046826965	0.11910261284353357	0.75
18259.736680892715	750	8.867510773246698	0.0	398987	3411.4830022239034	0.11695412222189157	0.3
18263.549640967645	750	9.05455069831714	0.0	393804	3812.9600749295596	0.10328038905764705	0.75
18268.914327191567	1200	7.68986447439257	0.0	538612	5364.68622392457	0.10039953457072369	0.75
18272.238112216295	750	8.366079449667437	0.0	314107	3323.785024725133	0.09450280257700353	0.3

