6715.044488142983	750	4.0	1.4326655545084757	450283	1432.6655545084757	1	-5.410461884386445
6716.4031926135685	750	6.641295529414785	0.0	398865	1358.7044705852145	1	0.75
6717.792039852442	750	9.252448290540524	0.0	350812	1388.8472388742618	1	0.75
6719.3819449317025	750	11.662543211280328	0.0	382355	1589.9050792601952	1	0.75
6722.497203837257	750	12.547284305725706	0.0	411561	3115.2589055546237	1	0.75
6723.627010738237	750	15.417477404746148	0.0	318564	1129.8069009795588	1	0.75
6724.822791309582	1850	18.22169683340219	0.0	352642	1195.7805713439561	3	0.75
6728.169702189703	1850	18.874785953280607	0.0	1060487	3346.9108801215843	3	0.75
6730.905633082346	1850	20.138855060637	0.0	852833	2735.930892643609	3	1.85
6733.83975946461	1850	21.204728678372433	0.0	913888	2934.1263822645624	3	1.85
6737.082787615944	1850	21.961700527039437	0.0	939819	3243.028151332998	3	1.85
6740.985514127282	1850	22.058974015701782	0.0	917428	3902.726511337655	3	1.85
6745.54661075611	1850	21.49787738687386	0.0	946851	4561.0966288279205	3	1.85
6749.33192097143	1850	21.712567171553864	0.0	1036454	3785.310215319998	3	1.85
6752.411419760807	1850	22.633068382177598	0.0	821631	3079.498789376267	3	1.85
6755.362994932281	1850	23.68149321070359	0.0	923170	2951.575171474008	3	1.85
6758.738275424843	1850	24.306212718141722	0.0	966699	3375.2804925618643	3	1.85
6761.586404394357	1850	25.458083748627875	0.0	885714	2848.1289695138466	3	1.85
6766.9498349401365	1850	24.09465320284784	0.0	987708	5363.430545780037	3	1.85
6770.059723654544	1850	24.98476448844034	0.0	923755	3109.888714407498	3	1.85
6772.870780685093	1850	26.173707457891375	0.0	891604	2811.0570305489687	3	1.85
6775.907168935905	1850	27.13731920707974	0.0	955231	3036.3882508116317	3	1.85
6779.044247863725	1850	28.000240279260264	0.0	968026	3137.0789278194734	3	1.85
6782.050180360855	1850	28.994307782130512	0.0	874175	3005.9324971297533	3	1.85
6785.977350123826	1850	29.067138019158257	0.0	897976	3927.169762972256	3	1.85
6790.323186851274	1850	28.721301291710642	0.0	905935	4345.836727447616	3	1.85
6794.267644860963	1850	28.77684328202261	0.0	1076599	3944.458009688032	3	1.85
6797.128225820683	1850	29.916262322301684	0.0	758197	2860.5809597209272	3	1.85
6800.234464318999	1850	30.810023823986004	0.0	972798	3106.2384983156826	3	1.85
6803.638609477456	1850	31.405878665529535	0.0	975811	3404.14515845647	3	1.85
6806.454866142212	1850	32.58962200077257	0.0	873429	2816.2566647569615	3	1.85
6811.521123941249	1850	31.523364201735685	0.0	954453	5066.257799036888	3	1.85
6814.688937599943	1850	32.355550543042014	0.0	885062	3167.8136586936657	3	1.85
6817.943091819483	1850	33.101396323502534	0.0	1035329	3254.154219539478	3	1.85
6821.190156297898	1850	33.85433184508745	0.0	1026056	3247.0644784150854	3	1.85
6824.307427086873	4300	34.737061056112225	0.0	943942	3117.2707889752255	5	1.85
6832.203130044311	4300	30.841358098673837	0.0	1919781	7895.702957438386	5	1.8499999999999996
6840.641895752965	4300	26.40259239002095	0.0	2147467	8438.765708652889	5	4.3
6847.69838375762	4300	23.346104385365063	0.0	2133870	7056.4880046558865	5	4.3
6856.7966772521495	4300	18.247810890836185	0.0	2146120	9098.293494528876	5	4.3
6863.444317397261	4300	15.600170745723936	0.0	2108491	6647.640145112251	5	4.3
6870.631883554312	4300	12.412604588673613	0.0	2184571	7187.5661570503225	5	4.3
6879.89330386664	1850	7.151184276345795	0.0	2121928	9261.420312327818	3	4.3
6883.440276087294	1850	7.604212055691891	0.0	973972	3546.972220653904	3	-0.6000000000000001
6886.8834946274055	1850	8.16099351557947	0.0	958994	3443.218540112421	3	1.85
6890.030483934104	1850	9.014004208881367	0.0	982064	3146.989306698103	3	1.85
6892.950078962049	1850	10.094409180937603	0.0	830730	2919.5950279437643	3	1.85
6895.763399916924	1850	11.28108822606231	0.0	846370	2813.320954875292	3	1.85

