2234.119278734795	300	4.0	1.746078319452692	181801	1746.078319452692	-7.208136773646576
2235.99148901809	300	6.127789716704753	0.0	155580	1872.210283295247	0.3
2237.8833910396474	300	8.235887695147413	0.0	139857	1891.9020215573387	0.3
2240.2661003728135	300	9.85317836198127	0.0	155432	2382.709333166143	0.3
2244.112223991168	300	10.007054743627373	0.0	163442	3846.123618353896	0.3
2247.776635492991	300	10.342643241804584	0.0	126289	3664.4115018227894	0.3
2251.8753988743806	300	10.243879860414632	0.0	153295	4098.763381389952	0.3
2255.9680499181736	300	10.15122881662148	0.0	173849	4092.651043793152	0.3
2257.799266026156	300	12.320012708639343	0.0	150710	1831.2161079821385	0.3
2259.176867814604	300	14.94241092019118	0.0	139105	1377.6017884481616	0.3
2260.5733960780676	300	17.545882656727592	0.0	141840	1396.5282634635885	0.3
2262.0846255098572	300	20.034653224938335	0.0	156148	1511.2294317892595	0.3
2263.820839215485	300	22.29843951931018	0.0	160746	1736.2137056281583	0.3
2265.1757717388086	300	24.94350699598694	0.0	179801	1354.9325233232364	0.3
2266.3876860894047	300	27.73159264539085	0.0	140051	1211.914350596088	0.3
2267.587371319871	300	30.531907414924355	0.0	138313	1199.6852304664965	0.3
2268.7772623423266	300	33.34201639246883	0.0	143509	1189.8910224555232	0.3
2269.9745473483877	300	36.1447313864082	0.0	150616	1197.285006060627	0.3
2271.184443650063	300	38.93483508473306	0.0	165384	1209.8963016751438	0.3
2272.378461778286	300	41.74081695650977	0.0	140881	1194.018128223287	0.3
2273.579784489257	300	44.539494245538975	0.0	157671	1201.3227109707984	0.3
2274.7030361542825	300	47.416242580513334	0.0	157812	1123.2516650256464	0.3
2275.841740005144	300	50.27753872965182	0.0	163927	1138.70385086151	0.3
2277.8442161276853	750	52.275062607110314	0.0	343800	2002.4761225415116	0.3
2279.5192940207385	750	54.599984714057264	0.0	359903	1675.0778930530435	0.75
2281.495345406653	750	56.62393332814271	0.0	379700	1976.0513859145597	0.75
2283.5542753668847	750	58.56500336791086	0.0	425781	2058.9299602318524	0.75
2285.3180301620782	750	59.61366348423492	0.0	277716	1451.3398836759354	0.75
2288.0730424426247	750	59.96236481402063	0.0	400396	2651.2986702142975	0.75
2291.8289123545856	750	59.51128662505592	0.0	400508	2951.078188964712	0.75
2295.423276831761	750	59.52150030041669	0.0	358218	2989.7863246392194	0.75
2299.7557687493377	1200	59.18900838283992	0.0	620283	4332.491917576769	0.75
2304.417178062363	1200	58.52759906981458	0.0	584349	4661.409313025344	1.2
2314.7568888786845	1200	52.18788825349311	0.0	670129	10339.710816321476	1.2
2329.062627607846	1200	41.88214952433156	0.0	690253	14305.738729161549	1.2
2336.239703759082	750	38.70507337309575	0.0	365161	7177.076151235805	0.3
2338.7487467843885	300	40.19603034778936	0.0	131610	2509.043025306392	-0.15000000000000002
2341.3250929913884	300	41.61968414078947	0.0	124011	2576.346206999891	0.3
2345.217972638238	300	41.726804493940065	0.0	144254	3892.879646849402	0.3
2348.8597665599686	300	42.08501057220922	0.0	149991	3641.7939217308476	0.3
2352.061542319118	300	42.88323481305997	0.0	147968	3201.7757591492486	0.3
2354.8352172928585	300	44.10955983931979	0.0	161857	2773.674973740175	0.3
2356.945491304053	300	45.9992858281253	0.0	145210	2110.274011194498	0.3
2359.434695734994	300	47.51008139718427	0.0	172312	2489.2044309410257	0.3
2361.7405408490777	300	49.204236283100606	0.0	167025	2305.8451140836696	0.3
2363.6122263322336	300	51.332550799944265	0.0	160064	1871.6854831563428	0.3
2365.0412130200416	300	53.90356411213658	0.0	137507	1428.9866878076891	0.3
2366.3190339983335	300	56.62574313384483	0.0	118421	1277.8209782917486	0.3

