16998.81447048023	750	4.0	5.127185897414645	450283	5127.185897414644	-21.29689935888297
17000.70775198148	300	6.106718498746048	0.0	155580	1893.2815012539522	-0.15000000000000002
17002.35071388379	300	8.463756596441497	0.0	139857	1642.961902304551	0.3
17004.189670530945	300	10.624799949282068	0.0	155432	1838.9566471594298	0.3
17006.215930727674	300	12.598539752552488	0.0	163442	2026.2601967295793	0.3
17007.424581303043	300	15.389889177186298	0.0	126289	1208.6505753661886	0.3
17011.793287928056	750	15.021182552172487	0.0	352642	4368.7066250138105	0.3
17016.23338184801	750	14.581088632216039	0.0	437162	4440.093919956449	0.75
17019.844423967188	750	14.970046513041675	0.0	374758	3611.042119174365	0.75
17023.882743346556	750	14.931727133671572	0.0	362795	4038.319379370102	0.75
17027.674540376258	750	15.13993010397293	0.0	353220	3791.7970296986423	0.75
17032.935825150435	750	13.878645329796512	0.0	405134	5261.284774176415	0.75
17038.101830948028	750	12.712639532203358	0.0	386351	5166.005797593154	0.75
17041.645111825055	750	13.169358655176623	0.0	434409	3543.280877026734	0.75
17043.96606610573	750	14.848404374501028	0.0	337059	2320.954280675596	0.75
17048.162757915892	1200	14.651712564341866	0.0	587876	4196.691810159163	0.75
17052.647113227038	1200	14.167357253194107	0.0	617242	4484.3553111477595	1.2
17057.367572667295	1200	13.446897812934951	0.0	581493	4720.459440259156	1.2
17062.555422936017	1200	12.259047544212073	0.0	639204	5187.850268722878	1.2
17070.186484007485	1200	8.627986472745587	0.0	586839	7631.061071466487	1.2
17077.43984032064	750	5.374630159590358	0.0	386472	7253.356313155228	0.3
17080.11942981589	300	6.695040664337906	0.0	157812	2679.589495252451	-0.15000000000000002
17083.048638039956	300	7.765832440273591	0.0	163927	2929.208224064315	0.3
17086.19661176635	300	8.617858713881654	0.0	137654	3147.973726391936	0.3
17089.35855271948	300	9.455917760751303	0.0	146754	3161.9409531303513	0.3
17091.986899087726	300	10.827571392506119	0.0	153938	2628.3463682451843	0.3
17095.472460388373	300	11.342010091859065	0.0	181901	3485.561300647053	0.3
17097.621478043937	300	13.19299243629495	0.0	111155	2149.0176555641137	0.3
17100.592842124523	300	14.221628355711065	0.0	153605	2971.3640805838863	0.3
17103.143925455588	300	15.670545024644902	0.0	149029	2551.0833310661637	0.3
17105.536440911717	300	17.27802956851728	0.0	157421	2392.515456127623	0.3
17114.66777320779	750	12.146697272445325	0.0	400322	9131.332296071954	0.3
17119.589106276228	300	11.225364204005734	0.0	143881	4921.333068439589	-0.15000000000000002
17124.679417517837	300	10.13505296239577	0.0	163444	5090.311241609964	0.3
17129.35180221548	300	9.462668264752402	0.0	179328	4672.384697643369	0.3
17132.599678842253	300	10.214791637978731	0.0	159914	3247.8766267736705	0.3
17134.83806037946	300	11.976410100773313	0.0	131610	2238.3815372054173	0.3
17136.40846842787	300	14.40600205236203	0.0	124011	1570.4080484112847	0.3
17138.189675346322	300	16.624795133910382	0.0	144254	1781.2069184516477	0.3
17144.194769744445	750	14.619700735787221	0.0	390680	6005.094398123161	0.3
17150.93529016944	750	11.879180310791043	0.0	345516	6740.520424996178	0.75
17158.110373512754	750	8.704096967473804	0.0	384505	7175.083343317238	0.75
17160.293161253696	300	10.521309226534855	0.0	145210	2182.7877409389494	-0.15000000000000002
17162.22028604708	300	12.594184433150298	0.0	172312	1927.1247933845577	0.3
17166.021398093035	750	12.79307238719599	0.0	398987	3801.1120459543095	0.3
17172.80644300643	1200	10.008027473800698	0.0	638661	6785.04491339529	0.75
17182.2256140743	1200	4.588856405931334	0.0	538612	9419.171067869365	1.2
17185.091287540796	300	5.72318293943507	0.0	118421	2865.6734664962646	-0.6000000000000001

