21015.85574995588	300	4.0	4.3779972098671385	450283	4377.997209867139	0	-18.075388002428696
21017.114027719796	300	6.741722236087304	0.0	155580	1258.2777639126964	0	-0.15000000000000002
21018.15900355313	300	9.696746402752327	0.0	139857	1044.975833334976	0	0.3
21019.344051473756	750	12.511698482125855	0.0	155432	1185.0479206264713	1	0.3
21022.54385549909	750	13.311894456791178	0.0	411561	3199.804025334677	1	0.3
21025.03987008114	750	14.815879874741597	0.0	318564	2496.0145820495813	1	0.75
21027.80783730153	750	16.047912654349265	0.0	352642	2767.9672203923324	1	0.75
21031.10825630433	750	16.74749365154678	0.0	437162	3300.4190028024864	1	0.75
21033.56265570382	750	18.293094252057813	0.0	374758	2454.399399488965	1	0.75
21035.889984626676	750	19.965765329202853	0.0	362795	2327.3289228549615	1	0.75
21038.403684744542	750	21.452065211337633	0.0	353220	2513.700117865216	1	0.75
21041.531608845922	750	22.324141109953807	0.0	405134	3127.9241013838305	1	0.75
21044.68382911999	1850	23.17192083588853	0.0	386351	3152.2202740652738	3	0.75
21054.2588040767	1850	17.596945879173443	0.0	1036454	9574.974956715087	3	0.75
21064.129576087675	750	11.726173868199144	0.0	821631	9870.772010974299	1	1.85
21067.888986041922	750	11.966763913951803	0.0	366214	3759.4099542473414	1	-0.3500000000000001
21070.97718337485	750	12.878566581025684	0.0	360831	3088.1973329261205	1	0.75
21074.161905592104	750	13.693844363770658	0.0	372963	3184.7222172550246	1	0.75
21077.754863290636	750	14.100886665234466	0.0	405596	3592.957698536193	1	0.75
21080.58138084944	750	15.274369106430822	0.0	350713	2826.517558803644	1	0.75
21083.959183242463	750	15.896566713408456	0.0	386472	3377.8023930223667	1	0.75
21087.38823388945	750	16.467516066423467	0.0	399894	3429.050646984987	1	0.75
21090.619754823543	750	17.235995132329077	0.0	401853	3231.52093409439	1	0.75
21093.22295126506	750	18.63279869081117	0.0	343800	2603.196441517908	1	0.75
21095.94824444729	750	19.907505508585242	0.0	359903	2725.293182225925	1	0.75
21099.126206869405	750	20.729543086469036	0.0	379700	3177.96242211621	1	0.75
21103.326536890945	750	20.52921306492687	0.0	425781	4200.330021542163	1	0.75
21105.99974615639	750	21.85600379948422	0.0	277716	2673.209265442654	1	0.75
21108.78757815361	750	23.06817180226486	0.0	400396	2787.83199721936	1	0.75
21111.623757098143	750	24.231992857732976	0.0	400508	2836.1789445318814	1	0.75
21114.55600856033	750	25.299741395543883	0.0	358218	2932.251462189096	1	0.75
21118.178043470714	1850	25.677706485160947	0.0	400322	3622.0349103829353	3	0.75
21126.777137509464	1850	21.07861244641152	0.0	885062	8599.094038749425	3	0.75
21137.1829372603	750	14.672812695578164	0.0	1035329	10405.799750833356	1	1.85
21141.35537657384	750	14.500373382040783	0.0	401088	4172.439313537381	1	-0.3500000000000001
21144.82908774334	750	15.026662212539602	0.0	365161	3473.71116950118	1	0.75
21147.9420962792	750	15.913653676678772	0.0	321064	3113.0085358608308	1	0.75
21151.01477900165	750	16.840970954227654	0.0	361565	3072.682722451117	1	0.75
21154.30481857243	750	17.55093138344883	0.0	378327	3290.039570778824	1	0.75
21157.632239031143	750	18.22351092473294	0.0	390680	3327.420458715894	1	0.75
21161.191986322134	750	18.663763633742665	0.0	345516	3559.74729099027	1	0.75
21164.549932639067	750	19.30581731680981	0.0	384505	3357.946316932856	1	0.75
21168.112315698203	750	19.74343425767232	0.0	372093	3562.383059137491	1	0.75
21173.741873087856	750	18.11387686801809	0.0	438281	5629.5573896542355	1	0.75
21180.70682822135	750	15.148921734524164	0.0	398987	6964.955133493925	1	0.75
21184.5105001567	750	15.345249799174908	0.0	393804	3803.6719353492545	1	0.75
21187.242314660245	750	16.613435295631106	0.0	331053	2731.8145035438015	1	0.75
21190.036455381553	750	17.81929457432182	0.0	314107	2794.1407213092857	1	0.75

