8737.178496159171	750	4.0	4.277909780182569	450283	4277.909780182569	-17.64501205478505
8738.427482459289	300	6.75101369988408	0.0	155580	1248.98630011592	-0.15000000000000002
8739.971954132143	300	9.206542027029297	0.0	139857	1544.4716728547828	0.3
8741.742313260153	300	11.436182899020517	0.0	155432	1770.3591280087778	0.3
8743.479960186161	300	13.69853597301224	0.0	163442	1737.6469260082768	0.3
8746.127559384035	750	15.050936775138222	0.0	318564	2647.5991978740185	0.3
8748.7250402644	750	16.45345589477365	0.0	352642	2597.4808803645683	0.75
8751.20594761643	750	17.972548542743564	0.0	437162	2480.907352030089	0.75
8752.962649076477	750	20.215847082696733	0.0	374758	1756.7014600468335	0.75
8756.66757917402	1850	20.510916985154765	0.0	913888	3704.930097541968	0.75
8761.049727522133	1850	20.12876863704181	0.0	939819	4382.148348112955	1.85
8765.491305105104	1850	19.687191054069437	0.0	917428	4441.577582972372	1.85
8769.435862811702	1850	19.74263334747128	0.0	946851	3944.5577065981556	1.85
8774.049756777782	1850	19.128739381391604	0.0	1036454	4613.89396607968	1.85
8777.368357397683	1850	19.81013876149094	0.0	821631	3318.600619900663	1.85
8780.69885198627	1850	20.479644172903743	0.0	923170	3330.494588587198	1.85
8784.131470867911	1850	21.047025291262823	0.0	966699	3432.6188816409185	1.85
8788.188224208387	1850	20.99027195078751	0.0	885714	4056.753340475314	1.85
8792.130673486323	1850	21.047822672852774	0.0	987708	3942.4492779347343	1.85
8795.405761643191	1850	21.77273451598312	0.0	923755	3275.0881568696545	1.85
8797.944069917932	1850	23.234426241243526	0.0	891604	2538.3082747395947	1.85
8800.72841166412	1850	24.45008449505419	0.0	955231	2784.341746189342	1.85
8803.964859735292	1850	25.213636423882882	0.0	968026	3236.4480711713036	1.85
8806.980816275369	1850	26.197679883805396	0.0	874175	3015.9565400774886	1.85
8809.768881566459	1850	27.409614592714895	0.0	897976	2788.0652910905005	1.85
8812.982204949734	1850	28.19629120944021	0.0	905935	3213.323383274679	1.85
8816.436887655533	1850	28.741608503642357	0.0	1076599	3454.682705797854	1.85
8818.689085416545	1850	30.489410742629826	0.0	758197	2252.197761012532	1.85
8822.036247645485	1850	31.14224851368953	0.0	972798	3347.162228940294	1.85
8825.409878816858	1850	31.76861734231568	0.0	975811	3373.6311713738514	1.85
8829.74059765314	1850	31.437898506032553	0.0	873429	4330.718836283125	1.85
8833.260502265088	1850	31.917993894086415	0.0	954453	3519.90461194614	1.85
8835.654373936259	1850	33.52412222291683	0.0	885062	2393.871671169589	1.85
8838.808996580752	1850	34.36949957842317	0.0	1035329	3154.622644493663	1.85
8842.86340419378	1850	34.31509196539561	0.0	1026056	4054.4076130275616	1.85
8846.135877285695	1850	35.04261887348107	0.0	943942	3272.473091914533	1.85
8848.38889380252	1850	36.789602356656	0.0	728962	2253.0165168250755	1.85
8850.909982979992	1850	38.268513179183216	0.0	938587	2521.089177472778	1.85
8858.342938950267	4300	34.83555720890952	0.0	2133870	7432.955970273698	1.8499999999999996
8867.043248788119	4300	30.135247371056916	0.0	2146120	8700.309837852603	4.3
8874.437431141969	4300	26.74106501720717	0.0	2108491	7394.18235384975	4.3
8883.44973961818	4300	21.728756540996045	0.0	2184571	9012.308476211127	4.3
8889.928558600754	4300	19.249937558423166	0.0	2121928	6478.818982572879	4.3
8897.543445733596	4300	15.635050425580747	0.0	2219102	7614.88713284242	4.3
8904.21286219802	4300	12.965633961157751	0.0	2124950	6669.416464422995	4.3
8911.378181746128	4300	9.800314413049836	0.0	2246506	7165.319548107914	4.3
8913.515858309465	1850	11.662637849712999	0.0	830730	2137.676563336838	-0.6000000000000001
8915.734259938716	1850	13.444236220462864	0.0	846370	2218.401629250134	1.85

