7006.833677628813	300	4.0	0.7118704574574722	181801	711.8704574574722	-2.7610429670671306
7007.43003814401	300	7.403639484803459	0.0	155580	596.3605151965413	0.3
7007.947611784216	300	10.88606584459734	0.0	139857	517.5736402061189	0.3
7008.508893596719	300	14.32478403209443	0.0	155432	561.2818125029124	0.3
7010.433445951236	750	16.400231677577963	0.0	411561	1924.5523545164685	0.3
7011.787997949231	750	19.045679679583344	0.0	318564	1354.5519979946203	0.75
7013.692067220741	1200	21.14161040807282	0.0	561791	1904.0692715105215	0.75
7016.686088271724	1200	22.147589357089885	0.0	709534	2994.0210509829376	1.2
7020.047975845937	1850	22.785701782877034	0.0	852833	3361.88757421285	1.2000000000000002
7023.929177691871	1850	22.904499936942997	0.0	913888	3881.2018459340347	1.85
7027.452872392366	1850	23.380805236447248	0.0	939819	3523.6947004957465	1.85
7031.478721878652	1850	23.35495575016076	0.0	917428	4025.849486286491	1.85
7035.020407503447	1850	23.813270125366174	0.0	946851	3541.685624794588	1.85
7039.665337369698	1850	23.16834025911545	0.0	1036454	4644.929866250725	1.85
7043.299710901318	1850	23.533966727495798	0.0	821631	3634.3735316196517	1.85
7047.493454392117	1850	23.34022323669619	0.0	923170	4193.743490799605	1.85
7051.289227134663	1850	23.544450494150936	0.0	966699	3795.772742545253	1.85
7055.343520557841	1850	23.49015707097332	0.0	885714	4054.2934231776144	1.85
7059.559528083877	1850	23.274149544936765	0.0	987708	4216.007526036556	1.85
7065.926181796567	1850	20.907495832245935	0.0	923755	6366.6537126908315	1.85
7069.188998324963	1200	21.64467930385026	0.0	601738	3262.8165283956737	0.5499999999999999
7071.936234674279	1200	22.89744295453411	0.0	616206	2747.2363493161492	1.2
7077.349225384693	1850	21.484452244119918	0.0	968026	5412.990710414192	1.2000000000000002
7081.6758890620595	1200	21.157788566754416	0.0	536667	4326.663677365504	0.5499999999999999
7086.514689554567	1200	20.318988074247237	0.0	587236	4838.8004925071755	1.2
7092.36392494419	1200	18.4697526846239	0.0	590335	5849.235389623338	1.2
7095.797817379944	750	19.0358602488701	0.0	425781	3433.892435753796	0.3
7097.999007942443	750	20.83466968637048	0.0	277716	2201.190562499621	0.75
7103.058599332498	1200	19.77507829631697	0.0	622896	5059.591390053511	0.75
7108.290405479531	1200	18.543272149283954	0.0	641447	5231.806147033014	1.2
7119.299328313763	1200	11.53434931505181	0.0	570392	11008.922834232146	1.2
7121.346631470044	300	13.487046158771452	0.0	157488	2047.303156280357	-0.6000000000000001
7125.120108700138	750	13.713568928676471	0.0	369834	3773.4772300949817	0.3
7130.398438172595	750	12.435239456220675	0.0	412837	5278.329472455795	0.75
7134.443800282305	750	12.389877346510307	0.0	401088	4045.3621097103683	0.75
7136.934368749041	750	13.89930887977428	0.0	365161	2490.5684667360274	0.75
7138.953455494953	750	15.8802221338617	0.0	321064	2019.0867459125807	0.75
7140.797604669425	750	18.036072959389983	0.0	361565	1844.1491744717148	0.75
7143.202476494466	750	19.63120113434844	0.0	378327	2404.8718250415436	0.75
7148.041972786405	1200	18.79170484241054	0.0	587506	4839.496291937905	0.75
7150.631442020465	750	20.202235608349348	0.0	345516	2589.4692340611905	0.3
7155.047582187069	1200	19.786095441746017	0.0	641452	4416.140166603331	0.75
7158.418112050959	1200	20.4155655778553	0.0	599477	3370.529863890716	1.2
7162.174483777233	1200	20.659193851580735	0.0	634861	3756.371726274566	1.2
7166.327456998173	1200	20.50622063064065	0.0	630203	4152.973220940083	1.2
7170.255094763754	1200	20.578582865060227	0.0	638661	3927.637765580423	1.2
7174.078271805132	1200	20.755405823681038	0.0	538612	3823.177041379188	1.2
7178.308870035211	1200	20.524807593603548	0.0	550906	4230.5982300774895	1.2

