17792.35370032763	300	4.0	0.571357828104974	181801	571.357828104974	-2.1568386608513883
17792.84310992724	300	7.510590400389811	0.0	155580	489.4095996101895	0.3
17793.267923998334	300	11.085776329291644	0.0	139857	424.8140710981664	0.3
17793.708485621984	300	14.645214705638937	0.0	155432	440.561623652708	0.3
17794.780839047315	750	17.572861280307034	0.0	411561	1072.3534253319015	0.3
17795.73901873171	750	20.614681595914185	0.0	318564	958.1796843928488	0.75
17798.33118013498	1200	22.02252019264323	0.0	561791	2592.161403270955	0.75
17802.311209254814	1850	22.042491072809696	0.0	1060487	3980.029119833538	1.2000000000000002
17805.17084369403	1850	23.18285663359449	0.0	852833	2859.634439215205	1.85
17808.57475339533	1850	23.778946932295916	0.0	913888	3403.909701298572	1.85
17811.73002023465	1850	24.62368009297933	0.0	939819	3155.2668393165827	1.85
17815.04305512283	1850	25.310645204798664	0.0	917428	3313.034888180667	1.85
17820.588244822757	2850	23.76545550487425	0.0	1422919	5545.189699924413	1.85
17824.979638291155	1850	23.374062036474683	0.0	1036454	4391.393468399568	0.8500000000000001
17828.340200670933	1850	24.013499656696144	0.0	821631	3360.5623797785383	1.85
17831.969301998597	1850	24.38439832903138	0.0	923170	3629.101327664766	1.85
17835.362010868488	1850	24.99168945913929	0.0	966699	3392.7088698920893	1.85
17838.658934546547	1850	25.69476578108148	0.0	885714	3296.9236780578144	1.85
17844.173994631186	2850	24.179705696445716	0.0	1537156	5515.060084635765	1.85
17848.82313949395	2850	23.530560833683268	0.0	1336050	4649.14486276245	2.85
17852.921537297258	1850	23.432163030378454	0.0	891604	4098.3978033048115	0.8500000000000001
17856.872475995027	1850	23.48122433260664	0.0	955231	3950.938697771814	1.85
17860.177538755688	1850	24.176161571944558	0.0	968026	3305.0627606620833	1.85
17862.90738898327	1850	25.446311344364197	0.0	874175	2729.850227580363	1.85
17867.464960068035	2850	24.888740259596105	0.0	1383735	4557.571084768088	1.85
17872.067975649476	1850	24.285724678157056	0.0	905935	4603.01558143905	0.8500000000000001
17878.317365086128	2850	22.036335241505615	0.0	1547572	6249.389436651443	1.85
17880.098267582773	1200	24.25543274485838	0.0	487160	1780.9024966472361	-0.44999999999999996
17885.199128009404	1850	23.154572318226393	0.0	972798	5100.860426631985	1.2000000000000002
17890.143035406225	1850	22.210664921406046	0.0	975811	4943.9073968203475	1.85
17894.21742537787	1850	22.136274949762566	0.0	873429	4074.3899716434803	1.85
17898.378307079645	1850	21.975393247982872	0.0	954453	4160.881701779695	1.85
17902.05081908948	1850	22.30288123815069	0.0	885062	3672.5120098321827	1.85
17907.30294897122	1850	21.050751356410007	0.0	1035329	5252.1298817406805	1.85
17910.18176572167	1200	22.17193460595748	0.0	690253	2878.81675045253	0.5499999999999999
17912.595937368493	1200	23.75776295913381	0.0	598727	2414.1716468236646	1.2
17915.10452924829	1850	25.249171079339398	0.0	728962	2508.591879794413	1.2000000000000002
17918.46896881584	1850	25.884731511789692	0.0	938587	3364.439567549707	1.85
17923.480729028157	2850	24.87297129947399	0.0	1427478	5011.760212315703	1.85
17930.68149235338	2850	21.672207974250867	0.0	1402287	7200.76332522312	2.85
17934.015531746856	1850	22.338168580772503	0.0	858450	3334.0393934783638	0.8500000000000001
17936.897723180286	1200	23.455977147343113	0.0	641452	2882.1914334293915	0.5499999999999999
17940.18492633189	1850	24.16877399573709	0.0	886255	3287.2031516060224	1.2000000000000002
17943.859742717068	1850	24.493957610560273	0.0	973972	3674.81638517682	1.85
17946.774091877665	1850	25.57960844996466	0.0	958994	2914.34916059561	1.85
17951.211038866288	2850	25.14266146134031	0.0	1483527	4436.94698862435	1.85
17954.689210753088	2850	25.66448957454315	0.0	1231456	3478.1718867971626	2.85
17957.290293838683	1850	27.06340648894688	0.0	846370	2601.083085596268	0.8500000000000001

