23916.006542189363	300	4.0	1.196187965169382	181801	1196.187965169382	-4.843608250228343
23916.943907372948	300	7.062634816416155	0.0	155580	937.3651835838444	0.3
23917.787056965146	300	10.21948522421914	0.0	139857	843.1495921970165	0.3
23919.20011620995	300	12.806425979413543	0.0	155432	1413.0592448055959	0.3
23921.561209090207	300	14.445333099155352	0.0	163442	2361.092880258191	0.3
23928.096891658693	750	11.90965053066883	0.0	318564	6535.682568486521	0.3
23931.04198804435	300	12.964554145009393	0.0	153295	2945.096385659437	-0.15000000000000002
23933.041881290974	300	14.964660898387852	0.0	173849	1999.8932466215417	0.3
23936.206635252187	750	15.799906937173944	0.0	374758	3164.7539612139085	0.3
23939.44533027261	750	16.561211916748555	0.0	362795	3238.695020425389	0.75
23946.542641289932	750	13.463900899429643	0.0	353220	7097.3110173189125	0.75
23948.968601346125	750	15.037940843236075	0.0	405134	2425.9600561935667	0.75
23950.568724844048	750	17.43781734531135	0.0	386351	1600.1234979247251	0.75
23952.388510932014	750	19.61803125734928	0.0	434409	1819.7860879620675	0.75
23955.79237254071	1200	20.21416964865582	0.0	526950	3403.861608693464	0.75
23959.63703642746	1200	20.369505761904716	0.0	587876	3844.6638867511024	1.2
23964.523246183468	1200	19.483296005899778	0.0	617242	4886.209756004936	1.2
23966.845638619314	1200	21.16090357005189	0.0	581493	2322.3924358478885	1.2
23969.592228981644	1200	22.414313207724174	0.0	639204	2746.5903623277172	1.2
23975.452556845004	1850	20.553985344363912	0.0	923755	5860.327863360265	1.2000000000000002
23980.615006555527	1200	19.39153563384164	0.0	601738	5162.449710522269	0.5499999999999999
23984.062363109348	1200	19.944179080022213	0.0	616206	3447.3565538194302	1.2
23986.4021070464	1200	21.604435142970356	0.0	656471	2339.7439370518537	1.2
23988.67420251967	1200	23.332339669701174	0.0	536667	2272.095473269184	1.2
23993.340539700606	1850	22.666002488764597	0.0	897976	4666.337180936577	1.2000000000000002
24006.725407305574	1850	13.281134883798636	0.0	905935	13384.86760496596	1.85
24010.894830030145	750	13.111712159224421	0.0	425781	4169.422724574215	-0.3500000000000001
24013.556983371127	750	14.449558818245405	0.0	277716	2662.1533409790163	0.75
24018.407074148327	750	13.599468041045027	0.0	400396	4850.090777200377	0.75
24024.098686763235	750	11.907855426136015	0.0	400508	5691.612614909012	0.75
24024.91424011918	300	15.09230207019389	0.0	157421	815.5533559421262	-0.15000000000000002
24026.5727279046	750	17.433814284773785	0.0	400322	1658.4877854201036	0.3
24028.113438214346	750	19.89310397502767	0.0	369834	1540.710309746111	0.75
24032.170334029255	1200	19.836208160121284	0.0	670129	4056.8958149063874	0.75
24037.837994247802	1200	18.168547941574797	0.0	690253	5667.660218546489	1.2
24040.265781275357	750	19.740760914017105	0.0	365161	2427.787027557691	0.3
24042.282921001442	1200	21.72362118793342	0.0	487812	2017.139726083683	0.75
24044.40776304965	1200	23.598779139725934	0.0	575591	2124.842048207486	1.2
24049.081312938597	1850	22.92522925078124	0.0	908665	4673.549888944696	1.2000000000000002
24057.377684649746	1850	18.62885753963285	0.0	930577	8296.37171114839	1.85
24059.409815990137	750	20.59672619924295	0.0	345516	2032.1313403898953	-0.3500000000000001
24061.673092193065	1200	22.333449996315373	0.0	641452	2263.2762029275796	0.75
24065.289225051853	1850	22.71731713752425	0.0	886255	3616.1328587911194	1.2000000000000002
24070.576255418116	1850	21.430286771258878	0.0	973972	5287.030366265375	1.85
24081.501157858496	1200	14.505384330882388	0.0	630203	10924.90244037649	0.5499999999999999
24086.17902714478	750	13.827515044600078	0.0	393804	4677.869286282308	0.3
24089.170304385974	750	14.836237803401861	0.0	331053	2991.277241198216	0.75
24092.19119675268	750	15.815345436697493	0.0	314107	3020.8923667043696	0.75

