20914.675136929127	300	4.0	2.7479944591788286	181801	2747.9944591788285	-11.516376174468961
20916.58848809109	300	6.086648838040633	0.0	155580	1913.3511619593676	0.3
20918.08016771215	300	8.594969216981635	0.0	139857	1491.6796210589978	0.3
20919.85451248466	300	10.820624444466498	0.0	155432	1774.3447725151377	0.3
20921.568637421344	300	13.106499507785612	0.0	163442	1714.1249366808843	0.3
20924.815008721074	750	13.86012820805385	0.0	318564	3246.371299731763	0.3
20928.288633945536	750	14.386502983594033	0.0	352642	3473.6252244598163	0.75
20932.95268343231	750	13.722453496817412	0.0	437162	4664.049486776622	0.75
20936.607029984843	750	14.068106944285038	0.0	374758	3654.3465525323727	0.75
20940.229877773276	750	14.445259155849781	0.0	362795	3622.8477884352574	0.75
20943.82509950669	750	14.850037422440863	0.0	353220	3595.221733408918	0.75
20948.39761217199	750	14.277524757139195	0.0	405134	4572.512665301668	0.75
20952.33969507484	750	14.335441854289854	0.0	386351	3942.0829028493413	0.75
20958.330500376378	750	12.344636552748865	0.0	434409	5990.80530154099	0.75
20960.321387241973	300	14.353749687152401	0.0	140051	1990.886865596464	-0.15000000000000002
20964.69865612503	750	13.97648080409599	0.0	366214	4377.26888305641	0.3
20968.876819636604	750	13.798317292526765	0.0	360831	4178.163511569226	0.75
20973.979154233984	750	12.695982695145176	0.0	372963	5102.334597381588	0.75
20976.95754965512	300	13.71758727401231	0.0	165384	2978.3954211328655	-0.15000000000000002
20981.748860793043	750	12.92627613608462	0.0	350713	4791.31113792769	0.3
20986.170115068566	750	12.505021860563309	0.0	386472	4421.25427552131	0.75
20987.97408355043	300	14.701053378700003	0.0	157812	1803.9684818633073	-0.15000000000000002
20993.982067137767	750	12.693069791366037	0.0	401853	6007.983587333965	0.3
20996.669757778815	300	14.005379150315058	0.0	137654	2687.690641050979	-0.15000000000000002
21005.211437181133	750	9.463699747998616	0.0	359903	8541.67940231644	0.3
21007.97622269488	300	10.69891423425126	0.0	153938	2764.7855137473566	-0.15000000000000002
21010.128450637472	300	12.546686291660484	0.0	181901	2152.2279425907764	0.3
21011.27233160111	300	15.40280532802241	0.0	111155	1143.880963638074	0.3
21015.660704897287	750	15.014432031841755	0.0	400396	4388.3732961806545	0.3
21019.372323105097	750	15.302813824034638	0.0	400508	3711.618207807117	0.75
21023.78914858721	750	14.885988341922253	0.0	358218	4416.825482112384	0.75
21028.886246914208	750	13.788890014923753	0.0	400322	5097.098326998502	0.75
21036.267886206984	750	10.40725072214889	0.0	369834	7381.639292774864	0.75
21041.560095702236	300	9.115041226897784	0.0	163444	5292.209495251105	-0.15000000000000002
21047.050047199406	300	7.6250897297249844	0.0	179328	5489.951497172799	0.3
21051.94870507643	300	6.7264318526998155	0.0	159914	4898.657877025169	0.3
21054.709586608238	300	7.965550320891161	0.0	131610	2760.881531808655	0.3
21056.619108230057	300	10.056028699072577	0.0	124011	1909.5216218185856	0.3
21058.715560411358	300	11.959576517773659	0.0	144254	2096.452181298917	0.3
21061.16148063536	300	13.51365629377048	0.0	149991	2445.9202240031805	0.3
21066.13328970779	750	12.541847221343247	0.0	345516	4971.809072427232	0.3
21069.093792634878	750	13.581344294250691	0.0	384505	2960.502927092556	0.75
21071.420765023766	750	15.254371905365355	0.0	372093	2326.972388885336	0.75
21074.2390619493	750	16.436074979827865	0.0	438281	2818.296925537494	0.75
21078.491397233924	750	16.183739695206683	0.0	398987	4252.335284621182	0.75
21081.07343422941	750	17.601702699721077	0.0	393804	2582.036995485605	0.75
21084.131131902926	750	18.5440050262018	0.0	331053	3057.6976735192807	0.75
21086.404500728684	750	20.270636200440364	0.0	314107	2273.3688257614335	0.75

