10141.369791424566	750	4.0	3.0006457348380566	450283	3000.645734838057	-12.152776659803642
10144.045529947736	750	5.324261476829477	0.0	398865	2675.7385231705234	0.75
10146.40498212167	750	6.964809302894167	0.0	350812	2359.4521739353095	0.75
10149.977406830434	750	7.3923845941304265	0.0	382355	3572.424708763741	0.75
10151.655896196886	300	9.71389522767841	0.0	163442	1678.4893664520146	-0.15000000000000002
10153.093043635761	300	12.276747788802846	0.0	126289	1437.1474388755644	0.3
10155.3555219872	300	14.014269437364135	0.0	153295	2262.478351438711	0.3
10157.015849976522	300	16.353941448040608	0.0	173849	1660.3279893235276	0.3
10159.384757027703	750	17.985034396860996	0.0	374758	2368.907051179612	0.3
10161.871786595993	750	19.498004828571545	0.0	362795	2487.02956828945	0.75
10164.44810776174	750	20.92168366282405	0.0	353220	2576.3211657474944	0.75
10167.174250390623	750	22.195541033942522	0.0	405134	2726.1426288815314	0.75
10171.14482352907	750	22.224967895495855	0.0	386351	3970.573138446668	0.75
10174.328904768481	750	23.04088665608436	0.0	434409	3184.081239411494	0.75
10175.973050299786	750	25.396741124780988	0.0	337059	1644.145531303373	0.75
10180.04509553069	1850	25.324695893878502	0.0	923170	4072.045230902483	0.75
10184.280577886271	1850	25.08921353829668	0.0	966699	4235.482355581823	1.85
10187.998860484342	1850	25.370930940225843	0.0	885714	3718.2825980708385	1.85
10193.116388714363	1850	24.253402710202675	0.0	987708	5117.528230023172	1.85
10198.473340472094	1850	22.89645095247408	0.0	923755	5356.951757728594	1.85
10205.43334538591	1850	19.936446038656598	0.0	891604	6960.004913817481	1.85
10214.641811908337	1850	14.72797951622918	0.0	955231	9208.46652242742	1.85
10217.111264443132	750	16.258526981433988	0.0	401853	2469.452534795191	-0.3500000000000001
10218.634838481586	750	18.734952942979863	0.0	343800	1523.574038454123	0.75
10223.277674949006	1850	18.092116475561696	0.0	897976	4642.836467418169	0.75
10228.10128082619	1850	17.26851059837855	0.0	905935	4823.605877183144	1.85
10234.029401885686	1850	15.34038953888062	0.0	1076599	5928.12105949793	1.85
10237.943652850088	1850	15.426138574479419	0.0	758197	3914.2509644012007	1.85
10242.65686687502	1850	14.712924549546166	0.0	972798	4713.214024933254	1.85
10248.122969558439	1850	13.246821866129594	0.0	975811	5466.102683416571	1.85
10254.948110515246	1850	10.421680909321347	0.0	873429	6825.140956808247	1.85
10258.661900641262	750	10.707890783305517	0.0	400322	3713.79012601583	-0.3500000000000001
10262.812726214368	750	10.557065210199973	0.0	369834	4150.825573105543	0.75
10264.53612711611	750	12.833664308459461	0.0	412837	1723.4009017405108	0.75
10266.786888840445	750	14.582902584122824	0.0	401088	2250.7617243366385	0.75
10268.88011412666	750	16.48967729790748	0.0	365161	2093.225286215343	0.75
10270.673601660568	750	18.696189763999413	0.0	321064	1793.4875339080672	0.75
10272.4479391295	750	20.92185229506528	0.0	361565	1774.337468934135	0.75
10276.405094160325	1850	20.964697264241366	0.0	908665	3957.15503082391	0.75
10281.55452764065	1850	19.81526378391746	0.0	930577	5149.433480323906	1.85
10293.659589492123	1850	11.710201932444697	0.0	858450	12105.061851472763	1.85
10297.62791125878	750	11.741880165789444	0.0	384505	3968.3217666552537	-0.3500000000000001
10299.69583643777	750	13.67395498679913	0.0	372093	2067.9251789903146	0.75
10301.785185912493	750	15.584605512074504	0.0	438281	2089.349474724626	0.75
10303.796402088623	750	17.573389335944317	0.0	398987	2011.2161761301857	0.75
10305.542425492165	750	19.827365932401328	0.0	393804	1746.0234035429914	0.75
10309.347537000785	1850	20.022254423782943	0.0	830730	3805.111508618387	0.75
10316.26762737077	1850	17.10216405379785	0.0	846370	6920.090369985093	1.85

