21874.569512912538	750	4.0	4.264022486880352	450283	4264.022486880352	0.10560052189814705	-17.585296693585512
21875.823093908133	300	6.746419004404097	0.0	155580	1253.5809955959026	0.1241084545367118	-0.15000000000000002
21876.983186458605	300	9.586326453931424	0.0	139857	1160.0925504726724	0.1205567607024251	0.3
21890.4331818956	1200	4.0	3.8636689830651374	617681	13449.995436996562	0.04592425349832911	-16.31377662718009
21895.243931685378	300	4.0	0.8107497897753884	163442	4810.749789775388	0.03397432981182566	-4.0862240960341705
21898.659827725023	300	4.584103960353573	0.0	126289	3415.8960396464263	0.03697097292605895	0.3
21900.97446781277	300	6.269463872604375	0.0	153295	2314.6400877491983	0.06622843906115317	0.3
21902.69394048095	300	8.549991204430146	0.0	173849	1719.4726681742316	0.10110599791306722	0.3
21905.783748875372	750	9.460182810006346	0.0	374758	3089.808394423799	0.12128842703525844	0.3
21913.99558862	1200	5.248343065378745	0.0	560821	8211.839744627601	0.0682941968475339	0.75
21915.84357358473	300	7.400358100646559	0.0	141840	1847.9849647321867	0.07675387122024324	-0.6000000000000001
21919.724079443364	750	7.519852242014342	0.0	405134	3880.505858632217	0.10440236782500305	0.3
21922.383590967518	750	8.860340717861055	0.0	386351	2659.511524153288	0.14527141412669872	0.75
21928.17746004152	750	7.066471643860492	0.0	434409	5793.869074000562	0.07497735873069157	0.75
21931.21863887013	750	8.025292815248186	0.0	337059	3041.178828612307	0.11083169356199957	0.75
21934.592569693763	750	8.65136199161642	0.0	366214	3373.930823631765	0.10854223727260659	0.75
21941.446534895178	750	5.79739679019959	0.0	360831	6853.9652014168305	0.05264558389141079	0.75
21943.253254951316	300	7.990676734060803	0.0	150616	1806.7200561387872	0.08336432613798919	-0.15000000000000002
21947.308339348798	750	7.93559233658043	0.0	405596	4055.084397480373	0.10002159270766772	0.3
21952.701740141052	750	6.542191544325861	0.0	350713	5393.40079225457	0.06502631892361065	0.75
21954.430116209	300	8.81381547637978	0.0	157671	1728.3760679460813	0.09122493820882895	-0.15000000000000002
21958.704357157236	750	8.539574528147416	0.0	399894	4274.240948232363	0.09355906811135167	0.3
21964.105331596606	750	7.138600088776423	0.0	401853	5400.9744393709925	0.07440379592812896	0.75
21967.73853860934	750	7.505393076042032	0.0	343800	3633.207012734392	0.09462714312588875	0.75
21971.010139852533	750	8.233791832852901	0.0	359903	3271.6012431891313	0.11000821104016006	0.75
21974.44255642976	750	8.801375255627194	0.0	379700	3432.416577225708	0.11062177083030438	0.75
21978.247867883994	750	8.996063801388944	0.0	425781	3805.3114542382496	0.11189123547976002	0.75
21980.943183775504	750	10.300747909879197	0.0	277716	2695.315891509746	0.10303653121877339	0.75
21988.553759931678	1200	6.690171753705796	0.0	622896	7610.576156173402	0.08184610300426876	0.75
21990.13322793194	300	9.110703753444021	0.0	149029	1579.4680002617758	0.09435392168458015	-0.6000000000000001
21995.765372217495	1200	7.478559467887504	0.0	570392	5632.144285556517	0.10127439409937614	0.29999999999999993
21999.425276529564	750	7.818655155816042	0.0	400322	3659.904312071461	0.10938045529759291	0.3
22003.634739692276	750	7.609191993106659	0.0	369834	4209.463162709383	0.08785775898367991	0.75
22014.53281627208	750	4.0	3.2888845867002847	412837	10898.076579806944	0.037881638743936345	-13.392203722811225
22019.96628682877	300	4.0	1.433470556691973	179328	5433.470556691973	0.03300431982264743	-6.313923393775484
22023.293060324162	300	4.67322650460843	0.0	159914	3326.7734953915697	0.04806879705562212	0.3
22025.072365716147	300	6.8939211126222535	0.0	131610	1779.305391986177	0.0739670663578939	0.3
22026.31194933894	300	9.654337489831054	0.0	124011	1239.5836227912005	0.10004246403381921	0.3
22031.68862390759	1200	8.27766292118296	0.0	605884	5376.674568648094	0.11268749712563372	0.29999999999999993
22038.436799992687	750	5.529486836084799	0.0	390680	6748.176085098161	0.05789416207776935	0.3
22040.19603377905	300	7.7702530497205835	0.0	147968	1759.233786364216	0.08410934416272405	-0.15000000000000002
22043.69189987369	750	8.274386955079	0.0	384505	3495.866094641584	0.10998848056261766	0.3
22046.309608360745	750	9.656678468026469	0.0	372093	2617.7084870525314	0.14214455193938216	0.75
22054.051353271796	1200	5.914933556972683	0.0	634861	7741.7449110537855	0.08200489777098383	0.75
22055.27036391229	300	8.695922916482626	0.0	167025	1219.0106404900557	0.13701685157797647	-0.6000000000000001
22059.602500025034	750	8.363786803736422	0.0	393804	4332.136112746204	0.0909029609760719	0.3
22065.999383767816	750	5.966903060953875	0.0	331053	6396.883742782547	0.05175223019701104	0.75
22067.094520318435	300	8.87176651033647	0.0	118421	1095.1365506174056	0.10813354730351912	-0.15000000000000002

