17262.059648680344	750	4.0	2.005422751396268	450283	2005.4227513962683	-7.873317831003952
17264.29368620286	750	5.765962477485412	0.0	398865	2234.037522514588	0.75
17266.39637498368	750	7.663273696664623	0.0	350812	2102.6887808207885	0.75
17268.60703579219	750	9.452612888153697	0.0	382355	2210.6608085109256	0.75
17270.9254915263	750	11.134157154042203	0.0	411561	2318.4557341114946	0.75
17272.63799942267	750	13.421649257674977	0.0	318564	1712.507896367226	0.75
17274.716961805432	750	15.34268687491009	0.0	352642	2078.9623827648857	0.75
17277.191488548015	750	16.868160132330654	0.0	437162	2474.526742579435	0.75
17278.91063800612	750	19.149010674224325	0.0	374758	1719.1494581063273	0.75
17281.709873088686	750	20.349775591656204	0.0	362795	2799.2350825681206	0.75
17283.97507861603	750	22.08457006431217	0.0	353220	2265.205527344036	0.75
17286.1321267316	750	23.92752194874061	0.0	405134	2157.048115571564	0.75
17290.315828612016	1850	23.743820068327818	0.0	946851	4183.701880412788	0.75
17294.90245487215	1850	23.15719380819233	0.0	1036454	4586.626260135491	1.85
17298.71161941553	1850	23.348029264808336	0.0	821631	3809.1645433839967	1.85
17303.372141139967	1850	22.687507540370543	0.0	923170	4660.521724437793	1.85
17308.893004527552	1850	21.166644152787946	0.0	966699	5520.8633875825935	1.85
17314.199146773342	1850	19.86050190699789	0.0	885714	5306.142245790059	1.85
17319.772623520555	1850	18.28702515978345	0.0	987708	5573.476747214437	1.85
17326.440081151428	1850	15.61956752890888	0.0	923755	6667.45763087457	1.85
17337.385721027935	1850	8.67392765240475	0.0	891604	10945.63987650413	1.85
17343.179131583634	750	6.880517096703825	0.0	399894	5793.410555700924	-0.3500000000000001
17345.313578777073	300	8.74606990326501	0.0	163927	2134.4471934388143	-0.15000000000000002
17346.381042128967	300	11.678606551370132	0.0	137654	1067.463351894877	0.3
17347.561185733975	300	14.498462946363913	0.0	146754	1180.1436050062184	0.3
17350.775767420655	750	15.28388125968618	0.0	379700	3214.581686677736	0.3
17354.177420263662	750	15.882228416676954	0.0	425781	3401.6528430092253	0.75
17356.895177463095	750	17.164471217243246	0.0	277716	2717.757199433708	0.75
17361.49268809515	750	16.566960585189204	0.0	400396	4597.510632054042	0.75
17366.022235350207	750	16.037413330131614	0.0	400508	4529.547255057592	0.75
17369.542595803887	750	16.51705287644986	0.0	358218	3520.360453681752	0.75
17373.13148145791	750	16.928167222430424	0.0	400322	3588.8856540194365	0.75
17376.470468829466	750	17.58917985087531	0.0	369834	3338.9873715551134	0.75
17380.771487341408	750	17.28816133893026	0.0	412837	4301.018511945055	0.75
17385.84790345688	750	16.211745223455488	0.0	401088	5076.416115474773	0.75
17393.112255794364	750	12.947392885971839	0.0	365161	7264.352337483648	0.75
17400.107431069144	750	9.9522176111939	0.0	321064	6995.1752747779365	0.75
17403.05080339777	300	11.00884528256478	0.0	124011	2943.3723286291197	-0.15000000000000002
17405.4129540515	300	12.646694628835883	0.0	144254	2362.1506537288974	0.3
17406.873698344185	300	15.185950336148727	0.0	149991	1460.7442926871577	0.3
17409.528945434122	750	16.53070324621205	0.0	345516	2655.2470899366763	0.3
17412.531517418756	750	17.528131261579983	0.0	384505	3002.571984632063	0.75
17415.094585917224	750	18.965062763113455	0.0	372093	2563.068498466528	0.75
17418.59777982016	750	19.46186886017654	0.0	438281	3503.193902936918	0.75
17422.122252558944	750	19.937396121391036	0.0	398987	3524.4727387854996	0.75
17425.437454331866	750	20.622194348466326	0.0	393804	3315.2017729247077	0.75
17428.250812620317	750	21.808836060018713	0.0	331053	2813.358288447615	0.75
17430.96540414564	750	23.094244534692038	0.0	314107	2714.591525326671	0.75

