15842.906948155365	750	4.0	6.3928079957343495	450283	6392.80799573435	-26.7390743816577
15843.976035765105	300	6.93091239026107	0.0	155580	1069.0876097389298	-0.15000000000000002
15845.461810481587	300	9.445137673777062	0.0	139857	1485.7747164840077	0.3
15847.50536983737	300	11.40157831799436	0.0	155432	2043.559355782702	0.3
15849.540880690884	300	13.366067464480084	0.0	163442	2035.5108535142779	0.3
15850.512188716795	300	16.39475943856815	0.0	126289	971.3080259119344	0.3
15853.036069740254	750	17.870878415109228	0.0	352642	2523.881023458921	0.3
15858.258512103612	1200	16.648436051752252	0.0	709534	5222.4423633569795	0.75
15863.731308264287	1200	15.175639891077582	0.0	584846	5472.7961606746685	1.2
15867.836092675325	1200	15.070855480040581	0.0	560821	4104.784411037001	1.2
15872.480591434742	1200	14.426356720622795	0.0	607410	4644.498759417785	1.2
15877.713756497928	1200	13.193191657437517	0.0	594078	5233.165063185279	1.2
15881.318366539763	1200	13.588581615600997	0.0	624282	3604.6100418365204	1.2
15885.91350112492	1200	12.993447030444665	0.0	687371	4595.13458515633	1.2
15892.732275684844	1200	10.17467247052079	0.0	526950	6818.774559923877	1.2
15895.555174772671	750	11.351773382695926	0.0	366214	2822.899087824863	0.3
15898.037751182725	750	12.869196972643367	0.0	360831	2482.576410052559	0.75
15900.486340328001	750	14.420607827364172	0.0	372963	2448.589145279194	0.75
15903.162554728715	750	15.744393426652449	0.0	405596	2676.214400711723	0.75
15905.505110203707	750	17.401837951660465	0.0	350713	2342.555474991983	0.75
15909.108780870914	750	17.798167284454088	0.0	386472	3603.670667206378	0.75
15911.993187352398	750	18.913760802970184	0.0	399894	2884.4064814839044	0.75
15914.484932360308	750	20.42201579505949	0.0	401853	2491.7450079106925	0.75
15917.023551309243	750	21.883396846124867	0.0	343800	2538.618948934627	0.75
15919.510865245491	750	23.396082909876693	0.0	359903	2487.3139362481747	0.75
15921.536800717935	750	25.37014743743285	0.0	379700	2025.9354724438424	0.75
15927.615815406294	1850	23.291132749073213	0.0	1076599	6079.014688359634	0.75
15932.374622402765	1850	22.532325752602468	0.0	758197	4758.806996470747	1.85
15943.061256291017	1850	15.845691864351057	0.0	972798	10686.633888251412	1.85
15947.59857073948	1200	15.30837741588796	0.0	641447	4537.314448463096	0.5499999999999999
15951.28756522798	1200	15.619382927387678	0.0	570392	3688.994488500283	1.2
15955.973510179203	1200	14.933437976164535	0.0	620283	4685.944951223141	1.2
15960.38259828178	1200	14.524349873587088	0.0	584349	4409.088102577449	1.2
15967.095523712833	750	11.811424442535106	0.0	412837	6712.925431051982	0.3
15971.785962037973	300	11.12098611739386	0.0	179328	4690.4383251412455	-0.15000000000000002
15976.000277210553	300	10.906670944814564	0.0	159914	4214.315172579296	0.3
15979.062052369796	300	11.844895785571326	0.0	131610	3061.7751592432387	0.3
15981.292693712969	300	13.614254442399305	0.0	124011	2230.6413431720202	0.3
15982.912495441045	300	15.99445271432247	0.0	144254	1619.8017280768356	0.3
15984.341360789767	300	18.56558736560141	0.0	149991	1428.8653487210613	0.3
15987.699944102069	750	19.20700405329906	0.0	345516	3358.5833123023485	0.3
15990.863336262277	750	20.043611893092724	0.0	384505	3163.3921602063374	0.75
15995.388660609482	1200	19.51828754588784	0.0	599477	4525.324347204882	0.75
15999.899270686827	1200	19.007677468544163	0.0	634861	4510.610077343678	1.2
16003.095971317187	1200	19.810976838182476	0.0	630203	3196.700630361689	1.2
16010.412789005088	2850	16.49415915028189	0.0	1483527	7316.817687900583	1.2000000000000002
16018.891318721428	2850	12.01562943394225	0.0	1231456	8478.529716339643	2.85
16028.742977701695	2850	6.16397045367349	0.0	1364537	9851.65898026876	2.85

