8900.085937414982	750	4.0	2.4304790559882594	450283	2430.4790559882595	0.1852651224829872	-9.701059940749515
8901.155825257412	300	6.930112157568032	0.0	155580	1069.8878424319682	0.1454171118033739	-0.15000000000000002
8902.285964368164	300	9.79997304681631	0.0	139857	1130.1391107517218	0.12375202191434018	0.3
8906.22865469075	1200	9.857282724230256	0.0	617681	3942.690322586054	0.15666485304756478	0.29999999999999993
8910.209077480278	1200	9.876859934700644	0.0	652874	3980.4227895296112	0.16402126972978007	1.2
8915.1766866617	1200	8.909250753279208	0.0	520315	4967.609181421436	0.10474153279729558	1.2
8917.721056075523	750	10.364881339457032	0.0	352642	2544.3694138221763	0.1385970127153265	0.3
8925.766113107873	1200	6.319824307105815	0.0	709534	8045.057032351217	0.08819502424243653	0.75
8928.63776349338	300	7.448173921598461	0.0	150710	2871.650385507354	0.05248201548510337	-0.6000000000000001
8937.770793123327	750	4.0	1.6848557083485776	362795	9133.02962994704	0.039723401182276005	-6.944879545898884
8940.977426033938	300	4.793367089389159	0.0	141840	3206.6329106108406	0.0442333138697128	-0.15000000000000002
8944.72832080999	300	5.042472313338226	0.0	156148	3750.8947760509336	0.041629533570759825	0.3
8948.31575179122	300	5.4550413321090145	0.0	160746	3587.430981229211	0.044808109435716975	0.3
8950.829458451377	300	6.941334671951373	0.0	179801	2513.7066601576416	0.07152823471801764	0.3
8952.129825086808	300	9.640968036520075	0.0	140051	1300.3666354312977	0.10770116379796897	0.3
8958.418851223494	1200	7.351941899833068	0.0	587876	6289.026136687007	0.09347647588402087	0.29999999999999993
8961.745194705203	750	8.025598418124517	0.0	360831	3326.3434817085504	0.10847677096012404	0.3
8966.644116401187	750	7.126676722141225	0.0	372963	4898.921695983292	0.07613165164607522	0.75
8968.966153215484	750	8.804639907843562	0.0	405596	2322.0368142976617	0.17467251057459188	0.75
8970.70373684008	750	11.067056283247311	0.0	350713	1737.5836245962514	0.20183949424678332	0.75
8975.314578396956	1850	10.456214726372394	0.0	891604	4610.841556874917	0.19337120762056745	0.75
8978.899183876438	1200	10.871609246889074	0.0	616206	3584.6054794833203	0.17190343638285657	0.5499999999999999
8981.406816861347	1200	12.363976261981412	0.0	656471	2507.6329849076624	0.26178910707867126	1.2
8984.942677334117	1850	12.82811578921076	0.0	874175	3535.8604727706534	0.2472311921615527	1.2000000000000002
8988.653962572305	1850	13.116830551022323	0.0	897976	3711.2852381884345	0.24195822804455827	1.85
8995.658997849283	2850	10.1117952740436	0.0	1480464	7005.035276978724	0.21134283289984016	1.85
8998.697335480387	1200	11.07345764294056	0.0	696376	3038.3376311030397	0.2291963845200401	-0.44999999999999996
9002.488284579278	1850	11.28250854404817	0.0	758197	3790.949098892389	0.20000189404324217	1.2000000000000002
9012.868778141068	1850	4.9020149822588195	0.0	972798	10380.493561789352	0.0937140410722737	1.85
9014.182899876023	300	7.587893247304339	0.0	149029	1314.12173495448	0.11340577972037137	-1.25
9016.653434350617	750	9.117358772709588	0.0	358218	2470.5344745947505	0.14499615515738135	0.3
9023.921494432316	1200	5.849298691011714	0.0	620283	7268.060081697874	0.08534368084847989	0.75
9026.060790046891	300	7.710003076436355	0.0	143881	2139.295614575358	0.06725624968317426	-0.6000000000000001
9028.989955176576	750	8.780837946751657	0.0	412837	2929.165129684699	0.14094015930212803	0.3
9031.121631511809	750	10.64916161151725	0.0	401088	2131.6763352344065	0.18815614423748572	0.75
9034.534331102652	1200	11.236462020674464	0.0	598727	3412.699590842787	0.1754408743173731	0.75
9039.529631395684	1850	10.241161727643208	0.0	728962	4995.300293031256	0.14592956523893985	1.2000000000000002
9043.959757808403	1200	9.811035314926254	0.0	575591	4430.126412716954	0.12992654077493818	0.5499999999999999
9047.134531409232	1200	10.636261714096372	0.0	605884	3174.773600829882	0.19084321472297194	1.2
9052.005653865017	1200	9.7651392583122	0.0	587506	4871.122455784172	0.12060998370147132	1.2
9056.70413246849	1200	9.06666065483869	0.0	566904	4698.47860347351	0.12065692915593933	1.2
9061.812617753834	1200	7.958175369495502	0.0	641452	5108.485285343188	0.12556598760113827	1.2
9064.365105909537	750	9.405687213792042	0.0	372093	2552.48815570346	0.1457765824176575	0.3
9068.837918965277	1200	8.932874158053385	0.0	634861	4472.813055738657	0.14193774523741118	0.75
9072.119335941807	750	9.65145718152421	0.0	398987	3281.4169765291776	0.12158985062057452	0.3
9076.916501528209	1200	8.8542915951224	0.0	638661	4797.165586401811	0.13313299040799584	0.75
9079.355546739162	750	10.415246384171045	0.0	331053	2439.0452109513544	0.13573057133732758	0.3
9082.390607920486	1200	11.380185202844864	0.0	550906	3035.0611813261826	0.18151396861109712	0.75

