5503.72081677523	300	4.0	0.6027768011277139	181801	602.776801127714	-2.29194024484917
5504.252309293519	300	7.468507481711136	0.0	155580	531.4925182888649	0.3
5504.738720954411	300	10.982095820818618	0.0	139857	486.41166089251647	0.3
5505.2592297229985	300	14.461587052232082	0.0	155432	520.5087685865367	0.3
5505.846268791645	300	17.874547983584648	0.0	163442	587.0390686474323	0.3
5506.376679775061	300	21.344137000169674	0.0	126289	530.4109834149747	0.3
5507.042903543252	300	24.677913231979076	0.0	153295	666.2237681905985	0.3
5507.886165911546	300	27.83465086368503	0.0	173849	843.262368294045	0.3
5508.499926237285	300	31.220890537946207	0.0	150710	613.7603257388228	0.3
5509.045127033101	300	34.675689742130096	0.0	139105	545.2007958161163	0.3
5509.588312269254	300	38.132504505978	0.0	141840	543.1852361520984	0.3
5510.149437488981	300	41.57137928625102	0.0	156148	561.1252197269728	0.3
5510.765838510284	300	44.954978264946995	0.0	160746	616.4010213040278	0.3
5511.456833215151	300	48.26398356008003	0.0	179801	690.9947048669604	0.3
5512.015026776238	300	51.705789998993076	0.0	140051	558.193561086955	0.3
5512.566809500538	300	55.15400727469319	0.0	138313	551.7827242998796	0.3
5513.0918696322	300	58.62894714303196	0.0	143509	525.0601316612299	0.3
5514.398142496602	750	59.88772552082838	0.0	372963	1241.221622203578	0.3
5515.852863292663	750	59.62789076769823	0.0	405596	1259.834753130148	0.75
5517.371804625578	750	59.905863141805	0.0	350713	1222.027625893236	0.75
5518.737306590073	750	59.5565690369189	0.0	386472	1349.294104886097	0.75
5521.854998500191	750	59.645826959214745	0.0	399894	2410.742077704153	0.75
5523.791970409652	750	59.800815982640366	0.0	401853	1345.010976574382	0.75
5525.499624934418	750	59.662969105651655	0.0	343800	1637.846876988712	0.75
5528.445632733239	750	59.5698690205788	0.0	359903	2593.1000850728506	0.75
5533.761287713137	750	58.25421404068154	0.0	379700	5315.65497989726	0.75
5536.230244390169	750	59.78525736364894	0.0	425781	2468.9566770326	0.75
5540.768005400776	750	59.24749635304228	0.0	277716	4537.76101060666	0.75
5544.898135136264	750	59.11736661755517	0.0	400396	4130.129735487113	0.75
5548.866907623371	750	59.148594130447314	0.0	400508	3968.772487107851	0.75
5552.530915185022	750	59.484586568796544	0.0	358218	3664.007561650778	0.75
5557.2438997157915	750	58.77160203802765	0.0	400322	4712.984530768889	0.75
5561.089137932451	750	58.926363821367275	0.0	369834	3845.238216660375	0.75
5564.112336920486	750	59.50797082678017	0.0	412837	2918.3929945871023	0.75
5567.631574499653	750	59.98873324761349	0.0	401088	3019.2375791666873	0.75
5570.33768654434	750	59.70269904972696	0.0	365161	2286.0341978865354	0.75
5572.764565117193	750	59.82929864375074	0.0	321064	1873.4004059762185	0.75
5574.000558634697	300	59.523041016137526	0.0	124011	806.2576276132183	-0.15000000000000002
5575.190150869691	300	59.9731128483353	0.0	144254	1049.9281678022276	0.3
5576.890071511666	300	59.52298456574378	0.0	149991	1450.128282591508	0.3
5578.2141352448625	300	59.61584883583802	0.0	147968	907.1357299057619	0.3
5581.848003697931	300	59.98198038276962	0.0	161857	1633.868453068397	0.3
5583.665071376326	300	59.52384476725123	0.0	145210	958.1356155183976	0.3
5585.525769074055	300	59.882961925825086	0.0	172312	1140.8828414261448	0.3
5586.9737537661085	300	59.63887697444915	0.0	167025	1244.0849513759365	0.3
5588.8457834487	300	59.64981211349247	0.0	160064	989.064860956667	0.3
5590.524065742879	300	59.67215329572021	0.0	137507	977.6588177722657	0.3
5591.969492549173	300	59.96975166927682	0.0	118421	702.4016264433873	0.3

