19600.877056767284	750	4.0	4.549356298858494	450283	4549.356298858494	-18.812232085091523
19602.363865843272	300	6.513190924009408	0.0	155580	1486.8090759905917	-0.15000000000000002
19603.284808806766	300	9.59224796051802	0.0	139857	920.942963491389	0.3
19604.4411864538	300	12.435870313484033	0.0	155432	1156.3776470339874	0.3
19607.53321606003	750	13.343840707253666	0.0	411561	3092.029606230367	0.3
19610.223035527328	750	14.654021239957672	0.0	318564	2689.819467295993	0.75
19613.58069415132	750	15.296362615964641	0.0	352642	3357.658623993031	0.75
19617.444301283165	750	15.43275548411765	0.0	437162	3863.6071318469913	0.75
19620.681844241117	750	16.195212526167996	0.0	374758	3237.5429579496536	0.75
19623.794537380316	750	17.082519386968265	0.0	362795	3112.693139199729	0.75
19626.968072896012	750	17.908983871272078	0.0	353220	3173.535515696188	0.75
19630.893484182507	750	17.983572584775384	0.0	405134	3925.411286496694	0.75
19634.9527349796	750	17.924321787682874	0.0	386351	4059.25079709251	0.75
19640.364750011773	750	16.51230675551216	0.0	434409	5412.015032170715	0.75
19643.18960278097	750	17.687453986311144	0.0	337059	2824.8527692010134	0.75
19646.16285126603	750	18.714205501252746	0.0	366214	2973.2484850583996	0.75
19649.941688099578	750	18.935368667703944	0.0	360831	3778.836833548799	0.75
19654.24549861026	750	18.631558157019647	0.0	372963	4303.810510684297	0.75
19659.053978666794	750	17.82307810048746	0.0	405596	4808.480056532187	0.75
19662.004298182674	750	18.87275858460897	0.0	350713	2950.319515878493	0.75
19664.9075892173	750	19.96946754998499	0.0	386472	2903.291034623981	0.75
19667.641126614344	750	21.235930152940703	0.0	399894	2733.537397044288	0.75
19670.75736350509	750	22.11969326219227	0.0	401853	3116.2368907484292	0.75
19673.427974120354	750	23.449082646932794	0.0	343800	2670.6106152594784	0.75
19676.19699827647	750	24.680058490811742	0.0	359903	2769.024156121053	0.75
19679.242668375176	750	25.634388392108857	0.0	379700	3045.6700987028853	0.75
19682.305364063217	750	26.57169270406423	0.0	425781	3062.6956880446264	0.75
19688.031385867707	1850	24.845670899576096	0.0	758197	5726.021804488134	0.75
19696.44735022717	1850	20.429706540113965	0.0	972798	8415.96435946213	1.85
19708.154846449434	1850	12.722210317850406	0.0	975811	11707.49622226356	1.85
19712.963968827444	750	11.913087939840652	0.0	358218	4809.122378009753	-0.3500000000000001
19718.79531430217	750	10.081742465116138	0.0	400322	5831.345474724514	0.75
19722.996648726792	750	9.880408040495091	0.0	369834	4201.334424621047	0.75
19727.546961440257	750	9.33009532702799	0.0	412837	4550.312713467102	0.75
19729.485914750683	300	11.391142016603517	0.0	179328	1938.9533104244726	-0.15000000000000002
19730.982879203784	300	13.894177563503403	0.0	159914	1496.964453100114	0.3
19733.677212001825	750	15.19984476546046	0.0	321064	2694.332798042942	0.3
19736.565182523165	750	16.311874244120332	0.0	361565	2887.9705213401276	0.75
19739.758577050456	750	17.118479716831104	0.0	378327	3193.3945272892247	0.75
19743.6585339438	750	17.218522823488644	0.0	390680	3899.9568933424607	0.75
19747.095733700266	750	17.781323067021045	0.0	345516	3437.199756467599	0.75
19750.999997060495	750	17.877059706787907	0.0	384505	3904.2633602331402	0.75
19756.377996522122	750	16.49906024516472	0.0	372093	5377.999461623184	0.75
19763.92515017337	750	12.951906593916835	0.0	438281	7547.153651247885	0.75
19771.05258963559	750	9.824467131695267	0.0	398987	7127.4394622215705	0.75
19772.752766505397	300	12.12429026189054	0.0	160064	1700.1768698047274	-0.15000000000000002
19774.291925609687	300	14.58513115760449	0.0	137507	1539.1591042860487	0.3
19777.644491861694	750	15.23256490559612	0.0	314107	3352.56625200837	0.3

