20302.03373068388	300	4.0	3.995068697861578	450283	3995.068697861578	0	-16.428795400804784
20303.526002771214	300	6.507727912669612	0.0	155580	1492.2720873303876	0	-0.15000000000000002
20304.798098825275	300	9.235631858607427	0.0	139857	1272.0960540621852	0	0.3
20306.212881776813	750	11.820848907070088	0.0	155432	1414.7829515373378	1	0.3
20309.646302758196	750	12.38742792568922	0.0	411561	3433.420981380868	1	0.3
20312.300398046442	750	13.733332637443578	0.0	318564	2654.0952882456418	1	0.75
20315.205150478767	750	14.828580205121089	0.0	352642	2904.75243232249	1	0.75
20320.261490635326	750	13.772240048556972	0.0	437162	5056.340156564116	1	0.75
20327.428139485466	300	10.605591198417704	0.0	374758	7166.64885013927	0	0.75
20329.753795645807	300	12.279935038077594	0.0	139105	2325.6561603401087	0	-0.15000000000000002
20331.64747623505	750	14.386254448835366	0.0	141840	1893.6805892422271	1	0.3
20337.23059065677	750	12.80314002711424	0.0	405134	5583.114421721127	1	0.3
20341.810289951933	750	12.223440731954822	0.0	386351	4579.6992951594175	1	0.75
20346.427504234238	750	11.60622644964856	0.0	434409	4617.214282306262	1	0.75
20349.50542516222	750	12.528305521665978	0.0	337059	3077.9209279825827	1	0.75
20353.489024084174	750	12.544706599716239	0.0	366214	3983.598921949739	1	0.75
20357.38931567631	750	12.64441500757722	0.0	360831	3900.2915921390204	1	0.75
20362.506427492168	750	11.527303191720778	0.0	372963	5117.111815856443	1	0.75
20371.235134218266	300	6.7985964656198465	0.0	405596	8728.70672610093	0	0.75
20373.037944248226	300	8.995786435661682	0.0	140881	1802.8100299581658	0	-0.15000000000000002
20375.59247243729	300	10.441258246596842	0.0	157671	2554.528189064839	0	0.3
20377.68282664248	750	12.350904041401995	0.0	157812	2090.354205194847	1	0.3
20386.584514905357	300	7.449215778529618	0.0	401853	8901.688262872376	0	0.3
20390.980586266236	300	7.053144417649503	0.0	137654	4396.071360880115	0	-0.15000000000000002
20394.64646923436	300	7.387261449522119	0.0	146754	3665.882968127385	0	0.3
20398.781182803265	300	7.252547880618674	0.0	153938	4134.713568903445	0	0.3
20403.114057018352	300	6.919673665533943	0.0	181901	4332.874215084731	0	0.3
20405.36711540747	300	8.666615276413719	0.0	111155	2253.058389120223	0	0.3
20408.475893365354	300	9.557837318529531	0.0	153605	3108.7779578841864	0	0.3
20412.281325493354	300	9.752405190527552	0.0	149029	3805.432128001979	0	0.3
20415.635376287995	300	10.398354395883311	0.0	157421	3354.050794644241	0	0.3
20420.059195195638	300	9.974535488240686	0.0	157488	4423.818907642623	0	0.3
20423.620735468623	300	10.412995215256355	0.0	143881	3561.540272984332	0	0.3
20426.77627802612	300	11.257452657761384	0.0	163444	3155.542557494972	0	0.3
20430.26910613052	300	11.76462455336356	0.0	179328	3492.828104397822	0	0.3
20432.9090206955	300	13.124709988382365	0.0	159914	2639.9145649811962	0	0.3
20434.886484755185	750	15.147245928698805	0.0	131610	1977.4640596835588	1	0.3
20441.52298321424	750	12.510747469642034	0.0	361565	6636.498459056771	1	0.3
20449.891977863936	300	8.141752819950403	0.0	378327	8368.994649691631	0	0.75
20452.07220589748	300	9.96152478640404	0.0	149991	2180.2280335463643	0	-0.15000000000000002
20454.139548729454	300	11.894181954432286	0.0	147968	2067.342831971753	0	0.3
20455.860164876456	300	14.173565807426838	0.0	161857	1720.6161470054483	0	0.3
20457.18731070258	750	16.846419981306557	0.0	145210	1327.1458261202781	1	0.3
20461.285911440544	750	16.7478192433384	0.0	438281	4098.600737968154	1	0.3
20464.850824986985	750	17.182905696899194	0.0	398987	3564.9135464392098	1	0.75
20467.961651366226	750	18.072079317656513	0.0	393804	3110.8263792426783	1	0.75
20470.700538825797	750	19.333191858088735	0.0	331053	2738.887459567777	1	0.75
20473.588311899526	750	20.445418784356796	0.0	314107	2887.7730737319407	1	0.75

