2459.8574144292866	750	4.0	2.7931852023610926	450283	2793.1852023610927	-11.260696370152697
2461.3492604273183	750	6.508154001967959	0.0	398865	1491.84599803204	0.75
2462.606053815845	750	9.2513606134416	0.0	350812	1256.793388526359	0.75
2463.78020064321	750	12.077213786076983	0.0	382355	1174.146827364618	0.75
2467.703725752881	1850	12.153688676405963	0.0	996749	3923.5251096710194	0.75
2471.2204091628396	1850	12.637005266447126	0.0	801058	3516.6834099588373	1.85
2474.9459302761993	1850	12.911484153087184	0.0	905515	3725.5211133599423	1.85
2482.11437333768	1850	9.743041091606322	0.0	1060487	7168.443061480861	1.85
2486.9009302641725	750	8.956484165113494	0.0	374758	4786.556926492829	-0.3500000000000001
2489.1709186099033	300	10.686495819382712	0.0	139105	2269.9883457307815	-0.15000000000000002
2491.518898579019	300	12.338515850266763	0.0	141840	2347.9799691159474	0.3
2494.1309325933357	300	13.726481835950139	0.0	156148	2612.0340143166245	0.3
2496.285522226253	300	15.571892203032869	0.0	160746	2154.589632917271	0.3
2499.592539818999	750	16.2648746102872	0.0	434409	3307.0175927456658	0.3
2501.852875500092	750	18.004538929193906	0.0	337059	2260.3356810932964	0.75
2503.7061236500895	750	20.151290779196998	0.0	366214	1853.248149996909	0.75
2509.8254692641867	1850	18.03194516509937	0.0	966699	6119.3456140976305	0.75
2513.6300687747207	1850	18.227345654565756	0.0	885714	3804.5995105336106	1.85
2517.737132942935	1850	18.12028148635125	0.0	987708	4107.064168214507	1.85
2520.8529447075607	1850	19.004469721725382	0.0	923755	3115.8117646258697	1.85
2523.3179248079678	1850	20.539489621318804	0.0	891604	2464.980100406579	1.85
2526.6154801749785	1850	21.241934254307548	0.0	955231	3297.5553670112554	1.85
2529.755629525866	1850	22.101784903420352	0.0	968026	3140.149350887193	1.85
2532.6886473325826	1850	23.168767096703565	0.0	874175	2933.017806716788	1.85
2536.1714215138113	1850	23.6859929154748	0.0	897976	3482.774181228767	1.85
2539.7574724224864	1850	24.09994200679924	0.0	905935	3586.050908675561	1.85
2544.8832561682207	1850	22.974158261065153	0.0	1076599	5125.783745734085	1.85
2548.3018301361058	1850	23.555584293179752	0.0	758197	3418.5739678854	1.85
2551.994379677243	1850	23.86303475204271	0.0	972798	3692.549541137039	1.85
2556.365824866122	1850	23.491589563164293	0.0	975811	4371.44518887842	1.85
2558.9803020256327	1850	24.87711240365345	0.0	873429	2614.4771595108446	1.85
2563.436610505808	1850	24.420803923477564	0.0	954453	4456.308480175887	1.85
2566.8651022784397	1850	24.992312150845887	0.0	885062	3428.49177263168	1.85
2571.1979401443955	1850	24.65947428489042	0.0	1035329	4332.837865955468	1.85
2575.144652113751	1850	24.71276231553481	0.0	1026056	3946.7119693556065	1.85
2578.8110318983486	1850	25.046382530937294	0.0	943942	3666.379784597516	1.85
2583.2520910160733	1850	24.60532341321282	0.0	728962	4441.059117724475	1.85
2587.572086957625	1850	24.28532747166152	0.0	938587	4319.995941551301	1.85
2590.524434710935	1850	25.332979718350767	0.0	908665	2952.3477533107507	1.85
2593.5128773656343	1850	26.344537063651575	0.0	930577	2988.442654699194	1.85
2596.4810141792896	1850	27.37640024999671	0.0	858450	2968.136813654865	1.85
2599.7447398668355	1850	28.112674562450678	0.0	1025005	3263.7256875460325	1.85
2602.2105146768527	1850	29.646899752433427	0.0	886255	2465.7748100172503	1.85
2605.2362270077806	1850	30.621187421505297	0.0	973972	3025.712330928131	1.85
2611.304849142609	1850	28.55256528667722	0.0	958994	6068.622134828077	1.85
2616.130135172901	1850	27.727279256384893	0.0	982064	4825.286030292325	1.85
2621.564491787779	1850	26.292922641507076	0.0	830730	5434.356614877815	1.85
2624.906656160482	1850	26.950758268804496	0.0	846370	3342.1643727025807	1.85

