5856.259251279515	750	4.0	3.252274383373264	450283	3252.2743833732643	-13.234779848505035
5858.5272409136105	750	5.732010365904043	0.0	398865	2267.989634095957	0.75
5859.842298986302	750	8.41695229321333	0.0	350812	1315.058072690713	0.75
5861.397367507843	750	10.861883771671835	0.0	382355	1555.0685215414942	0.75
5862.96290409139	750	13.296347188125658	0.0	411561	1565.5365835461778	0.75
5863.957791713086	750	16.301459566429546	0.0	318564	994.8876216961118	0.75
5867.3679032915625	1850	16.89134798795328	0.0	905515	3410.1115784762633	0.75
5872.310290704347	1850	15.948960575169535	0.0	1060487	4942.387412783747	1.85
5875.977311186292	1850	16.281940093223778	0.0	852833	3667.0204819457567	1.85
5879.549501312321	1850	16.709749967194497	0.0	913888	3572.1901260292807	1.85
5883.796014113167	1850	16.463237166348375	0.0	939819	4246.5128008461215	1.85
5888.931915261243	1850	15.327336018272167	0.0	917428	5135.90114807621	1.85
5892.819114076234	1850	15.44013720328229	0.0	946851	3887.1988149898752	1.85
5897.016132985735	1850	15.243118293781226	0.0	1036454	4197.018909501064	1.85
5900.053185494398	1850	16.206065785117296	0.0	821631	3037.0525086639295	1.85
5904.033291801622	1850	16.225959477894275	0.0	923170	3980.1063072230227	1.85
5909.394323970593	1850	14.86492730892261	0.0	966699	5361.032168971664	1.85
5915.3986593833615	1850	12.860591896154771	0.0	885714	6004.335412767839	1.85
5922.938200466021	1850	9.32105081349482	0.0	987708	7539.541082659951	1.85
5925.03585285129	750	11.223398428226806	0.0	350713	2097.6523852680134	-0.3500000000000001
5926.692947724818	750	13.56630355469836	0.0	386472	1657.0948735284471	0.75
5928.5413061701865	750	15.717945109328504	0.0	399894	1848.3584453698556	0.75
5930.523085520627	750	17.73616575888804	0.0	401853	1981.7793504404667	0.75
5932.271143318541	750	19.988107960973714	0.0	343800	1748.057797914324	0.75
5938.981664780764	1850	17.277586498751173	0.0	897976	6710.521462222539	0.75
5945.55977077385	1850	14.699480505665178	0.0	905935	6578.105993085995	1.85
5949.212516957066	1850	15.04673432244853	0.0	1076599	3652.7461832166473	1.85
5953.353835269422	1850	14.905416010091917	0.0	758197	4141.318312356612	1.85
5957.653970379576	1850	14.605280899938442	0.0	972798	4300.135110153475	1.85
5961.719861024971	1850	14.539390254543427	0.0	975811	4065.8906453950162	1.85
5968.641683496343	1850	11.617567783171133	0.0	873429	6921.822471372293	1.85
5974.944834927923	1850	9.314416351591397	0.0	954453	6303.151431579735	1.85
5980.305671635164	1850	7.9535796443507625	0.0	885062	5360.8367072406345	1.85
5981.895238111827	750	10.364013167688292	0.0	412837	1589.5664766624711	-0.3500000000000001
5983.240931565013	750	13.018319714502372	0.0	401088	1345.6934531859204	0.75
5984.541902202421	750	15.717349077094687	0.0	365161	1300.9706374076843	0.75
5987.979799335007	1850	16.279451944509024	0.0	728962	3437.8971325856637	0.75
5991.488302378637	1850	16.77094890087906	0.0	938587	3508.5030436299644	1.85
5994.305220822361	1850	17.954030457155792	0.0	908665	2816.9184437232643	1.85
5996.804154862477	1850	19.455096417039588	0.0	930577	2498.934040116202	1.85
5999.767882537067	1850	20.49136874244958	0.0	858450	2963.727674590008	1.85
6009.027070621645	1850	15.232180657871643	0.0	1025005	9259.188084577938	1.85
6016.361479889841	1850	11.897771389675473	0.0	886255	7334.409268196171	1.85
6023.640758330766	1850	8.618492948749942	0.0	973972	7279.278440925529	1.85
6026.760276406774	750	9.49897487274146	0.0	398987	3119.5180760084822	-0.3500000000000001
6029.0214001117765	750	11.23785116773885	0.0	393804	2261.123705002611	0.75
6030.731621836572	750	13.52762944294357	0.0	331053	1710.2217247952779	0.75
6032.162671136466	750	16.096580143049767	0.0	314107	1431.049299893802	0.75

