3494.883733959776	750	4.0	1.7282306058808998	450283	1728.2306058809	0.2605456693497714	-6.681391605287869
3495.5615077821685	300	7.32222617760719	0.0	155580	677.7738223928094	0.2295456018804933	-0.15000000000000002
3497.257835494692	750	9.625898465083829	0.0	350812	1696.3277125233612	0.20680673752488068	0.3
3500.0541019476364	1200	10.829632012139468	0.0	617681	2796.2664529443605	0.22089490053768152	0.75
3502.7568310324336	1200	12.126902927342183	0.0	652874	2702.729084797285	0.24156102203227967	1.2
3504.4238392076254	1850	14.459894752150264	0.0	801058	1667.008175191918	0.48053633564681014	1.2000000000000002
3507.1101301388003	2850	15.773603820975197	0.0	1388403	2686.2909311750673	0.5168475923018022	1.85
3512.1273751681338	4300	14.756358791641617	0.0	2290172	5017.2450293335805	0.4564600665525386	2.8499999999999996
3514.879248327629	2850	16.004485632146892	0.0	1348011	2751.8731594947244	0.4898521559211364	1.4000000000000001
3518.946109815587	4300	15.937624144188153	0.0	2169201	4066.861487958741	0.5333845291811932	2.8499999999999996
3523.1465351045113	4300	15.737198855264309	0.0	2173522	4200.425288923842	0.5174528411995302	4.3
3527.762647244432	4300	15.121086715343374	0.0	2102452	4616.112139920935	0.4554594724460075	4.3
3533.6783159405663	4300	13.20541801920917	0.0	2209463	5915.668696134205	0.3734933637246874	4.3
3537.4777634580983	2850	13.405970501677126	0.0	1578343	3799.447517532044	0.41541381811880457	1.4000000000000001
3540.7268782912934	2850	14.156855668482082	0.0	1231445	3249.114833195044	0.3790093804684177	2.85
3545.3473237023613	2850	13.536410257414033	0.0	1471065	4620.445411068049	0.31838164270399916	2.85
3548.9181709721065	2850	13.965562987668985	0.0	1491626	3570.847269745047	0.41772327050731006	2.85
3552.0663925823824	2850	14.817341377392824	0.0	1358801	3148.2216102761613	0.43160906956635947	2.85
3556.936333424858	2850	13.947400534917437	0.0	1537156	4869.9408424753865	0.3156416165455236	2.85
3561.832280869566	2850	13.051453090208705	0.0	1336050	4895.947444708732	0.27288895869254653	2.85
3565.790488327703	2850	13.093245632071998	0.0	1415116	3958.207458136707	0.3575143584480421	2.85
3569.19215146932	2850	13.691582490455097	0.0	1468126	3401.663141616901	0.4315906481269514	2.85
3572.469091484495	2850	14.41464247528037	0.0	1505760	3276.940015174727	0.4595018502100084	2.85
3575.1900322455344	2850	15.693701714240907	0.0	1323990	2720.940761039463	0.48659273254233026	2.85
3579.6705551835275	4300	15.213178776247688	0.0	2186790	4480.522937993221	0.48806579728826033	2.8499999999999996
3584.9253181916365	4300	13.958415768139036	0.0	2105231	5254.763008108653	0.40063291089463154	4.3
3589.6746286527323	2850	13.209105307042876	0.0	1547572	4749.31046109616	0.3258519342285352	1.4000000000000001
3592.8808875084283	2850	14.002846451346867	0.0	1141971	3206.2588556960077	0.3561693086543081	2.85
3595.9767184478055	2850	14.907015511969636	0.0	1498470	3095.8309393772324	0.4840283689074563	2.85
3600.4466981059804	2850	14.437035853794201	0.0	1561263	4469.979658175435	0.34927742839824893	2.85
3603.6462749835123	2850	15.237458976262515	0.0	1341201	3199.576877531687	0.41918073899654795	2.85
3612.364369418445	4300	10.51936454132974	0.0	2147852	8718.094434932775	0.24636714089649134	2.8499999999999996
3614.4405249411548	1200	12.44320901861996	0.0	584349	2076.1555227097806	0.28145723844296244	-1.9000000000000001
3619.674975730461	1850	11.208758229313672	0.0	1035329	5234.450789306289	0.19779133316433567	1.2000000000000002
3623.605615408436	1850	11.278118551338615	0.0	1026056	3930.6396779750567	0.2610404626375196	1.85
3626.1730029920654	1850	12.710730967708784	0.0	943942	2567.387583629833	0.3676663414666174	1.85
3627.929799902889	1850	14.953934056885437	0.0	728962	1756.7969108233458	0.414938115788445	1.85
3632.0904040170176	2850	14.79332994275675	0.0	1499009	4160.604114128686	0.36028638122757867	1.85
3640.7169968316507	2850	10.166737128123625	0.0	1427478	8626.592814633126	0.16547413685488854	2.85
3647.534425676672	1200	7.349308283102171	0.0	587506	6817.4288450214535	0.08617706372234989	-0.44999999999999996
3648.8730046743626	750	10.010729285411905	0.0	345516	1338.5789976902654	0.25812148599088447	0.3
3651.7344857975922	1200	11.149248162182092	0.0	641452	2861.4811232298152	0.22416782511428185	0.75
3655.6035475373683	1850	11.280186422406345	0.0	886255	3869.0617397757464	0.22906199476965908	1.2000000000000002
3658.217738500005	1850	12.66599545976939	0.0	973972	2614.1909626369556	0.3725710990208407	1.85
3660.0174461238607	1850	14.866287835913699	0.0	958994	1799.7076238556892	0.5328609976910881	1.85
3663.3306598852037	2850	15.5530740745712	0.0	1483527	3313.2137613424993	0.4477607262499361	1.85
3667.426810735501	4300	15.456923224273734	0.0	1961140	4096.150850297464	0.4787763126100645	2.8499999999999996
3671.566158636168	4300	15.317575323606691	0.0	2155012	4139.347900667042	0.5206163027883515	4.3

