3852.7586473064353	750	4.0	1.256359210868177	450283	1256.359210868177	-4.652344606733161
3854.0675207392064	750	6.691126567228839	0.0	398865	1308.8734327711609	0.75
3855.3091876165317	750	9.449459689903751	0.0	350812	1241.6668773250879	0.75
3856.5623589542447	750	12.196288352190816	0.0	382355	1253.171337712936	0.75
3859.5222584899525	1850	13.236388816482979	0.0	996749	2959.899535707837	0.75
3863.31865898976	1850	13.439988316675256	0.0	801058	3796.400499807722	1.85
3866.743112887066	1850	14.015534419369216	0.0	905515	3424.4538973060403	1.85
3871.1715188387625	1850	13.587128467673168	0.0	1060487	4428.405951696048	1.85
3874.680901126459	1850	14.077746179976357	0.0	852833	3509.382287696811	1.85
3877.787078198584	1850	14.971569107851945	0.0	913888	3106.1770721244116	1.85
3881.679361419742	1850	15.079285886693834	0.0	939819	3892.2832211581112	1.85
3884.5557546090668	1850	16.202892697369368	0.0	917428	2876.3931893244658	1.85
3886.7544074402467	1850	18.004239866189494	0.0	946851	2198.652831179873	1.85
3889.196972934279	1850	19.561674372157132	0.0	1036454	2442.565494032361	1.85
3891.174859601088	1850	21.583787705348456	0.0	821631	1977.8866668086764	1.85
3893.8859248522913	1850	22.87272245414513	0.0	923170	2711.065251203327	1.85
3896.4758490080844	1850	24.282798298352034	0.0	966699	2589.9241557930936	1.85
3899.2029885004717	1850	25.555658805964732	0.0	885714	2727.1394923873017	1.85
3902.6632943839536	1850	26.09535292248273	0.0	987708	3460.305883482002	1.85
3905.493800418913	1850	27.26484688752376	0.0	923755	2830.5060349589703	1.85
3907.8703065760265	1850	28.88834073041	0.0	891604	2376.5061571137603	1.85
3910.4834023565745	1850	30.27524494986227	0.0	955231	2613.0957805477296	1.85
3913.0967188807344	1850	31.661928425702055	0.0	968026	2613.3165241602155	1.85
3915.4815441993283	1850	33.27710310710809	0.0	874175	2384.8253185939698	1.85
3925.4138425976507	4300	27.344804708785635	0.0	2186790	9932.298398322451	1.8499999999999996
3947.705215007719	4300	9.053432298717821	0.0	2105231	22291.372410067816	4.3
3952.5901895468483	300	8.168457759588248	0.0	181901	4884.974539129572	-3.7
3954.855560664549	300	9.903086641887588	0.0	111155	2265.37111770066	0.3
3957.7107371002503	300	11.047910206186362	0.0	153605	2855.176435701227	0.3
3960.3968387653717	300	12.361808541064995	0.0	149029	2686.1016651213663	0.3
3962.828317040232	300	13.930330266204445	0.0	157421	2431.4782748605503	0.3
3964.006076784916	300	16.7525705215205	0.0	157488	1177.7597446839413	0.3
3966.5392956055207	750	18.219351700915343	0.0	369834	2533.2188206051565	0.3
3968.761559940699	750	19.997087365736864	0.0	412837	2222.2643351784777	0.75
3973.366314041648	1850	19.392333264788043	0.0	1026056	4604.754100948822	0.75
3978.679108938209	1850	18.0795383682269	0.0	943942	5312.794896561142	1.85
3982.75030464613	1850	18.008342660305964	0.0	728962	4071.1957079209346	1.85
3990.943675572616	1850	13.814971733820068	0.0	938587	8193.370926485895	1.85
3997.835281618123	1850	10.923365688312755	0.0	908665	6891.606045507314	1.85
4000.516402273345	750	12.24224503309088	0.0	390680	2681.1206552218746	-0.3500000000000001
4002.7316784438553	750	14.026968862581091	0.0	345516	2215.2761705097896	0.75
4005.211054396312	750	15.547592910123829	0.0	384505	2479.375952457262	0.75
4010.2144793448724	750	14.544167961563547	0.0	372093	5003.424948560281	0.75
4015.1274748012793	750	13.631172505156751	0.0	438281	4912.995456406797	0.75
4020.411130563218	750	12.347516743217763	0.0	398987	5283.655761938988	0.75
4026.500128361719	750	10.258518944717105	0.0	393804	6088.997798500659	0.75
4030.7638323094466	750	9.994814996989165	0.0	331053	4263.7039477279395	0.75
4033.927401464068	750	10.831245842367803	0.0	314107	3163.569154621363	0.75

