10340.61378224011	750	4.0	4.316718207694552	450283	4316.718207694552	-17.81188829308657
10341.409190268516	300	7.204591971595131	0.0	155580	795.4080284048688	-0.15000000000000002
10343.564608705361	750	9.049173534751091	0.0	350812	2155.41843684404	0.3
10346.20891202023	750	10.404870219880664	0.0	382355	2644.303314870427	0.75
10349.815590222976	750	10.798192017136937	0.0	411561	3606.678202743728	0.75
10352.819218014183	750	11.794564225930483	0.0	318564	3003.6277912064543	0.75
10355.98654160039	750	12.627240639722427	0.0	352642	3167.323586208056	0.75
10362.191449014133	750	10.422333225980895	0.0	437162	6204.907413741532	0.75
10368.001006072302	750	8.612776167812365	0.0	374758	5809.55705816853	0.75
10369.869203656348	300	10.744578583766332	0.0	139105	1868.1975840460316	-0.15000000000000002
10371.582500041251	300	13.031282198861554	0.0	141840	1713.2963849047776	0.3
10373.196014199328	300	15.417768040786582	0.0	156148	1613.5141580749735	0.3
10376.957517847897	750	15.656264392217283	0.0	386351	3761.503648569297	0.3
10381.03290384053	750	15.580878399583693	0.0	434409	4075.3859926335895	0.75
10384.170374834624	750	16.443407405489815	0.0	337059	3137.4709940938787	0.75
10390.247724932917	1200	14.366057307197492	0.0	587876	6077.350098292323	0.75
10399.111663389549	1200	9.502118850565418	0.0	617242	8863.938456632073	1.2
10404.393028303622	750	8.220753936490704	0.0	372963	5281.364914074715	0.3
10410.5845403084	750	6.029241931713673	0.0	405596	6191.5120047770315	0.75
10413.279537877273	300	7.334244362842343	0.0	140881	2694.9975688713303	-0.15000000000000002
10416.550304296874	300	8.063477943241002	0.0	157671	3270.7664196013397	0.3
10418.419612488382	300	10.19416975173349	0.0	157812	1869.3081915075118	0.3
10420.406966832052	300	12.206815408064365	0.0	163927	1987.3543436691243	0.3
10422.164972994966	300	14.448809245149523	0.0	137654	1758.0061629148427	0.3
10423.85971675168	300	16.754065488436133	0.0	146754	1694.7437567133913	0.3
10428.750700265224	750	15.863081974893195	0.0	379700	4890.983513542937	0.3
10433.35786048544	750	15.255921754677031	0.0	425781	4607.160220216165	0.75
10435.677849320742	750	16.93593291937503	0.0	277716	2319.988835302002	0.75
10440.693771663995	1200	15.920010576120614	0.0	622896	5015.922343254416	0.75
10446.053916971423	1200	14.559865268693219	0.0	641447	5360.145307427396	1.2
10450.563119054157	1200	14.05066318595852	0.0	570392	4509.202082734699	1.2
10454.76178032821	1200	13.852001911904615	0.0	620283	4198.661274053904	1.2
10458.572848771495	1200	14.040933468619373	0.0	584349	3811.0684432852413	1.2
10462.496850706862	1200	14.116931533253199	0.0	670129	3924.0019353661764	1.2
10469.11722541568	1850	11.496556824434498	0.0	1026056	6620.3747088187	1.2000000000000002
10474.38859584084	1850	10.225186399275902	0.0	943942	5271.370425158595	1.85
10478.156828430614	1850	10.456953809502945	0.0	728962	3768.232589772956	1.85
10483.01734767414	1850	9.596434565975814	0.0	938587	4860.51924352713	1.85
10487.422323992947	1850	9.191458247168622	0.0	908665	4404.976318807191	1.85
10491.597496827406	1850	9.016285412710362	0.0	930577	4175.172834458261	1.85
10496.53336776445	1850	8.08041447566522	0.0	858450	4935.870937045142	1.85
10500.448201071626	1200	8.165581168490151	0.0	641452	3914.8333071750685	0.5499999999999999
10506.062766431389	1200	6.551015808725807	0.0	599477	5614.565359764344	1.2
10511.39666696847	750	5.217115271644854	0.0	438281	5333.900537080953	0.3
10512.377947430234	300	8.235834809880876	0.0	167025	981.2804617639778	-0.15000000000000002
10514.686678263874	750	9.927103976242954	0.0	393804	2308.7308336379233	0.3
10518.785217325825	1850	9.828564914290563	0.0	830730	4098.53906195239	0.75
10525.91554732671	2850	6.698234913406396	0.0	1364537	7130.330000884168	1.85

