12436.343737866075	750	4.0	3.974865311257283	450283	3974.865311257283	0.1132825806008435	-16.341920838406317
12437.520856889498	300	6.822880976576757	0.0	155580	1177.1190234232433	0.13217015178936573	-0.15000000000000002
12438.403046712448	300	9.94069115362493	0.0	139857	882.1898229518268	0.15853390773885304	0.3
12441.755604170563	1200	10.588133695511662	0.0	617681	3352.5574581132673	0.1842417341737716	0.29999999999999993
12444.691703832032	1200	11.652034034043133	0.0	652874	2936.0996614685287	0.22236098064650045	1.2
12448.083945519791	1850	12.259792346283076	0.0	801058	3392.2416877600576	0.2361441411708342	1.2000000000000002
12453.501904426741	1850	10.841833439334223	0.0	905515	5417.958906948855	0.16713212771669847	1.85
12456.884562457242	1200	11.459175408832449	0.0	709534	3382.6580305017737	0.20975634947489794	0.5499999999999999
12461.190749339185	1850	11.152988526892106	0.0	852833	4306.186881940343	0.19804830198537934	1.2000000000000002
12465.658451083294	1850	10.685286782780915	0.0	913888	4467.701744111191	0.2045543888878844	1.85
12469.068087832096	1200	11.275650033978403	0.0	607410	3409.6367488025116	0.17814507666053478	0.5499999999999999
12473.7071596073	1850	10.636578258775218	0.0	917428	4639.071775203186	0.1977611135278927	1.2000000000000002
12476.842580253613	1200	11.501157612464162	0.0	624282	3135.4206463110577	0.1991062987782809	0.5499999999999999
12481.281625926717	1850	11.062111939361074	0.0	1036454	4439.045673103088	0.23348577066463772	1.2000000000000002
12485.129836541928	1850	11.213901324149054	0.0	821631	3848.2106152120186	0.21350988346429992	1.85
12490.22601160812	1850	10.117726257957157	0.0	923170	5096.175066191897	0.1811495853280873	1.85
12493.260393761242	1200	11.083344104834788	0.0	617242	3034.38215312237	0.2034160395271439	0.5499999999999999
12497.137528375748	1850	11.206209490328161	0.0	885714	3877.134614506627	0.22844551145735983	1.2000000000000002
12500.937001236525	1850	11.406736629553114	0.0	987708	3799.472860775047	0.2599592196583079	1.85
12504.011222772258	1850	12.332515093818081	0.0	923755	3074.2215357350315	0.3004842003942096	1.85
12507.410085235942	1850	12.933652630135006	0.0	891604	3398.862463683076	0.2623242362781105	1.85
12511.344609201042	1850	12.99912866503546	0.0	955231	3934.5239650995472	0.2427818481913432	1.85
12515.11080744991	1850	13.232930416169252	0.0	968026	3766.1982488662084	0.2570300170182009	1.85
12521.82054520387	2850	10.523192662209977	0.0	1323990	6709.737753959272	0.1973236583231203	1.85
12524.63232355162	1200	11.711414314458429	0.0	587236	2811.7783477515495	0.20884861015790443	-0.44999999999999996
12528.643756250653	1850	11.699981615425092	0.0	905935	4011.4326990333366	0.22583826477216223	1.2000000000000002
12533.034984652855	1850	11.308753213223376	0.0	1076599	4391.228402201716	0.24517034902129087	1.85
12541.729314457654	1850	6.614423408422976	0.0	758197	8694.3298048004	0.08720591661721605	1.85
12542.79544431599	300	9.54829355008839	0.0	153605	1066.129858334584	0.14407719547405648	-1.25
12546.639504988541	1200	9.704232877537516	0.0	641447	3844.0606725508746	0.1668670332339846	0.29999999999999993
12550.350597350029	1200	9.99314051605037	0.0	570392	3711.092361487144	0.15369921964739977	1.2
12553.776288356761	1200	10.567449509319676	0.0	620283	3425.691006730694	0.18106799439333168	1.2
12557.14964413705	1200	11.194093729030708	0.0	584349	3373.355780288968	0.1732248354633805	1.2
12564.044519757057	1850	8.299218109023276	0.0	1035329	6894.875620007433	0.1501591989557723	1.2000000000000002
12567.798522962155	750	8.545214903924801	0.0	401088	3754.0032050984732	0.10684274308963433	-0.3500000000000001
12573.367985898998	750	6.975751967081138	0.0	365161	5569.462936843664	0.06556484963466598	0.75
12575.327151546506	300	9.01658631957333	0.0	131610	1959.1656475078082	0.06717655557477586	-0.15000000000000002
12579.856628332082	1200	8.48710953399696	0.0	575591	4529.4767855763685	0.12707670824871156	0.29999999999999993
12582.90110813381	750	9.442629732268898	0.0	378327	3044.479801728063	0.12426654950552128	0.3
12588.803591009204	1200	7.540146856875552	0.0	587506	5902.482875393347	0.09953540101729613	0.75
12593.34688921522	750	6.996848650860026	0.0	345516	4543.2982060155255	0.07604959752422188	0.3
12595.060528310865	300	9.283209555214187	0.0	161857	1713.6390956458388	0.09445221015980562	-0.15000000000000002
12600.755656711564	1200	7.5880811545160425	0.0	599477	5695.128400698145	0.10526136687743727	0.29999999999999993
12603.811285029738	750	8.532452836339697	0.0	438281	3055.6283181763447	0.1434340025561663	0.3
12606.334941006548	750	10.00879685953137	0.0	398987	2523.655976808326	0.15809880731231832	0.75
12610.396399908337	1200	9.947337957740805	0.0	638661	4061.4589017905655	0.15724915983230436	0.75
12614.758533038745	1200	9.585204827333833	0.0	538612	4362.133130406972	0.12347445249791113	1.2
12619.954551639794	1200	8.389186226284465	0.0	550906	5196.018601049367	0.10602463969023153	1.2

