9587.979316524314	750	4.0	6.579692689023528	450283	6579.692689023527	-27.542678562801168
9588.966104440464	300	7.013212083850239	0.0	155580	986.7879161497615	-0.15000000000000002
9590.914290492572	300	9.065026031742615	0.0	139857	1948.1860521076244	0.3
9594.920414258326	300	9.058902265989714	0.0	155432	4006.1237657529027	0.3
9599.013960810991	300	8.965355713323753	0.0	163442	4093.546552665962	0.3
9601.122531999927	300	10.856784524387702	0.0	126289	2108.57118893605	0.3
9603.298811875542	300	12.680504648772505	0.0	153295	2176.2798756151965	0.3
9606.712604815972	300	13.26671170834403	0.0	173849	3413.7929404284755	0.3
9609.566570641453	300	14.412745882862826	0.0	150710	2853.965825481205	0.3
9612.10215666328	300	15.877159861034803	0.0	139105	2535.5860218280227	0.3
9613.604689557991	300	18.374626966323696	0.0	141840	1502.5328947111045	0.3
9616.51472314541	750	19.464593378904876	0.0	405134	2910.0335874188195	0.3
9618.691672337009	750	21.28764418730644	0.0	386351	2176.949191598437	0.75
9625.447291463499	1850	18.532025060816693	0.0	1036454	6755.619126489747	0.75
9630.138831714608	1850	17.84048480970698	0.0	821631	4691.540251109716	1.85
9636.888770295272	1850	15.090546229044012	0.0	923170	6749.938580662966	1.85
9641.915603888665	1200	14.063712635651742	0.0	617242	5026.83359339227	0.5499999999999999
9644.86625667565	1200	15.113059848666406	0.0	581493	2950.6527869853353	1.2
9647.63311539856	1200	16.346201125756544	0.0	639204	2766.8587229098607	1.2
9650.259650724243	1200	17.719665800073564	0.0	586839	2626.5353256829844	1.2
9652.946479071148	1200	19.032837453169194	0.0	601738	2686.828346904368	1.2
9655.164613065961	1200	20.81470345835491	0.0	616206	2218.133994814287	1.2
9661.962362492133	2850	18.01695403218367	0.0	1505760	6797.749426171243	1.2000000000000002
9670.594235103465	2850	13.385081420852735	0.0	1323990	8631.872611330933	2.85
9674.152200384859	1200	13.827116139457166	0.0	587236	3557.9652813955686	-0.44999999999999996
9679.567558704694	1200	12.41175781962378	0.0	590335	5415.358319833385	1.2
9692.529523683757	1200	4.0	0.5502071594400004	696376	12961.964979063781	-1.165890785592002
9695.263798945052	300	5.265724738704858	0.0	111155	2734.275261295142	-0.6000000000000001
9699.916427242482	300	4.613096441274884	0.0	153605	4652.628297429974	0.3
9703.239891167073	300	5.289632516684375	0.0	149029	3323.463924590508	0.3
9706.967289774895	300	5.562233908861441	0.0	157421	3727.398607822934	0.3
9711.115903673932	300	5.4136200098238225	0.0	157488	4148.6138990376185	0.3
9714.068413625884	300	6.461110057871551	0.0	143881	2952.5099519522723	0.3
9718.504447794292	300	6.025075889463393	0.0	163444	4436.034168408158	0.3
9720.685450838915	300	7.844072844839075	0.0	179328	2181.003044624318	0.3
9721.739930688827	300	10.789592994927176	0.0	159914	1054.4798499118983	0.3
9723.39236611703	750	13.13715756672504	0.0	321064	1652.435428202136	0.3
9725.361918769062	750	15.167604914694273	0.0	361565	1969.5526520307667	0.75
9728.473084687183	1200	16.056438996573217	0.0	605884	3111.165918121058	0.75
9738.004298925056	1200	10.525224758700563	0.0	587506	9531.214237872651	1.2
9739.730698825766	300	12.798824857991024	0.0	147968	1726.3999007095406	-0.6000000000000001
9741.003364955226	300	15.526158728529786	0.0	161857	1272.6661294612377	0.3
9742.05586321202	300	18.473660471736235	0.0	145210	1052.498256793553	0.3
9743.284120568103	300	21.24540311565081	0.0	172312	1228.257356085424	0.3
9746.110818347552	750	22.418705336204358	0.0	398987	2826.6977794464497	0.3
9753.23876215897	1850	19.290761524786628	0.0	982064	7127.943811417732	0.75
9759.298952387388	2850	17.230571296368392	0.0	1231456	6060.190228418235	1.85
9765.597073289287	2850	14.932450394466473	0.0	1364537	6298.120901901917	2.85

