13328.135186567228	750	4.0	1.6132241480558394	450283	1613.2241480558394	-6.186863836640109
13332.233703512808	1850	4.0	0.09851694558057898	957685	4098.516945580579	0.3263771340035104
13335.99875733303	1850	4.234946179777958	0.0	877771	3765.0538202220423	1.85
13339.880690243244	1850	4.3530132695654755	0.0	933276	3881.932910212482	1.85
13342.886363384683	1850	5.347340128126192	0.0	996749	3005.673141439283	1.85
13345.354451392324	1850	6.8792521204838994	0.0	801058	2468.0880076422927	1.85
13348.558578983713	1850	7.675124529095383	0.0	905515	3204.127591388516	1.85
13353.47112028813	1850	6.76258322467889	0.0	1060487	4912.541304416493	1.85
13357.485408101807	1850	6.748295410999971	0.0	852833	4014.2878136789186	1.85
13364.509212744193	1850	4.0	0.27550923138462347	913888	7023.804642384594	0.6653103050461193
13367.07632981053	750	5.432882933663259	0.0	353220	2567.117066336741	-0.3500000000000001
13370.379881951369	750	6.129330792823941	0.0	405134	3303.552140839318	0.75
13373.750146655631	750	6.7590660885611475	0.0	386351	3370.264704262793	0.75
13375.635610862148	300	8.873601882046277	0.0	179801	1885.4642065148716	-0.15000000000000002
13377.15183503028	300	11.357377713913072	0.0	140051	1516.2241681332023	0.3
13378.433883265347	300	14.075329478847488	0.0	138313	1282.048235065583	0.3
13381.567945920007	750	14.94126682418596	0.0	360831	3134.0626546615295	0.3
13383.690036343778	750	16.819176400415767	0.0	372963	2122.0904237701916	0.75
13386.05842319495	750	18.45078954924291	0.0	405596	2368.3868511728574	0.75
13388.066037607638	750	20.443175136555013	0.0	350713	2007.6144126878983	0.75
13390.00902158034	750	22.500191163855003	0.0	386472	1942.9839727000058	0.75
13394.58414108899	1850	21.925071655202085	0.0	955231	4575.119508652918	0.75
13407.249196886707	1850	13.260015857484568	0.0	968026	12665.055797717518	1.85
13409.488835258111	750	15.020377486080514	0.0	343800	2239.6383714040526	-0.3500000000000001
13412.06480092042	750	16.44441182377265	0.0	359903	2575.9656623078668	0.75
13414.947279951977	750	17.561932792214648	0.0	379700	2882.479031558001	0.75
13417.20870257922	750	19.30051016496965	0.0	425781	2261.422627244998	0.75
13418.34902907943	750	22.160183664760442	0.0	277716	1140.326500209208	0.75
13421.381585691664	1850	23.12762705252606	0.0	972798	3032.556612234384	0.75
13424.947218482173	1850	23.56199426201569	0.0	975811	3565.632790510368	1.85
13427.763087811069	1850	24.746124933122736	0.0	873429	2815.8693288929526	1.85
13430.232512151379	1850	26.276700592811927	0.0	954453	2469.4243403108085	1.85
13432.33338997249	1850	28.175822771701267	0.0	885062	2100.877821110661	1.85
13435.379176311839	1850	29.130036432351115	0.0	1035329	3045.7863393501502	1.85
13438.890188596211	1850	29.619024147978685	0.0	1026056	3511.0122843724293	1.85
13442.894425373363	1850	29.614787370826953	0.0	943942	4004.236777151733	1.85
13446.798362716507	1850	29.71085002768221	0.0	728962	3903.937343144745	1.85
13454.181815282902	1850	26.32739746128696	0.0	938587	7383.452566395248	1.85
13459.42769180353	1850	25.081520940659665	0.0	908665	5245.876520627296	1.85
13463.756851000671	1850	24.752361743517394	0.0	930577	4329.159197142273	1.85
13467.54408510756	1850	24.965127636630676	0.0	858450	3787.234106886718	1.85
13471.984645567542	1850	24.52456717664837	0.0	1025005	4440.560459982306	1.85
13475.715247834027	1850	24.793964910163805	0.0	886255	3730.602266484564	1.85
13479.707393527284	1850	24.801819216906743	0.0	973972	3992.1456932570604	1.85
13483.576565432848	1850	24.93264731134322	0.0	958994	3869.171905563524	1.85
13487.365914464075	1850	25.14329828011732	0.0	982064	3789.349031225902	1.85
13490.291148769016	1850	26.218063975177888	0.0	830730	2925.2343049394317	1.85
13493.313245908055	1850	27.195966836138425	0.0	846370	3022.0971390394625	1.85

