4966.6364138129775	750	4.0	2.7720774829579558	450283	2772.077482957956	-11.169933176719208
4969.1893514477015	750	5.44706236527567	0.0	398865	2552.9376347243297	0.75
4970.930420872316	750	7.705992940661611	0.0	350812	1741.069424614059	0.75
4972.391472286467	750	10.2449415265102	0.0	382355	1461.0514141514122	0.75
4973.656314135749	750	12.980099677228496	0.0	411561	1264.8418492817027	0.75
4977.0185554584095	1850	13.617858354567462	0.0	801058	3362.241322661035	0.75
4980.17299776674	1850	14.46341604623726	0.0	905515	3154.4423083302	1.85
4986.053201647908	1850	12.583212165068128	0.0	1060487	5880.203881169133	1.85
4992.114743178068	1850	10.521670634908311	0.0	852833	6061.541530159818	1.85
4995.325228705298	750	11.311185107678405	0.0	362795	3210.485527229906	-0.3500000000000001
4998.232068466475	750	12.404345346502296	0.0	353220	2906.8397611761084	0.75
5001.24871760304	750	13.387696209936905	0.0	405134	3016.64913656539	0.75
5004.50144540095	750	14.134968412027446	0.0	386351	3252.7277979094597	0.75
5012.407916137354	750	10.22849767562345	0.0	434409	7906.470736403994	0.75
5014.67387069212	300	11.96254312085727	0.0	140051	2265.954554766179	-0.15000000000000002
5015.743726703763	300	14.892687109214545	0.0	138313	1069.8560116427243	0.3
5017.87666522294	750	16.75974859003755	0.0	360831	2132.9385191769934	0.3
5019.50731896807	750	19.129094844908284	0.0	372963	1630.6537451292681	0.75
5023.115577632727	1850	19.520836180250736	0.0	987708	3608.258664657548	0.75
5029.695934378685	1850	16.940479434292975	0.0	923755	6580.356745957762	1.85
5034.228396410472	1850	16.40801740250603	0.0	891604	4532.462031786945	1.85
5036.89986495085	1850	17.736548862127524	0.0	955231	2671.4685403785033	1.85
5039.551649718984	1850	19.08476409399376	0.0	968026	2651.7847681337653	1.85
5041.697303760614	1850	20.939110052363734	0.0	874175	2145.6540416300254	1.85
5044.612815747066	1850	22.023598065912967	0.0	897976	2915.5119864507637	1.85
5049.3561558549145	1850	21.280257958063704	0.0	905935	4743.340107849265	1.85
5061.4434938759505	1850	13.192919937027401	0.0	1076599	12087.338021036301	1.85
5064.415916382901	750	14.220497430077463	0.0	277716	2972.422506949939	-0.3500000000000001
5073.508276983424	750	9.1281368295542	0.0	400396	9092.360600523263	0.75
5077.361051981612	300	9.2753618313664	0.0	149029	3852.7749981878	-0.15000000000000002
5079.07112629891	300	11.565287514068048	0.0	157421	1710.074317298351	0.3
5080.4136933070195	300	14.222720505958169	0.0	157488	1342.5670081098804	0.3
5082.769216649779	750	15.867197163198474	0.0	369834	2355.5233427596936	0.3
5084.79912399026	750	17.837289822717583	0.0	412837	2029.9073404808894	0.75
5086.472233885885	750	20.164179927093244	0.0	401088	1673.109895624341	0.75
5087.697297174621	750	22.939116638357255	0.0	365161	1225.0632887359857	0.75
5090.582272032962	1850	24.054141780016913	0.0	728962	2884.974858340345	0.75
5094.100056945143	1850	24.536356867835988	0.0	938587	3517.784912180922	1.85
5099.200133367192	1850	23.43628044578672	0.0	908665	5100.076422049268	1.85
5102.846318400958	1850	23.79009541202114	0.0	930577	3646.185033765577	1.85
5106.457136969017	1850	24.179276843962136	0.0	858450	3610.8185680590054	1.85
5110.368725527935	1850	24.267688285043985	0.0	1025005	3911.588558918153	1.85
5115.068040723423	1850	23.568373089555287	0.0	886255	4699.315195488697	1.85
5119.075324235147	1850	23.561089577832227	0.0	973972	4007.28351172306	1.85
5122.245769050115	1850	24.39064476286428	0.0	958994	3170.4448149679442	1.85
5125.53829374015	1850	25.09812007282985	0.0	982064	3292.524690034432	1.85
5128.585436722273	1850	26.050977090706077	0.0	830730	3047.142982123774	1.85
5132.292001236939	1850	26.34441257604022	0.0	846370	3706.564514665857	1.85

