11327.398578622082	300	4.0	2.552563241086067	181801	2552.5632410860667	-10.676021936670086
11329.801654132661	300	5.5969244894190995	0.0	155580	2403.0755105809	0.3
11331.572536282314	300	7.826042339768351	0.0	139857	1770.8821496507476	0.3
11334.346820959157	300	9.051757662924793	0.0	155432	2774.2846768435584	0.3
11336.982899671575	300	10.415678950507315	0.0	163442	2636.078712417477	0.3
11339.14258481054	300	12.25599381154358	0.0	126289	2159.685138963736	0.3
11342.382026006668	300	13.016552615415087	0.0	153295	3239.4411961284923	0.3
11345.50399979459	300	13.894578827492532	0.0	173849	3121.973787922553	0.3
11347.98617731116	300	15.412401310919948	0.0	150710	2482.1775165725844	0.3
11350.383191486231	300	17.01538713584903	0.0	139105	2397.0141750709204	0.3
11353.39298141459	300	18.0055972074911	0.0	141840	3009.7899283579272	0.3
11356.662439108835	300	18.736139513246144	0.0	156148	3269.457694244957	0.3
11359.731827599377	300	19.666751022704545	0.0	160746	3069.3884905415985	0.3
11363.042953583486	300	20.355625038594198	0.0	179801	3311.1259841103492	0.3
11365.858838319404	300	21.539740302676627	0.0	140051	2815.8847359175707	0.3
11369.05311739093	300	22.34546123115176	0.0	138313	3194.2790715248657	0.3
11372.307162810686	300	23.091415811393908	0.0	143509	3254.0454197578497	0.3
11375.0462938881	300	24.35228473398199	0.0	150616	2739.1310774119206	0.3
11377.644578004321	300	25.754000617760102	0.0	165384	2598.284116221886	0.3
11379.65345620592	300	27.745122416159518	0.0	140881	2008.878201600586	0.3
11382.061397123523	300	29.337181498557133	0.0	157671	2407.940917602382	0.3
11384.809271427253	300	30.589307194827157	0.0	157812	2747.8743037299746	0.3
11387.609406762529	300	31.789171859550475	0.0	163927	2800.135335276681	0.3
11389.392800840556	300	34.00577778152334	0.0	137654	1783.3940780271341	0.3
11391.536660759339	300	35.861917862741045	0.0	146754	2143.8599187822983	0.3
11393.787600669095	300	37.61097795298521	0.0	153938	2250.939909755833	0.3
11396.064510406093	300	39.33406821598729	0.0	181901	2276.909736997922	0.3
11397.53151394979	300	41.86706467228991	0.0	111155	1467.0035436973847	0.3
11400.013425427438	300	43.385153194641696	0.0	153605	2481.911477648209	0.3
11402.777562309791	300	44.621016312288624	0.0	149029	2764.1368823530715	0.3
11405.503032495692	300	45.89554612638858	0.0	157421	2725.4701859000393	0.3
11407.38582696677	300	48.0127516553112	0.0	157488	1882.7944710773834	0.3
11408.904668417395	300	50.49391020468596	0.0	143881	1518.8414506252388	0.3
11410.50426688552	300	52.89431173656116	0.0	163444	1599.5984681248112	0.3
11411.963577267243	300	55.43500135484031	0.0	179328	1459.310381720849	0.3
11413.316142608071	300	58.082436014012174	0.0	159914	1352.5653408281378	0.3
11415.489168812119	300	59.83598656367564	0.0	131610	1246.4494503365336	0.3
11417.935928929981	300	59.98089493404939	0.0	124011	1355.0916296262537	0.3
11420.156843315386	300	59.91127195206583	0.0	144254	2069.6229819835607	0.3
11422.220370603523	300	59.85015395250661	0.0	149991	2061.1179995592192	0.3
11426.303045266242	300	59.76747928978866	0.0	147968	3582.6746627179537	0.3
11430.112793995644	300	59.957730560385585	0.0	161857	3309.748729403075	0.3
11433.675726906198	300	59.698680497958485	0.0	145210	2259.050062427103	0.3
11437.833056253005	300	59.54135115115344	0.0	172312	4157.329346805037	0.3
11442.785259767568	300	58.58914763659018	0.0	167025	4952.203514563265	0.3
11448.244863159447	300	57.129544244709166	0.0	160064	5459.603391881013	0.3
11452.666582424907	300	56.707824979250695	0.0	137507	4421.719265458464	0.3
11455.5676587499	300	57.806748654256396	0.0	118421	2901.0763249943034	0.3

