8555.424858792108	300	4.0	0.8515103375572869	181801	851.5103375572869	-3.3614944514963336
8556.1516813343	300	7.273177457808488	0.0	155580	726.822542191512	0.3
8556.875474435503	300	10.549384356606025	0.0	139857	723.7931012024641	0.3
8557.749327912954	300	13.675530879154119	0.0	155432	873.8534774519044	0.3
8558.749904251803	300	16.67495454030687	0.0	163442	1000.5763388472519	0.3
8559.555842951228	300	19.869015840883172	0.0	126289	805.9386994236996	0.3
8560.52095561948	300	22.9039031726302	0.0	153295	965.1126682529671	0.3
8561.60364645882	300	25.82121233329135	0.0	173849	1082.6908393388526	0.3
8562.551059955169	300	28.87379883694234	0.0	150710	947.4134963490117	0.3
8563.375676139482	300	32.049182652630165	0.0	139105	824.6161843121749	0.3
8564.224472328224	300	35.2003864638876	0.0	141840	848.7961887425743	0.3
8565.159190114402	300	38.2656686777097	0.0	156148	934.7177861778961	0.3
8566.104268138522	300	41.32059065358799	0.0	160746	945.0780241217079	0.3
8567.054925355977	300	44.3699334361338	0.0	179801	950.6572174541947	0.3
8567.907494941972	300	47.51736385013731	0.0	140051	852.5695859964942	0.3
8568.723121958508	300	50.701736833601146	0.0	138313	815.6270165361611	0.3
8569.62881000689	300	53.79604878522032	0.0	143509	905.6880483808236	0.3
8570.634841715453	300	56.79001707665681	0.0	150616	1006.0317085635083	0.3
8571.648571253436	300	59.77628753867389	0.0	165384	1013.7295379829263	0.3
8572.90751756167	300	59.96942570294887	0.0	140881	806.8618357250208	0.3
8574.506879592982	300	59.55578697119753	0.0	157671	1413.6387317513381	0.3
8576.073500754326	300	59.69033804985478	0.0	157812	865.4489213427546	0.3
8578.143296425567	750	59.85602631993514	0.0	401853	1834.3117299196365	0.3
8579.785060827651	750	59.757886070504384	0.0	343800	1598.1402494307567	0.75
8582.114160692814	750	59.55014823804892	0.0	359903	1707.737832455468	0.75
8584.73997267671	750	59.607923286305336	0.0	379700	1942.224951743585	0.75
8587.688999757424	750	59.615203209575256	0.0	425781	2492.7200767300737	0.75
8590.32732722432	750	59.959193001968075	0.0	277716	1656.010207607183	0.75
8593.344529531445	750	59.86675051144957	0.0	400396	2592.442490518506	0.75
8595.735978409994	750	59.62840594707952	0.0	400508	2238.344564370047	0.75
8599.643144943875	750	59.72123941319997	0.0	358218	2407.1665338795515	0.75
8603.562256181842	750	59.802128175232475	0.0	400322	3419.111237967499	0.75
8608.282883459422	750	59.08150089765094	0.0	369834	4720.627277581531	0.75
8614.253979124745	750	57.110405232328716	0.0	412837	5971.095665322222	0.75
8620.274865669999	750	55.089518687074204	0.0	401088	6020.886545254511	0.75
8623.07849911657	750	56.2858852405038	0.0	365161	2803.6334465703953	0.75
8625.823195350677	750	57.54118900639657	0.0	321064	2744.6962341072335	0.75
8628.736719888528	750	58.62766446854675	0.0	361565	2913.524537849825	0.75
8632.238944492852	750	59.12543986422157	0.0	378327	3502.2246043251766	0.75
8636.709301363224	750	58.65508299384927	0.0	390680	4470.356870372299	0.75
8640.71483544004	750	58.649548917032945	0.0	345516	4005.534076816319	0.75
8644.50275708178	750	58.86162727529228	0.0	384505	3787.9216417406656	0.75
8647.900030963572	750	59.46435339350148	0.0	372093	3397.273881790799	0.75
8651.82744899322	750	59.53693536385395	0.0	438281	3927.418029647535	0.75
8655.969057957307	750	59.395326399765864	0.0	398987	4141.608964088082	0.75
8660.852149489036	750	58.51223486803646	0.0	393804	4883.091531729408	0.75
8667.429799668585	750	55.93458468848684	0.0	331053	6577.650179549623	0.75
8673.95644732308	750	53.40793703399236	0.0	314107	6526.647654494477	0.75

