6458.017923183229	300	4.0	0.6577600039176509	181801	657.7600039176509	-2.528368016845899
6458.574704243465	300	7.443218939763574	0.0	155580	556.7810602364252	0.3
6459.063381232706	300	10.95454195052292	0.0	139857	488.67698924065456	0.3
6459.596681544482	300	14.421241638746631	0.0	155432	533.3003117762896	0.3
6460.914184063283	750	17.1037391199455	0.0	411561	1317.5025188011273	0.3
6462.067360953388	750	19.95056222984057	0.0	318564	1153.1768901049265	0.75
6464.024591361676	1200	21.993331821551806	0.0	561791	1957.230408288766	0.75
6467.3933102550645	1850	22.62461292816345	0.0	1060487	3368.718893388357	1.2000000000000002
6469.985275402865	1850	24.032647780362343	0.0	852833	2591.9651478011056	1.85
6472.893421393349	1850	25.124501789878416	0.0	913888	2908.145990483926	1.85
6478.260687166311	2850	23.757236016916266	0.0	1354548	5367.265772962151	1.85
6481.060302959735	1850	24.957620223491332	0.0	917428	2799.615793424935	0.8500000000000001
6485.831343598966	2850	24.186579584261146	0.0	1422919	4771.040639230184	1.85
6491.569101747045	1850	22.448821436181035	0.0	1036454	5737.758148080114	0.8500000000000001
6496.8132474057475	1850	21.204675777478535	0.0	821631	5244.145658702497	1.85
6499.119962236067	1200	22.897960947159536	0.0	587876	2306.7148303190015	0.5499999999999999
6503.046477449988	1850	22.971445733239083	0.0	966699	3926.515213920453	1.2000000000000002
6507.111516523985	1850	22.906406659242037	0.0	885714	4065.0390739970426	1.85
6511.4994662458	1850	22.518456937426972	0.0	987708	4387.949721815069	1.85
6515.465680790213	1850	22.55224239301429	0.0	923755	3966.2145444126795	1.85
6519.17739359266	1850	22.840529590566554	0.0	891604	3711.7128024477365	1.85
6523.3592062742655	1850	22.65871690896156	0.0	955231	4181.812681604996	1.85
6527.07584662056	1850	22.942076562667573	0.0	968026	3716.640346293984	1.85
6530.5242112793585	1850	23.493711903868917	0.0	874175	3448.3646587986586	1.85
6533.770703147741	1850	24.247220035486706	0.0	897976	3246.491868382212	1.85
6537.284653934887	1850	24.73326924834126	0.0	905935	3513.9507871454475	1.85
6543.126783227919	2850	22.89113995530917	0.0	1547572	5842.129293032085	1.85
6545.860531403991	1850	24.157391779236793	0.0	758197	2733.7481760723767	0.8500000000000001
6549.654852756626	1850	24.36307042660212	0.0	972798	3794.3213526346735	1.85
6556.152874350308	1850	21.865048832920543	0.0	975811	6498.021593681577	1.85
6561.1259563431095	1850	20.891966840118485	0.0	873429	4973.081992802057	1.85
6564.228110142072	1200	21.789813041156194	0.0	620283	3102.153798962291	0.5499999999999999
6571.86371798644	1850	18.154205196787945	0.0	885062	7635.607844368248	1.2000000000000002
6574.442781693831	750	19.57514148939713	0.0	412837	2579.063707390814	-0.3500000000000001
6580.820695916088	1200	17.197227267139898	0.0	690253	6377.914222257232	0.75
6584.06218821882	750	17.955734964408677	0.0	365161	3241.4923027312216	0.3
6587.131931447508	1200	18.885991735720744	0.0	487812	3069.7432286879307	0.75
6590.687686462545	1200	19.330236720684187	0.0	575591	3555.7550150365573	1.2
6594.064659789624	1200	19.953263393605166	0.0	605884	3376.9733270790252	1.2
6597.232027263972	1200	20.7858959192568	0.0	587506	3167.3674743483625	1.2
6601.112224305595	1200	20.90569887763316	0.0	566904	3880.19704162364	1.2
6605.160477980317	1200	20.857445202910657	0.0	641452	4048.2536747225017	1.2
6609.10160131524	1200	20.9163218679875	0.0	599477	3941.123334923159	1.2
6612.907022704759	1200	21.11090047846905	0.0	634861	3805.421389518453	1.2
6621.928244031921	1200	16.0896791513068	0.0	630203	9021.221327162248	1.2
6627.676515776441	750	14.341407406786344	0.0	393804	5748.271744520456	0.3
6635.802190718789	750	10.21573246443889	0.0	331053	8125.674942347455	0.75
6638.518477558592	300	11.499445624635099	0.0	118421	2716.2868398037917	-0.15000000000000002

