14728.869656739838	750	4.0	4.594934407378574	450283	4594.934407378574	1	-19.008217951727868
14731.65804810715	750	5.211608632686832	0.0	398865	2788.3913673131688	1	0.75
14735.795701603214	300	5.073955136624745	0.0	350812	4137.653496062087	0	0.75
14737.626496705667	300	7.2431600341720275	0.0	155432	1830.7951024527176	0	-0.15000000000000002
14738.794557738593	300	10.07509900124567	0.0	163442	1168.0610329263582	0	0.3
14739.933260422305	750	12.936396317533111	0.0	126289	1138.702683712558	1	0.3
14744.097042656518	750	12.772614083321177	0.0	352642	4163.782234211936	1	0.3
14750.177970795185	750	10.691685944655848	0.0	437162	6080.928138665327	1	0.75
14758.384419010083	300	6.485237729757438	0.0	374758	8206.44821489841	0	0.75
14761.25609110425	300	7.613565635591009	0.0	139105	2871.6720941664294	0	-0.15000000000000002
14763.07619287165	300	9.793463868190683	0.0	141840	1820.1017674003263	0	0.3
14764.546386664895	750	12.323270074944315	0.0	156148	1470.1937932463707	1	0.3
14767.765678451753	750	13.103978288087296	0.0	386351	3219.291786857019	1	0.3
14771.573110663765	750	13.296546076074629	0.0	434409	3807.432212012668	1	0.75
14775.292949000104	750	13.576707739735467	0.0	337059	3719.838336339162	1	0.75
14779.763445657447	750	13.106211082390963	0.0	366214	4470.496657344501	1	0.75
14783.443802565973	750	13.425854173863943	0.0	360831	3680.3569085270215	1	0.75
14790.893168673052	300	9.976488066786086	0.0	372963	7449.366107077858	0	0.75
14796.030594061673	300	8.839062678165647	0.0	165384	5137.425388620438	0	-0.15000000000000002
14800.280458422762	300	8.589198317077349	0.0	140881	4249.864361088296	0	0.3
14804.671558308102	300	8.198098431737257	0.0	157671	4391.0998853400915	0	0.3
14809.608257198119	300	7.261399541720145	0.0	157812	4936.698890017112	0	0.3
14813.637824936908	300	7.2318318029318	0.0	163927	4029.5677387883457	0	0.3
14815.553973580705	300	9.315683159133753	0.0	137654	1916.1486437980448	0	0.3
14816.803392483363	750	12.06626425647567	0.0	146754	1249.4189026580843	1	0.3
14819.836130458232	750	13.033526281605916	0.0	379700	3032.737974869755	1	0.3
14823.35513221884	750	13.514524520997492	0.0	425781	3519.001760608421	1	0.75
14827.445734632374	750	13.423922107462339	0.0	277716	4090.602413535155	1	0.75
14830.753941116527	750	14.11571562330989	0.0	400396	3308.206484152449	1	0.75
14833.373848820267	750	15.495807919568987	0.0	400508	2619.907703740902	1	0.75
14835.880718526012	750	16.988938213825747	0.0	358218	2506.869705743242	1	0.75
14838.46878720599	750	18.400869533847768	0.0	400322	2588.0686799779796	1	0.75
14840.90371850602	750	19.96593823381571	0.0	369834	2434.93130003206	1	0.75
14843.847150162856	750	21.022506576982813	0.0	412837	2943.431656832895	1	0.75
14846.33601825607	750	22.533638483768396	0.0	401088	2488.8680932144184	1	0.75
14848.781443255355	750	24.088213484482935	0.0	365161	2445.4249992854584	1	0.75
14850.797412915772	1850	26.07224382406674	0.0	321064	2015.9696604161957	3	0.75
14855.869707146945	1850	24.999949592895018	0.0	938587	5072.2942311717225	3	0.75
14862.040488766206	1850	22.82916797363268	0.0	908665	6170.78161926234	3	1.85
14868.27540833898	1850	20.59424840085963	0.0	930577	6234.919572773046	3	1.85
14873.63686133882	1850	19.232795401018887	0.0	858450	5361.452999840742	3	1.85
14880.140345429329	1850	16.729311310510298	0.0	1025005	6503.484090508589	3	1.85
14885.68513645281	1850	15.184520287028649	0.0	886255	5544.791023481648	3	1.85
14891.668708110385	1850	13.20094862945566	0.0	973972	5983.57165757299	3	1.85
14898.135092569919	750	10.734564169921628	0.0	958994	6466.3844595340315	1	1.85
14901.399351898137	750	11.470304841703927	0.0	393804	3264.259328217702	1	-0.3500000000000001
14903.607912957385	750	13.261743782457097	0.0	331053	2208.5610592468292	1	0.75
14905.276719539845	750	15.592937199996205	0.0	314107	1668.806582460891	1	0.75

