23029.956381283155	300	4.0	2.3372266693659176	181801	2337.2266693659176	-9.750074678273444
23031.41486339172	300	6.541517891437133	0.0	155580	1458.4821085628673	0.3
23033.93898840762	300	8.01739287553742	0.0	139857	2524.1250158997136	0.3
23036.395176340775	300	9.561204942383789	0.0	155432	2456.1879331536306	0.3
23038.005115035812	300	11.951266247343167	0.0	163442	1609.9386950406217	0.3
23039.30767426918	300	14.64870701397586	0.0	126289	1302.559233367306	0.3
23043.982470724313	750	13.97391055884085	0.0	352642	4674.796455135011	0.3
23050.98771381016	750	10.968667472999625	0.0	437162	7005.2430858412245	0.75
23052.91513581199	300	13.041245471170056	0.0	150710	1927.42200182957	-0.15000000000000002
23054.15281162321	300	15.803569659944943	0.0	139105	1237.675811225113	0.3
23056.406536164737	750	17.549845118417476	0.0	353220	2253.724541527463	0.3
23060.875545741175	1200	17.080835541983024	0.0	594078	4469.009576434452	0.75
23063.61888077946	750	18.33750050369722	0.0	386351	2743.335038285804	0.3
23068.373919113237	1200	17.582462169919964	0.0	687371	4755.03833377726	0.75
23071.18407885756	750	18.772302425599225	0.0	337059	2810.1597443207397	0.3
23075.29150676208	1200	18.664874521078964	0.0	587876	4107.427904520262	0.75
23077.964415576345	750	19.991965706811467	0.0	360831	2672.9088142674964	0.3
23082.58966015235	1200	19.366721130806763	0.0	581493	4625.244576004705	0.75
23088.025714784868	1200	17.930666498289042	0.0	639204	5436.05463251772	1.2
23091.312704043117	750	18.643677240039935	0.0	350713	3286.9892582491093	0.3
23098.942526181094	1200	15.013855102063589	0.0	601738	7629.822137976346	0.75
23102.541764920214	750	15.414616362946907	0.0	399894	3599.238739116683	0.3
23105.265692617555	750	16.690688665603947	0.0	401853	2723.927697342961	0.75
23107.61267311979	750	18.343708163367882	0.0	343800	2346.9805022360656	0.75
23110.46767117638	750	19.488710106781358	0.0	359903	2854.9980565865285	0.75
23116.138791127	1200	17.817590156158417	0.0	590335	5671.1199506229395	0.75
23120.658602802258	750	17.29777848089892	0.0	425781	4519.811675259499	0.3
23123.51238418064	750	18.44399710251519	0.0	277716	2853.7813783837314	0.75
23129.03132060735	1200	16.92506067580619	0.0	622896	5518.9364267089995	0.75
23133.021271835896	750	16.93510944726024	0.0	400508	3989.951228545953	0.3
23136.47488812875	750	17.48149315440635	0.0	358218	3453.6162928538884	0.75
23139.997186684504	750	17.9591945986508	0.0	400322	3522.298555755551	0.75
23144.152521001444	750	17.803860281710076	0.0	369834	4155.334316940725	0.75
23149.789214198223	750	16.167167084930526	0.0	412837	5636.693196779551	0.75
23156.93345421559	750	13.022927067565034	0.0	401088	7144.240017365493	0.75
23161.453136314543	750	12.503244968611074	0.0	365161	4519.682098953959	0.75
23162.708912080783	300	15.24746920237104	0.0	131610	1255.7757662400343	-0.15000000000000002
23166.694430190844	750	15.26195109231076	0.0	361565	3985.5181100602813	0.3
23170.664081170587	750	15.292300112565174	0.0	378327	3969.650979745585	0.75
23175.13358238086	750	14.82279890229804	0.0	390680	4469.501210267133	0.75
23178.351824157748	750	15.60455712540612	0.0	345516	3218.2417768919195	0.75
23183.495714134326	750	14.460667148831796	0.0	384505	5143.889976574327	0.75
23188.31358164646	750	13.642799636693496	0.0	372093	4817.867512138299	0.75
23192.36277361642	750	13.59360766673581	0.0	438281	4049.191969957686	0.75
23195.152897298714	750	14.803483984436214	0.0	398987	2790.1236822995957	0.75
23199.375263510807	750	14.581117772342523	0.0	393804	4222.3662120936915	0.75
23203.724254432385	750	14.232126850768458	0.0	331053	4348.9909215740645	0.75
23206.305961616683	750	15.650419666467746	0.0	314107	2581.707184300713	0.75

