7703.654141454683	750	4.0	2.752351768226307	450283	2752.351768226307	-11.085112603373119
7704.674041233377	300	6.980100221306277	0.0	155580	1019.8997786937232	-0.15000000000000002
7705.796000296462	300	9.858141158220798	0.0	139857	1121.959063085479	0.3
7707.0269438434625	300	12.627197611221074	0.0	155432	1230.943546999725	0.3
7708.239072787413	300	15.415068667271026	0.0	163442	1212.1289439500486	0.3
7709.605044889101	750	18.049096565582257	0.0	318564	1365.9721016887647	0.3
7710.3639752668805	750	21.29016618780257	0.0	352642	758.9303777796899	0.75
7734.893916382093	4300	4.0	3.239774927410181	2290172	24529.94111521275	-13.181032187863778
7737.556956957849	300	5.33695942424361	0.0	150710	2663.040575756389	-3.7
7739.712346115066	300	7.1815702670274275	0.0	139105	2155.389157216183	0.3
7741.310417486577	300	9.583498895517113	0.0	141840	1598.0713715103132	0.3
7742.2311335651275	300	12.662782816965663	0.0	156148	920.7160785514515	0.3
7742.787703682273	300	16.10621269982045	0.0	160746	556.5701171452106	0.3
7747.3684798490485	1850	15.52543653304415	0.0	1036454	4580.7761667763	0.30000000000000004
7754.490709920802	1850	12.40320646129066	0.0	821631	7122.230071753491	1.85
7757.433909203425	750	13.460007178667787	0.0	366214	2943.199282622873	-0.3500000000000001
7760.184557044187	750	14.709359337905266	0.0	360831	2750.647840762521	0.75
7764.132516279394	750	14.761400102698916	0.0	372963	3947.95923520635	0.75
7770.237569297932	750	12.656347084160727	0.0	405596	6105.0530185381895	0.75
7771.329284385928	300	15.56463199616515	0.0	140881	1091.7150879955745	-0.15000000000000002
7773.606650069102	750	17.287266312990578	0.0	386472	2277.365683174576	0.3
7782.030038282814	1200	12.863878099279908	0.0	616206	8423.388213710668	0.75
7783.8096011527	300	15.084315229393065	0.0	163927	1779.562869886845	-0.6000000000000001
7785.492491841671	300	17.40142454042229	0.0	137654	1682.890688970776	0.3
7787.538216842282	300	19.355699539811607	0.0	146754	2045.7250006106833	0.3
7790.020374199248	300	20.873542182845675	0.0	153938	2482.1573569659295	0.3
7792.777271539772	300	22.116644842321865	0.0	181901	2756.8973405238094	0.3
7793.685575863479	300	25.208340518614012	0.0	111155	908.3043237078524	0.3
7799.797815853292	1200	23.09610052880111	0.0	622896	6112.2399898129	0.29999999999999993
7804.306465111463	1200	22.587451270630872	0.0	641447	4508.6492581702405	1.2
7808.028730270253	1200	22.86518611184099	0.0	570392	3722.2651587898795	1.2
7813.13767097219	1200	21.75624540990387	0.0	620283	5108.94070193712	1.2
7817.981953766597	1200	20.91196261549675	0.0	584349	4844.282794407118	1.2
7823.612065924417	1200	19.28185045767664	0.0	670129	5630.112157820114	1.2
7828.962973198689	1200	17.93094318340546	0.0	690253	5350.9072742711805	1.2
7834.686000331462	1200	16.20791605063175	0.0	598727	5723.02713277371	1.2
7838.290607399058	1200	16.603308983036783	0.0	487812	3604.607067594967	1.2
7842.48325137955	1200	16.410665002543727	0.0	575591	4192.643980493056	1.2
7846.256681083553	1200	16.637235298540336	0.0	605884	3773.4297040033894	1.2
7853.468370852531	1200	13.425545529562433	0.0	587506	7211.689768977905	1.2
7856.398297886057	750	14.49561849603671	0.0	345516	2929.927033525722	0.3
7860.1286837398275	750	14.765232642266707	0.0	384505	3730.3858537700025	0.75
7861.761281216598	300	17.13263516549515	0.0	145210	1632.5974767715577	-0.15000000000000002
7863.32416759309	300	19.569748789002283	0.0	172312	1562.8863764928665	0.3
7866.808847411295	750	20.08506897079838	0.0	398987	3484.679818203906	0.3
7880.846064949041	1850	10.047851433052724	0.0	982064	14037.217537745653	0.75
7882.648394280129	750	12.24552210196437	0.0	331053	1802.3293310883523	-0.3500000000000001
7889.309153893733	2850	9.584762488360091	0.0	1364537	6660.75961360428	0.75

