13211.147029190923	300	4.0	4.090282806646392	181801	4090.2828066463917	-17.288216068579484
13215.617068685819	300	4.0	0.47003949489649494	155580	4470.039494896495	-1.7211698280549281
13220.398776974487	300	4.0	0.78170828867007	139857	4781.70828867007	-3.061345641281301
13224.68946826798	300	4.0	0.2906912934903621	155432	4290.691293490362	-0.9499725620085568
13228.197247503647	300	4.492220764330712	0.0	163442	3507.7792356692876	0.3
13230.868707368942	300	5.820760899036675	0.0	126289	2671.459865294037	0.3
13234.00808110206	300	6.681387165918172	0.0	153295	3139.3737331185034	0.3
13236.786667793025	300	7.902800474953882	0.0	173849	2778.5866909642896	0.3
13238.867538550743	300	9.8219297172339	0.0	150710	2080.870757719982	0.3
13240.562239667493	300	12.12722860048427	0.0	139105	1694.7011167496264	0.3
13242.271885491915	300	14.417582776063082	0.0	141840	1709.6458244211897	0.3
13244.083434239745	300	16.60603402823349	0.0	156148	1811.548747829591	0.3
13245.722102321748	300	18.967365946231638	0.0	160746	1638.6680820018519	0.3
13247.593156255107	300	21.096312012872094	0.0	179801	1871.0539333595434	0.3
13249.145904559435	300	23.543563708544845	0.0	140051	1552.7483043272518	0.3
13250.611511027826	300	26.077957240153978	0.0	138313	1465.6064683908646	0.3
13252.06072443643	300	28.628743831550956	0.0	143509	1449.2134086030214	0.3
13253.729524868302	300	30.9599433996777	0.0	150616	1668.8004318732571	0.3
13255.79954596148	300	32.88992230650059	0.0	165384	2070.0210931771144	0.3
13257.586491240536	300	35.10297702744304	0.0	140881	1786.9452790575456	0.3
13259.472167019974	300	37.217301248006066	0.0	157671	1885.675779436975	0.3
13261.398893098063	300	39.290575169916885	0.0	157812	1926.726078089178	0.3
13263.728315317067	300	40.961152950914475	0.0	163927	2329.4222190024107	0.3
13266.054894226603	300	42.634574041377775	0.0	137654	2326.578909536698	0.3
13267.772822782312	300	44.916645485669235	0.0	146754	1717.928555708541	0.3
13269.563352846386	300	47.12611542159536	0.0	153938	1790.5300640738778	0.3
13271.386225703878	300	49.303242564102696	0.0	181901	1822.8728574926663	0.3
13272.674178278652	300	52.015289989328494	0.0	111155	1287.9525747742	0.3
13274.486041386039	300	54.20342688194414	0.0	153605	1811.8631073843464	0.3
13276.19707799801	300	56.49239026997394	0.0	149029	1711.0366119702026	0.3
13277.968824903279	300	58.72064336470382	0.0	157421	1771.7469052701215	0.3
13281.033440730653	300	59.6560275373307	0.0	157488	2064.615827373119	0.3
13284.924567872224	300	59.764900395757536	0.0	143881	2391.127141573171	0.3
13287.48672175151	300	59.71773416668828	0.0	163444	2047.1662290692543	0.3
13289.038550007053	300	59.99931389742393	0.0	179328	1218.4202692643441	0.3
13291.081479532531	300	59.6995530372248	0.0	159914	1299.76086019913	0.3
13292.788922932124	300	59.74241572726803	0.0	131610	957.1373099567735	0.3
13293.914746428356	300	59.64965701446962	0.0	124011	1092.758712798412	0.3
13295.447898860815	300	59.524613151806925	0.0	144254	1125.043862662695	0.3
13296.655068228898	300	59.955082757213695	0.0	149991	1069.5303945932233	0.3
13298.241205312548	300	59.680833711633554	0.0	147968	1274.2490455801446	0.3
13300.01534746589	300	59.77470666399724	0.0	161857	906.1270476363119	0.3
13301.180996174904	300	59.71088986234267	0.0	145210	1063.8168016545785	0.3
13303.358510407432	300	59.608048723259294	0.0	172312	1102.8411390833696	0.3
13305.509609090892	300	59.88483594725022	0.0	167025	1223.2127760090714	0.3
13307.045343984642	300	59.7209114016016	0.0	160064	1163.9245456486237	0.3
13309.58639069838	300	59.64629329078504	0.0	137507	1074.6181108165572	0.3
13311.221778569734	300	59.751813675566964	0.0	118421	1394.4796152180804	0.3

