126.00932007717428	300	4.0	1.0216964414309855	181801	1021.6964414309854	-4.093294698153238
127.06912513446102	300	6.940194942713262	0.0	155580	1059.8050572867382	0.3
128.41201614820983	300	9.597303928964465	0.0	139857	1342.8910137487983	0.3
129.79752007165266	300	12.211800005521633	0.0	155432	1385.5039234428314	0.3
130.53447682255643	300	15.474843254617861	0.0	163442	736.956750903771	0.3
131.11417254006932	300	18.895147537104947	0.0	126289	579.6957175129162	0.3
131.79856295661847	300	22.210757120555794	0.0	153295	684.3904165491521	0.3
132.49750134713858	300	25.51181873003569	0.0	173849	698.9383905201051	0.3
133.12956482075683	300	28.879755256417454	0.0	150710	632.0634736182328	0.3
133.57393537998402	300	32.43538469719023	0.0	139105	444.37055922722413	0.3
134.00762147074548	300	36.001698606428775	0.0	141840	433.6860907614584	0.3
134.45314063060866	300	39.5561794465656	0.0	156148	445.5191598631818	0.3
135.00433470987585	300	43.00498536729842	0.0	160746	551.1940792671826	0.3
135.62826393134063	300	46.381056145833625	0.0	179801	623.9292214647933	0.3
136.14245771912047	300	49.866862358053794	0.0	140051	514.1937877798255	0.3
136.65327251907445	300	53.35604755809982	0.0	138313	510.814799953982	0.3
137.17236441142234	300	56.83695566575192	0.0	143509	519.0918923478982	0.3
137.91011684525972	300	59.80044987482276	0.0	150616	536.5057909291545	0.3
138.83621160244545	300	59.67302579383402	0.0	165384	627.4240809887399	0.3
139.55517116414316	300	59.73288141308365	0.0	140881	440.1443807503667	0.3
140.67462636076579	300	59.56756136234601	0.0	157671	665.3200507376376	0.3
141.29145629869447	300	59.95621395677415	0.0	157812	611.3474055718674	0.3
141.9878010526525	300	59.78578287932358	0.0	163927	670.4310774505755	0.3
143.35693202835614	750	59.96417421542544	0.0	343800	1321.6086638981349	0.3
145.30690751616692	750	59.897947698972835	0.0	359903	1566.2265164526057	0.75
147.23387797484992	750	59.8263368456104	0.0	379700	1571.6108533624335	0.75
149.571611135104	750	59.880150106293655	0.0	425781	1946.1867393167436	0.75
150.9800090828398	750	59.741724309544416	0.0	277716	1138.425796749242	0.75
152.82202839283366	750	59.72070079679079	0.0	400396	1521.0235127536266	0.75
154.56012810086295	750	59.707148855696225	0.0	400508	1513.5519410945546	0.75
157.47893981092588	1200	59.500016831682146	0.0	570392	2207.1320240140853	0.75
160.61563828979354	1200	59.70750747342274	0.0	620283	2792.5093582594045	1.2
163.3925100965749	1200	59.80116615418618	0.0	584349	2406.3413192365597	1.2
166.2825914769306	1200	59.53639067438074	0.0	670129	2764.7754798054384	1.2
169.95690187035456	1200	59.581888442243894	0.0	690253	2954.502232136842	1.2
173.1112490940132	1200	59.54961893490811	0.0	598727	2532.2695073357822	1.2
176.0780902729039	1200	59.94223710347422	0.0	487812	2607.3818314338946	1.2
179.87112890281884	1200	59.71544755284513	0.0	575591	3726.789550629086	1.2
183.82396234338734	1200	59.76261411227662	0.0	605884	3952.8334405685105	1.2
187.14785469612346	1200	59.78020919583575	0.0	587506	2982.4049164408725	1.2
190.97830032691465	1200	59.94976356504457	0.0	566904	3330.4456307911787	1.2
196.2025658861858	1200	58.72549800577344	0.0	641452	5224.26555927114	1.2
201.63702188514526	1200	57.29104200681399	0.0	599477	5434.455998959451	1.2
203.57485866072744	750	59.353205231231776	0.0	438281	1937.8367755822098	0.3
205.80009798183016	750	59.774831175780015	0.0	398987	1578.3740554517553	0.75
208.04339401785145	750	59.63661583809487	0.0	393804	1638.2153376851493	0.75
210.06845164978026	750	59.781627352298536	0.0	331053	1354.9884857963357	0.75
212.05155101280545	750	59.89511230585217	0.0	314107	1386.5150464463632	0.75

