6896.152634556501	300	4.0	3.5062121933423636	181801	3506.2121933423637	-14.776712431372163
6898.815859256392	300	5.3367753001090925	0.0	155580	2663.2246998909077	0.3
6901.217673289636	300	6.934961266865663	0.0	139857	2401.8140332434286	0.3
6904.052786891648	300	8.099847664853955	0.0	155432	2835.113602011708	0.3
6908.099116332594	300	8.05351822390742	0.0	163442	4046.329440946538	0.3
6911.547450798579	300	8.605183757922559	0.0	126289	3448.334465984859	0.3
6914.098336389557	300	10.054298166945143	0.0	153295	2550.885590977415	0.3
6917.651779564396	300	10.500854992106401	0.0	173849	3553.443174838743	0.3
6920.881807875038	300	11.270826681464078	0.0	150710	3230.0283106423226	0.3
6923.399800471374	300	12.752834085128486	0.0	139105	2517.9925963355936	0.3
6926.165568825718	300	13.987065730784431	0.0	141840	2765.768354344053	0.3
6930.2214189579145	300	13.931215598588285	0.0	156148	4055.8501321961476	0.3
6935.282171269857	300	12.87046328664483	0.0	160746	5060.7523119434545	0.3
6940.1136292317215	300	12.039005324780996	0.0	179801	4831.4579618638345	0.3
6945.0513317087	300	11.101302847802824	0.0	140051	4937.70247697817	0.3
6948.510404473292	300	11.642230083210718	0.0	138313	3459.072764592106	0.3
6951.7582964381	300	12.394338118402686	0.0	143509	3247.8919648080314	0.3
6954.018225257591	300	14.13440929891155	0.0	150616	2259.928819491138	0.3
6955.753795885014	300	16.398838671488146	0.0	165384	1735.5706274234042	0.3
6957.938376755451	300	18.214257801051826	0.0	140881	2184.5808704363203	0.3
6961.031492592106	300	19.121141964397335	0.0	157671	3093.11583665449	0.3
6964.3507344337795	300	19.801900122723413	0.0	157812	3319.241841673919	0.3
6967.686618571117	300	20.46601598538668	0.0	163927	3335.884137336737	0.3
6970.23792693693	300	21.914707619573083	0.0	137654	2551.3083658135947	0.3
6972.62426958905	300	23.528364967453513	0.0	146754	2386.3426521195715	0.3
6974.376994692193	300	25.775639864309746	0.0	153938	1752.7251031437665	0.3
6976.2085789362	300	27.944055620303384	0.0	181901	1831.5842440063602	0.3
6977.2581715484075	300	30.894463008095823	0.0	111155	1049.5926122075603	0.3
6978.741931551903	300	33.410703004600364	0.0	153605	1483.7600034954635	0.3
6980.1691849956105	300	35.98344956089254	0.0	149029	1427.253443707825	0.3
6981.644174872755	300	38.50845968374747	0.0	157421	1474.9898771450692	0.3
6983.163858016822	300	40.98877653968122	0.0	157488	1519.6831440662536	0.3
6984.7629672959065	300	43.389667260596056	0.0	143881	1599.1092790851585	0.3
6986.44672017549	300	45.70591438101295	0.0	163444	1683.7528795831013	0.3
6988.473344844227	300	47.679289712275576	0.0	179328	2026.6246687373787	0.3
6991.162620481913	300	48.99001407458935	0.0	159914	2689.2756376862276	0.3
6992.686228851716	300	51.46640570478674	0.0	131610	1523.6083698026046	0.3
6993.938103441912	300	54.21453111459091	0.0	124011	1251.874590195823	0.3
6995.59544797818	300	56.55718657832279	0.0	144254	1657.344536268123	0.3
6997.4993785886945	300	58.653255967808974	0.0	149991	1903.9306105138203	0.3
7000.447303694628	300	59.705330861874856	0.0	147968	2947.925105934121	0.3
7004.393458458205	300	59.759176098298205	0.0	161857	3446.154763576645	0.3
7007.833456006302	300	59.93769537677175	0.0	145210	1821.4807215264614	0.3
7011.10902920022	300	59.80416720709854	0.0	172312	2133.528169673209	0.3
7013.161378905201	300	59.93401486672971	0.0	167025	1370.1523403688277	0.3
7016.178826470464	300	59.816389799904336	0.0	160064	1617.6250668253797	0.3
7020.478686559739	300	59.516529710628916	0.0	137507	2799.86008927542	0.3
7023.078096890645	300	59.696665877032416	0.0	118421	1819.8638335965	0.3

