8869.872650759296	300	4.0	2.342534869962582	450283	2342.534869962582	0	-9.322899940839102
8870.943338834426	300	6.929311924870432	0.0	155580	1070.6880751295678	0	-0.15000000000000002
8872.246873425673	300	9.625777333623237	0.0	139857	1303.5345912471955	0	0.3
8873.369130821078	750	12.503519938216048	0.0	155432	1122.257395407189	1	0.3
8875.131957042138	750	14.740693717156368	0.0	411561	1762.8262210596802	1	0.3
8876.364717902872	1850	17.507932856422414	0.0	318564	1232.7608607339573	3	0.75
8879.437075719146	1850	18.435575040149764	0.0	905515	3072.3578162726485	3	0.75
8882.680791361274	1850	19.19185939802083	0.0	1060487	3243.7156421289346	3	1.85
8885.40287637631	1850	20.469774382984003	0.0	852833	2722.0850150368265	3	1.85
8888.623735233035	1850	21.2489155262599	0.0	913888	3220.8588567241004	3	1.85
8893.488525948307	1850	20.384124810989196	0.0	939819	4864.790715270705	3	1.85
8897.382595078021	1850	20.490055681275066	0.0	917428	3894.069129714133	3	1.85
8900.836160864215	1850	21.036489895080106	0.0	946851	3453.565786194957	3	1.85
8904.139863400154	1850	21.73278735914233	0.0	1036454	3303.7025359377812	3	1.85
8906.746854007404	1850	23.125796751892167	0.0	821631	2606.9906072501567	3	1.85
8909.617183596487	1850	24.255467162810703	0.0	923170	2870.329589081467	3	1.85
8912.630701801123	1850	25.241948958173605	0.0	966699	3013.5182046370983	3	1.85
8915.594127173801	1850	26.278523585495336	0.0	885714	2963.4253726782717	3	1.85
8920.112064660914	1850	25.760586098382934	0.0	987708	4517.937487112402	3	1.85
8924.419793486924	1850	25.452857272373038	0.0	923755	4307.728826009894	3	1.85
8927.781169437809	1850	26.091481321488367	0.0	891604	3361.375950884673	3	1.85
8931.569492044257	1850	26.30315871504078	0.0	955231	3788.322606447587	3	1.85
8934.856773967993	1850	27.015876791304343	0.0	968026	3287.281923736435	3	1.85
8938.757370625155	1850	27.115280134140914	0.0	874175	3900.59665716343	3	1.85
8944.383432331528	1850	25.48921842776696	0.0	897976	5626.061706373952	3	1.85
8949.08814357477	1850	24.78450718452423	0.0	905935	4704.711243242732	3	1.85
8954.459938520484	1850	23.412712238811363	0.0	1076599	5371.794945712865	3	1.85
8959.164828898396	1850	22.707821860897994	0.0	758197	4704.89037791337	3	1.85
8965.102428479784	1850	20.77022227951034	0.0	972798	5937.59958138766	3	1.85
8971.695281012271	1850	18.177369747022617	0.0	975811	6592.852532487717	3	1.85
8978.156724819039	1850	15.715925940255493	0.0	873429	6461.443806767126	3	1.85
8985.72167782726	1850	12.150972932033529	0.0	954453	7564.953008221964	3	1.85
8993.225123020453	750	8.647527738839846	0.0	885062	7503.445193193681	1	1.85
8997.97567155073	300	7.8969792085633275	0.0	412837	4750.548530276519	0	-0.3500000000000001
8999.57304378392	300	10.29960697537313	0.0	179328	1597.3722331901968	0	-0.15000000000000002
9002.623597976824	300	11.249052782469484	0.0	159914	3050.554192903647	0	0.3
9006.438002646655	300	11.434648112639763	0.0	131610	3814.40466982972	0	0.3
9009.178344601449	300	12.694306157845174	0.0	124011	2740.341954794588	0	0.3
9011.158998416257	300	14.713652343036708	0.0	144254	1980.6538148084653	0	0.3
9013.798559285331	750	16.07409147396078	0.0	149991	2639.56086907593	1	0.3
9020.663798209305	750	13.208852549987235	0.0	345516	6865.238923973545	1	0.3
9024.25439044991	750	13.618260309381588	0.0	384505	3590.5922406056457	1	0.75
9026.736307312633	750	15.1363434466609	0.0	372093	2481.9168627206886	1	0.75
9029.434132586299	750	16.438518172994	0.0	438281	2697.825273666899	1	0.75
9032.248323547887	750	17.62432721140654	0.0	398987	2814.1909615874633	1	0.75
9034.67884626548	750	19.193804493813047	0.0	393804	2430.52271759349	1	0.75
9036.642744715875	750	21.22990604341836	0.0	331053	1963.898450394689	1	0.75
9038.414124062967	1850	23.458526696327688	0.0	314107	1771.3793470906721	3	0.75

