20855.2391097392	750	4.0	4.264022486880352	450283	4264.022486880352	1	-17.585296693585512
20858.567684455094	750	4.6714252841044255	0.0	398865	3328.5747158955746	1	0.75
20866.792968511487	300	4.0	3.5538587722903374	350812	8225.284056394763	0	-14.531592720848451
20870.89868680543	300	4.0	0.10571829394209999	155432	4105.7182939421	0	-0.60458866395103
20875.65677328986	300	4.0	0.758086484428737	163442	4758.086484428737	0	-2.9597718830435693
20879.212674282837	300	4.444099007020458	0.0	126289	3555.900992979542	0	0.3
20881.52731437059	300	6.12945891927126	0.0	153295	2314.6400877491983	0	0.3
20883.292881813977	300	8.363891475880894	0.0	173849	1765.5674433903644	0	0.3
20884.702447233507	300	10.954326056353818	0.0	150710	1409.5654195270777	0	0.3
20885.82103611926	750	13.835737170600272	0.0	139105	1118.5888857535444	1	0.3
20889.267047384066	750	14.389725905794698	0.0	353220	3446.0112648055747	1	0.3
20896.163733081947	750	11.493040207910052	0.0	405134	6896.685697884645	1	0.75
20900.024864358926	750	11.631908930934108	0.0	386351	3861.1312769759465	1	0.75
20903.08142643194	750	12.575346857914239	0.0	434409	3056.562073019867	1	0.75
20907.423644972012	750	12.233128317843967	0.0	337059	4342.218540070274	1	0.75
20911.452702447023	750	12.204070842832262	0.0	366214	4029.057475011703	1	0.75
20914.355456100704	750	13.301317189152565	0.0	360831	2902.7536536796983	1	0.75
20921.0831201877	750	10.573653102155498	0.0	372963	6727.664086997066	1	0.75
20925.711852352953	300	9.944920936900045	0.0	405596	4628.732165255453	0	0.75
20927.262904441006	300	12.393868848848623	0.0	140881	1551.0520880514227	0	-0.15000000000000002
20929.30248538161	300	14.354287908244137	0.0	157671	2039.580940604484	0	0.3
20932.515795273113	750	15.140978016739929	0.0	157812	3213.3098915042074	1	0.3
20936.64524992614	750	15.011523363713879	0.0	401853	4129.45465302605	1	0.3
20940.314922996746	750	15.341850293109678	0.0	343800	3669.6730706042017	1	0.75
20945.218676597906	750	14.43809669195082	0.0	359903	4903.753601158858	1	0.75
20949.19254464385	750	14.464228646005095	0.0	379700	3973.868045945725	1	0.75
20952.96472202639	750	14.692051263464094	0.0	425781	3772.1773825409996	1	0.75
20955.578019780867	750	16.078753508987425	0.0	277716	2613.2977544766695	1	0.75
20959.12911543659	750	16.5276578532613	0.0	400396	3551.0956557261284	1	0.75
20963.608553315247	750	16.04821997460351	0.0	400508	4479.43787865779	1	0.75
20968.06583230998	750	15.59094097987362	0.0	358218	4457.278994729888	1	0.75
20972.016930678197	750	15.63984261165677	0.0	400322	3951.0983682168503	1	0.75
20975.85537532068	750	15.801397969172033	0.0	369834	3838.4446424847374	1	0.75
20979.723096514303	750	15.933676775548209	0.0	412837	3867.7211936238236	1	0.75
20983.381321282017	750	16.275452007834026	0.0	401088	3658.224767714182	1	0.75
20993.096837376677	750	10.559935913173922	0.0	365161	9715.516094660104	1	0.75
21002.48165255734	300	5.175120732510381	0.0	321064	9384.815180663541	0	0.75
21004.369408530605	300	7.287364759244027	0.0	124011	1887.7559732663544	0	-0.15000000000000002
21006.179645252763	300	9.477128037082938	0.0	144254	1810.2367221610903	0	0.3
21007.631617750885	750	12.02515553896219	0.0	149991	1451.9724981207482	1	0.3
21010.463846325707	750	13.192926964144124	0.0	345516	2832.2285748180666	1	0.3
21015.751283493133	750	11.905489796719113	0.0	384505	5287.43716742501	1	0.75
21021.160243037164	300	10.496530252686778	0.0	372093	5408.9595440323355	0	0.75
21022.953653649016	750	12.703119640833568	0.0	172312	1793.4106118532097	1	-0.15000000000000002
21025.935079133822	750	13.72169415602712	0.0	398987	2981.4254848064493	1	0.3
21030.01051335599	750	13.646259933860092	0.0	393804	4075.4342221670263	1	0.75
21034.340850885554	750	13.315922404293724	0.0	331053	4330.337529566367	1	0.75
21036.68050601789	750	14.97626727196068	0.0	314107	2339.6551323330445	1	0.75

