12767.509264649232	300	4.0	7.229722006325715	450283	7229.722006325715	0	-30.337804627200573
12769.991832615979	300	5.517432033254713	0.0	155580	2482.567966745287	0	-0.15000000000000002
12772.242510591981	300	7.266754057251941	0.0	139857	2250.6779760027725	0	0.3
12775.52632519606	300	7.982939453173061	0.0	155432	3283.8146040788806	0	0.3
12779.427267695888	300	8.081996953345817	0.0	163442	3900.9424998272434	0	0.3
12782.244052847098	300	9.265211802135669	0.0	126289	2816.785151210147	0	0.3
12785.491250045618	300	10.018014603615459	0.0	153295	3247.1971985202117	0	0.3
12788.05295684964	300	11.456307799592997	0.0	173849	2561.706804022462	0	0.3
12789.976837470858	300	13.532427178375375	0.0	150710	1923.8806212176214	0	0.3
12791.772959640593	750	15.736305008638867	0.0	139105	1796.1221697365083	1	0.3
12795.590123485244	750	15.919141163988439	0.0	353220	3817.1638446504267	1	0.3
12798.649259597489	750	16.86000505174326	0.0	405134	3059.136112245178	1	0.75
12801.577265730284	750	17.931998918948164	0.0	386351	2928.0061327950984	1	0.75
12806.659885901203	750	16.84937874802917	0.0	434409	5082.620170918991	1	0.75
12809.556102529972	750	17.953162119259897	0.0	337059	2896.2166287692758	1	0.75
12812.342774619901	750	19.1664900293311	0.0	366214	2786.672089928798	1	0.75
12815.598361836752	750	19.9109028124799	0.0	360831	3255.587216851199	1	0.75
12819.085963527472	750	20.4233011217584	0.0	372963	3487.6016907215026	1	0.75
12824.775082342956	750	18.73418230627482	0.0	405596	5689.1188154835745	1	0.75
12830.327298272254	750	17.181966376977805	0.0	350713	5552.2159292970155	1	0.75
12837.940005285684	750	13.569259363548571	0.0	386472	7612.7070134292335	1	0.75
12841.72244406716	750	13.786820582072435	0.0	399894	3782.4387814761353	1	0.75
12845.539895021526	750	13.969369627706065	0.0	401853	3817.450954366371	1	0.75
12850.520978675357	750	12.988285973876852	0.0	343800	4981.0836538292115	1	0.75
12858.694499018622	300	8.814765630609953	0.0	359903	8173.520343266901	0	0.75
12861.953801725067	300	9.555462924165939	0.0	153938	3259.3027064440143	0	-0.15000000000000002
12864.451509987273	300	11.05775466195825	0.0	181901	2497.7082622076878	0	0.3
12866.154382181057	300	13.354882468175347	0.0	111155	1702.8721937829037	0	0.3
12868.919300998825	300	14.589963650407634	0.0	153605	2764.918817767712	0	0.3
12871.057216166168	750	16.452048483065163	0.0	149029	2137.915167342475	1	0.3
12874.602634623232	750	16.906630026001988	0.0	358218	3545.418457063174	1	0.3
12878.246445608911	750	17.262819040323407	0.0	400322	3643.8109856785823	1	0.75
12882.625334096416	750	16.883930552817873	0.0	369834	4378.888487505533	1	0.75
12887.087484205022	750	16.4217804442108	0.0	412837	4462.150108607075	1	0.75
12890.435695559436	750	17.0735690897963	0.0	401088	3348.211354414499	1	0.75
12894.78484212343	750	16.72442252580162	0.0	365161	4349.146563994676	1	0.75
12900.34671602854	750	15.162548620693054	0.0	321064	5561.87390510857	1	0.75
12906.635796531324	750	12.873468117908638	0.0	361565	6289.080502784414	1	0.75
12915.110771082962	300	8.398493566269401	0.0	378327	8474.974551639238	0	0.75
12917.84482454988	300	9.664440099351243	0.0	149991	2734.053466918157	0	-0.15000000000000002
12919.730957516545	300	11.778307132685997	0.0	147968	1886.132966665245	0	0.3
12921.794766101655	300	13.714498547576355	0.0	161857	2063.8085851096416	0	0.3
12923.685012214028	750	15.824252435202908	0.0	145210	1890.2461123734463	1	0.3
12927.775335805134	750	15.733928844096207	0.0	438281	4090.3235911067018	1	0.3
12930.725733558276	750	16.783531090954252	0.0	398987	2950.397753141951	1	0.75
12933.643913684125	750	17.865350965104742	0.0	393804	2918.18012584951	1	0.75
12938.295728657242	750	17.213535991988582	0.0	331053	4651.814973116159	1	0.75
12940.736444683938	750	18.77281996529126	0.0	314107	2440.71602669732	1	0.75

