2792.5591642688246	300	4.0	1.8471370276969283	450283	1847.1370276969283	0	-7.192689219096792
2793.3041576375103	300	7.2550066313144255	0.0	155580	744.9933686855745	0	-0.15000000000000002
2794.0638335205294	750	10.495330748295746	0.0	139857	759.6758830186783	1	0.3
2796.0126778930803	750	12.546486375744955	0.0	382355	1948.8443725507911	1	0.3
2797.8034062902307	750	14.755757978594541	0.0	411561	1790.728397150414	1	0.75
2799.246675973008	750	17.312488295816973	0.0	318564	1443.2696827775685	1	0.75
2800.7457446780845	750	19.813419590740825	0.0	352642	1499.0687050761487	1	0.75
2802.9113950530295	750	21.647769215796096	0.0	437162	2165.650374944729	1	0.75
2804.6075269726466	1850	23.951637296178678	0.0	374758	1696.1319196174206	3	0.75
2807.7575605230645	1850	24.80160374576127	0.0	913888	3150.0335504174086	3	0.75
2811.594930853518	1850	24.964233415307667	0.0	939819	3837.370330453602	3	1.85
2815.6221640204662	1850	24.937000248359354	0.0	917428	4027.2331669483124	3	1.85
2820.413753284174	1850	24.145410984651676	0.0	946851	4791.589263707677	3	1.85
2824.639955666835	1850	23.91920860199059	0.0	1036454	4226.202382661086	3	1.85
2827.954250405171	1850	24.604913863654634	0.0	821631	3314.2947383359583	3	1.85
2831.6299921184645	1850	24.92917215036115	0.0	923170	3675.7417132934834	3	1.85
2834.787197397418	1850	25.771966871407773	0.0	966699	3157.205278953377	3	1.85
2838.4029265682548	1850	26.156237700570752	0.0	885714	3615.7291708370203	3	1.85
2842.003472272986	1850	26.55569199583972	0.0	987708	3600.545704731034	3	1.85
2845.399816248646	1850	27.159348020179806	0.0	923755	3396.343975659914	3	1.85
2848.671200300648	1850	27.88796396817804	0.0	891604	3271.3840520017657	3	1.85
2852.8963861632405	1850	27.662778105585204	0.0	955231	4225.185862592835	3	1.85
2857.2425583930512	1850	27.31660587577474	0.0	968026	4346.1722298104605	3	1.85
2861.506705905617	1850	27.05245836320933	0.0	874175	4264.147512565412	3	1.85
2865.7084803019984	1850	26.850683966827646	0.0	897976	4201.774396381681	3	1.85
2869.8221528497606	1850	26.737011419065283	0.0	905935	4113.672547762364	3	1.85
2874.605030940653	1850	25.95413332817343	0.0	1076599	4782.878090891852	3	1.85
2877.774089920881	1850	26.78507434794517	0.0	758197	3169.0589802282593	3	1.85
2882.370914183574	1850	26.188250085252367	0.0	972798	4596.824262692802	3	1.85
2886.879743371981	1850	25.679420896844942	0.0	975811	4508.829188407423	3	1.85
2891.8876122084166	1850	24.67155206040966	0.0	873429	5007.868836435281	3	1.85
2900.1058292966422	1850	20.453334972183804	0.0	954453	8218.217088225858	3	1.85
2914.186976628323	300	10.372187640503181	0.0	885062	14081.14733168062	0	1.85
2915.6052848994223	750	12.953879369403715	0.0	163444	1418.3082710994652	1	-1.25
2918.734463338477	750	13.824700930348964	0.0	401088	3129.1784390547514	1	0.3
2922.0542644559396	750	14.504899812886338	0.0	365161	3319.8011174626263	1	0.75
2926.5662459021437	750	13.99291836668228	0.0	321064	4511.981446204058	1	0.75
2930.163314675124	750	14.395849593701996	0.0	361565	3597.0687729802853	1	0.75
2933.232997624786	750	15.32616664404015	0.0	378327	3069.6829496618466	1	0.75
2936.0497849543162	750	16.509379314509935	0.0	390680	2816.7873295302115	1	0.75
2938.7024572321898	750	17.85670703663651	0.0	345516	2652.6722778734247	1	0.75
2941.89005542082	750	18.669108848006783	0.0	384505	3187.598188629731	1	0.75
2944.28341517832	750	20.275749090506757	0.0	372093	2393.3597575000235	1	0.75
2947.29098558863	750	21.268178680196538	0.0	438281	3007.570410310217	1	0.75
2950.0884493068434	750	22.470714961983173	0.0	398987	2797.4637182133656	1	0.75
2953.741558636245	750	22.81760563258168	0.0	393804	3653.10932940149	1	0.75
2956.777547382289	750	23.781616886537595	0.0	331053	3035.9887460440873	1	0.75
2959.7245803231526	750	24.834583945673753	0.0	314107	2947.0329408638427	1	0.75

