18150.320575506346	750	4.0	7.571061952176263	450283	7571.061952176264	-31.805566394357932
18152.300369929508	300	6.020205576839139	0.0	155580	1979.794423160861	-0.15000000000000002
18153.39338191082	300	8.927193595526365	0.0	139857	1093.0119813127735	0.3
18156.33556470982	750	9.985010796525442	0.0	382355	2942.1827990009215	0.3
18159.50571725906	750	10.814858247286523	0.0	411561	3170.1525492389196	0.75
18161.948555883704	750	12.372019622641153	0.0	318564	2442.83862464537	0.75
18164.558659790535	750	13.761915715810535	0.0	352642	2610.103906830618	0.75
18167.42794008722	750	14.892635419126071	0.0	437162	2869.280296684465	0.75
18172.341388543962	750	13.979186962379568	0.0	374758	4913.4484567465015	0.75
18178.27057531431	750	12.050000192033524	0.0	362795	5929.186770346044	0.75
18181.26095698079	300	13.059618525551757	0.0	141840	2990.3816664817655	-0.15000000000000002
18185.67866962801	300	12.64190587833213	0.0	156148	4417.712647219628	0.3
18189.886373047582	300	12.434202458757367	0.0	160746	4207.703419574764	0.3
18192.92656954124	300	13.394005965100504	0.0	179801	3040.196493656862	0.3
18194.374811495443	300	15.945764010895775	0.0	140051	1448.2419542047305	0.3
18197.2502793712	750	17.0702961351349	0.0	366214	2875.4678757608763	0.3
18201.91205278484	1200	16.408522721498663	0.0	617242	4661.773413636237	0.75
18206.551263557663	1200	15.769311948670602	0.0	581493	4639.21077282806	1.2
18212.651655564645	1200	13.668919941693511	0.0	639204	6100.39200697709	1.2
18220.03240830498	1200	10.288167201356467	0.0	586839	7380.752740337044	1.2
18229.46116360521	1200	4.859411901128034	0.0	601738	9428.755300228433	1.2
18231.109340993044	300	7.211234513295908	0.0	157812	1648.1773878321267	-0.6000000000000001
18232.980814204144	300	9.339761302194372	0.0	163927	1871.4732111015364	0.3
18234.375036021243	300	11.945539485095686	0.0	137654	1394.221817098686	0.3
18237.361320340508	750	12.959255165833842	0.0	359903	2986.2843192618457	0.3
18240.17878218869	750	14.141793317650196	0.0	379700	2817.4618481836455	0.75
18244.780577854224	1200	13.539997652116671	0.0	696376	4601.795665533523	0.75
18250.105389494765	1200	12.215186011576163	0.0	487160	5324.81164054051	1.2
18255.989901819958	1200	10.330673686383673	0.0	622896	5884.512325192491	1.2
18262.389439429662	750	7.931136076680822	0.0	400508	6399.53760970285	0.3
18263.803940417532	300	10.516635088811574	0.0	157421	1414.5009878692492	-0.15000000000000002
18264.675607706893	300	13.644967799451795	0.0	157488	871.6672893597786	0.3
18269.511990796578	1200	12.808584709768647	0.0	584349	4836.383089683148	0.29999999999999993
18272.58054345439	750	13.740032051956282	0.0	412837	3068.552657812365	0.3
18275.43817575025	750	14.882399756099057	0.0	401088	2857.6322958572246	0.75
18281.34001026035	1200	12.980565246001483	0.0	598727	5901.834510097574	0.75
18284.93334833701	750	13.387227169339004	0.0	321064	3593.3380766624773	0.3
18292.275225699246	750	10.045349807100926	0.0	361565	7341.877362238078	0.75
18296.349170676796	300	9.971404829549448	0.0	144254	4073.9449775514804	-0.15000000000000002
18300.28070268136	300	10.03987282498673	0.0	149991	3931.5320045627163	0.3
18302.867374620695	300	11.453200885651466	0.0	147968	2586.671939335264	0.3
18304.79054642188	300	13.530029084466703	0.0	161857	1923.1718011847615	0.3
18305.88524641351	300	16.435329092834298	0.0	145210	1094.6999916324075	0.3
18309.562917290034	750	16.75765821631345	0.0	438281	3677.6708765208464	0.3
18312.359129192606	750	17.961446313740236	0.0	398987	2796.2119025732163	0.75
18320.274014310573	1850	14.04656119577356	0.0	982064	7914.885117966674	0.75
18330.34998823366	1850	7.970587272686665	0.0	830730	10075.973923086895	1.85
18339.333987192113	1200	4.0	1.013411685765528	550906	8983.998958452194	-3.8076702487917697

