23155.614077797072	750	4.0	4.665178135276565	450283	4665.178135276565	-19.31026598168923
23157.112912364963	300	6.501165432110702	0.0	155580	1498.8345678892972	-0.15000000000000002
23158.554441346878	300	9.059636450196395	0.0	139857	1441.5289819143081	0.3
23161.613723854698	300	10.000353942372927	0.0	155432	3059.282507823468	0.3
23165.678724361234	300	9.935353435839435	0.0	163442	4065.000506533491	0.3
23168.60226435722	300	11.011813439851737	0.0	126289	2923.539995987698	0.3
23171.463972448517	300	12.15010534855435	0.0	153295	2861.708091297388	0.3
23174.86703508135	300	12.747042715718758	0.0	173849	3403.0626328355916	0.3
23177.784801634076	300	13.829276162996456	0.0	150710	2917.766552722302	0.3
23180.380770918735	300	15.233306878338324	0.0	139105	2595.969284658131	0.3
23183.818769803496	300	15.795307993574422	0.0	141840	3437.9988847639015	0.3
23189.014151390013	300	14.599926407058215	0.0	156148	5195.381586516208	0.3
23193.244258871142	300	14.369818925929478	0.0	160746	4230.107481128735	0.3
23197.025187684587	300	14.588890112485023	0.0	179801	3780.9288134444546	0.3
23200.511592303235	300	15.102485493839552	0.0	140051	3486.404618645471	0.3
23204.794297539876	300	14.819780257200604	0.0	138313	4282.705236638948	0.3
23209.877426298153	300	13.736651498923296	0.0	143509	5083.128758277308	0.3
23213.218368483955	300	14.395709313123865	0.0	150616	3340.942185799432	0.3
23214.72584839208	300	16.88822940499606	0.0	165384	1507.4799081278047	0.3
23216.700532375733	750	18.913545421341553	0.0	350713	1974.6839836545068	0.3
23218.605126169714	750	21.008951627362062	0.0	386472	1904.5937939794949	0.75
23223.184361476135	1850	20.429716320941885	0.0	955231	4579.235306420175	0.75
23227.88351809425	1850	19.73055970282254	0.0	968026	4699.156618119348	1.85
23232.374496148426	1850	19.239581648648898	0.0	874175	4490.978054173639	1.85
23237.82122728607	1850	17.792850511005323	0.0	897976	5446.731137643577	1.85
23245.494694769262	1850	14.119383027811528	0.0	905935	7673.467483193795	1.85
23254.631313125436	1850	8.982764671640053	0.0	1076599	9136.618356171473	1.85
23256.789684007028	750	10.824393790050484	0.0	277716	2158.3708815895693	-0.3500000000000001
23260.200219985625	750	11.413857811448334	0.0	400396	3410.535978602148	0.75
23263.67232791434	750	11.941749882731928	0.0	400508	3472.107928716406	0.75
23266.49055156378	750	13.123526233294841	0.0	358218	2818.223649437088	0.75
23270.8736739971	1200	12.74040379997497	0.0	620283	4383.12243331987	0.75
23274.943339006564	1200	12.670738790511248	0.0	584349	4069.6650094637234	1.2
23279.33121156243	1200	12.282866234646965	0.0	670129	4387.872555864283	1.2
23282.964242659757	1200	12.649835137321462	0.0	690253	3633.031097325502	1.2
23287.730228317465	1850	11.883849479610461	0.0	943942	4765.985657711002	1.2000000000000002
23291.56503130761	1850	12.04904648946386	0.0	728962	3834.8029901466007	1.85
23295.310680702514	1850	12.303397094559301	0.0	938587	3745.64939490456	1.85
23300.27193307659	1850	11.342144720482535	0.0	908665	4961.252374076766	1.85
23305.717421931662	1850	9.896655865409615	0.0	930577	5445.488855072919	1.85
23308.39007053782	1200	11.224007259252714	0.0	566904	2672.6486061569003	0.5499999999999999
23311.460465411594	1200	12.153612385475865	0.0	641452	3070.3948737768474	1.2
23314.107309755247	1200	13.50676804182183	0.0	599477	2646.8443436540356	1.2
23317.109233303217	1200	14.504844493850667	0.0	634861	3001.9235479711624	1.2
23321.458902658967	1850	14.155175138099429	0.0	958994	4349.669355751239	1.2000000000000002
23328.82722883034	2850	10.786848966729144	0.0	1483527	7368.326171370285	1.85
23335.246669196265	2850	8.367408600802285	0.0	1231456	6419.440365926856	2.85
23343.351935815437	2850	4.262141981628646	0.0	1364537	8105.266619173641	2.85

