10826.619757992697	300	4.0	3.478694088168143	450283	3478.694088168143	0	-14.208384579123015
10827.824885160417	300	6.794872832282032	0.0	155580	1205.1271677179675	0	-0.15000000000000002
10828.632078298146	750	9.987679694553293	0.0	139857	807.1931377287391	1	0.3
10830.709118615263	750	11.910639377436901	0.0	382355	2077.0403171163925	1	0.3
10833.342171735405	750	13.277586257294944	0.0	411561	2633.0531201419562	1	0.75
10835.268034773831	750	15.351723218866276	0.0	318564	1925.8630384286682	1	0.75
10838.229034533628	750	16.390723459071705	0.0	352642	2960.9997597945694	1	0.75
10842.173607640822	750	16.44615035187843	0.0	437162	3944.5731071932755	1	0.75
10847.45703302315	750	15.16272496954974	0.0	374758	5283.42538232869	1	0.75
10853.361832613677	750	13.25792537902301	0.0	362795	5904.799590526732	1	0.75
10858.356499669228	750	12.263258323471229	0.0	353220	4994.66705555178	1	0.75
10865.814802607212	300	8.804955385486574	0.0	405134	7458.302937984655	0	0.75
10868.685288812363	300	9.934469180335068	0.0	160746	2870.4862051515065	0	-0.15000000000000002
10870.02285014686	750	12.596907845838942	0.0	179801	1337.5613344961264	1	0.3
10872.110304166896	750	14.509453825802666	0.0	337059	2087.454020036275	1	0.3
10874.50979384972	750	16.10996414297857	0.0	366214	2399.4896828240967	1	0.75
10879.35731763496	750	15.26244035773779	0.0	360831	4847.52378524078	1	0.75
10884.555840829787	750	14.063917162910123	0.0	372963	5198.523194827668	1	0.75
10888.007170952473	750	14.612587040225476	0.0	405596	3451.3301226846465	1	0.75
10891.718278181244	750	14.90147981145431	0.0	350713	3711.107228771165	1	0.75
10896.496893189556	750	14.122864803141116	0.0	386472	4778.615008313194	1	0.75
10899.842292287913	750	14.777465704785667	0.0	399894	3345.3990983554495	1	0.75
10903.07699385566	750	15.542764137036851	0.0	401853	3234.7015677488153	1	0.75
10906.072504436017	750	16.54725355668187	0.0	343800	2995.5105803549814	1	0.75
10908.87151539099	750	17.74824260170808	0.0	359903	2799.010954973791	1	0.75
10912.756406039884	750	17.86335195281466	0.0	379700	3884.890648893418	1	0.75
10916.67324235379	750	17.946515638908174	0.0	425781	3916.836313906484	1	0.75
10919.255484977208	750	19.364273015491097	0.0	277716	2582.2426234170803	1	0.75
10922.779170027212	750	19.840587965488275	0.0	400396	3523.6850500028245	1	0.75
10926.442360485195	750	20.177397507505724	0.0	400508	3663.1904579825473	1	0.75
10929.992704856088	750	20.62705313661216	0.0	358218	3550.344370893564	1	0.75
10933.542447722535	750	21.07731027016449	0.0	400322	3549.742866447671	1	0.75
10937.017826893683	750	21.60193109901623	0.0	369834	3475.3791711482577	1	0.75
10941.805454405101	750	20.814303587599646	0.0	412837	4787.627511416583	1	0.75
10946.005248562347	750	20.614509430353735	0.0	401088	4199.794157245913	1	0.75
10949.739931229831	750	20.87982676286851	0.0	365161	3734.6826674852246	1	0.75
10953.278998403543	750	21.340759589158665	0.0	321064	3539.067173709846	1	0.75
10957.378024011614	750	21.241733981087076	0.0	361565	4099.025608071587	1	0.75
10961.025743410699	750	21.594014582000934	0.0	378327	3647.7193990861433	1	0.75
10964.952865237456	1850	21.66689275524373	0.0	390680	3927.121826757203	3	0.75
10973.413591852534	1850	17.206166140167248	0.0	858450	8460.726615076484	3	0.75
10984.087973056963	750	10.531784935736713	0.0	1025005	10674.381204430534	1	1.85
10986.639436240006	750	11.980321752692907	0.0	372093	2551.4631830438047	1	-0.3500000000000001
10989.852007023655	750	12.767750969043371	0.0	438281	3212.5707836495367	1	0.75
10993.932308847436	750	12.68744914526269	0.0	398987	4080.3018237806805	1	0.75
10998.95794795317	750	11.661810039527628	0.0	393804	5025.639105735061	1	0.75
11002.762794930777	750	11.856963061921514	0.0	331053	3804.846977606115	1	0.75
11004.88777676722	750	13.731981225478219	0.0	314107	2124.981836443293	1	0.75

