10509.743583947638	750	4.0	6.835416697573638	450283	6835.416697573638	-28.642291799566642
10513.050122169701	300	4.693461777936518	0.0	155580	3306.5382220634815	-0.15000000000000002
10515.236439527644	300	6.507144419993679	0.0	139857	2186.3173579428385	0.3
10517.272255301488	300	8.471328646148999	0.0	155432	2035.8157738446798	0.3
10519.045565702048	300	10.698018245588635	0.0	163442	1773.310400560364	0.3
10521.043496271916	300	12.700087675722632	0.0	126289	1997.9305698660023	0.3
10522.407201211505	300	15.336382736134434	0.0	153295	1363.7049395881982	0.3
10526.067891215087	750	15.6756927325513	0.0	437162	3660.690003583134	0.3
10528.591314712226	750	17.152269235412575	0.0	374758	2523.4234971387227	0.75
10531.017746141259	750	18.725837806379435	0.0	362795	2426.4314290331426	0.75
10533.489557428655	750	20.25402651898347	0.0	353220	2471.8112873959653	0.75
10536.328526597747	750	21.415057349892653	0.0	405134	2838.9691690908157	0.75
10538.85648644161	750	22.88709750603041	0.0	386351	2527.959843862241	0.75
10541.61791057486	750	24.125673372779385	0.0	434409	2761.4241332510264	0.75
10547.00909399945	1850	22.734489948189708	0.0	821631	5391.183424589676	0.75
10554.385842610203	1850	19.357741337435684	0.0	923170	7376.748610754023	1.85
10561.673532770612	1850	16.070051177027505	0.0	966699	7287.69016040818	1.85
10567.111930729936	1850	14.631653217702228	0.0	885714	5438.397959325276	1.85
10572.364677529586	1850	13.378906418053402	0.0	987708	5252.746799648825	1.85
10577.058679577474	1850	12.684904370166286	0.0	923755	4694.002047887116	1.85
10582.142716253065	1850	11.60086769457559	0.0	891604	5084.036675590697	1.85
10589.3508283974	1850	8.392755550238833	0.0	955231	7208.112144336757	1.85
10592.449462662717	750	9.294121284922891	0.0	401853	3098.6342653159422	-0.3500000000000001
10596.117493191441	750	9.62609075619931	0.0	343800	3668.03052872358	0.75
10600.413565729294	750	9.33001821834672	0.0	359903	4296.072537852592	0.75
10601.821800052292	300	11.92178389534807	0.0	153938	1408.2343229986466	-0.15000000000000002
10603.09814840971	300	14.645435537932062	0.0	181901	1276.3483574160089	0.3
10604.81761541449	750	16.92596853315233	0.0	277716	1719.4670047797329	0.3
10607.44677319858	750	18.296810749060274	0.0	400396	2629.1577840920545	0.75
10610.45758995232	750	19.285993995320254	0.0	400508	3010.816753740019	0.75
10613.363237717365	750	20.380346230275116	0.0	358218	2905.647765045141	0.75
10616.959416267078	750	20.784167680561765	0.0	400322	3596.17854971335	0.75
10620.590206089208	750	21.153377858431906	0.0	369834	3630.789822129861	0.75
10625.399793084838	750	20.343790862803072	0.0	412837	4809.5869956288325	0.75
10628.809840826729	750	20.933743120910353	0.0	401088	3410.047741892718	0.75
10632.05065750836	750	21.692926439278803	0.0	365161	3240.8166816315493	0.75
10634.90540417492	750	22.838179772719016	0.0	321064	2854.7466665597854	0.75
10638.604747529924	750	23.13883641771604	0.0	361565	3699.343355002978	0.75
10641.88856437858	750	23.855019569059756	0.0	378327	3283.8168486562827	0.75
10645.083227113108	750	24.6603568345327	0.0	390680	3194.662734527057	0.75
10647.290534560809	750	26.453049386830468	0.0	345516	2207.307447702233	0.75
10654.903744463256	1850	22.83983948438455	0.0	1025005	7613.2099024459185	0.75
10663.509934922962	1850	18.233649024678684	0.0	886255	8606.190459705866	1.85
10672.23534808388	1850	13.5082358637606	0.0	973972	8725.413160918086	1.85
10675.64095455993	750	14.102629387708014	0.0	398987	3405.6064760525865	-0.3500000000000001
10678.978203627043	750	14.76538032059676	0.0	393804	3337.2490671112528	0.75
10683.246772124488	750	14.496811823152111	0.0	331053	4268.568497444649	0.75
10687.124067984772	750	14.619515962868103	0.0	314107	3877.2958602840085	0.75

