8208.456255681256	300	4.0	0.6184862876387972	181801	618.4862876387972	-2.359491036846828
8208.98934894218	300	7.466906739076532	0.0	155580	533.093260923468	0.3
8209.464373385137	300	10.991882296119876	0.0	139857	475.02444295665686	0.3
8209.97688743923	300	14.479368242026094	0.0	155432	512.5140540937803	0.3
8210.597081851296	300	17.859173829961403	0.0	163442	620.1944120646903	0.3
8211.134480337952	300	21.32177534330447	0.0	126289	537.3984866569335	0.3
8211.787428478496	300	24.668827202760536	0.0	153295	652.9481405439375	0.3
8212.563132828902	300	27.893122852355482	0.0	173849	775.7043504050508	0.3
8213.211799247752	300	31.244456433504777	0.0	150710	648.6664188507067	0.3
8213.770263674016	300	34.685992007241005	0.0	139105	558.4644262637755	0.3
8214.324997076867	300	38.131258604390474	0.0	141840	554.7334028505284	0.3
8214.909073499653	300	41.547182181603205	0.0	156148	584.0764227872705	0.3
8215.545963646604	300	44.910292034653274	0.0	160746	636.8901469499248	0.3
8216.277283237701	300	48.17897244355582	0.0	179801	731.3195910974528	0.3
8216.854950967558	300	51.60130471370007	0.0	140051	577.6677298557537	0.3
8217.38157468208	300	55.07468099917656	0.0	138313	526.623714523513	0.3
8217.896372909914	300	58.559882771343254	0.0	143509	514.7982278333031	0.3
8218.44176676279	300	59.52648766980304	0.0	150616	533.3951015402122	0.3
8219.490949617482	300	59.84789561337448	0.0	165384	678.5920564285661	0.3
8220.16568373075	300	59.89082397017357	0.0	140881	457.0716432009034	0.3
8220.90662819045	300	59.85918295625536	0.0	157671	531.64101391821	0.3
8222.965633100896	750	59.84433215242441	0.0	399894	1514.8508038309499	0.3
8224.805903280227	750	59.79627422096554	0.0	401853	1548.0579314588704	0.75
8226.559483476261	750	59.67059022783517	0.0	343800	1625.6839931303705	0.75
8228.703901880712	750	59.60732914136129	0.0	359903	2063.261086473879	0.75
8230.823653823643	750	59.62303175733486	0.0	379700	1484.2973840264326	0.75
8232.962587668739	750	59.62129207608944	0.0	425781	2001.7396812454142	0.75
8234.901873525723	750	59.505246277221104	0.0	277716	1116.045798868337	0.75
8237.155441615028	750	59.89508224252804	0.0	400396	1610.1640346930676	0.75
8239.254283549191	750	59.702363350451954	0.0	400508	1692.7188920760875	0.75
8241.34232974917	750	59.63640170950638	0.0	358218	1565.9616409455696	0.75
8243.440082180638	750	59.803567778089274	0.0	400322	1832.8339314171074	0.75
8245.374232664686	750	59.87395183853905	0.0	369834	1429.6159395502289	0.75
8247.315777730813	750	59.5854466063256	0.0	412837	1788.5052322134477	0.75
8249.295855518301	750	59.60192753893802	0.0	401088	1483.5190673875773	0.75
8250.948995054552	750	59.81363717376359	0.0	365161	1288.2903651744332	0.75
8252.061572924242	750	59.769772829256205	0.0	321064	1043.8643445073847	0.75
8254.626007454342	750	59.51191229814705	0.0	361565	1257.8605311091512	0.75
8256.77687222001	750	59.63476695295861	0.0	378327	1377.145345188446	0.75
8258.873566499544	750	59.92827952823259	0.0	390680	1706.4874247260077	0.75
8260.719425902655	750	59.50045328738056	0.0	345516	1427.82624085204	0.75
8262.442442652735	750	59.61296144096985	0.0	384505	1387.49184641071	0.75
8264.206730270334	750	59.82858011250408	0.0	372093	1284.3813284657767	0.75
8266.795647295547	1200	59.90407470196586	0.0	634861	1924.5054105382144	0.75
8269.791863251525	1200	59.54317255981271	0.0	630203	2860.902142153154	1.2
8273.202866770953	1200	59.70032774501244	0.0	638661	2842.84481480027	1.2
8276.028348973112	1200	59.82666595324565	0.0	538612	2373.6617917667836	1.2
8278.754527419134	1200	59.664486921431106	0.0	550906	2162.179031814553	1.2

