4022.438042521053	750	4.0	1.384287999087403	450283	1384.287999087403	1	-5.202438396075833
4023.7122635313694	750	6.725778989683334	0.0	398865	1274.2210103166653	1	0.75
4025.2016446707357	750	9.236397850317369	0.0	350812	1489.3811393659653	1	0.75
4026.6434707769154	1850	11.794571744137407	0.0	382355	1441.8261061799628	3	0.75
4030.003375489555	1850	12.434667031498275	0.0	996749	3359.904712639132	3	0.75
4032.588980574821	1850	13.849061946231764	0.0	801058	2585.60508526651	3	1.85
4035.760678601837	1850	14.677363919216258	0.0	905515	3171.6980270155054	3	1.85
4038.9203773063646	1850	15.517665214688579	0.0	1060487	3159.698704527681	3	1.85
4041.534730250703	1850	16.903312270349705	0.0	852833	2614.352944338871	3	1.85
4044.74434061392	1850	17.69370190713244	0.0	913888	3209.6103632172662	3	1.85
4049.2978675131963	1850	17.1401750078568	0.0	939819	4553.526899275639	3	1.85
4052.242402951568	1850	18.19563956948508	0.0	917428	2944.535438371719	3	1.85
4056.9169541627934	1850	17.521088358259885	0.0	946851	4674.551211225198	3	1.85
4066.848291576405	750	11.58975094464856	0.0	1036454	9931.337413611323	1	1.85
4068.8958800751775	750	13.542162445875631	0.0	337059	2047.5884987729305	1	-0.3500000000000001
4074.596952832565	750	11.841089688488323	0.0	366214	5701.072757387309	1	0.75
4078.0046945282957	750	12.433347992757856	0.0	360831	3407.741695730466	1	0.75
4081.820115917601	750	12.617926603452394	0.0	372963	3815.4213893054603	1	0.75
4085.933034612181	750	12.505007908872477	0.0	405596	4112.918694579919	1	0.75
4090.101552209088	750	12.336490311965377	0.0	350713	4168.517596907099	1	0.75
4094.023461282781	750	12.414581238271975	0.0	386472	3921.9090736934036	1	0.75
4096.819087475315	750	13.618955045737858	0.0	399894	2795.6261925341178	1	0.75
4099.800414360294	750	14.637628160759498	0.0	401853	2981.32688497836	1	0.75
4102.127383214444	750	16.31065930660964	0.0	343800	2326.968854149858	1	0.75
4104.449000512427	750	17.98904200862635	0.0	359903	2321.6172979832904	1	0.75
4106.75743011925	1850	19.680612401803874	0.0	379700	2308.42960682247	3	0.75
4113.188641645414	1850	17.24940087563946	0.0	1076599	6431.211526164417	3	0.75
4118.876508896364	1850	15.561533624689643	0.0	758197	5687.867250949816	3	1.85
4126.175166886491	1850	12.262875634561995	0.0	972798	7298.657990127648	3	1.85
4134.716073310031	750	7.721969211022519	0.0	975811	8540.906423539476	1	1.85
4137.405088071026	750	9.032954450027118	0.0	358218	2689.0147609954006	1	-0.3500000000000001
4140.180732781267	750	10.257309739786647	0.0	400322	2775.64471024047	1	0.75
4142.304063357341	750	12.13397916371255	0.0	369834	2123.330576074099	1	0.75
4144.717646116819	750	13.720396404234306	0.0	412837	2413.5827594782445	1	0.75
4147.166190377245	750	15.271852143808294	0.0	401088	2448.5442604260124	1	0.75
4148.950959621655	750	17.48708289939819	0.0	365161	1784.7692444101046	1	0.75
4150.669180577466	1850	19.7688619435866	0.0	321064	1718.2209558115892	3	0.75
4155.949305457452	1850	18.488737063600688	0.0	938587	5280.124879985911	3	0.75
4160.5259677947215	1850	17.91207472633133	0.0	908665	4576.662337269356	3	1.85
4166.795525315775	1850	15.64251720527749	0.0	930577	6269.557521053841	3	1.85
4170.937785284459	1850	15.500257236594587	0.0	858450	4142.2599686829035	3	1.85
4178.0258134376745	750	12.412229083378366	0.0	1025005	7088.02815321622	1	1.85
4180.428040110774	750	14.010002410278501	0.0	372093	2402.226673099866	1	-0.3500000000000001
4184.530260827458	750	13.907781693595123	0.0	438281	4102.220716683378	1	0.75
4187.068255641987	750	15.369786879065755	0.0	398987	2537.9948145293693	1	0.75
4189.088915588867	750	17.34912693218572	0.0	393804	2020.659946880038	1	0.75
4190.8125056341005	1850	19.625536886952055	0.0	331053	1723.5900452336662	3	0.75
4194.3952558853	1850	20.042786635752346	0.0	846370	3582.750251199709	3	0.75

