16946.092184178407	750	4.0	3.5333118074124745	450283	3533.3118074124745	0.12743936129705818	-14.44324077187364
16947.587093016125	300	6.5050911622846534	0.0	155580	1494.9088377153469	0.10407323582203933	-0.15000000000000002
16949.162920717936	300	8.929263460473335	0.0	139857	1575.827701811319	0.08875145413375003	0.3
16953.17484711892	750	8.917337059487153	0.0	382355	4011.926400986181	0.09530458981152108	0.3
16956.68779853998	750	9.404385638426705	0.0	411561	3512.951421060447	0.11715533483687143	0.75
16963.206439245077	1200	6.885744933330535	0.0	520315	6518.64070509617	0.0798195549561776	0.75
16965.747882582178	300	8.344301596231713	0.0	153295	2541.443337098822	0.06031808687696082	-0.6000000000000001
16970.130808803842	750	7.961375374566635	0.0	437162	4382.926221665079	0.09974203942541421	0.3
16973.902131224357	750	8.190052954050245	0.0	374758	3771.32242051639	0.0993704484032649	0.75
16980.049328110075	750	6.042856068330558	0.0	362795	6147.196885719687	0.059017956760551285	0.75
16982.70104251287	300	7.391141665538632	0.0	141840	2651.7144027919257	0.05348992329289312	-0.15000000000000002
16986.986493264973	750	7.105690913434684	0.0	405134	4285.450752103948	0.09453707986285899	0.3
16990.362240018632	750	7.729944159777263	0.0	386351	3375.7467536574213	0.11444904733490793	0.75
16993.718451661098	750	8.373732517310021	0.0	434409	3356.2116424672417	0.1294343284265155	0.75
16996.562602638398	750	9.52958154001253	0.0	337059	2844.150977297493	0.11850953155808658	0.75
17001.45466077249	1200	8.63752340591743	0.0	587876	4892.058134095099	0.12016946321688415	0.75
17004.242369819574	750	9.849814358835916	0.0	360831	2787.709047081512	0.12943639164128642	0.3
17009.02844330508	1200	9.063740873330806	0.0	581493	4786.0734855051105	0.12149688084837892	0.75
17015.28925327099	1200	6.802930907423593	0.0	639204	6260.809965907212	0.10209605521981008	1.2
17016.482770366718	300	9.609413811693459	0.0	140881	1193.517095730134	0.11803852705923415	-0.6000000000000001
17021.24259236953	1200	8.849591808878554	0.0	601738	4759.822002814906	0.12642027362454705	0.29999999999999993
17024.966618132876	750	9.125566045536122	0.0	399894	3724.0257633424326	0.10738217869929081	0.3
17031.135585819244	1200	6.956598359165058	0.0	656471	6168.967686371063	0.10641504922295573	0.75
17032.383391229156	300	9.708792949251787	0.0	137654	1247.8054099132714	0.11031688026546352	-0.6000000000000001
17037.49500626306	1200	8.597177915348645	0.0	587236	5111.615033903141	0.11488267330483937	0.29999999999999993
17040.57017228193	750	9.522011896477379	0.0	379700	3075.1660188712667	0.12347300850422642	0.3
17046.390053901767	1200	7.702130276638953	0.0	696376	5819.881619838427	0.1196546674809054	0.75
17049.265649982273	750	8.82653419613084	0.0	277716	2875.5960805081113	0.0965768460607055	0.3
17053.397965569806	750	8.694218608598456	0.0	400396	4132.315587532385	0.0968938580606078	0.75
17056.7739605015	750	9.318223676904445	0.0	400508	3375.9949316940115	0.11863406435833497	0.75
17064.39960626539	1200	5.692577913017224	0.0	570392	7625.645763887222	0.0747991734288532	0.75
17066.668188300875	300	7.423995877531092	0.0	157488	2268.582035486131	0.06942133788265326	-0.6000000000000001
17070.136415804413	750	7.955768373993065	0.0	369834	3468.227503538026	0.10663487318024063	0.3
17074.377951105504	750	7.714233072899296	0.0	412837	4241.53530109377	0.09733197314037237	0.75
17081.792991706694	750	4.299192471708625	0.0	401088	7415.040601190671	0.05409114009916483	0.75
17083.95628199591	300	6.135902182491857	0.0	159914	2163.2902892167676	0.07392165572836636	-0.15000000000000002
17085.234327939816	300	8.85785623858535	0.0	131610	1278.045943906505	0.10297751863107346	0.3
17088.860556475436	750	9.231627702966254	0.0	361565	3626.228535619097	0.09970827719446837	0.3
17093.456674668683	1200	8.635509509717158	0.0	605884	4596.118193249095	0.13182515647442206	0.75
17096.72539224026	750	9.366791938142203	0.0	390680	3268.717571574954	0.11952087980845652	0.3
17101.457288448957	1200	8.634895729446031	0.0	566904	4731.896208696173	0.11980482559151584	0.75
17104.43810716576	750	9.65407701264614	0.0	384505	2980.818716799891	0.12899308429356346	0.3
17109.36014175474	1200	8.732042423662907	0.0	599477	4922.034588983231	0.121794552468563	0.75
17113.983849801054	750	8.108334377350207	0.0	438281	4623.7080463127	0.09478993820760784	0.3
17117.132779673375	750	8.95940450502738	0.0	398987	3148.929872322828	0.12670558449295816	0.75
17120.310462199683	750	9.78172197871877	0.0	393804	3177.68252630861	0.12392805031327872	0.75
17125.24377281206	1200	8.848411366342141	0.0	538612	4933.310612376629	0.10917861094104572	0.75
17128.168889999888	750	9.923294178514443	0.0	314107	2925.117187827698	0.10738270634321753	0.3

