8371.641079569154	750	4.0	2.8275693741498356	450283	2827.5693741498358	-11.408548308844292
8373.492825896823	750	6.1482536723311885	0.0	398865	1851.7463276688115	0.75
8375.193048675757	750	8.448030893397023	0.0	350812	1700.222778934165	0.75
8380.653635756576	750	6.987443812576515	0.0	382355	5460.587080820507	0.75
8383.100769066024	300	8.540310503129732	0.0	163442	2447.1333094467846	-0.15000000000000002
8385.511204369735	300	10.129875199418297	0.0	126289	2410.4353037114342	0.3
8388.299987078222	300	11.341092490931436	0.0	153295	2788.7827084868604	0.3
8391.817272687022	300	11.823806882132827	0.0	173849	3517.2856087986083	0.3
8394.018937813426	300	13.62214175572854	0.0	150710	2201.665126404287	0.3
8396.606840895662	300	15.034238673491439	0.0	139105	2587.903082237103	0.3
8400.842254474936	300	14.798825094217696	0.0	141840	4235.413579273742	0.3
8405.691739528063	300	13.949340041089625	0.0	156148	4849.485053128073	0.3
8409.588060198479	300	14.053019370675246	0.0	160746	3896.320670414379	0.3
8413.393163436474	300	14.247916132678471	0.0	179801	3805.103237996774	0.3
8415.8007767479	300	15.840302821253996	0.0	140051	2407.613311424475	0.3
8422.69447096326	750	12.946608605893866	0.0	366214	6893.69421536013	0.3
8431.03253931849	750	8.608540250662678	0.0	360831	8338.068355231188	0.75
8433.84545749878	300	9.795622070371861	0.0	150616	2812.9181802908165	-0.15000000000000002
8436.71140680892	300	10.929672760232675	0.0	165384	2865.9493101391854	0.3
8439.38007798761	300	12.261001581543674	0.0	140881	2668.671178689002	0.3
8442.31589710593	300	13.325182463224271	0.0	157671	2935.8191183194035	0.3
8445.838129663323	300	13.80294990582833	0.0	157812	3522.2325573959433	0.3
8451.123638894014	300	12.517440675137738	0.0	163927	5285.509230690591	0.3
8454.45630916898	300	13.184770400172534	0.0	137654	3332.670274965205	0.3
8455.85511591659	300	15.785963652561838	0.0	146754	1398.8067476106946	0.3
8459.184106537965	750	16.456973031187943	0.0	379700	3328.990621373895	0.3
8462.934568758545	750	16.70651081060578	0.0	425781	3750.462220582161	0.75
8466.764182144747	750	16.87689742440588	0.0	277716	3829.613386199905	0.75
8471.662027464698	750	15.979052104454365	0.0	400396	4897.8453199515125	0.75
8475.882027924124	750	15.759051645027556	0.0	400508	4220.000459426808	0.75
8478.512848633785	750	17.12823093536628	0.0	358218	2630.8207096612787	0.75
8481.085562605233	750	18.555516963918155	0.0	400322	2572.7139714481223	0.75
8484.256248500831	750	19.384831068318984	0.0	369834	3170.685895599169	0.75
8488.557184460977	750	19.083895108173756	0.0	412837	4300.935960145226	0.75
8496.85287654726	750	14.788203021891395	0.0	401088	8295.692086282363	0.75
8502.760463114124	750	12.880616455027827	0.0	365161	5907.58656686357	0.75
8506.348522293785	750	13.292557275366766	0.0	321064	3588.0591796610615	0.75
8509.757719925377	750	13.883359643773906	0.0	361565	3409.19763159286	0.75
8511.927071325876	750	15.714008243276002	0.0	378327	2169.3514004979047	0.75
8514.627048208684	750	17.014031360467275	0.0	390680	2699.9768828087263	0.75
8516.194687541001	750	19.446392028150296	0.0	345516	1567.6393323169807	0.75
8518.124207629513	750	21.516871939638634	0.0	384505	1929.520088511662	0.75
8532.966876529454	1850	10.674203039699167	0.0	886255	14842.668899939466	0.75
8535.789487614355	300	11.85159195479867	0.0	172312	2822.6110849004976	-1.25
8538.720888775328	300	12.920190793824462	0.0	167025	2931.4011609742065	0.3
8543.421419582575	300	12.219659986576366	0.0	160064	4700.530807248097	0.3
8547.713538745611	300	11.927540823540056	0.0	137507	4292.11916303631	0.3
8550.720599329346	300	12.92048023980561	0.0	118421	3007.0605837344465	0.3

