21601.056925608744	750	4.0	3.5949223786930258	450283	3594.9223786930256	1	-14.70816622838001
21604.356532198475	750	4.700393410267405	0.0	398865	3299.6065897325957	1	0.75
21607.726492498292	750	5.330433110446052	0.0	350812	3369.960299821353	1	0.75
21611.054405310533	750	6.002520298205901	0.0	382355	3327.9128122401503	1	0.75
21614.5912359654	750	6.4656896433394255	0.0	411561	3536.830654866476	1	0.75
21617.27524635396	750	7.781679254781118	0.0	318564	2684.010388558307	1	0.75
21619.863155246087	750	9.193770362653122	0.0	352642	2587.9088921279968	1	0.75
21623.252847723572	750	9.804077885166647	0.0	437162	3389.692477486474	1	0.75
21626.371119665364	750	10.685805943372626	0.0	374758	3118.2719417940216	1	0.75
21629.32851154106	750	11.72841406767563	0.0	362795	2957.391875696999	1	0.75
21632.426904908385	750	12.630020700351531	0.0	353220	3098.393367324098	1	0.75
21635.574494715398	750	13.482430893340185	0.0	405134	3147.5898070113467	1	0.75
21638.738386784	750	14.318538824737725	0.0	386351	3163.89206860246	1	0.75
21642.34294780641	750	14.713977802325259	0.0	434409	3604.561022412467	1	0.75
21645.15085475249	750	15.906070856248181	0.0	337059	2807.906946077077	1	0.75
21648.700172620098	750	16.356752988637012	0.0	366214	3549.317867611167	1	0.75
21652.243498165815	750	16.81342744292083	0.0	360831	3543.325545716183	1	0.75
21655.538300762262	750	17.518624846475003	0.0	372963	3294.8025964458284	1	0.75
21659.96765920036	750	17.08926640837667	0.0	405596	4429.358438098333	1	0.75
21664.008555390905	750	17.048370217831923	0.0	350713	4040.8961905447463	1	0.75
21667.96374321526	750	17.093182393479264	0.0	386472	3955.187824352659	1	0.75
21671.44318379551	750	17.613741813230895	0.0	399894	3479.440580248367	1	0.75
21675.038253517443	750	18.018672091297812	0.0	401853	3595.0697219330846	1	0.75
21678.320562948014	750	18.736362660724982	0.0	343800	3282.3094305728314	1	0.75
21682.013573092743	750	19.043352515996666	0.0	359903	3693.010144728316	1	0.75
21685.631498427523	750	19.42542718121798	0.0	379700	3617.925334778689	1	0.75
21689.514485347667	750	19.54244026107483	0.0	425781	3882.9869201431497	1	0.75
21692.562886472453	750	20.494039136287146	0.0	277716	3048.401124787684	1	0.75
21698.42299740976	750	18.633928198977628	0.0	400396	5860.110937309516	1	0.75
21702.83914789123	750	18.217777717508945	0.0	400508	4416.150481468683	1	0.75
21706.125611061125	750	18.931314547615315	0.0	358218	3286.463169893629	1	0.75
21710.017024780256	750	19.039900828485283	0.0	400322	3891.413719130033	1	0.75
21713.695706374692	750	19.361219234047233	0.0	369834	3678.6815944380483	1	0.75
21718.300253627516	750	18.756671981223825	0.0	412837	4604.547252823405	1	0.75
21721.32259425553	750	19.73433135320927	0.0	401088	3022.340628014552	1	0.75
21724.28576212368	750	20.771163485058334	0.0	365161	2963.167868150938	1	0.75
21727.496560872718	750	21.560364736022887	0.0	321064	3210.798749035451	1	0.75
21731.25273693111	750	21.80418867762854	0.0	361565	3756.1760583943437	1	0.75
21735.727339192475	750	21.32958641626392	0.0	378327	4474.602261364623	1	0.75
21742.559226579546	750	18.497699029191764	0.0	390680	6831.887387072154	1	0.75
21747.601110684263	750	17.455814924475057	0.0	345516	5041.884104716707	1	0.75
21754.800530172266	750	14.256395436472701	0.0	384505	7199.419488002355	1	0.75
21761.31819788058	750	11.73872772815736	0.0	372093	6517.667708315344	1	0.75
21765.96539495264	750	11.091530656098046	0.0	438281	4647.197072059313	1	0.75
21769.707213351856	750	11.349712256880814	0.0	398987	3741.818399217233	1	0.75
21773.583362058125	750	11.473563550612194	0.0	393804	3876.14870626862	1	0.75
21776.743132887517	750	12.313792721221189	0.0	331053	3159.7708293910055	1	0.75
21780.126023603796	750	12.93090200493995	0.0	314107	3382.8907162812393	1	0.75

