24760.696593356166	750	4.0	3.9127276647253035	450283	3912.7276647253034	0.11508161021771816	-16.074728958318804
24762.128186376274	300	6.568406979893699	0.0	155580	1431.593020106301	0.10867613757186913	-0.15000000000000002
24763.29468712957	300	9.401906226594866	0.0	139857	1166.500753298834	0.11989447894010184	0.3
24767.125584813468	1200	9.571008542697493	0.0	617681	3830.8976838973726	0.16123662153555635	0.29999999999999993
24771.84622631393	1200	8.850367042237014	0.0	652874	4720.641500460479	0.13830196593753516	1.2
24774.95565573735	750	9.74093761881565	0.0	318564	3109.4294234213653	0.10245095051859318	0.3
24781.123479600894	1200	7.57311375527201	0.0	561791	6167.82386354364	0.0910841509791803	0.75
24785.23649934221	750	7.460094013957424	0.0	437162	4113.019741314585	0.10628735758517809	0.3
24787.519020731666	750	9.17757262450315	0.0	374758	2282.521389454275	0.16418597509379765	0.75
24790.841817789642	1200	9.854775566529698	0.0	560821	3322.797057973451	0.1687797931126256	0.75
24794.40857101246	1200	10.288022343708905	0.0	607410	3566.7532228207924	0.1702977363596872	1.2
24797.684722374488	1200	11.011870981682774	0.0	594078	3276.1513620261308	0.18133411260723722	1.2
24803.58369256147	1850	9.112900794699394	0.0	946851	5898.970186983381	0.16051123670523268	1.2000000000000002
24809.324957077682	1200	7.3716362784863065	0.0	687371	5741.264516213087	0.11972467007205355	0.5499999999999999
24813.414587388706	750	7.282005967462979	0.0	337059	4089.6303110233275	0.08241796308372418	0.3
24818.25477723354	750	6.441816122629849	0.0	366214	4840.18984483313	0.07566108184597985	0.75
24819.427497689496	300	9.269095666670058	0.0	143509	1172.7204559597894	0.12237272682563377	-0.15000000000000002
24827.436707795267	1200	5.2598855609017425	0.0	581493	8009.210105768316	0.07260303979055346	0.29999999999999993
24828.54737060405	300	8.149222752116785	0.0	165384	1110.6628087849585	0.1489056792861612	-0.6000000000000001
24831.68454463724	750	9.012048718927465	0.0	350713	3137.1740331893197	0.11179265042030756	0.3
24837.046533729845	1200	7.65005962632452	0.0	601738	5361.989092602945	0.1122229063893694	0.75
24840.486190507618	750	8.210402848551453	0.0	399894	3439.6567777730666	0.11625985551352101	0.3
24844.087554085396	750	8.609039270770289	0.0	401853	3601.363577781166	0.11158356864584759	0.75
24847.9307499816	750	8.765843374568885	0.0	343800	3843.1958962014032	0.08945679827036927	0.75
24855.579292364735	750	5.1173009914301035	0.0	359903	7648.542383138782	0.04705510958446233	0.75
24858.319173149914	300	6.377420206253573	0.0	153938	2739.8807851765305	0.05618419634636832	-0.15000000000000002
24861.63284402667	300	7.0637493294980285	0.0	181901	3313.670876755545	0.054894105892043646	0.3
24868.12527619889	750	4.571317157276009	0.0	277716	6492.43217222202	0.04277534098672799	0.3
24871.29037669528	300	5.406216660887343	0.0	153605	3165.100496388665	0.04853084449459382	-0.15000000000000002
24874.806625949404	300	5.889967406762496	0.0	149029	3516.2492541248466	0.04238294535723736	0.3
24879.10455708021	300	5.5920362759579465	0.0	157421	4297.93113080455	0.03662715739480256	0.3
24884.74988455136	300	4.0	0.05329119518913012	157488	5645.327471147077	0.027897053059350682	0.07084786068674048
24889.62095348195	300	4.0	0.8710689305914074	143881	4871.0689305914075	0.02953786982902151	-3.4455964015430522
24892.435446666266	300	5.185506815683695	0.0	163444	2814.493184316305	0.05807226711750013	0.3
24895.330001935254	300	6.290951546694274	0.0	179328	2894.5552689894207	0.06195355878024363	0.3
24897.55358433255	300	8.067369149400953	0.0	159914	2223.5823972933204	0.07191728095826673	0.3
24900.761106300622	750	8.859847181326673	0.0	321064	3207.521968074281	0.10009720999440547	0.3
24903.433164046237	750	10.187789435715178	0.0	361565	2672.057745611495	0.1353133182072218	0.75
24909.873026734203	1200	7.747926747747787	0.0	605884	6439.862687967391	0.09408337248122828	0.75
24918.640990146756	750	4.0	1.0200366648062382	390680	8767.963412554025	0.04455766768376587	-4.086157658666824
24922.71266098478	300	4.0	0.0716708380239038	147968	4071.670838023904	0.0363408551148533	-0.45818460350278634
24926.36465500466	300	4.3480059801208775	0.0	161857	3651.994019879123	0.044320171150049506	0.3
24931.622719236228	300	4.0	0.9100582514463258	145210	5258.064231567203	0.027616627261458755	-3.613250481219201
24937.200946377925	300	4.0	1.5782271416985023	172312	5578.227141698502	0.030890101034418093	-6.48637670930356
24941.798142946147	300	4.0	0.5971965682212603	167025	4597.19656822126	0.03633192479838317	-2.2679452433514196
24946.12048280404	300	4.0	0.32233985789023156	160064	4322.3398578902315	0.0370317941815266	-1.0860613889279955
24949.038940048784	300	5.081542755253835	0.0	137507	2918.457244746165	0.04711633183852236	0.3
24951.072049369097	300	7.048433434941855	0.0	118421	2033.1093203119794	0.05824625307498387	0.3

