15259.783610823612	750	4.0	4.851455205977005	450283	4851.455205977005	-20.11125738570112
15261.987275703315	300	5.796335120296149	0.0	155580	2203.664879703851	-0.15000000000000002
15264.144142239233	300	7.639468584376665	0.0	139857	2156.8665359194842	0.3
15266.806310509404	300	8.97730031420655	0.0	155432	2662.1682701701147	0.3
15269.248957323758	300	10.534653499851958	0.0	163442	2442.646814354592	0.3
15271.813858035548	300	11.969752788063095	0.0	126289	2564.9007117888623	0.3
15275.08742006885	300	12.69619075475933	0.0	153295	3273.5620333037646	0.3
15278.041547607558	300	13.742063216051369	0.0	173849	2954.127538707962	0.3
15279.379657940948	300	16.403952882659972	0.0	150710	1338.1103333913968	0.3
15282.274570002668	750	17.509040820941017	0.0	362795	2894.912061718953	0.3
15286.39134222261	750	17.392268600998605	0.0	353220	4116.7722199424115	0.75
15293.240994503882	750	14.542616319726687	0.0	405134	6849.65228127192	0.75
15302.204968754158	750	9.57864206944957	0.0	386351	8963.974250277117	0.75
15304.567131458973	300	11.216479364635974	0.0	179801	2362.1627048135965	-0.15000000000000002
15306.825577280002	300	12.958033543608323	0.0	140051	2258.4458210276525	0.3
15309.203101123263	300	14.580509700348324	0.0	138313	2377.523843259999	0.3
15310.920859165055	300	16.862751658554167	0.0	143509	1717.7580417941583	0.3
15312.529577244537	300	19.254033579072477	0.0	150616	1608.7180794816907	0.3
15316.259423358133	750	19.524187465477283	0.0	405596	3729.846113595194	0.3
15319.928845499768	750	19.85476532384261	0.0	350713	3669.422141634674	0.75
15324.526700960565	750	19.256909863043873	0.0	386472	4597.8554607987335	0.75
15328.26092789839	750	19.52268292522072	0.0	399894	3734.2269378231545	0.75
15332.18545626025	1200	19.5981545633599	0.0	656471	3924.5283618608237	0.75
15335.39025561005	1200	20.393355213559325	0.0	536667	3204.799349800573	1.2
15341.080153244307	1200	18.703457579300323	0.0	587236	5689.8976342589995	1.2
15349.384617559468	1200	14.398993264140143	0.0	590335	8304.464315160181	1.2
15360.897372578016	1200	6.886238245592816	0.0	696376	11512.755018547326	1.2
15362.132458006328	300	9.651152817279549	0.0	111155	1235.0854283132674	-0.6000000000000001
15363.614739518274	300	12.168871305334239	0.0	153605	1482.2815119453078	0.3
15364.673997727901	300	15.109613095707946	0.0	149029	1059.2582096262945	0.3
15367.178464072207	750	16.605146751401968	0.0	358218	2504.4663443059776	0.3
15369.592405113006	750	18.1912057106028	0.0	400322	2413.941040799169	0.75
15371.58190549651	750	20.201705327099855	0.0	369834	1989.5003835029447	0.75
15375.020087672283	1200	20.763523151327185	0.0	670129	3438.1821757726675	0.75
15383.91966473616	1200	15.863946087448848	0.0	690253	8899.577063878338	1.2
15390.011017230057	750	13.772593593551122	0.0	365161	6091.352493897725	0.3
15392.80514114785	300	14.978469675759047	0.0	131610	2794.1239177920743	-0.15000000000000002
15395.523559996673	300	16.260050826938055	0.0	124011	2718.418848820993	0.3
15397.179099351355	300	18.60451147225371	0.0	144254	1655.5393546843472	0.3
15398.502247849661	300	21.281362973947427	0.0	149991	1323.1484983062783	0.3
15401.323329391025	750	22.460281432583937	0.0	345516	2821.081541363491	0.3
15410.204302028607	1200	17.579308795001264	0.0	641452	8880.972637582674	0.75
15422.368767722288	1200	9.414843101320734	0.0	599477	12164.46569368053	1.2
15425.073856747906	300	10.709754075704616	0.0	172312	2705.0890256161174	-0.6000000000000001
15427.873258483598	300	11.910352340011045	0.0	167025	2799.4017356935715	0.3
15429.779946030732	300	14.003664792876437	0.0	160064	1906.687547134606	0.3
15433.02811704402	750	14.755493779589926	0.0	331053	3248.1710132865123	0.3
15446.806060029628	2850	4.977550793980714	0.0	1364537	13777.942985609212	0.75

