20651.81921894573	750	4.0	7.528019682657206	450283	7528.0196826572055	-31.62048463542598
20654.1155731988	300	5.7036457469296495	0.0	155580	2296.3542530703508	-0.15000000000000002
20656.120778870252	300	7.698440075476701	0.0	139857	2005.2056714529485	0.3
20658.518623623997	300	9.300595321732349	0.0	155432	2397.844753744352	0.3
20661.88223858015	300	9.936980365581523	0.0	163442	3363.614956150826	0.3
20664.133030601217	300	11.686188344512361	0.0	126289	2250.792021069161	0.3
20666.818650651963	300	13.000568293767628	0.0	153295	2685.6200507447343	0.3
20669.666190844535	300	14.153028101193177	0.0	173849	2847.5401925744527	0.3
20671.938178956265	300	15.881039989461582	0.0	150710	2271.988111731594	0.3
20673.73049296712	300	18.088725978610956	0.0	139105	1792.3140108506266	0.3
20677.14426574453	750	18.674953201197436	0.0	353220	3413.7727774135183	0.3
20681.609614047753	750	18.209604897973907	0.0	405134	4465.348303223529	0.75
20685.469674733362	750	18.349544212364737	0.0	386351	3860.060685609171	0.75
20693.129219467148	1200	14.689999478581019	0.0	687371	7659.544733783718	0.75
20699.619739092836	1200	12.199479852893813	0.0	526950	6490.519625687207	1.2
20704.623691659217	750	11.19552728651074	0.0	366214	5003.952566383072	0.3
20710.150919780976	750	9.668299164750733	0.0	360831	5527.228121760007	0.75
20715.288852988862	750	8.530365956867605	0.0	372963	5137.933207883129	0.75
20719.96508340749	750	7.854135538242714	0.0	405596	4676.230418624891	0.75
20724.0666344214	750	7.752584524331373	0.0	350713	4101.551013911341	0.75
20728.677674879476	750	7.141544066255914	0.0	386472	4611.040458075458	0.75
20730.38739394608	300	9.431824999654529	0.0	157812	1709.719066601385	-0.15000000000000002
20735.31572066257	750	8.503498283164467	0.0	401853	4928.326716490062	0.3
20739.47836355786	750	8.340855387873482	0.0	343800	4162.642895290985	0.75
20743.5834749495	750	8.235743996233555	0.0	359903	4105.111391639926	0.75
20748.256046849092	750	7.56317209664287	0.0	379700	4672.5718995906855	0.75
20752.90251647456	750	6.91670247117474	0.0	425781	4646.46962546813	0.75
20755.94702387641	750	7.872195069324364	0.0	277716	3044.5074018503765	0.75
20761.223782025416	750	6.595436920319454	0.0	400396	5276.75814900491	0.75
20765.958964995698	750	5.860253950039331	0.0	400508	4735.182970280122	0.75
20769.74274778034	750	6.0764711653972965	0.0	358218	3783.782784642035	0.75
20773.630530872237	750	6.1886880734976115	0.0	400322	3887.7830918996856	0.75
20777.495951927387	750	6.323267018346805	0.0	369834	3865.4210551508054	0.75
20781.59395590834	750	6.225263037388513	0.0	412837	4098.003980958292	0.75
20786.48050826448	750	5.338710681248022	0.0	401088	4886.552356140491	0.75
20789.84219547189	750	5.97702347383836	0.0	365161	3361.6872074096627	0.75
20792.658251197194	750	7.160967748534917	0.0	321064	2816.055725303443	0.75
20795.99254855294	750	7.826670392790635	0.0	361565	3334.2973557442824	0.75
20799.436289702662	750	8.382929243065597	0.0	378327	3443.741149725038	0.75
20803.982059908758	750	7.837159036968134	0.0	390680	4545.7702060974625	0.75
20808.06928315844	750	7.7499357872868355	0.0	345516	4087.2232496812985	0.75
20811.135986452216	750	8.683232493507195	0.0	384505	3066.7032937796416	0.75
20813.702598861735	750	10.116620083988812	0.0	372093	2566.612409518382	0.75
20818.192314359756	1200	9.626904585971435	0.0	634861	4489.715498017377	0.75
20823.253731480952	1200	8.565487464773513	0.0	630203	5061.417121197922	1.2
20831.073971751965	1200	4.745247193760317	0.0	638661	7820.2402710131955	1.2
20833.059309578304	300	6.759909367424263	0.0	137507	1985.3378263360532	-0.6000000000000001
20838.986992166538	750	4.832226779188207	0.0	314107	5927.682588236056	0.3

