11312.648010785171	300	4.0	2.1327062374816776	181801	2132.706237481678	-8.870636821171212
11314.401221670521	300	6.246789114650386	0.0	155580	1753.2108853496138	0.3
11315.775961136389	300	8.872049648781958	0.0	139857	1374.739465868429	0.3
11317.271825073172	300	11.376185712000533	0.0	155432	1495.8639367814244	0.3
11318.742618908645	300	13.905391876527	0.0	163442	1470.7938354735322	0.3
11320.939876498276	750	15.708134286895955	0.0	318564	2197.257589631047	0.3
11323.060043855767	750	17.587966929406974	0.0	352642	2120.1673574889783	0.75
11325.855021003415	750	18.792989781757395	0.0	437162	2794.977147649579	0.75
11329.528574776881	1200	19.119436008291917	0.0	584846	3673.5537734654768	0.75
11333.327079150104	1200	19.32093163507015	0.0	560821	3798.5043732217687	1.2
11334.988480918837	750	21.659529866335443	0.0	353220	1661.4017687347036	0.3
11338.136002182186	1200	22.51200860298672	0.0	594078	3147.52126334872	0.75
11345.522050220778	1850	19.125960564394216	0.0	946851	7386.048038592507	1.2000000000000002
11350.225602422206	1200	18.42240836296587	0.0	687371	4703.552201428343	0.5499999999999999
11354.618380962864	1200	18.02962982230752	0.0	526950	4392.778540658351	1.2
11357.58082293932	750	19.067187845850043	0.0	366214	2962.4419764574786	0.3
11360.997190761254	750	19.650820023916786	0.0	360831	3416.3678219332573	0.75
11365.159888855835	1200	19.488121929335577	0.0	581493	4162.698094581211	0.75
11369.122366783444	1200	19.525644001727233	0.0	639204	3962.477927608342	1.2
11373.663233892823	1200	18.98477689234902	0.0	586839	4540.867109378212	1.2
11377.382308209719	1200	19.265702575452227	0.0	601738	3719.0743168967974	1.2
11381.868177773833	1200	18.77983301133831	0.0	616206	4485.869564113912	1.2
11385.544954338842	750	19.10305644632893	0.0	401853	3676.776565009382	0.3
11391.411006125396	1200	17.23700465977656	0.0	536667	5866.0517865523725	0.75
11395.172877459852	750	17.47513332532062	0.0	359903	3761.871334455936	0.3
11397.390361728803	750	19.257649056368944	0.0	379700	2217.4842689516795	0.75
11401.510400818413	1200	19.137609966759662	0.0	696376	4120.039089609283	0.75
11403.167736544456	750	21.48027424071632	0.0	277716	1657.3357260433406	0.3
11406.641269096426	1200	22.00674168874592	0.0	622896	3473.5325519704015	0.75
11412.499026827907	1850	20.148983957265976	0.0	975811	5857.757731479944	1.2000000000000002
11416.706078896525	1200	19.94193188864912	0.0	570392	4207.052068616856	0.5499999999999999
11423.402062146046	1200	17.245948639128283	0.0	620283	6695.9832495208375	1.2
11428.335225819483	750	16.312784965689563	0.0	369834	4933.163673438723	0.3
11432.617654665868	750	16.030356119304912	0.0	412837	4282.428846384647	0.75
11438.101475484527	750	14.546535300645107	0.0	401088	5483.820818659805	0.75
11441.055747819897	750	15.592262965276154	0.0	365161	2954.2723353689535	0.75
11443.969720610012	750	16.678290175161948	0.0	321064	2913.9727901142073	0.75
11447.258056002272	750	17.38995478290109	0.0	361565	3288.3353922608594	0.75
11450.519951037057	750	18.128059748116645	0.0	378327	3261.8950347844434	0.75
11455.911810464178	1200	16.73620032099381	0.0	587506	5391.859427122835	0.75
11461.301076300024	750	15.346934485150443	0.0	345516	5389.265835843365	0.3
11468.713246768904	750	11.934764016269279	0.0	384505	7412.170468881164	0.75
11471.84776934687	300	12.800241438303027	0.0	145210	3134.52257796625	-0.15000000000000002
11475.861483555442	300	12.786527229732624	0.0	172312	4013.714208570406	0.3
11484.220021318733	750	8.427989466440957	0.0	398987	8358.537763291666	0.3
11488.822230197276	300	7.825780587898435	0.0	160064	4602.208878542522	-0.15000000000000002
11493.424146430547	300	7.2238643546297014	0.0	137507	4601.916233268733	0.3
11497.327033308733	300	7.320977476442706	0.0	118421	3902.8868781869955	0.3

