7267.180058827765	750	4.0	2.752351768226307	450283	2752.351768226307	-11.085112603373119
7270.009103544873	750	5.17095528289082	0.0	398865	2829.0447171091805	0.75
7272.262626449537	750	6.917432378227826	0.0	350812	2253.5229046629934	0.75
7273.354108784319	750	9.825950043445326	0.0	382355	1091.4823347825	0.75
7276.104393945151	750	11.075664882613466	0.0	411561	2750.2851608318597	0.75
7280.49083878533	750	10.689220042434826	0.0	318564	4386.4448401786385	0.75
7284.750393979252	750	10.429664848511882	0.0	352642	4259.555193922945	0.75
7287.102809217575	300	12.077249610189424	0.0	173849	2352.415238322458	-0.15000000000000002
7288.4962212540695	300	14.683837573695284	0.0	150710	1393.4120364941411	0.3
7290.990668412982	750	16.189390414782714	0.0	362795	2494.447158912569	0.3
7294.64535396351	750	16.53470486425435	0.0	353220	3654.685550528362	0.75
7300.193541774248	750	14.986517053516723	0.0	405134	5548.187810737628	0.75
7305.238644531102	750	13.941414296662119	0.0	386351	5045.102756854605	0.75
7306.913992895669	750	16.266065932094293	0.0	434409	1675.3483645678255	0.75
7308.440135582255	750	18.739923245509583	0.0	337059	1526.1426865847072	0.75
7310.007276739428	750	21.172782088336113	0.0	366214	1567.1411571734723	0.75
7318.055647207339	1850	17.124411620425477	0.0	966699	8048.370467910637	0.75
7324.654868349318	1850	14.525190478445234	0.0	885714	6599.221141980241	1.85
7336.099405867224	1850	7.080652960540105	0.0	987708	11444.53751790513	1.85
7338.686498294346	750	8.49356053341809	0.0	350713	2587.0924271220147	-0.3500000000000001
7344.595119835114	750	6.584938992650146	0.0	386472	5908.621540767945	0.75
7346.512916520087	300	8.667142307677487	0.0	157812	1917.79668497266	-0.15000000000000002
7348.322143841909	300	10.85791498585582	0.0	163927	1809.227321821666	0.3
7350.138593582726	300	13.04146524503823	0.0	137654	1816.4497408175894	0.3
7355.885967837366	750	11.294090990398592	0.0	359903	5747.37425463964	0.3
7358.941530919858	750	12.238527907905533	0.0	379700	3055.56308249306	0.75
7363.384610902347	750	11.795447925416891	0.0	425781	4443.079982488642	0.75
7365.2159387341935	750	13.964120093570187	0.0	277716	1831.327831846703	0.75
7368.345993941764	750	14.834064885998997	0.0	400396	3130.055207571192	0.75
7370.9131606312985	750	16.26689819646494	0.0	400508	2567.166689534057	0.75
7373.091272420198	750	18.08878640756527	0.0	358218	2178.1117888996723	0.75
7376.98456992695	750	18.19548890081321	0.0	400322	3893.2975067520592	0.75
7380.160003351342	750	19.020055476421053	0.0	369834	3175.4334243921535	0.75
7383.172909646427	750	20.00714918133597	0.0	412837	3012.9062950850853	0.75
7387.01339161799	750	20.1666672097729	0.0	401088	3840.4819715630697	0.75
7389.481586258512	750	21.698472569250647	0.0	365161	2468.1946405222525	0.75
7392.335227948051	750	22.84483087971132	0.0	321064	2853.641689539326	0.75
7396.041090774934	750	23.138968052828638	0.0	361565	3705.862826882683	0.75
7399.338472029498	750	23.841586798264316	0.0	378327	3297.381254564319	0.75
7402.151285145136	750	25.02877368262607	0.0	390680	2812.8131156382474	0.75
7407.903069104717	1850	23.276989723045144	0.0	858450	5751.783959580927	0.75
7418.222537631962	1850	16.957521195800094	0.0	1025005	10319.468527245048	1.85
7426.506603318216	1850	12.673455509547356	0.0	886255	8284.06568625274	1.85
7430.293855928608	750	12.886202899155746	0.0	438281	3787.2526103916107	-0.3500000000000001
7434.787088597627	750	12.39297023013556	0.0	398987	4493.2326690201835	0.75
7443.072485309274	750	8.10757351848897	0.0	393804	8285.396711646592	0.75
7444.170804714317	300	11.009254113446547	0.0	137507	1098.3194050424236	-0.15000000000000002
7444.866898231703	300	14.313160596059772	0.0	118421	696.093517386775	0.3

