1526.8303930151983	300	4.0	2.3871818000456844	181801	2387.181800045684	-9.964881740196441
1530.308181033777	300	4.522211981421659	0.0	155580	3477.7880185783406	0.3
1532.5358027383907	300	6.2945902768079645	0.0	139857	2227.6217046136953	0.3
1534.7979311206361	300	8.032461894562454	0.0	155432	2262.1283822455107	0.3
1537.1015359333232	300	9.72885708187534	0.0	163442	2303.6048126871133	0.3
1539.2829929399002	300	11.54740007529851	0.0	126289	2181.45700657683	0.3
1542.3850837244934	300	12.445309290705357	0.0	153295	3102.0907845931542	0.3
1545.4443724986022	300	13.386020516596524	0.0	173849	3059.2887741088325	0.3
1548.0780947764688	300	14.752298238729882	0.0	150710	2633.722277866642	0.3
1550.3078937621592	300	16.52249925303957	0.0	139105	2229.798985690312	0.3
1552.4226972277684	300	18.40769578743041	0.0	141840	2114.803465609158	0.3
1554.3623188165666	300	20.468074198632152	0.0	156148	1939.6215887982596	0.3
1555.9986276034997	300	22.831765411699088	0.0	160746	1636.308786933062	0.3
1557.7217984342371	300	25.108594580961576	0.0	179801	1723.1708307375127	0.3
1559.3317421076385	300	27.498650907560318	0.0	140051	1609.9436734012584	0.3
1560.8157347813828	300	30.014658233816107	0.0	138313	1483.9926737442104	0.3
1562.5493532205062	300	32.28103979469295	0.0	143509	1733.6184391231532	0.3
1564.0704489384552	300	34.75994407674388	0.0	150616	1521.0957179490756	0.3
1565.7329687416916	300	37.09742427350743	0.0	165384	1662.5198032364515	0.3
1567.310545681454	300	39.5198473337452	0.0	140881	1577.5769397622325	0.3
1569.076283486881	300	41.75410952831823	0.0	157671	1765.7378054269636	0.3
1570.8257508864845	300	44.00464212871468	0.0	157812	1749.4673996035506	0.3
1572.805754888067	300	46.02463812713218	0.0	163927	1980.0040015825	0.3
1574.46066476311	300	48.36972825208929	0.0	137654	1654.9098750428893	0.3
1576.2253055673934	300	50.6050874478058	0.0	146754	1764.6408042834878	0.3
1578.1497370420716	300	52.68065597312778	0.0	153938	1924.4314746780258	0.3
1580.6044217072358	300	54.22597130796346	0.0	181901	2454.6846651643154	0.3
1582.024441829367	300	56.805951185832164	0.0	111155	1420.0201221312936	0.3
1584.134266689156	300	58.69612632604338	0.0	153605	2109.82485978879	0.3
1586.9563136072886	300	59.87407940791091	0.0	149029	2322.0469181324684	0.3
1590.0423049137355	300	59.71263496030487	0.0	157421	2661.4444476060457	0.3
1592.4096947561372	300	59.906213392224394	0.0	157488	1806.4215680804734	0.3
1596.434368164562	300	59.83436087287258	0.0	143881	2571.8525193518167	0.3
1599.7852354257811	300	59.60033768199955	0.0	163444	1734.0231908730382	0.3
1603.222535425829	300	59.91010970759867	0.0	179328	2190.227974400876	0.3
1606.1439420887466	300	59.952942346063274	0.0	159914	1957.167361535394	0.3
1608.7648925761903	300	59.93458677688269	0.0	131610	1518.3555691805864	0.3
1610.949777216202	300	59.85844191125832	0.0	124011	1576.1448656243651	0.3
1613.5995493958958	300	59.532925722905	0.0	144254	1825.5161883533196	0.3
1615.559511668876	300	59.61007252483518	0.0	149991	1922.8531980698137	0.3
1617.2331981824245	300	59.99178381516618	0.0	147968	1618.2887096690004	0.3
1619.4500740221918	300	59.631044787722324	0.0	161857	1860.739027443851	0.3
1621.7450003949673	300	59.52165010249622	0.0	145210	1609.3946852261072	0.3
1625.6217615990174	300	59.64488889844625	0.0	172312	2376.761204049976	0.3
1629.1641192318423	300	59.60985649483347	0.0	167025	2035.0324036127683	0.3
1632.1689552319642	300	59.72610108037862	0.0	160064	1883.7554144548542	0.3
1634.6517581985868	300	59.955239937900814	0.0	137507	1270.8611424778096	0.3
1637.4116365622956	300	59.60627158211892	0.0	118421	1348.9683557818921	0.3

