7484.9483452035765	300	4.0	1.997175314194193	181801	1997.175314194193	-8.28785385103503
7486.443156606508	300	6.5051885970692815	0.0	155580	1494.8114029307178	0.3
7489.543251837551	300	7.405093366026177	0.0	139857	3100.095231043105	0.3
7491.453229615668	300	9.49511558790891	0.0	155432	1909.977778117269	0.3
7493.028735925253	300	11.91960927832323	0.0	163442	1575.5063095856774	0.3
7494.134922332835	300	14.813422870741615	0.0	126289	1106.1864075816163	0.3
7495.493290032679	300	17.455055170897772	0.0	153295	1358.3676998438434	0.3
7497.109952995699	300	19.83839220787767	0.0	173849	1616.6629630201032	0.3
7498.4821475105955	300	22.466197692980625	0.0	150710	1372.1945148970435	0.3
7499.9743307014605	300	24.974014502115754	0.0	139105	1492.183190864872	0.3
7501.474721713888	300	27.473623489687004	0.0	141840	1500.3910124287515	0.3
7502.973576882758	300	29.974768320818438	0.0	156148	1498.8551688685648	0.3
7504.469995636639	300	32.4783495669368	0.0	160746	1496.4187538816416	0.3
7506.333489442843	300	34.61485576073339	0.0	179801	1863.493806203409	0.3
7507.737734874386	300	37.21061032919143	0.0	140051	1404.2454315419618	0.3
7509.133486716441	300	39.81485848713537	0.0	138313	1395.7518420560652	0.3
7510.521530753985	300	42.42681444959231	0.0	143509	1388.0440375430592	0.3
7511.8584429316625	300	45.08990227191549	0.0	150616	1336.9121776768131	0.3
7515.948648509733	750	44.999696693844356	0.0	405596	4090.205578071132	0.3
7520.154764850517	750	44.79358035306087	0.0	350713	4206.116340783489	0.75
7523.309540224585	750	45.63880497899158	0.0	386472	3154.7753740692865	0.75
7527.154209286269	750	45.79413591730849	0.0	399894	3844.6690616830947	0.75
7533.109910667901	750	43.83843453567624	0.0	401853	5955.701381632244	0.75
7537.5157934369145	750	43.432551766662904	0.0	343800	4405.8827690133385	0.75
7539.328444297728	300	45.61990090584951	0.0	146754	1812.6508608133888	-0.15000000000000002
7541.733489230033	300	47.21485597354441	0.0	153938	2405.0449323051043	0.3
7544.110309670384	300	48.83803553319343	0.0	181901	2376.8204403509844	0.3
7545.309926293267	300	51.63841891031093	0.0	111155	1199.6166228824977	0.3
7547.346064299941	300	53.60228090363709	0.0	153605	2036.1380066738443	0.3
7550.80142374251	300	54.14692146106761	0.0	149029	3455.3594425694732	0.3
7551.986029068815	300	56.96231613476383	0.0	157421	1184.6053263037795	0.3
7553.727296282453	300	59.22104892112584	0.0	157488	1741.2672136379927	0.3
7556.415221455064	300	59.785149564754455	0.0	143881	1935.8993563713782	0.3
7558.907141281498	300	59.64020254530704	0.0	163444	2144.947019447416	0.3
7562.664242890393	300	59.81513822065319	0.0	179328	3325.0643246538466	0.3
7565.669039584403	300	59.62875850146872	0.0	159914	2186.3797191844765	0.3
7567.443114468532	300	59.740929542066745	0.0	131610	887.8289594019632	0.3
7569.392792750881	300	59.75921327740666	0.0	124011	981.7162646600908	0.3
7571.64517220869	300	59.71700466224567	0.0	144254	1042.2086151609822	0.3
7573.913838208292	300	59.74275699316932	0.0	149991	974.2476690763534	0.3
7575.719397785293	300	59.642186422181204	0.0	147968	1100.570570988116	0.3
7577.084221393707	300	59.892269125980945	0.0	161857	1249.9172962002663	0.3
7579.517436090957	300	59.78311496696254	0.0	145210	1109.1541590183992	0.3
7581.741071953114	300	59.81332728599963	0.0	172312	1469.787680962919	0.3
7584.479421177911	300	59.586076711698716	0.0	167025	1727.2505743009071	0.3
7587.960636060797	300	59.986018667003705	0.0	160064	1600.058044695015	0.3
7590.873497620194	300	59.640166225399994	0.0	137507	2345.85244160371	0.3
7593.564917496402	300	59.512960869693124	0.0	118421	1127.2053557068716	0.3

