8573.772102905194	300	4.0	0.7572534184903913	181801	757.2534184903913	-2.9561896995086827
8574.496071763819	300	7.27603114137496	0.0	155580	723.968858625039	0.3
8575.28722508181	300	10.48487782338363	0.0	139857	791.1533179913303	0.3
8576.243279998005	300	13.528822907189246	0.0	155432	956.0549161943859	0.3
8578.219650482773	750	15.552452422420323	0.0	411561	1976.3704847689232	0.3
8579.58323138764	750	18.18887151755472	0.0	318564	1363.5809048656063	0.75
8580.859039221827	750	20.913063683367195	0.0	352642	1275.807834187524	0.75
8583.993471988872	1200	21.77863091632276	0.0	709534	3134.432767044435	0.75
8588.219459420941	1850	21.552643484252712	0.0	852833	4225.987432070047	1.2000000000000002
8589.932533864448	1200	23.83956904074592	0.0	560821	1713.0744435067907	0.5499999999999999
8596.566822826828	2850	21.205280078365927	0.0	1354548	6634.288962379996	1.2000000000000002
8601.731831568834	1200	20.040271336359353	0.0	594078	5165.008742006571	-0.44999999999999996
8606.816076044608	1200	18.956026860585343	0.0	624282	5084.244475774011	1.2
8612.283372533093	1200	17.488730372101617	0.0	687371	5467.296488483725	1.2
8615.201013074233	750	18.571089830962404	0.0	337059	2917.640541139217	0.3
8621.023287972599	1200	16.748814932595373	0.0	587876	5822.274898367028	0.75
8623.632204552754	750	18.13989835244043	0.0	360831	2608.9165801549457	0.3
8627.429864328078	1200	18.342238577116518	0.0	581493	3797.659775323912	0.75
8630.119013501895	1200	19.65308940329995	0.0	639204	2689.149173816566	1.2
8632.763029422798	1200	21.00907348239684	0.0	586839	2644.0159209031076	1.2
8635.676915390997	1200	22.095187514197626	0.0	601738	2913.885968199216	1.2
8640.516071825896	1850	21.256031079300286	0.0	955231	4839.1564348973425	1.2000000000000002
8645.663988530388	1850	20.108114374806792	0.0	968026	5147.916704493496	1.85
8648.75918224934	1200	21.012920655855286	0.0	536667	3095.1937189515047	0.5499999999999999
8651.642759662654	1200	22.12934324254084	0.0	587236	2883.5774133144455	1.2
8655.488099203074	1850	22.284003702121268	0.0	905935	3845.339540419575	1.2000000000000002
8660.128284786844	1850	21.643818118350122	0.0	1076599	4640.185583771143	1.85
8663.276203407087	1200	22.495899498106898	0.0	487160	3147.918620243225	0.5499999999999999
8669.097919176073	1850	20.674183729123218	0.0	972798	5821.7157689836795	1.2000000000000002
8672.32857032708	1200	21.443532578115683	0.0	641447	3230.651151007535	0.5499999999999999
8674.35495234585	1200	23.41715055934401	0.0	570392	2026.3820187716744	1.2
8678.13408787054	1850	23.63801503465369	0.0	954453	3779.1355246903195	1.2000000000000002
8681.336846386082	1850	24.435256519111416	0.0	885062	3202.7585155422753	1.85
8684.535122812846	1850	25.236980092348265	0.0	1035329	3198.276426763149	1.85
8690.637345998195	2850	23.134756906997133	0.0	1492672	6102.223185351134	1.85
8693.630405159076	1850	24.14169774611699	0.0	943942	2993.0591608801437	0.8500000000000001
8694.80294329677	1850	26.96915960842321	0.0	728962	1172.538137693775	1.85
8698.382281457281	2850	27.389821447911327	0.0	1499009	3579.338160511884	1.85
8702.30257092036	2850	27.469531984832376	0.0	1427478	3920.2894630789533	2.85
8706.306362678204	2850	27.46574022698888	0.0	1402287	4003.791757843494	2.85
8710.066808417658	2850	27.705294487535053	0.0	1339500	3760.4457394538285	2.85
8715.475743907487	4300	26.29635899770617	0.0	2184571	5408.93548982888	2.8499999999999996
8718.501673582476	2850	27.270429322717046	0.0	1343002	3025.929674989126	1.4000000000000001
8723.621159411317	4300	26.150943493875584	0.0	2219102	5119.4858288414625	2.8499999999999996
8727.671548921744	2850	26.100553983448815	0.0	1464921	4050.3895104267704	1.4000000000000001
8732.559116098108	2850	25.212986807084732	0.0	1483527	4887.567176364083	2.85
8735.105826766874	2850	26.666276138317436	0.0	1231456	2546.7106687672954	2.85
8739.815568081964	2850	25.95653482322866	0.0	1364537	4709.741315088774	2.85

