23737.79897178084	300	4.0	1.6917333746462513	181801	1691.7333746462514	-6.97445351097888
23739.483512174735	300	6.315459606105523	0.0	155580	1684.5403938944771	0.3
23741.044834429813	300	8.754137351027014	0.0	139857	1561.3222550785106	0.3
23742.367517920044	300	11.431453860793608	0.0	155432	1322.6834902334049	0.3
23743.742741985796	300	14.056229795043276	0.0	163442	1375.2240657503328	0.3
23746.420016970736	750	15.378954810102897	0.0	318564	2677.274984940377	0.3
23749.59446619636	750	16.204505584479605	0.0	352642	3174.4492256232925	0.75
23753.40823032008	750	16.390741460754974	0.0	437162	3813.764123724634	0.75
23756.634336915555	750	17.164634865279567	0.0	374758	3226.106595475405	0.75
23759.712257634088	750	18.086714146745948	0.0	362795	3077.9207185336195	0.75
23762.83843566163	750	18.960536119204924	0.0	353220	3126.178027541022	0.75
23768.85983342196	1200	16.93913835887401	0.0	594078	6021.397760330913	0.75
23773.321681528272	750	16.477290252561595	0.0	386351	4461.8481063124145	0.3
23778.589379125344	750	15.209592655489905	0.0	434409	5267.697597071689	0.75
23783.50324267502	750	14.29572910581724	0.0	337059	4913.863549672665	0.75
23790.414527111418	750	11.384444669414629	0.0	366214	6911.284436402614	0.75
23792.131160008194	300	13.667811772642212	0.0	143509	1716.632896772417	-0.15000000000000002
23796.101068219592	750	13.69790356124259	0.0	372963	3969.908211399622	0.3
23800.925301629664	750	12.873670151172327	0.0	405596	4824.233410070263	0.75
23802.81291563134	300	14.986056149495926	0.0	140881	1887.6140016764011	-0.15000000000000002
23808.09463110118	750	13.704340679654015	0.0	386472	5281.715469841911	0.3
23814.383974583336	750	11.41499719750047	0.0	399894	6289.343482153546	0.75
23817.369135796416	300	12.429835984417565	0.0	163927	2985.1612130829058	-0.15000000000000002
23819.647706812608	300	14.151264968226064	0.0	137654	2278.5710161915017	0.3
23825.691907419772	750	12.10706436106309	0.0	359903	6044.200607162974	0.3
23827.468308059153	300	14.330663721681432	0.0	153938	1776.4006393816578	-0.15000000000000002
23831.636501488265	750	14.16247029256887	0.0	425781	4168.193429112563	0.3
23834.09888094839	750	15.700090832441287	0.0	277716	2462.379460127582	0.75
23837.508313541497	750	16.290658239335457	0.0	400396	3409.4325931058293	0.75
23840.938682358363	750	16.860289422470697	0.0	400508	3430.3688168647614	0.75
23844.5784516499	750	17.22052013093166	0.0	358218	3639.769291539035	0.75
23848.474825721605	750	17.324146059224685	0.0	400322	3896.374071706977	0.75
23852.352807250976	750	17.446164529856002	0.0	369834	3877.9815293686815	0.75
23855.696627433674	750	18.102344347159146	0.0	412837	3343.82018269686	0.75
23859.173984370384	750	18.62498741044825	0.0	401088	3477.356936710898	0.75
23862.52367858468	750	19.275293196153214	0.0	365161	3349.6942142950306	0.75
23866.683266192944	1200	19.115705587889632	0.0	487812	4159.587608263584	0.75
23871.698396902462	1200	18.100574878372157	0.0	575591	5015.1307095174725	1.2
23874.837101645935	750	18.961870134898724	0.0	378327	3138.704743473434	0.3
23880.98697112463	1200	16.81200065620803	0.0	587506	6149.869478690693	0.75
23885.196393287162	750	16.602578493669938	0.0	345516	4209.422162538092	0.3
23889.830484272174	750	15.968487508658862	0.0	384505	4634.090985011077	0.75
23895.63308548362	750	14.165886297215945	0.0	372093	5802.601211442918	0.75
23902.910328082624	750	10.888643698210613	0.0	438281	7277.242599005331	0.75
23904.71471734937	300	13.084254431465556	0.0	167025	1804.3892667450557	-0.15000000000000002
23909.01554030715	750	12.783431473681333	0.0	393804	4300.822957784226	0.3
23913.223611198842	750	12.575360581991585	0.0	331053	4208.070891689747	0.75
23914.810354224195	300	14.988617556638973	0.0	118421	1586.743025352612	-0.15000000000000002

