11737.57901323132	750	4.0	3.5013497766476167	450283	3501.3497766476166	-14.305804039584752
11739.579706281098	750	5.999306950223179	0.0	398865	2000.6930497768208	0.75
11741.13834259192	750	8.44067063940111	0.0	350812	1558.636310822068	0.75
11742.90364165205	750	10.675371579270124	0.0	382355	1765.2990601309868	0.75
11744.5126110887	750	13.066402142621186	0.0	411561	1608.9694366489382	0.75
11745.77512940964	750	15.803883821681344	0.0	318564	1262.5183209398413	0.75
11749.527633658843	1850	16.051379572478158	0.0	905515	3752.5042492031866	0.75
11755.667289930741	1850	13.911723300578153	0.0	1060487	6139.656271900005	1.85
11761.472323735132	1850	12.106689496189105	0.0	852833	5805.033804389048	1.85
11767.758067271141	1850	9.820945960178172	0.0	913888	6285.743536010935	1.85
11769.954415016677	750	11.624598214641418	0.0	353220	2196.347745536752	-0.3500000000000001
11772.275985915629	750	13.303027315688926	0.0	405134	2321.570898952494	0.75
11774.43969839501	750	15.13931483630824	0.0	386351	2163.7124793806856	0.75
11777.356199102707	750	16.222814128611432	0.0	434409	2916.500707696809	0.75
11780.822378490882	750	16.756634740435736	0.0	337059	3466.1793881756944	0.75
11785.416335202146	750	16.162678029171843	0.0	366214	4593.956711263893	0.75
11788.707122994441	750	16.871890236877093	0.0	360831	3290.7877922947478	0.75
11793.165513344748	750	16.413499886570385	0.0	372963	4458.390350306709	0.75
11798.400270935617	750	15.17874229570136	0.0	405596	5234.757590869025	0.75
11802.043479370039	750	15.53553386128054	0.0	350713	3643.2084344208215	0.75
11804.549270840958	750	17.029742390361086	0.0	386472	2505.791470919452	0.75
11806.71581830217	750	18.86319492914916	0.0	399894	2166.5474612119297	0.75
11808.617520923208	750	20.961492308109744	0.0	401853	1901.7026210394133	0.75
11813.13994452145	1850	20.43906870986855	0.0	874175	4522.423598241192	0.75
11817.78371044257	1850	19.795302788746906	0.0	897976	4643.765921121647	1.85
11827.481099363413	1850	14.09791386790459	0.0	905935	9697.388920842317	1.85
11829.714552779506	750	15.86446045181213	0.0	425781	2233.45341609246	-0.3500000000000001
11831.577380424524	750	18.00163280679352	0.0	277716	1862.8276450186097	0.75
11833.882163108972	750	19.696850122344465	0.0	400396	2304.782684449055	0.75
11835.874667818875	750	21.704345412443605	0.0	400508	1992.5047099008623	0.75
11840.960348967807	1850	20.61866426351125	0.0	873429	5085.681148932356	0.75
11844.836051999619	1850	20.74296123169921	0.0	954453	3875.7030318120387	1.85
11848.012311373683	1850	21.566701857635827	0.0	885062	3176.2593740633833	1.85
11852.492960191157	1850	21.086053040161353	0.0	1035329	4480.648817474474	1.85
11856.998709875992	1850	20.58030335532606	0.0	1026056	4505.749684835298	1.85
11860.675220739457	1850	20.903792491861374	0.0	943942	3676.5108634646813	1.85
11863.631443876633	1850	21.94756935468319	0.0	728962	2956.2231371781845	1.85
11866.962380117493	1850	22.616633113824765	0.0	938587	3330.936240858423	1.85
11870.139274935624	1850	23.43973829569415	0.0	908665	3176.8948181306187	1.85
11873.585228596792	1850	23.993784634526097	0.0	930577	3445.953661168048	1.85
11876.875017954439	1850	24.703995276878548	0.0	858450	3289.789357647552	1.85
11880.029517481173	1850	25.54949575014541	0.0	1025005	3154.4995267331346	1.85
11883.201903060499	1850	26.377110170817616	0.0	886255	3172.385579327795	1.85
11886.509032795575	1850	27.06998043574335	0.0	973972	3307.129735074267	1.85
11890.307170939737	1850	27.271842291579176	0.0	958994	3798.138144164171	1.85
11893.775466202764	1850	27.80354702855393	0.0	982064	3468.2952630252466	1.85
11896.437143828809	1850	29.14186940250786	0.0	830730	2661.6776260460697	1.85
11899.028535929387	1850	30.550477301930147	0.0	846370	2591.392100577715	1.85

