10289.337316331457	300	4.0	6.650702047500183	450283	6650.702047500184	0	-27.84801880425079
10292.545648372834	300	4.7916679586228605	0.0	155580	3208.33204137714	0	-0.15000000000000002
10295.298746151802	300	6.038570179654275	0.0	139857	2753.0977789685853	0	0.3
10298.888235479022	300	6.449080852435839	0.0	155432	3589.4893272184354	0	0.3
10302.382558744152	300	6.9547575873057905	0.0	163442	3494.323265130049	0	0.3
10303.938120819806	300	9.399195511649754	0.0	126289	1555.5620756560363	0	0.3
10306.191709524184	300	11.145606807272678	0.0	153295	2253.5887043770767	0	0.3
10308.766943335948	300	12.570372995509178	0.0	173849	2575.233811763499	0	0.3
10311.176641355729	300	14.16067497572826	0.0	150710	2409.6980197809194	0	0.3
10313.704591916901	750	15.632724414555573	0.0	139105	2527.950561172686	1	0.3
10319.901510290132	750	13.435806041325549	0.0	353220	6196.918373230026	1	0.3
10325.222198523963	750	12.115117807496022	0.0	405134	5320.688233829525	1	0.75
10329.677149387524	750	11.660166943935833	0.0	386351	4454.950863560191	1	0.75
10334.62864661638	750	10.708669715079115	0.0	434409	4951.497228856717	1	0.75
10338.60380616629	750	10.733510165169816	0.0	337059	3975.159549909299	1	0.75
10342.899101049703	300	10.438215281755976	0.0	366214	4295.2948834138415	0	0.75
10344.79806537105	300	12.539250960409328	0.0	143509	1898.9643213466481	0	-0.15000000000000002
10346.997921161792	750	14.339395169667958	0.0	150616	2199.8557907413697	1	0.3
10352.35409191957	750	12.983224411890625	0.0	405596	5356.170757777333	1	0.3
10355.733746734206	750	13.603569597253363	0.0	350713	3379.654814637261	1	0.75
10359.038485384997	750	14.298830946461168	0.0	386472	3304.7386507921947	1	0.75
10362.513335009773	750	14.823981321685759	0.0	399894	3474.849624775411	1	0.75
10367.93386807115	750	13.403448260307407	0.0	401853	5420.533061378353	1	0.75
10372.441882772759	750	12.895433558698686	0.0	343800	4508.014701608721	1	0.75
10375.73173408931	750	13.605582242147857	0.0	359903	3289.851316550829	1	0.75
10379.046645246284	750	14.290671085173344	0.0	379700	3314.9111569745137	1	0.75
10384.54246591942	750	12.79485041203802	0.0	425781	5495.820673135324	1	0.75
10388.630036355953	750	12.707279975504676	0.0	277716	4087.570436533344	1	0.75
10396.296674887215	300	9.040641444243043	0.0	400396	7666.638531261633	0	0.75
10397.667697439723	300	11.669618891735173	0.0	149029	1371.0225525078718	0	-0.15000000000000002
10398.814010847473	750	14.52330548398491	0.0	157421	1146.3134077502625	1	0.3
10402.571125971639	750	14.766190359819497	0.0	400322	3757.115124165413	1	0.3
10407.191300487733	750	14.146015843727369	0.0	369834	4620.174516092127	1	0.75
10416.312980071618	300	9.024336259842594	0.0	412837	9121.679583884776	0	0.75
10419.67920346194	300	9.658112869520984	0.0	179328	3366.223390321609	0	-0.15000000000000002
10423.106772820935	300	10.230543510525624	0.0	159914	3427.5693589953607	0	0.3
10426.383148694744	300	10.954167636716125	0.0	131610	3276.375873809498	0	0.3
10427.944796369782	300	13.392519961678389	0.0	124011	1561.6476750377362	0	0.3
10429.437804284498	750	15.899512046962542	0.0	144254	1493.0079147158463	1	0.3
10433.147253050443	750	16.190063281018112	0.0	390680	3709.4487659444308	1	0.3
10435.99198025617	750	17.345336075290362	0.0	345516	2844.727205727751	1	0.75
10439.01352037581	750	18.323795955650855	0.0	384505	3021.5401196395064	1	0.75
10441.82281792765	750	19.514498403807757	0.0	372093	2809.2975518430976	1	0.75
10447.435320717006	750	17.90199561445124	0.0	438281	5612.502789356518	1	0.75
10456.308160084876	300	13.029156246580268	0.0	398987	8872.839367870973	0	0.75
10459.811230583884	300	13.52608574757279	0.0	160064	3503.0704990074782	0	-0.15000000000000002
10463.205604063034	300	14.131712268422783	0.0	137507	3394.373479150006	0	0.3
10466.243242427578	750	15.094073903878233	0.0	118421	3037.6383645445508	1	0.3

