4026.0016095208352	300	4.0	2.384058021662667	181801	2384.0580216626668	-9.951449493149466
4027.2898036645693	300	6.7118058562662455	0.0	155580	1288.1941437337548	0.3
4028.1976900926	300	9.803919428235648	0.0	139857	907.8864280305974	0.3
4029.339388177322	300	12.662221343513767	0.0	155432	1141.69808472188	0.3
4031.204449150938	300	14.797160369897448	0.0	163442	1865.06097361632	0.3
4032.5249924776194	300	17.476617043216013	0.0	126289	1320.5433266814327	0.3
4033.969289321406	300	20.032320199429616	0.0	153295	1444.2968437863965	0.3
4034.974799606033	300	23.026809914802666	0.0	173849	1005.5102846269499	0.3
4036.1298292395154	300	25.8717802813199	0.0	150710	1155.0296334827665	0.3
4037.1963511892864	300	28.80525833154899	0.0	139105	1066.5219497709106	0.3
4038.9328229534854	300	31.068786567350013	0.0	141840	1736.4717641989776	0.3
4041.2060913672085	300	32.795518153627036	0.0	156148	2273.268413722975	0.3
4043.5019782608997	300	34.49963125993563	0.0	160746	2295.886893691407	0.3
4045.970261165337	300	36.03134835549831	0.0	179801	2468.2829044373243	0.3
4052.4998354244485	750	33.50177409638696	0.0	337059	6529.574259111355	0.3
4055.514214448014	300	34.487395072821265	0.0	138313	3014.379023565692	-0.15000000000000002
4057.238476056983	300	36.76313346385224	0.0	143509	1724.2616089690243	0.3
4059.727880010481	300	38.273729510354606	0.0	150616	2489.40395349763	0.3
4062.8280566884946	300	39.173552832340896	0.0	165384	3100.176678013712	0.3
4065.6128707510916	300	40.38873876974379	0.0	140881	2784.814062597106	0.3
4068.5590382883975	300	41.442571232438304	0.0	157671	2946.1675373054836	0.3
4070.36488124082	300	43.6367282800155	0.0	157812	1805.8429524228131	0.3
4071.6628291789557	300	46.338780341879904	0.0	163927	1297.9479381355952	0.3
4072.6464047396203	300	49.35520478121541	0.0	137654	983.5755606644889	0.3
4073.6764655612046	300	52.325143959630765	0.0	146754	1030.0608215846455	0.3
4074.797651755557	300	55.20395776527856	0.0	153938	1121.1861943522078	0.3
4076.1361149847203	300	57.86549453611493	0.0	181901	1338.463229163628	0.3
4077.0167254088533	300	59.554470957172356	0.0	111155	811.0235789425731	0.3
4077.864404972039	300	59.825424645824796	0.0	153605	729.0463113475633	0.3
4081.803901072913	300	59.74499322610693	0.0	149029	1080.4314197178678	0.3
4085.0008954249324	300	59.916028385875066	0.0	157421	1828.964840231865	0.3
4086.4249890679243	300	59.5879963298228	0.0	157488	1328.0320560522625	0.3
4088.21095322367	300	59.84804502631983	0.0	143881	1239.9513035029734	0.3
4091.0581099585615	300	59.982473132695326	0.0	163444	1365.5718936244998	0.3
4095.00819273816	300	59.77322410153008	0.0	179328	1709.2490311652457	0.3
4098.330028556695	300	59.70772305217886	0.0	159914	2065.5010493512236	0.3
4099.312708575326	300	59.88955046560527	0.0	131610	818.1725865735971	0.3
4100.883870136003	750	59.906223391745755	0.0	361565	1483.3270738595104	0.3
4103.423320670016	750	59.750415382497245	0.0	378327	2155.808009248509	0.75
4107.530795047592	750	59.642941004922186	0.0	390680	2607.4743775750585	0.75
4111.2283104224425	750	59.54474180686703	0.0	345516	3098.199198055153	0.75
4115.174229518258	750	59.59882271105164	0.0	384505	3445.919095815389	0.75
4118.906874522454	750	59.78511785925889	0.0	372093	3313.7048517927487	0.75
4123.400625638062	750	59.29136674365066	0.0	438281	4493.751115608223	0.75
4127.035432043983	750	59.65656033773019	0.0	398987	3634.8064059204753	0.75
4135.094748805171	750	55.597243576541985	0.0	393804	8059.316761188203	0.75
4145.151047966798	750	49.54094441491546	0.0	331053	10056.29916162653	0.75
4155.244533564958	750	43.44745881675515	0.0	314107	10093.485598160312	0.75

