10204.922624102113	300	4.0	1.7966977759906144	181801	1796.6977759906144	-7.4258004367596415
10206.263255255173	300	6.659368846939077	0.0	155580	1340.6311530609228	0.3
10207.350550814535	300	9.572073287576867	0.0	139857	1087.2955593622114	0.3
10208.589784416075	300	12.332839686036223	0.0	155432	1239.233601540643	0.3
10210.322053111393	300	14.600570990719302	0.0	163442	1732.2686953169207	0.3
10211.322487242509	300	17.600136859603765	0.0	126289	1000.4341311155376	0.3
10212.493959230911	300	20.4286648712013	0.0	153295	1171.471988402467	0.3
10213.824542994638	300	23.098081107473266	0.0	173849	1330.5837637280295	0.3
10215.056909548706	300	25.865714553406445	0.0	150710	1232.366554066824	0.3
10216.226896769318	300	28.69572733279287	0.0	139105	1169.9872206135722	0.3
10217.641951226762	300	31.28067287534987	0.0	141840	1415.0544574429996	0.3
10218.986698729721	300	33.9359253723896	0.0	156148	1344.7475029602776	0.3
10220.218542180382	300	36.70408192172996	0.0	160746	1231.8434506596413	0.3
10221.671040105708	300	39.25158399640357	0.0	179801	1452.4979253263846	0.3
10224.216181341006	750	40.70644276110662	0.0	337059	2545.1412352969505	0.3
10225.455058333677	300	43.467565768435854	0.0	138313	1238.8769926707716	-0.15000000000000002
10226.664394462172	300	46.25822963993967	0.0	143509	1209.336128496177	0.3
10228.013920289462	300	48.90870381264934	0.0	150616	1349.5258272903297	0.3
10229.490231096248	300	51.43239300586503	0.0	165384	1476.3108067843164	0.3
10230.863886033605	300	54.05873806850637	0.0	140881	1373.654937358662	0.3
10232.46378057392	300	56.45884352819364	0.0	157671	1599.8945403127325	0.3
10234.07178956622	300	58.85083453589285	0.0	157812	1608.0089923007909	0.3
10236.627222324423	300	59.771049757790294	0.0	163927	1579.7847781025569	0.3
10239.70636474786	300	59.899302564721104	0.0	137654	1371.7471930691904	0.3
10241.586949727975	300	59.757707704148864	0.0	146754	1641.5948605722403	0.3
10245.806554200683	300	59.53810323144055	0.0	153938	2719.604472708315	0.3
10249.920650647155	300	59.42400678496885	0.0	181901	4114.096446471707	0.3
10253.441705338162	300	59.902952093961886	0.0	111155	2521.054691006959	0.3
10257.798783800667	300	59.54587363145663	0.0	153605	3857.078462505262	0.3
10261.58480954683	300	59.759847885294214	0.0	149029	3786.0257461624133	0.3
10265.560185676175	300	59.78447175595017	0.0	157421	3975.376129344044	0.3
10269.684345948894	300	59.660311483230956	0.0	157488	3624.1602727192167	0.3
10273.651836598348	300	59.692820833777	0.0	143881	3467.490649453963	0.3
10277.809468770913	300	59.53518866121228	0.0	163444	3157.632172564717	0.3
10283.097356991479	300	58.247300440644466	0.0	179328	5287.88822056782	0.3
10287.6233732571	300	57.7212841750238	0.0	159914	4526.016265620663	0.3
10290.42637644371	300	58.91828098841524	0.0	131610	2803.0031866085656	0.3
10293.046107119882	300	59.90762403936579	0.0	124011	1510.6569490494433	0.3
10294.46169549267	300	59.519366664083655	0.0	144254	1388.2573752821395	0.3
10298.027024722558	300	59.57036756219376	0.0	149991	2448.9991018898927	0.3
10301.925959564853	300	59.67143271989775	0.0	147968	3898.9348422960074	0.3
10306.950974312935	300	58.646417971815985	0.0	161857	5025.014748081758	0.3
10310.469236839996	300	59.12815544475662	0.0	145210	3518.2625270593667	0.3
10315.215392036433	300	58.382000248319684	0.0	172312	4746.155196436932	0.3
10319.280848235157	300	58.316544049593446	0.0	167025	4065.4561987262427	0.3
10323.320520111289	300	58.27687217346363	0.0	160064	4039.671876129818	0.3
10327.4405548903	300	58.1568373944533	0.0	137507	4120.034779010325	0.3
10330.614831271248	300	58.98256101350469	0.0	118421	3174.2763809486078	0.3

