22656.215299181622	750	4.0	3.5949223786930258	450283	3594.9223786930256	0.12525527746268209	-14.70816622838001
22657.59962086555	300	6.615678316071856	0.0	155580	1384.3216839281442	0.1123871725815397	-0.15000000000000002
22658.714418697964	300	9.50088048365893	0.0	139857	1114.7978324129251	0.12545503402826538	0.3
22664.478234054255	1200	7.737065127368122	0.0	617681	5763.815356290808	0.10716529968744465	0.29999999999999993
22667.82689679047	750	8.388402391152601	0.0	411561	3348.6627362155195	0.12290309070214826	0.3
22670.6951486667	750	9.520150514924353	0.0	318564	2868.251876228248	0.11106555970213877	0.75
22674.95045204945	1200	9.264847132174651	0.0	561791	4255.303382749701	0.13202137414629664	0.75
22680.48913440744	1200	7.726164774183585	0.0	709534	5538.682357991066	0.12810519797660952	1.2
22683.61100675949	750	8.604292422130383	0.0	374758	3121.872352053201	0.12004270442176412	0.3
22686.849463539846	750	9.36583564177533	0.0	362795	3238.456780355053	0.11202712421569648	0.75
22691.478811811652	1200	8.736487369971394	0.0	607410	4629.348271803938	0.13120853397433155	0.75
22694.878471195367	750	9.33682798625551	0.0	405134	3399.659383715884	0.11916899732383833	0.3
22700.021560228022	1200	8.193738953599496	0.0	624282	5143.089032656015	0.12138269355947856	0.75
22704.125328282735	750	8.089970898885358	0.0	434409	4103.768054714137	0.10585612885722909	0.3
22707.46096825736	750	8.754330924260804	0.0	337059	3335.639974624554	0.10104777570844947	0.75
22710.746767637283	750	9.468531544339454	0.0	366214	3285.799379921351	0.11145354833220698	0.75
22717.642239592304	1200	6.573059589319111	0.0	617242	6895.471955020344	0.08951410491208053	0.75
22719.359994546554	300	8.855304635065334	0.0	150616	1717.7549542537768	0.08768188944937741	-0.6000000000000001
22723.40467238679	750	8.810626794827963	0.0	405596	4044.6778402373716	0.10027893840271754	0.3
22726.461259958895	750	9.754039222726748	0.0	350713	3056.5875721012144	0.11474004644954652	0.75
22731.910978970303	1200	8.304320211316783	0.0	601738	5449.719011409964	0.11041633499638304	0.75
22735.96013947883	750	8.255159702793767	0.0	399894	4049.1605085230153	0.09875973035849514	0.3
22739.863262130904	750	8.352037050716426	0.0	401853	3903.122652077341	0.10295679532031196	0.75
22742.978977522147	750	9.236321659474907	0.0	343800	3115.715391241519	0.11034383980207065	0.75
22749.103855172656	1200	7.111444008966079	0.0	587236	6124.877650508827	0.09587718049375485	0.75
22754.72174419388	750	5.493554987740161	0.0	379700	5617.889021225918	0.06758766479106115	0.3
22756.771118360517	300	7.444180821107697	0.0	181901	2049.374166632464	0.08875929196419027	-0.15000000000000002
22759.461855951336	750	8.753443230289838	0.0	277716	2690.7375908178587	0.10321184828565437	0.3
22763.40507047896	750	8.810228702669724	0.0	400396	3943.214527620115	0.10154050640548201	0.75
22767.150709450278	750	9.064589731350134	0.0	400508	3745.6389713195904	0.10692648252185952	0.75
22773.334666350318	1200	6.880632831311457	0.0	570392	6183.956900038676	0.09223738283111783	0.75
22774.528569122253	300	9.686730059376291	0.0	157488	1193.9027719351645	0.13191023900943957	-0.6000000000000001
22779.12909970075	1200	9.086199480879346	0.0	584349	4600.530578496945	0.12701774067784039	0.29999999999999993
22785.895375508175	1200	6.3199236734545705	0.0	670129	6766.275807424776	0.09903956313229996	1.2
22787.764816801562	300	8.450482380065127	0.0	179328	1869.441293389444	0.09592598635438519	-0.6000000000000001
22793.016913857355	750	7.1983853242723175	0.0	365161	5252.097055792809	0.06952670449934756	0.3
22798.31606830344	750	5.899230878186433	0.0	321064	5299.154446085884	0.060587779289419955	0.75
22800.066133997516	300	8.14916518411125	0.0	124011	1750.0656940751824	0.07086076849562685	-0.15000000000000002
22807.219060345615	750	4.996238836010829	0.0	378327	7152.926348100421	0.05289121984325633	0.3
22809.775458615914	300	6.4398405657112585	0.0	149991	2556.398270299571	0.058672782618657986	-0.15000000000000002
22812.488530010865	300	7.726769170762204	0.0	147968	2713.0713949490546	0.054538925984577165	0.3
22818.158868392475	750	6.056430789149989	0.0	384505	5670.338381612216	0.06780988613428672	0.3
22819.601899668334	300	8.613399513289508	0.0	145210	1443.0312758604791	0.1006284495901943	-0.15000000000000002
22823.949618695315	750	8.265680486311618	0.0	438281	4347.719026977891	0.10080711225367524	0.3
22827.736878682066	750	8.478420499561954	0.0	398987	3787.2599867496638	0.10534977830830732	0.75
22831.546447173954	750	8.668852007675635	0.0	393804	3809.5684918863194	0.10337233753343197	0.75
22835.027340384655	750	9.187958796973776	0.0	331053	3480.8932107018586	0.09510576164249786	0.75
22846.935561350027	1200	4.0	2.7202621683962533	550906	11908.22096537003	0.046262661870490523	-10.947127324103889

