9841.701478390021	300	4.0	2.9347627988099165	181801	2934.7627988099166	-12.31948003488264
9844.229652097001	300	5.471826293018653	0.0	155580	2528.173706981347	0.3
9845.659887463924	300	8.04159092609744	0.0	139857	1430.2353669212125	0.3
9846.851279549373	300	10.850198840648579	0.0	155432	1191.3920854488604	0.3
9849.523125219612	300	12.178353170410768	0.0	163442	2671.845670237812	0.3
9853.022908218218	300	12.678570171804353	0.0	126289	3499.7829986064157	0.3
9856.779913320657	300	12.921565069365533	0.0	153295	3757.0051024388185	0.3
9859.233583903615	300	14.467894486408289	0.0	173849	2453.6705829572434	0.3
9861.9156759753	300	15.785802414721969	0.0	150710	2682.092071686321	0.3
9864.633156583355	300	17.068321806665878	0.0	139105	2717.480608056092	0.3
9867.313668641506	300	18.387809748516773	0.0	141840	2680.5120581491037	0.3
9870.150110510142	300	19.551367879882275	0.0	156148	2836.4418686345007	0.3
9871.477625333444	300	22.223853056578715	0.0	160746	1327.5148233035568	0.3
9872.892490867502	300	24.80898752252066	0.0	179801	1414.865534058057	0.3
9873.888308176121	300	27.813170213901014	0.0	140051	995.8173086196476	0.3
9874.767826395022	300	30.933651995000915	0.0	138313	879.5182189000996	0.3
9875.60110007544	300	34.100378314582066	0.0	143509	833.2736804188545	0.3
9876.509455605948	300	37.19202278407507	0.0	150616	908.3555305069901	0.3
9877.71759333117	300	39.98388505885495	0.0	165384	1208.137725220123	0.3
9878.776037330223	300	42.92544105980135	0.0	140881	1058.4439990536014	0.3
9879.908404058022	300	45.79307433200292	0.0	157671	1132.3667277984378	0.3
9881.043982227437	300	48.65749616258738	0.0	157812	1135.5781694155398	0.3
9882.12503904942	300	51.57643934060381	0.0	163927	1081.0568219835604	0.3
9882.991674207738	300	54.70980418228742	0.0	137654	866.6351583163922	0.3
9883.949372148745	300	57.7521062412804	0.0	146754	957.6979410070181	0.3
9885.186917089988	300	59.79466206372397	0.0	153938	957.4441775564317	0.3
9887.153688495884	300	59.75132665676864	0.0	181901	1043.3354069553343	0.3
9889.155734091768	300	59.5070218964467	0.0	111155	1244.3047603219352	0.3
9891.082344582162	300	59.922587030880976	0.0	153605	1084.43486556572	0.3
9892.418873732033	300	59.610410292211064	0.0	149029	1312.176738669917	0.3
9893.793862667806	300	59.785092015624	0.0	157421	825.3182765870595	0.3
9895.994436946236	750	59.54964020125231	0.0	400322	1735.4518143716907	0.3
9897.57158869339	750	59.53862559785403	0.0	369834	1511.0146033982796	0.75
9900.8239806375	1200	59.93049817382714	0.0	670129	3108.1274240268917	0.75
9904.931517510453	1200	59.82296130087471	0.0	690253	3607.536872952429	1.2
9909.499683408685	1200	59.254795402643126	0.0	598727	4568.165898231582	1.2
9912.353294908462	1200	59.9129732554887	0.0	487812	2341.8221471544252	1.2
9916.44997929629	1200	59.81628886765906	0.0	575591	3596.6843878296445	1.2
9922.982211563172	1200	57.284056600778264	0.0	605884	6532.232266880799	1.2
9935.789437334966	1200	48.476830828985015	0.0	587506	12807.225771793243	1.2
9950.62165063988	1200	37.64461752407096	0.0	566904	14832.213304914058	1.2
9959.219668354172	750	33.04659980977936	0.0	384505	8598.017714291602	0.3
9961.106158096172	300	35.16011006777971	0.0	145210	1886.489741999641	-0.15000000000000002
9962.258823945735	300	38.00744421821771	0.0	172312	1152.6658495620093	0.3
9963.180399253219	300	41.085868910733794	0.0	167025	921.5753074839166	0.3
9964.022308144065	300	44.24396001988809	0.0	160064	841.9088908456977	0.3
9964.78101589012	300	47.48525227383387	0.0	137507	758.7077460542181	0.3
9965.535049153827	300	50.7312190101256	0.0	118421	754.0332637082723	0.3

