1319.5192667052381	300	4.0	3.6975456438650705	181801	3697.5456438650704	-15.599446268619802
1322.6950568894094	300	4.824209815828693	0.0	155580	3175.7901841713065	0.3
1324.5512997367093	300	6.967966968528701	0.0	139857	1856.242847299992	0.3
1327.7668267610195	300	7.752439944218569	0.0	155432	3215.527024310133	0.3
1330.3792919380312	300	9.139974767206844	0.0	163442	2612.465177011725	0.3
1332.1021080161813	300	11.417158689056647	0.0	126289	1722.8160781501965	0.3
1334.0977886726807	300	13.421478032557093	0.0	153295	1995.6806564995538	0.3
1336.0649583094641	300	15.454308395773653	0.0	173849	1967.1696367834402	0.3
1337.3806174271178	300	18.138649278119914	0.0	150710	1315.65911765374	0.3
1338.6686343433917	300	20.850632361845943	0.0	139105	1288.01691627397	0.3
1339.9311043669782	300	23.58816233825946	0.0	141840	1262.4700235864827	0.3
1341.254795507175	300	26.264471198062814	0.0	156148	1323.691140196641	0.3
1342.6248244566116	300	28.894442248626092	0.0	160746	1370.028949436723	0.3
1344.312472585743	300	31.206794119494706	0.0	179801	1687.6481291313867	0.3
1345.7002604560819	300	33.819006249155905	0.0	140051	1387.7878703387942	0.3
1347.0761373475527	300	36.443129357685166	0.0	138313	1375.87689147074	0.3
1348.4095689601772	300	39.109697745060686	0.0	143509	1333.4316126244796	0.3
1350.442196557112	300	41.077070148125905	0.0	150616	2032.6275969347862	0.3
1352.6268566940153	300	42.89241001122283	0.0	165384	2184.6601369030773	0.3
1354.069306643524	300	45.44996006171411	0.0	140881	1442.4499495087148	0.3
1355.4986268131345	300	48.02063989210359	0.0	157671	1429.3201696105243	0.3
1356.7827780409445	300	50.73648866429347	0.0	157812	1284.1512278101188	0.3
1358.1344183308834	300	53.38484837435466	0.0	163927	1351.6402899388038	0.3
1359.3930040631685	300	56.12626264206956	0.0	137654	1258.5857322851	0.3
1360.7419689480405	300	58.77729775719773	0.0	146754	1348.9648848718273	0.3
1363.9949832464858	300	59.52428345875227	0.0	153938	1753.0142984454546	0.3
1366.8984996589336	300	59.64915639753483	0.0	181901	2375.1270612174435	0.3
1368.5737372747567	300	59.680732246188434	0.0	111155	968.4241513463985	0.3
1371.059706441608	300	59.90115437115122	0.0	153605	1279.5778750372097	0.3
1374.7671941307701	300	59.780606248777	0.0	149029	1620.5481223742281	0.3
1376.8693943017986	300	59.53297589895684	0.0	157421	1747.6303498201519	0.3
1379.5635309785139	300	59.733192437803346	0.0	157488	1299.783461153501	0.3
1381.3442801261804	300	59.704994514701035	0.0	143881	1528.197923102308	0.3
1383.7866722536862	300	59.58007405368005	0.0	163444	1624.920461020987	0.3
1386.711432884998	300	59.64642953786662	0.0	179328	1933.644515813437	0.3
1390.8455826064287	300	59.51227981643585	0.0	159914	2634.149721430769	0.3
1393.6219688914323	300	59.731719592398754	0.0	131610	1780.5602240370956	0.3
1396.392085693986	300	59.80957421685509	0.0	124011	1922.14537554366	0.3
1397.9788253049126	300	59.87019015349675	0.0	144254	1439.3840633583438	0.3
1399.3878533344646	300	59.504353979404925	0.0	149991	1365.8361740918206	0.3
1401.111656066298	300	59.50404853621833	0.0	147968	1500.3054431866021	0.3
1404.61011058566	300	59.786569839860526	0.0	161857	1717.4786963577992	0.3
1406.3293647419787	300	59.962430735203554	0.0	145210	1324.1391046569668	0.3
1410.3408454104076	300	59.914247879319966	0.0	172312	1548.1828558835932	0.3
1412.8987668820291	300	59.86193601628176	0.0	167025	1552.311863038202	0.3
1414.7444409184393	300	59.68190389286826	0.0	160064	1680.0321234134951	0.3
1416.1496967376338	300	59.83209688276933	0.0	137507	1349.8070100989387	0.3
1418.2730706585783	300	59.61813434084495	0.0	118421	1713.9625419243841	0.3

