5093.440770949378	750	4.0	2.148641230861048	450283	2148.641230861048	-8.489157292702506
5095.809623885329	750	5.631147064048715	0.0	398865	2368.8529359512845	0.75
5097.656652997493	750	7.784117951883809	0.0	350812	1847.0291121649057	0.75
5101.451745346329	750	7.989025603048906	0.0	382355	3795.092348834903	0.75
5104.193524270645	750	9.247246678731766	0.0	411561	2741.7789243171396	0.75
5105.6500092428105	750	11.790761706567084	0.0	318564	1456.4849721646824	0.75
5108.417490366668	1200	13.023280582709369	0.0	561791	2767.4811238577145	0.75
5112.7446810672445	1200	12.696089882133638	0.0	709534	4327.19070057573	1.2
5115.205521161393	1200	14.235249787984143	0.0	584846	2460.840094149494	1.2
5117.684293096548	1200	15.756477852829274	0.0	560821	2478.7719351548703	1.2
5120.318448695674	1200	17.122322253702993	0.0	607410	2634.15559912628	1.2
5124.331312799421	1850	17.109458149957604	0.0	917428	4012.864103745389	1.2000000000000002
5128.670105391986	1850	16.77066555739224	0.0	946851	4338.7925925653635	1.85
5133.184853980378	1850	16.25591696900033	0.0	1036454	4514.748588391908	1.85
5136.692680372392	1850	16.748090576985398	0.0	821631	3507.826392014936	1.85
5145.908237814314	2850	11.53253313506327	0.0	1471065	9215.557441922127	1.85
5149.514728495006	1850	11.926042454370988	0.0	966699	3606.4906806922827	0.8500000000000001
5152.307805131372	1850	13.132965818005413	0.0	885714	2793.0766363655725	1.85
5157.690328712325	1850	11.750442237052583	0.0	987708	5382.523580952831	1.85
5160.174737192436	1200	13.266033756940837	0.0	586839	2484.408480111747	0.5499999999999999
5162.036504685415	1200	15.40426626396165	0.0	601738	1861.7674929791872	1.2
5165.826249542022	1850	15.614521407354667	0.0	955231	3789.7448566069825	1.2000000000000002
5169.867454817356	1850	15.573316132021434	0.0	968026	4041.205275333234	1.85
5174.876450011684	1850	14.564320937693608	0.0	874175	5008.995194327825	1.85
5181.3056481579615	1850	12.13512279141579	0.0	897976	6429.1981462778185	1.85
5186.515626736488	1200	10.92514421288886	0.0	590335	5209.97857852693	0.5499999999999999
5191.928761172028	1200	9.512009777348357	0.0	696376	5413.134435540503	1.2
5200.676967283402	1200	4.763803665975029	0.0	487160	8748.206111373329	1.2
5202.631953093003	300	6.808817856373261	0.0	153605	1954.9858096017676	-0.6000000000000001
5203.815595667478	300	9.625175281898013	0.0	149029	1183.6425744752485	0.3
5204.844870284341	300	12.595900665035845	0.0	157421	1029.2746168621675	0.3
5206.886447605278	750	14.55432334409874	0.0	400322	2041.577320937106	0.3
5208.391958443346	750	17.048812506029563	0.0	369834	1505.5108380691765	0.75
5210.182324401081	750	19.258446548294376	0.0	412837	1790.365957735187	0.75
5211.332231657346	750	22.10853929202989	0.0	401088	1149.9072562644922	0.75
5221.180738251468	2850	16.260032697907715	0.0	1439896	9848.506594122171	0.75
5222.169201447216	750	19.27156950215914	0.0	321064	988.4631957485777	-1.35
5224.315748207947	1850	21.125022741429	0.0	938587	2146.546760730138	0.75
5226.976762451522	1850	22.464008497854195	0.0	908665	2661.0142435748025	1.85
5229.214980516793	1850	24.225790432582905	0.0	930577	2238.218065271293	1.85
5231.802721541884	1850	25.638049407492122	0.0	858450	2587.7410250907797	1.85
5235.634655933974	1850	25.806115015403055	0.0	1025005	3831.9343920890674	1.85
5250.524327629691	2850	14.916443319685433	0.0	1343002	14889.671695717621	1.85
5256.869224660813	750	12.571546288563054	0.0	438281	6344.89703112238	-1.35
5262.399583842844	300	11.041187106532655	0.0	167025	5530.359182030398	-0.15000000000000002
5265.731053710815	300	11.70971723856098	0.0	160064	3331.4698679716744	0.3
5267.351890747946	300	14.08888020143087	0.0	137507	1620.8370371301114	0.3
5269.646840889558	750	15.793930059818093	0.0	314107	2294.9501416127773	0.3

