11874.866305735988	300	4.0	3.974865311257283	450283	3974.865311257283	0	-16.341920838406317
11876.043424759413	300	6.822880976576757	0.0	155580	1177.1190234232433	0	-0.15000000000000002
11876.925614582364	750	9.94069115362493	0.0	139857	882.1898229518268	1	0.3
11879.185611031766	750	11.680694704223905	0.0	382355	2259.9964494010264	1	0.3
11881.118614163455	750	13.74769157253356	0.0	411561	1933.0031316903444	1	0.75
11882.573226928325	750	16.29307880766205	0.0	318564	1454.6127648715108	1	0.75
11884.237622196233	1850	18.628683539755016	0.0	352642	1664.3952679070355	3	0.75
11890.463027997324	1850	16.403277738664364	0.0	1060487	6225.405801090652	3	0.75
11894.041339984044	1850	16.824965751943527	0.0	852833	3578.3119867208393	3	1.85
11898.652046032743	1850	16.21425970324473	0.0	913888	4610.706048698799	3	1.85
11903.05983166421	1850	15.806474071777364	0.0	939819	4407.785631467364	3	1.85
11908.099083269934	1850	14.767222466053799	0.0	917428	5039.251605723566	3	1.85
11913.001613366092	1850	13.864692369895286	0.0	946851	4902.530096158513	3	1.85
11917.532572377402	1850	13.333733358585116	0.0	1036454	4530.9590113101685	3	1.85
11921.265239531509	1850	13.601066204477695	0.0	821631	3732.66715410742	3	1.85
11926.026831381783	1850	12.839474354205018	0.0	923170	4761.591850272676	3	1.85
11931.031817344128	1850	11.834488391859125	0.0	966699	5004.985962345892	3	1.85
11934.989108162577	1850	11.877197573409484	0.0	885714	3957.290818449641	3	1.85
11938.944096308589	1850	11.92220942739913	0.0	987708	3954.9881460103547	3	1.85
11941.957666712013	1850	12.908639023975802	0.0	923755	3013.5704034233277	3	1.85
11945.376068444335	1850	13.490237291651669	0.0	891604	3418.4017323241333	3	1.85
11949.17540499899	1850	13.690900736997776	0.0	955231	3799.3365546538935	3	1.85
11952.884800492615	1850	13.981505243373327	0.0	968026	3709.395493624448	3	1.85
11957.202858500734	1850	13.663447235254715	0.0	874175	4318.058008118613	3	1.85
11961.955269663236	1850	12.911036072751074	0.0	897976	4752.411162503639	3	1.85
11965.809097243986	1850	13.057208492002648	0.0	905935	3853.827580748426	3	1.85
11970.527076490702	1850	12.3392292452855	0.0	1076599	4717.979246717147	3	1.85
11975.175591237065	750	11.690714498922869	0.0	758197	4648.51474636263	1	1.85
11981.004065879904	750	9.862239856082835	0.0	400396	5828.474642840034	1	-0.3500000000000001
11983.798842575257	750	11.067463160729188	0.0	400508	2794.776695353646	1	0.75
11985.643109539702	750	13.223196196285098	0.0	358218	1844.2669644440907	1	0.75
11988.30069443124	750	14.565611304747714	0.0	400322	2657.5848915373845	1	0.75
11990.42340184495	750	16.442903891036693	0.0	369834	2122.7074137110185	1	0.75
11992.795667068927	750	18.070638667061	0.0	412837	2372.265223975694	1	0.75
11995.111007285905	750	19.75529845008262	0.0	401088	2315.3402169783826	1	0.75
11997.100786461575	1850	21.765519274412735	0.0	365161	1989.7791756698873	3	0.75
12002.275578785355	1850	20.590726950633382	0.0	728962	5174.792323779352	3	0.75
12013.699885256212	750	13.166420479776338	0.0	938587	11424.306470857045	1	1.85
12016.840526005411	750	14.025779730577499	0.0	378327	3140.6407491988402	1	-0.3500000000000001
12019.953242291982	750	14.913063444007062	0.0	390680	3112.716286570438	1	0.75
12022.481182823765	750	16.385122912222403	0.0	345516	2527.94053178466	1	0.75
12026.302872756038	750	16.563432979951205	0.0	384505	3821.6899322711997	1	0.75
12031.666569643292	750	15.199736092696199	0.0	372093	5363.696887255006	1	0.75
12036.66903295217	750	14.197272783820546	0.0	438281	5002.463308875654	1	0.75
12039.67928655535	750	15.18701918063915	0.0	398987	3010.253603181399	1	0.75
12042.450116078016	750	16.416189657971483	0.0	393804	2770.829522667668	1	0.75
12044.557223465403	750	18.30908227058434	0.0	331053	2107.1073873871396	1	0.75
12046.66841876674	750	20.197886969248167	0.0	314107	2111.1953013361735	1	0.75

