15456.657937720967	750	4.0	1.7227784527213061	450283	1722.7784527213062	1	-6.657947346701616
15458.454160575311	300	6.20377714565615	0.0	398865	1796.22285434385	0	0.75
15459.234099297679	750	9.423838423288954	0.0	139857	779.9387223671957	1	-0.15000000000000002
15460.93457917455	750	11.723358546417042	0.0	382355	1700.4798768719118	1	0.3
15462.413539526508	750	14.244398194459224	0.0	411561	1478.9603519578202	1	0.75
15463.590684846062	1850	17.067252874904437	0.0	318564	1177.1453195547867	3	0.75
15467.150172363643	1850	17.50776535732476	0.0	905515	3559.487517579673	3	0.75
15472.863091590281	1850	15.794846130685631	0.0	1060487	5712.919226639131	3	1.85
15477.66370856647	1850	14.994229154497233	0.0	852833	4800.6169761883975	3	1.85
15482.414423203649	1850	14.24351451731845	0.0	913888	4750.714637178784	3	1.85
15487.743465681813	1850	12.914472039153116	0.0	939819	5329.0424781653355	3	1.85
15493.402725933152	1850	11.255211787813849	0.0	917428	5659.260251339268	3	1.85
15499.996370507162	750	8.66156721380565	0.0	946851	6593.644574008199	1	1.85
15502.660285436701	750	9.997652284267081	0.0	434409	2663.9149295385682	1	-0.3500000000000001
15505.250396116153	750	11.40754160481536	0.0	337059	2590.1106794517223	1	0.75
15508.124677758682	750	12.533259962285578	0.0	366214	2874.281642529782	1	0.75
15510.730131146214	750	13.927806574752495	0.0	360831	2605.453387533084	1	0.75
15513.97719645921	750	14.680741261758522	0.0	372963	3247.065312993973	1	0.75
15517.445305742542	750	15.212631978426781	0.0	405596	3468.1092833317402	1	0.75
15520.012429874898	750	16.645507846071645	0.0	350713	2567.1241323551358	1	0.75
15523.796665444128	750	16.861272276841188	0.0	386472	3784.2355692304595	1	0.75
15528.32350742831	750	16.33443029265969	0.0	399894	4526.8419841814975	1	0.75
15534.787464820867	750	13.870472900100944	0.0	401853	6463.957392558746	1	0.75
15541.397859078274	750	11.260078642695667	0.0	343800	6610.394257405276	1	0.75
15547.963928756124	300	8.694008964845652	0.0	359903	6566.069677850015	0	0.75
15550.761584901978	300	9.896352818989024	0.0	153938	2797.656145856629	0	-0.15000000000000002
15553.110311529468	300	11.54762619149935	0.0	181901	2348.7266274896742	0	0.3
15553.962939941832	750	14.69499777913806	0.0	111155	852.6284123612907	1	0.3
15556.686046482373	750	15.97189123859512	0.0	400396	2723.106540542938	1	0.3
15559.049353911774	750	17.60858380919366	0.0	400508	2363.307429401458	1	0.75
15561.624731567661	750	19.033206153306732	0.0	358218	2575.37765588693	1	0.75
15564.18676559962	750	20.471172121348157	0.0	400322	2562.034031958575	1	0.75
15566.43162763611	750	22.226310084857868	0.0	369834	2244.86203649029	1	0.75
15568.716341608406	1850	23.94159611256304	0.0	412837	2284.7139722948255	3	0.75
15576.00942143127	1850	20.64851628969813	0.0	1026056	7293.079822864912	3	0.75
15582.863184765856	1850	17.794752955110294	0.0	943942	6853.76333458784	3	1.85
15586.204047435518	1850	18.45389028544829	0.0	728962	3340.8626696620036	3	1.85
15590.377728152484	1850	18.28020956848312	0.0	938587	4173.680716965169	3	1.85
15594.003044188205	1850	18.65489353276221	0.0	908665	3625.3160357209067	3	1.85
15597.867775453406	1850	18.790162267562028	0.0	930577	3864.7312652001824	3	1.85
15602.01042210195	1850	18.64751561901708	0.0	858450	4142.6466485449455	3	1.85
15609.48615310339	1850	15.171784617577758	0.0	1025005	7475.731001439324	3	1.85
15614.915259859721	1850	13.742677861245996	0.0	886255	5429.106756331762	3	1.85
15628.075410891655	300	4.5825268293102015	0.0	973972	13160.151031935795	0	1.85
15632.838353948175	300	4.0	0.18041622720741726	167025	4762.943056517619	0	-2.0257897769918944
15636.423994699337	300	4.4143592488376795	0.0	160064	3585.64075116232	0	0.3
15640.73588589174	300	4.102468056434989	0.0	137507	4311.891192402691	0	0.3
15643.757632054316	300	5.0807218938575796	0.0	118421	3021.7461625774095	0	0.3

