9546.68307689762	300	4.0	2.180707446265742	181801	2180.707446265742	-9.07704201894269
9548.560801137255	300	6.122275760364222	0.0	155580	1877.7242396357783	0.3
9549.947480457336	300	8.735596440283313	0.0	139857	1386.6793200809097	0.3
9551.403685594367	300	11.279391303252742	0.0	155432	1456.205137030571	0.3
9553.005552084758	300	13.67752481286011	0.0	163442	1601.8664903926317	0.3
9554.178389823606	300	16.50468707401333	0.0	126289	1172.8377388467786	0.3
9555.752307522911	300	18.930769374708632	0.0	153295	1573.9176993046985	0.3
9557.384406522253	300	21.29867037536656	0.0	173849	1632.0989993420733	0.3
9558.751370154152	300	23.931706743467526	0.0	150710	1366.963631899031	0.3
9560.087454006294	300	26.59562289132581	0.0	139105	1336.083852141716	0.3
9561.437871191969	300	29.24520570565135	0.0	141840	1350.4171856744586	0.3
9562.820139454549	300	31.862937443071566	0.0	156148	1382.268262579787	0.3
9564.206122925907	300	34.476953971713996	0.0	160746	1385.9834713575647	0.3
9565.885105800138	300	36.797971097482744	0.0	179801	1678.9828742312511	0.3
9567.229807261525	300	39.453269636096984	0.0	140051	1344.7014613857582	0.3
9568.477627936818	300	42.205448960804745	0.0	138313	1247.8206752922429	0.3
9569.668006870732	300	45.015070026890214	0.0	143509	1190.378933914527	0.3
9570.949600966116	300	47.733475931505176	0.0	150616	1281.5940953850377	0.3
9572.442562036262	300	50.24051486136152	0.0	165384	1492.9610701436645	0.3
9573.837530065317	300	52.8455468323061	0.0	140881	1394.9680290554136	0.3
9575.550362487664	300	55.13271440995818	0.0	157671	1712.8324223479156	0.3
9577.443903937063	300	57.2391729605608	0.0	157812	1893.5414493973913	0.3
9579.804224796402	300	58.87885210122241	0.0	163927	2360.320859338389	0.3
9581.96537447557	300	59.659204891259556	0.0	137654	1719.6472099628552	0.3
9583.57201654939	300	59.8066350698529	0.0	146754	1352.5698214066615	0.3
9585.440463686007	300	59.9744476134505	0.0	153938	1332.1874564023947	0.3
9587.672219679129	300	59.54169949989833	0.0	181901	1932.7481135521716	0.3
9590.776504926378	300	59.944060844707636	0.0	111155	1097.6386551906924	0.3
9595.104515551242	300	59.61605021984493	0.0	153605	2328.010624862705	0.3
9598.459218378122	300	59.7810274100645	0.0	149029	1835.0228097804259	0.3
9602.383376841597	300	59.856868946590964	0.0	157421	2424.158463473538	0.3
9606.061134178884	300	59.829909475334986	0.0	157488	2026.9594712559774	0.3
9608.163437344137	300	59.50915687817343	0.0	143881	1820.7525971615507	0.3
9610.647920301213	300	59.67769062648196	0.0	163444	1331.466251691468	0.3
9612.322512994988	300	59.62190263703626	0.0	179328	1555.7879894457085	0.3
9614.459718373264	300	59.63770235726343	0.0	159914	1984.2002797728244	0.3
9617.163889625232	300	59.52711920423079	0.0	131610	1110.583153032636	0.3
9619.924617533734	300	59.648549304246224	0.0	124011	1878.5698999845665	0.3
9621.773502298482	300	59.83518596428284	0.0	144254	1313.3633399633843	0.3
9624.467859957158	300	59.8557678330354	0.0	149991	1479.4181312474418	0.3
9626.491605549923	300	59.776364809767564	0.0	147968	1079.403023267841	0.3
9628.49811326752	300	59.79528226921803	0.0	161857	1481.082540549534	0.3
9632.44155325081	300	59.85184228592891	0.0	145210	2443.4399832891104	0.3
9636.595159947863	300	59.6982355888768	0.0	172312	3153.6066970521115	0.3
9640.564384505486	300	59.729011031253464	0.0	167025	2969.2245576233295	0.3
9643.505624719575	300	59.65923911721512	0.0	160064	2069.7719140383388	0.3
9645.500045031353	300	59.577763092351816	0.0	137507	1581.4760248633077	0.3
9647.483833628554	300	59.50234093720738	0.0	118421	1575.422155144437	0.3

