23991.51924009761	750	4.0	5.693969597015465	450283	5693.969597015464	0.07908068217224397	-23.734069267166497
23993.322576692783	300	6.1966634048252285	0.0	155580	1803.336595174772	0.08627341141764043	-0.15000000000000002
23994.81154882791	300	8.707691269693635	0.0	139857	1488.9721351315945	0.09392855426917679	0.3
23998.694440836818	750	8.82479926079069	0.0	382355	3882.8920089029434	0.09847170591489848	0.3
24002.760213529094	750	8.759026568512718	0.0	411561	4065.7726922779725	0.1012257770292147	0.75
24006.212303077587	750	9.306937020020264	0.0	318564	3452.0895484924526	0.09228149951646496	0.75
24011.60708517477	1200	7.912154922832574	0.0	561791	5394.782097187691	0.104135994722171	0.75
24016.12067451396	750	7.398565583643807	0.0	437162	4513.589339188768	0.09685462436832404	0.3
24020.18947716112	750	7.329762936490501	0.0	374758	4068.802647153306	0.0921052291052247	0.75
24024.09446484213	750	7.424775255479465	0.0	362795	3904.9876810110363	0.09290554276628835	0.75
24028.10292982233	750	7.416310275279793	0.0	353220	4008.464980199671	0.08811851961905011	0.75
24033.866061480592	750	5.653178617014472	0.0	405134	5763.131658265321	0.07029754377014244	0.75
24036.009564766962	300	7.509675330647051	0.0	160746	2143.503286367422	0.07499218733292215	-0.15000000000000002
24040.69809947104	750	6.821140626568961	0.0	434409	4688.53470407809	0.09265346796348778	0.3
24042.615249374823	300	8.903990722786967	0.0	140051	1917.1499037819956	0.07305166889856599	-0.15000000000000002
24047.597382198335	750	7.9218578992755795	0.0	366214	4982.132823511387	0.07350546703046225	0.3
24053.41149543142	750	6.107744666188269	0.0	360831	5814.11323308731	0.062061226800083795	0.75
24055.346853923013	300	8.172386174598017	0.0	150616	1935.3584915902532	0.07782330800958805	-0.15000000000000002
24059.99192123549	750	7.527318862118408	0.0	405596	4645.0673124796085	0.0873175721071492	0.3
24064.359572554993	750	7.1596675426151375	0.0	350713	4367.65131950327	0.08029784759463957	0.75
24071.378236606724	750	4.141003490885775	0.0	386472	7018.664051729363	0.05506347036296392	0.75
24075.115529756782	300	4.403710340828172	0.0	157812	3737.2931500576033	0.0422262834794128	-0.15000000000000002
24079.11730412375	300	4.40193597386114	0.0	163927	4001.7743669670313	0.04096357889468947	0.3
24081.635312914248	300	5.883927183362325	0.0	137654	2518.008790498815	0.054667799619846004	0.3
24083.412578784275	300	8.10666131333485	0.0	146754	1777.2658700274742	0.08257290171094737	0.3
24087.41388451612	750	8.105355581492269	0.0	379700	4001.305731842582	0.0948940234629734	0.3
24091.493389419647	750	8.025850677963493	0.0	425781	4079.504903528776	0.10437075333129248	0.75
24094.83187790614	750	8.687362191471175	0.0	277716	3338.4884864923183	0.08318614879867103	0.75
24099.566245166294	750	7.952994931316098	0.0	400396	4734.367260155076	0.08457223066950764	0.75
24105.206622050486	750	6.312618047122053	0.0	400508	5640.3768841940455	0.07100731178484514	0.75
24108.801985482736	300	6.717254614870265	0.0	157421	3595.3634322517873	0.043784447098691975	-0.15000000000000002
24113.746144232886	300	5.7730958647221335	0.0	157488	4944.158750148133	0.03185334613199495	0.3
24118.16217148089	300	5.357068616715052	0.0	143881	4416.027248007081	0.03258154715076371	0.3
24123.457610532798	300	4.061629564808776	0.0	163444	5295.439051906277	0.030865051678984515	0.3
24127.815290591177	300	4.0	0.29605049357015834	179328	4357.680058378934	0.041152172164449906	-0.9730171223516808
24130.423319090398	300	5.39197150078099	0.0	159914	2608.02849921901	0.061316047753269265	0.3
24132.341314174504	300	7.473976416675617	0.0	131610	1917.995084105373	0.06861852832192632	0.3
24137.824451251887	750	5.990839339293112	0.0	361565	5483.137077382505	0.06594126590258453	0.3
24139.89065897882	300	7.924631612358346	0.0	144254	2066.207726934766	0.0698158264145115	-0.15000000000000002
24142.88708964254	750	8.92820094863916	0.0	390680	2996.4306637191858	0.13038179215369727	0.3
24145.064448735055	750	10.750841856125001	0.0	345516	2177.3590925141584	0.15868581401565635	0.75
24150.114610239794	1200	9.70068035138785	0.0	641452	5050.16150473715	0.1270161358994768	0.75
24154.665014823146	1200	9.1502757680358	0.0	599477	4550.404583352052	0.13174147243812676	1.2
24159.84082394736	1200	7.9744666438192	0.0	634861	5175.809124216599	0.12265927602113638	1.2
24163.825392149916	750	7.989898441265246	0.0	398987	3984.5682025539536	0.10013305826821205	0.3
24170.1882074885	750	5.62708310268406	0.0	393804	6362.815338581186	0.0618914708418699	0.75
24172.300067500637	300	7.515223090549294	0.0	137507	2111.8600121347663	0.06511179680939246	-0.15000000000000002
24178.340575066813	750	5.474715524371933	0.0	314107	6040.507566177361	0.052000100415200305	0.3

