13940.366330049355	750	4.0	1.7041197936685797	450283	1704.1197936685796	-6.577715112774892
13942.206838093101	750	6.159491956252071	0.0	398865	1840.5080437479282	0.75
13943.762660833703	750	8.60366921565108	0.0	350812	1555.8227406009928	0.75
13946.869743989284	1200	9.4965860600703	0.0	617681	3107.0831555807795	0.75
13949.707430959512	1200	10.65889908984243	0.0	652874	2837.686970227869	1.2
13951.781099232405	1200	12.585230816948075	0.0	520315	2073.668272894355	1.2
13954.04645387407	1200	14.31987617528357	0.0	561791	2265.3546416645063	1.2
13958.867450286625	1850	13.498879762728697	0.0	1060487	4820.996412554872	1.2000000000000002
13964.29554672799	2850	12.07078332136324	0.0	1348011	5428.0964413654565	1.85
13971.69649942691	2850	8.669830622445952	0.0	1429765	7400.952698917289	2.85
13976.139872399122	1850	8.226457650232403	0.0	939819	4443.372972213549	0.8500000000000001
13978.15507349695	1850	10.211256552405187	0.0	917428	2015.201097827216	1.85
13982.415882253525	2850	9.950447795830092	0.0	1422919	4260.808756575095	1.85
13987.875072144509	2850	8.491257904845376	0.0	1578343	5459.189890984714	2.85
13992.321937990871	1850	8.044392058480737	0.0	821631	4446.86584636464	0.8500000000000001
13994.421726813853	1200	9.9446032355009	0.0	587876	2099.7888229798377	0.5499999999999999
13997.832534716132	1850	10.533795333221883	0.0	966699	3410.8079022790153	1.2000000000000002
14000.956785389546	1850	11.409544659807061	0.0	885714	3124.2506734148233	1.85
14004.814702425438	1850	11.551627623916364	0.0	987708	3857.9170358906968	1.85
14008.916738992892	1850	11.449591056460694	0.0	923755	4102.036567455671	1.85
14012.198144346981	1850	12.16818570237161	0.0	891604	3281.4053540890836	1.85
14015.071717951863	1850	13.294612097487725	0.0	955231	2873.5736048838844	1.85
14018.129708286287	1850	14.23662176306492	0.0	968026	3057.990334422806	1.85
14021.958320358743	1850	14.408009690610543	0.0	874175	3828.6120724543766	1.85
14025.870029849202	1850	14.496300200150822	0.0	897976	3911.709490459721	1.85
14030.677645252335	1850	13.68868479701643	0.0	905935	4807.615403134389	1.85
14038.984590464555	1850	9.381739584797323	0.0	1076599	8306.945212219107	1.85
14043.296447546081	1200	9.069882503270618	0.0	487160	4311.857081526707	0.5499999999999999
14046.986201956977	750	9.380128092374468	0.0	400396	3689.754410896149	0.3
14050.858625420824	750	9.507704628528924	0.0	400508	3872.4234638455455	0.75
14053.654532446766	750	10.711797602586724	0.0	358218	2795.907025942198	0.75
14055.729201879049	750	12.637128170303782	0.0	400322	2074.6694322829426	0.75
14058.011581166546	750	14.354748882807023	0.0	369834	2282.379287496759	0.75
14060.335639412306	750	16.030690637046273	0.0	412837	2324.05824576075	0.75
14063.673512065314	1200	16.692817984038587	0.0	690253	3337.872653007685	0.75
14074.092539824538	1850	10.273790224814636	0.0	943942	10419.027759223949	1.2000000000000002
14076.931794064198	750	11.434535985155096	0.0	321064	2839.254239659542	-0.3500000000000001
14079.828684056185	750	12.537645993168407	0.0	361565	2896.889991986687	0.75
14082.484589346284	750	13.881740703069386	0.0	378327	2655.90529009902	0.75
14085.51123376527	750	14.855096284082116	0.0	390680	3026.64441898727	0.75
14087.628822101502	750	16.737507947850233	0.0	345516	2117.588336231882	0.75
14090.147097330315	1200	18.2192327190377	0.0	641452	2518.2752288125344	0.75
14092.062763197053	1200	20.30356685229921	0.0	599477	1915.6658667384913	1.2
14095.499787741155	1850	20.86654230819763	0.0	973972	3437.024544101578	1.2000000000000002
14098.679696142586	1850	21.686633906765582	0.0	958994	3179.908401432047	1.85
14104.259218895693	4300	20.10711115365911	0.0	2246506	5579.522753106475	1.8499999999999996
14110.676034119044	4300	17.690295930308235	0.0	1961140	6416.8152233508745	4.3
14121.275940619153	4300	11.09038943019921	0.0	2155012	10599.906500109026	4.3

