7026.845531400232	750	4.0	1.4326655545084757	450283	1432.6655545084757	0.3142973589216255	-5.410461884386445
7027.400869620448	300	7.444661779784371	0.0	155580	555.3382202156292	0.2801535970990628	-0.15000000000000002
7028.692985199084	750	10.152546201148091	0.0	350812	1292.1155786362808	0.2715020279921495	0.3
7031.14639650737	1200	11.69913489286229	0.0	617681	2453.4113082858	0.25176414485167353	0.75
7036.163643558941	1850	10.681887841291339	0.0	996749	5017.247051570952	0.19866452453998804	1.2000000000000002
7037.922586116827	1200	12.922945283405298	0.0	520315	1758.9425578860419	0.29581125186107987	0.5499999999999999
7040.701785712417	1850	14.14374568781543	0.0	905515	2779.1995955898683	0.32581862829747926	1.2000000000000002
7045.956249312198	2850	12.88928208803387	0.0	1638769	5254.46359978156	0.31188131174191164	1.85
7048.888751615813	1850	13.956779784419483	0.0	852833	2932.502303614386	0.29082091391671233	0.8500000000000001
7055.507091523991	2850	11.338439876241392	0.0	1429765	6618.339908178093	0.21603075995436266	1.85
7059.184305167617	1850	11.661226232615482	0.0	939819	3677.21364362591	0.2555791126330351	0.8500000000000001
7062.69259697991	1850	12.152934420322097	0.0	917428	3508.2918122933843	0.26150276233728503	1.85
7065.843804220661	1850	13.001727179572061	0.0	946851	3151.207240750036	0.30047246266628747	1.85
7071.070607804243	2850	11.774923595988982	0.0	1578343	5226.803583583081	0.3019709799230706	1.85
7073.878518483243	1850	12.96701291698937	0.0	821631	2807.9106789996117	0.292612940342079	0.8500000000000001
7078.970189174719	1850	11.875342225513226	0.0	923170	5091.6706914761435	0.18130984031340813	1.85
7082.177452957445	1850	12.668078442787511	0.0	966699	3207.2637827257154	0.3014092589473399	1.85
7084.921653554149	1850	13.923877846083306	0.0	885714	2744.200596704205	0.32275847511429945	1.85
7089.79961082022	2850	13.045920580012597	0.0	1537156	4877.957266070709	0.315122891848991	1.85
7094.271483224002	2850	12.574048176231177	0.0	1336050	4471.872403781419	0.2987674690517187	2.85
7098.722500822849	1850	12.123030577384077	0.0	891604	4451.0175988471	0.20031464270798272	0.8500000000000001
7102.868238131643	1850	11.977293268589293	0.0	955231	4145.737308794785	0.23041281413889123	1.85
7106.43824496218	1850	12.40728643805259	0.0	968026	3570.0068305367013	0.2711552234913989	1.85
7109.524114022586	1850	13.321417377645938	0.0	874175	3085.869060406653	0.28328324465095805	1.85
7114.074609563838	2850	12.770921836394434	0.0	1383735	4550.495541251503	0.3040844645283264	1.85
7117.028438427236	1850	13.817092972996251	0.0	905935	2953.8288633981824	0.3066985400629414	0.8500000000000001
7124.316028964085	2850	10.529502436147252	0.0	1547572	7287.590536848998	0.21235715593169668	1.85
7125.9399063245255	1200	12.905625075706846	0.0	487160	1623.8773604404066	0.2999980243999946	-0.44999999999999996
7129.022379608536	1850	13.823151791697459	0.0	972798	3082.473284009388	0.31559008314734743	1.2000000000000002
7133.930028310285	2850	12.915503089947816	0.0	1561263	4907.648701749643	0.3181285162981182	1.85
7136.984266072212	1850	13.861265328020304	0.0	873429	3054.237761927512	0.28597282467255725	0.8500000000000001
7143.265072327511	2850	11.580459072721588	0.0	1497683	6280.806255298715	0.2384539403259734	1.85
7147.202574474635	1850	11.642956925596996	0.0	885062	3937.5021471245914	0.2247775282221312	0.8500000000000001
7151.001889905118	1850	11.843641495113946	0.0	1035329	3799.31543048305	0.27250409157745736	1.85
7154.591636979621	1850	12.253894420610877	0.0	1026056	3589.747074503069	0.2858296082439283	1.85
7157.623997005087	1850	13.22153439514568	0.0	943942	3032.360025465197	0.3112895540347948	1.85
7161.449308639617	2850	13.396222760616743	0.0	1139291	3825.3116345289363	0.29782959111520774	1.85
7168.563457141696	2850	10.282074258538074	0.0	1499009	7114.1485020786695	0.2107081402028658	2.85
7170.572950714659	1200	12.272580685574443	0.0	605884	2009.4935729636309	0.30151079264534963	-0.44999999999999996
7173.534733098504	1850	13.31079830172931	0.0	930577	2961.7823838451336	0.3141949270398045	1.2000000000000002
7177.727617755538	2850	13.117913644695582	0.0	1339500	4192.884657033729	0.31946979456087254	1.85
7182.837723070852	2850	12.007808329381117	0.0	1527299	5110.105315314466	0.2988781846477489	2.85
7186.665957491139	1850	12.179573909094831	0.0	886255	3828.234420286284	0.23150489303988958	0.8500000000000001
7191.3294259254535	1850	11.51610547478102	0.0	973972	4663.468434313813	0.20885141900683007	1.85
7194.80918602951	1850	12.036345370724714	0.0	958994	3479.760104056306	0.27559198660910983	1.85
7198.4211879740415	1850	12.424343426193387	0.0	982064	3612.001944531326	0.27188911165645213	1.85
7201.084917241463	1850	13.760614158772636	0.0	830730	2663.7292674207506	0.31186727951687954	1.85
7205.6546712212685	2850	13.19086017896661	0.0	1364537	4569.753979806025	0.2986018516598395	1.85

