3689.5687483225634	300	4.0	1.033042181687283	181801	1033.0421816872831	-4.142081381255317
3690.6334067405273	300	6.935341582036314	0.0	155580	1064.658417963687	0.3
3691.6416435121314	300	9.927104810432168	0.0	139857	1008.2367716041463	0.3
3692.7257874730076	300	12.842960849555679	0.0	155432	1084.1439608764895	0.3
3693.837952470404	300	15.730795852158955	0.0	163442	1112.1649973967237	0.3
3694.54365590745	300	19.025092415112894	0.0	126289	705.7034370460605	0.3
3695.370818623564	300	22.197929698998955	0.0	153295	827.1627161139367	0.3
3696.207881199744	300	25.360867122819293	0.0	173849	837.0625761796628	0.3
3696.8817880969373	300	28.686960225625967	0.0	150710	673.9068971933278	0.3
3697.4062899409737	300	32.162458381589566	0.0	139105	524.5018440364045	0.3
3697.910301778892	300	35.65844654367105	0.0	141840	504.01183791852293	0.3
3698.4416774030665	300	39.127070919496745	0.0	156148	531.3756241743054	0.3
3698.9797025988632	300	42.58904572369979	0.0	160746	538.0251957969533	0.3
3699.589339778232	300	45.97940854433099	0.0	179801	609.6371793687983	0.3
3700.4740082403273	300	49.09474008223579	0.0	140051	884.6684620952034	0.3
3701.262932795642	300	52.30581552692105	0.0	138313	788.9245553147323	0.3
3701.9460666349573	300	55.6226816876057	0.0	143509	683.1338393153583	0.3
3702.512683179462	300	59.05606514310107	0.0	150616	566.6165445046271	0.3
3703.287219128952	300	59.51228569719906	0.0	165384	543.7794459020073	0.3
3704.195969785346	300	59.85828852539637	0.0	140881	653.9971718026953	0.3
3705.525408619765	300	59.79094596018213	0.0	157671	1067.3425652142364	0.3
3707.280182747709	300	59.74960703556282	0.0	157812	1041.3389246193105	0.3
3709.011017940613	300	59.630906988322934	0.0	163927	1118.7000472398884	0.3
3711.054767069033	300	59.730100016045164	0.0	137654	1400.8069722777618	0.3
3714.1577906428056	300	59.77505924523018	0.0	146754	1455.040770814988	0.3
3717.4703977572126	300	59.902747089505006	0.0	153938	1872.3121557251739	0.3
3721.5186687961555	300	59.854476050562255	0.0	181901	4048.2710389427557	0.3
3725.4723518830915	750	59.82691759170666	0.0	277716	3527.558458855592	0.3
3727.842830235843	750	59.584740710321135	0.0	400396	2242.176881385523	0.75
3729.590036693417	750	59.85528822196722	0.0	400508	1729.4524883539104	0.75
3733.4168099899894	750	59.73077849154116	0.0	358218	3624.5097304260667	0.75
3737.463433598426	750	59.684154883104384	0.0	400322	4046.623608436775	0.75
3739.6813657887096	750	59.954632413403914	0.0	369834	1229.522469700464	0.75
3740.9833109743345	750	59.73786469998333	0.0	412837	1216.767713420586	0.75
3742.68311890711	750	59.61054949829749	0.0	401088	1127.3152016858455	0.75
3744.8733500913654	750	59.70668020496459	0.0	365161	1403.8692933328928	0.75
3748.128580377418	750	59.617246069349655	0.0	321064	3089.4341356149375	0.75
3753.7429808569295	750	58.00284558983808	0.0	361565	5614.400479511577	0.75
3756.8216963087734	750	58.92413013799408	0.0	378327	3078.715451844	0.75
3761.025612508104	750	58.7202139386635	0.0	390680	4203.916199330581	0.75
3769.7459889417473	750	53.999837505020416	0.0	345516	8720.376433643074	0.75
3773.4540710827687	300	54.291755363999194	0.0	161857	3708.0821410212243	-0.15000000000000002
3774.986668392493	300	56.75915805427458	0.0	145210	1532.5973097246197	0.3
3776.3939991726143	300	59.35182727415291	0.0	172312	1407.3307801216692	0.3
3778.0476816130385	300	59.73559346470782	0.0	167025	1116.2338094450868	0.3
3779.4588021423406	300	59.948757573046365	0.0	160064	786.8358916614558	0.3
3780.6507947398095	300	59.699903521632336	0.0	137507	748.8540514140283	0.3
3782.23024773379	300	59.69674631666943	0.0	118421	503.1572049629042	0.3

