5425.729672543417	300	4.0	1.012968948926174	181801	1012.9689489261739	-4.055766480382548
5426.547534930307	300	7.182137613110003	0.0	155580	817.8623868899981	0.3
5427.315166719918	300	10.414505823498446	0.0	139857	767.6317896115562	0.3
5428.19851184948	300	13.53116069393562	0.0	155432	883.3451295628249	0.3
5430.039214947946	750	15.690457595470459	0.0	411561	1840.7030984651606	0.3
5431.2196418022295	750	18.51003074118594	0.0	318564	1180.4268542845184	0.75
5433.375549949441	1200	20.354122593975205	0.0	561791	2155.908147210734	0.75
5435.7638595492435	1200	21.965812994172587	0.0	709534	2388.3095998026142	1.2
5438.358540028736	1850	23.371132514680966	0.0	852833	2594.6804794916247	1.2000000000000002
5441.231120819713	1850	24.4985517237044	0.0	913888	2872.5807909765676	1.85
5446.249748356875	2850	23.47992418654275	0.0	1354548	5018.6275371616475	1.85
5450.609049752972	1850	23.120622790445772	0.0	917428	4359.301396096977	0.8500000000000001
5454.435128860251	1850	23.29454368316667	0.0	946851	3826.0791072791026	1.85
5457.594251028335	1850	24.135421515083376	0.0	1036454	3159.1221680832914	1.85
5460.090987596755	1850	25.638684946661996	0.0	821631	2496.736568421379	1.85
5462.981012693974	1850	26.748659849443523	0.0	923170	2890.0250972184735	1.85
5468.040577331156	2850	25.689095212261737	0.0	1491626	5059.5646371817875	1.85
5472.367925136485	2850	25.36174740693223	0.0	1358801	4327.347805329508	2.85
5478.600433566459	2850	23.129238976958344	0.0	1537156	6232.508429973883	2.85
5481.994684361633	1850	23.734988181784637	0.0	923755	3394.2507951737093	0.8500000000000001
5484.908368163264	1850	24.82130438015411	0.0	891604	2913.683801630525	1.85
5488.344989406511	1850	25.38468313690752	0.0	955231	3436.6212432465923	1.85
5493.201297402649	2850	24.528375140768222	0.0	1505760	4856.3079961393	1.85
5496.354047824913	1850	25.3756247185035	0.0	874175	3152.750422264723	0.8500000000000001
5501.155763624345	2850	24.57390891907243	0.0	1383735	4801.71579943107	1.85
5504.9187720317095	1850	24.81090051170771	0.0	905935	3763.008407364719	0.8500000000000001
5509.964479931306	2850	23.76519261211158	0.0	1547572	5045.707899596132	1.85
5512.430878092672	1850	25.298794450745657	0.0	758197	2466.3981613659234	0.8500000000000001
5519.228150281879	2850	22.50152226153793	0.0	1498470	6797.272189207729	1.85
5523.504289904806	1850	22.22538263861133	0.0	975811	4276.1396229266	0.8500000000000001
5527.999672528716	1850	21.730000014701474	0.0	873429	4495.382623909856	1.85
5531.421286151405	1200	22.30838639201181	0.0	620283	3421.613622689664	0.5499999999999999
5537.02191780335	1850	20.707754740067006	0.0	885062	5600.631651944804	1.2000000000000002
5544.137214153887	1200	17.59245838953009	0.0	670129	7115.296350536913	0.5499999999999999
5548.552786725922	750	17.176885817495688	0.0	401088	4415.572572034401	0.3
5552.325982386208	750	17.403690157208956	0.0	365161	3773.1956602867303	0.75
5558.0096312525475	750	15.720041290869714	0.0	321064	5683.648866339241	0.75
5562.223972578561	750	15.505699964856229	0.0	361565	4214.341326013486	0.75
5566.147944871034	750	15.581727672382739	0.0	378327	3923.9722924734897	0.75
5572.480533436492	750	13.249139106924742	0.0	390680	6332.588565457996	0.75
5579.244329561805	750	10.485342981611042	0.0	345516	6763.7961253137	0.75
5580.860103598187	300	12.869568945229046	0.0	161857	1615.7740363819955	-0.15000000000000002
5582.268873906509	300	15.460798636907343	0.0	145210	1408.7703083217023	0.3
5586.553119947268	750	15.176552596148255	0.0	438281	4284.24604075909	0.3
5589.3465644696425	750	16.383108073772583	0.0	398987	2793.444522375672	0.75
5591.73232713002	750	17.997345413394974	0.0	393804	2385.7626603776075	0.75
5594.002061254513	750	19.727611288902015	0.0	331053	2269.734124492959	0.75
5597.337417381962	1200	20.39225516145334	0.0	550906	3335.3561274486788	0.75

