18690.431318129275	750	4.0	8.793419615156727	450283	8793.419615156727	-37.06170434517393
18693.43167943653	300	4.999638692742964	0.0	155580	3000.361307257036	-0.15000000000000002
18696.060416067583	300	6.370902061693952	0.0	139857	2628.7366310490115	0.3
18698.539677032033	300	7.89164109724028	0.0	155432	2479.2609644536724	0.3
18700.94966374741	300	9.481654381865631	0.0	163442	2409.9867153746472	0.3
18702.945149213996	300	11.486168915281535	0.0	126289	1995.4854665840983	0.3
18705.221474803184	300	13.209843326092562	0.0	153295	2276.3255891889726	0.3
18707.764130043037	300	14.667188086239829	0.0	173849	2542.655239852732	0.3
18713.065244842615	750	13.366073286661388	0.0	374758	5301.1147995784395	0.3
18718.048305959703	750	12.38301216957509	0.0	362795	4983.061117086298	0.75
18723.29295623149	750	11.138361897785547	0.0	353220	5244.650271789544	0.75
18729.67375169754	750	8.757566431736315	0.0	405134	6380.795466049232	0.75
18731.97687946729	300	10.454438661987133	0.0	160746	2303.1277697491823	-0.15000000000000002
18734.53080108736	300	11.900517041917334	0.0	179801	2553.9216200697997	0.3
18736.89305766241	300	13.538260466866772	0.0	140051	2362.256575050562	0.3
18739.634472337333	300	14.796845791947298	0.0	138313	2741.414674919474	0.3
18742.365437632165	300	16.065880497112822	0.0	143509	2730.965294834477	0.3
18747.703620790755	750	14.727697338524173	0.0	372963	5338.183158588648	0.3
18753.5761529309	750	12.855165198380787	0.0	405596	5872.532140143387	0.75
18759.044062629706	750	11.387255499569171	0.0	350713	5467.909698811614	0.75
18765.258650205782	750	9.172667923493853	0.0	386472	6214.58757607532	0.75
18767.889797924116	300	10.541520205161461	0.0	157812	2631.1477183323923	-0.15000000000000002
18770.498449173778	300	11.932868955500709	0.0	163927	2608.6512496607515	0.3
18772.788903198874	300	13.642414930401982	0.0	137654	2290.454025098729	0.3
18775.27793889318	300	15.153379236098765	0.0	146754	2489.035694303216	0.3
18777.803635297336	300	16.627682831944636	0.0	153938	2525.6964041541296	0.3
18784.138277142694	750	14.29304098658331	0.0	425781	6334.641845361325	0.3
18787.461339988942	750	14.969978140335446	0.0	277716	3323.062846247863	0.75
18791.463261586534	750	14.968056542744515	0.0	400396	4001.9215975909315	0.75
18795.159417386767	750	15.271900742512253	0.0	400508	3696.1558002322618	0.75
18799.504272433267	750	14.927045696011515	0.0	358218	4344.855046500738	0.75
18804.175336625678	750	14.255981503599626	0.0	400322	4671.064192411888	0.75
18808.64235530952	750	13.78896281975516	0.0	369834	4467.018683844468	0.75
18814.934003083174	750	11.497315046101424	0.0	412837	6291.647773653736	0.75
18821.36175575178	750	9.069562377497382	0.0	401088	6427.752668604041	0.75
18823.48393004639	300	10.947388082883176	0.0	159914	2122.1742946142076	-0.15000000000000002
18825.0521311673	300	13.379186961972382	0.0	131610	1568.2011209107934	0.3
18826.523820490558	300	15.90749763871332	0.0	124011	1471.689323259063	0.3
18831.39847974266	750	15.032838386611584	0.0	378327	4874.6592521017365	0.3
18836.160387381642	750	14.27093074762828	0.0	390680	4761.907638983304	0.75
18839.937167009277	750	14.494151119996106	0.0	345516	3776.7796276321733	0.75
18844.368314694082	750	14.063003435190787	0.0	384505	4431.147684805319	0.75
18849.072905959514	750	13.358412169759285	0.0	372093	4704.591265431501	0.75
18854.566663283127	750	11.864654846142919	0.0	438281	5493.757323616367	0.75
18859.5326134391	750	10.898704690173883	0.0	398987	4965.950155969036	0.75
18864.14948464585	750	10.281833483422327	0.0	393804	4616.871206751557	0.75
18868.250832574686	750	10.18048555458746	0.0	331053	4101.347928834867	0.75
18872.162403091424	750	10.268915037848435	0.0	314107	3911.5705167390242	0.75

