9767.920008826943	750	4.0	2.322935537655054	450283	2322.935537655054	-9.238622811916732
9771.396272925123	750	4.523735901820231	0.0	398865	3476.264098179768	0.75
9772.628175722322	300	7.291833104623161	0.0	139857	1231.9027971970702	-0.15000000000000002
9773.765378337048	300	10.154630489896487	0.0	155432	1137.2026147266756	0.3
9776.736802781612	750	11.183206045331943	0.0	411561	2971.424444564543	0.3
9778.785888176562	750	13.134120650380892	0.0	318564	2049.0853949510506	0.75
9781.112060211579	750	14.807948615365076	0.0	352642	2326.172035015815	0.75
9786.037649600195	1200	13.882359226747765	0.0	709534	4925.589388617311	0.75
9790.667430739893	1200	13.252578087049267	0.0	584846	4629.781139698498	1.2
9795.303840269515	1200	12.616168557427494	0.0	560821	4636.409529621773	1.2
9799.140624037529	1200	12.77938478941347	0.0	607410	3836.783768014024	1.2
9803.22844941873	1200	12.691559408212422	0.0	594078	4087.825381201048	1.2
9807.933170449869	1200	11.986838377072395	0.0	624282	4704.721031140026	1.2
9814.11619254952	1200	9.803816277423714	0.0	687371	6183.022099648681	1.2
9820.597680699097	1200	7.32232812784674	0.0	526950	6481.488149576973	1.2
9822.870140658186	750	9.04986816875774	0.0	366214	2272.4599590889984	0.3
9824.295701846284	750	11.624306980660279	0.0	360831	1425.5611880974611	0.75
9826.682902638471	1200	13.237106188474023	0.0	581493	2387.2007921862564	0.75
9835.27120283646	1850	8.648805990485695	0.0	987708	8588.300197988328	1.2000000000000002
9838.03448941589	750	9.885519411055625	0.0	350713	2763.2865794300683	-0.3500000000000001
9839.991596794653	750	11.928412032292508	0.0	386472	1957.1073787631174	0.75
9841.865220496149	750	14.054788330793782	0.0	399894	1873.6237014987253	0.75
9844.620857450016	1200	15.299151376927593	0.0	656471	2755.636953866189	0.75
9846.81506452542	1200	17.1049443015217	0.0	536667	2194.207075405894	1.2
9849.452905176595	1200	18.467103650349245	0.0	587236	2637.8406511724565	1.2
9851.972062248804	1200	19.947946578141327	0.0	590335	2519.1570722079155	1.2
9858.34362469063	2850	17.576384136315994	0.0	1547572	6371.562441825333	1.2000000000000002
9863.147042352583	2850	16.772966474363166	0.0	1141971	4803.417661952829	2.85
9869.132127413166	2850	14.78788141377901	0.0	1498470	5985.085060584156	2.85
9875.363107226982	2850	12.556901599963215	0.0	1561263	6230.979813815795	2.85
9881.031430135512	2850	10.888578691432572	0.0	1341201	5668.322908530643	2.85
9887.558506773526	2850	8.361502053419521	0.0	1497683	6527.076638013052	2.85
9895.723284079342	2850	4.196724747601902	0.0	1358081	8164.777305817619	2.85
9900.086005315183	750	4.0	0.1659964882382037	412837	4362.721235840106	-2.063784899424276
9901.198426629413	300	6.88757868576907	0.0	179328	1112.4213142309302	-0.15000000000000002
9903.157758736808	750	8.928246578373209	0.0	365161	1959.3321073958618	0.3
9904.875568522666	750	11.210436792515141	0.0	321064	1717.8097858580666	0.75
9906.649153170794	750	13.436852144385966	0.0	361565	1773.584648129175	0.75
9909.735913676208	1200	14.35009163897183	0.0	605884	3086.7605054141363	0.75
9913.023372339629	1200	15.062632975550681	0.0	587506	3287.4586634211473	1.2
9917.401171070613	1850	14.684834244565442	0.0	858450	4377.798730985239	1.2000000000000002
9923.17076474022	1850	12.91524057495975	0.0	1025005	5769.593669605692	1.85
9928.01038229214	1850	12.07562302304029	0.0	886255	4839.617551919458	1.85
9934.556771579892	1850	9.529233735287436	0.0	973972	6546.389287752854	1.85
9939.179483241578	1850	8.906522073601133	0.0	958994	4622.711661686305	1.85
9943.352063438891	1850	8.733941876286657	0.0	982064	4172.580197314475	1.85
9949.082412583548	2850	7.0035927316295306	0.0	1231456	5730.349144657127	1.85
9957.203256130526	2850	4.0	1.1172508153485188	1364537	8120.843546978049	-1.9541785059986307

