24492.885944368878	750	4.0	3.3429362672757508	450283	3342.9362672757507	-13.624625949285727
24495.916744175414	750	4.96920019346033	0.0	398865	3030.79980653967	0.75
24498.60050347153	750	6.285440897346153	0.0	350812	2683.7592961141772	0.75
24501.462867333837	750	7.423077035040478	0.0	382355	2862.3638623056745	0.75
24504.411374374555	750	8.474569994323575	0.0	411561	2948.507040716902	0.75
24506.053091338214	750	10.832853030662088	0.0	318564	1641.7169636614872	0.75
24507.900588920926	750	12.98535544795059	0.0	352642	1847.497582711498	0.75
24510.632235425866	750	14.25370894300809	0.0	437162	2731.6465049425005	0.75
24512.36262342002	750	16.52332094885527	0.0	374758	1730.3879941528198	0.75
24513.90153492498	750	18.98440944389321	0.0	362795	1538.9115049620648	0.75
24518.167823445026	1850	18.718120923847668	0.0	939819	4266.288520045542	0.75
24521.98411964729	1850	18.90182472158459	0.0	917428	3816.2962022630772	1.85
24526.807070520204	1850	18.078873848672657	0.0	946851	4822.950872911931	1.85
24535.288055266476	1850	13.597889102398204	0.0	1036454	8480.984746274455	1.85
24544.41075725585	1850	8.475187113025394	0.0	821631	9122.70198937281	1.85
24548.44104132349	750	8.444903045384784	0.0	366214	4030.2840676406095	-0.3500000000000001
24550.05551788632	300	10.830426482553442	0.0	143509	1614.476562831344	-0.15000000000000002
24552.128013765174	300	12.757930603701782	0.0	150616	2072.4958788516587	0.3
24554.731345480417	300	14.154598888460248	0.0	165384	2603.331715241534	0.3
24556.35442305682	300	16.531521312059215	0.0	140881	1623.0775764010334	0.3
24562.50633523577	750	14.379609133109406	0.0	386472	6151.91217894981	0.3
24568.55886136714	750	12.32708300173717	0.0	399894	6052.526131372236	0.75
24570.950263993745	750	13.935680375131476	0.0	401853	2391.4026266056935	0.75
24573.146051267322	750	15.7398931015528	0.0	343800	2195.7872735786777	0.75
24575.40367064908	750	17.48227371979371	0.0	359903	2257.6193817590915	0.75
24577.8927375535	750	18.993206815376894	0.0	379700	2489.0669044168185	0.75
24580.810974474687	750	20.074969894187735	0.0	425781	2918.2369211891546	0.75
24582.6124970512	750	22.273447317677498	0.0	277716	1801.5225765102366	0.75
24584.76725004938	750	24.11869431949752	0.0	400396	2154.7529981799785	0.75
24589.69108192152	1850	23.1948624473585	0.0	975811	4923.8318721390215	0.75
24593.31190291361	1850	23.574041455263504	0.0	873429	3620.8209920949976	1.85
24597.987059647672	1850	22.898884721202144	0.0	954453	4675.15673406136	1.85
24602.479993127854	1850	22.405951241021707	0.0	885062	4492.933480180435	1.85
24610.917705213236	1850	17.96823915563839	0.0	1035329	8437.71208538332	1.85
24625.99005236951	1850	6.895891999367382	0.0	1026056	15072.347156271006	1.85
24628.72419559938	300	8.161748769494038	0.0	159914	2734.1432298733457	-1.25
24630.73261890313	300	10.153325465742915	0.0	131610	2008.423303751122	0.3
24632.501699873006	300	12.384244495864655	0.0	124011	1769.0809698782596	0.3
24634.358738063547	300	14.527206305326507	0.0	144254	1857.0381905381498	0.3
24635.779069914384	300	17.106874454488402	0.0	149991	1420.3318508381012	0.3
24641.034919847796	750	15.851024521074718	0.0	345516	5255.849933413685	0.3
24644.540972173534	750	16.344972195339498	0.0	384505	3506.0523257352206	0.75
24647.371464187647	750	17.51448018122658	0.0	372093	2830.492014112921	0.75
24650.63093861197	750	18.255005756903696	0.0	438281	3259.4744243228865	0.75
24653.49036611981	750	19.3955782490588	0.0	398987	2859.4275078448954	0.75
24656.643715640992	750	20.242228727879773	0.0	393804	3153.3495211790255	0.75
24658.89689064747	750	21.989053721399873	0.0	331053	2253.175006479901	0.75
24661.81832518392	750	23.067619184953728	0.0	314107	2921.434536446145	0.75

