4988.65058892381	750	4.0	2.148641230861048	450283	2148.641230861048	0.20956639644281297	-8.489157292702506
4989.737281652817	300	6.913307270993737	0.0	155580	1086.6927290062629	0.14316834542757242	-0.15000000000000002
4990.568111090453	300	10.082477833357409	0.0	139857	830.8294376363284	0.1683341895033074	0.3
4994.208129786807	1200	10.44245913700379	0.0	617681	3640.0186963536194	0.16969171081971654	0.29999999999999993
4999.502793307363	1200	9.14779561644808	0.0	652874	5294.663520555709	0.12330793023302011	1.2
5001.830118123648	1200	10.82047080016234	0.0	520315	2327.32481628574	0.22356784766743007	1.2
5004.648731375308	1200	12.001857548503402	0.0	561791	2818.6132516589387	0.19931468060378596	1.2
5010.288618930782	1850	10.361969993029222	0.0	1060487	5639.887555474181	0.18803335874501104	1.2000000000000002
5012.870482604119	1200	11.78010631969254	0.0	584846	2581.8636733366798	0.2265208678675789	0.5499999999999999
5017.107848761344	1850	11.542740162467183	0.0	913888	4237.366157225357	0.21567359677937706	1.2000000000000002
5020.853163859363	1850	11.797425064448559	0.0	939819	3745.315098018625	0.2509318910169107	1.85
5025.181376396506	1850	11.469212527306313	0.0	917428	4328.212537142244	0.21196463716306851	1.85
5029.281549400979	1850	11.369039522832283	0.0	946851	4100.173004474031	0.23092952394126154	1.85
5034.440290993719	1850	10.21029793009293	0.0	1036454	5158.741592739354	0.20091217622893773	1.85
5037.851714256834	1200	10.798874666978437	0.0	526950	3411.423263114493	0.15446632075754674	0.5499999999999999
5041.49653422212	1200	11.154054701692067	0.0	587876	3644.819965286369	0.16129081973842055	1.2
5045.001351856448	1850	11.649237067363746	0.0	966699	3504.8176343283203	0.2758200570927174	1.2000000000000002
5047.909799188196	1850	12.740789735615389	0.0	885714	2908.4473317483566	0.3045315589289252	1.85
5053.2585484741185	1850	11.392040449693551	0.0	987708	5348.7492859218355	0.18466148761163564	1.85
5056.640780891367	1850	12.009808032444795	0.0	923755	3382.2324172487574	0.27311990603869235	1.85
5060.286247570894	1850	12.364341352917519	0.0	891604	3645.4666795272756	0.24457883678026604	1.85
5063.6405942389065	1850	13.00999468490563	0.0	955231	3354.3466680118895	0.28477408405916566	1.85
5072.183834638397	2850	8.466754285415908	0.0	1505760	8543.240399489723	0.1762516246282777	1.85
5075.282908028165	750	9.36768089564678	0.0	343800	3099.073389769128	0.11093638541603305	-1.35
5080.807578278165	1200	7.843010645647185	0.0	587236	5524.6702499995945	0.10629340276010919	0.75
5082.790826805752	750	9.85976211806119	0.0	379700	1983.2485275859947	0.19145356455258278	0.3
5089.181824458532	1200	7.468764465280645	0.0	696376	6390.997652780544	0.10896201779968208	0.75
5095.663975582115	750	4.986613341697572	0.0	277716	6482.151123583074	0.04284318503307119	0.3
5097.671257889	300	6.979331034813573	0.0	153605	2007.2823068839987	0.0765238648660479	-0.15000000000000002
5098.936290539749	300	9.714298384064518	0.0	149029	1265.0326507490552	0.1178064454792977	0.3
5102.010964670483	1200	10.639624253330076	0.0	570392	3074.674130734441	0.18551299283991168	0.29999999999999993
5104.718084354643	1200	11.932504569170069	0.0	620283	2707.1196841600063	0.22913024630178772	1.2
5107.234139522864	1850	13.416449400948531	0.0	885062	2516.055168221537	0.35176573676864265	1.2000000000000002
5117.459284188809	2850	7.191304735004199	0.0	1587293	10225.144665944332	0.1552342829228233	1.85
5118.415513596435	750	10.235075327377727	0.0	401088	956.2294076264745	0.41944746396742727	-1.35
5119.95385001238	1200	12.696738911433236	0.0	598727	1538.3364159444895	0.38920420383625953	0.75
5122.102407085544	1850	14.548181838269855	0.0	728962	2148.557073163382	0.3392797934507406	1.2000000000000002
5125.867335845783	2850	14.783253078030524	0.0	1499009	3764.9287602393315	0.3981506943320516	1.85
5131.845671661275	2850	12.804917262537943	0.0	1427478	5978.33581549258	0.23877514479878445	2.85
5143.0853497934295	1850	5.565239130384191	0.0	930577	11239.678132153753	0.08279391892352014	0.8500000000000001
5144.438839897541	300	8.2117490262736	0.0	147968	1353.4901041105907	0.10932329652844648	-1.25
5148.474699543985	750	8.175889379829044	0.0	384505	4035.859646444554	0.09527214365314586	0.3
5158.414611415368	750	4.0	1.7640224915552225	372093	9939.911871384267	0.03743423531462166	-6.835296713687456
5161.3558800610335	300	5.058731354335512	0.0	172312	2941.268645664488	0.05858424399756639	-0.15000000000000002
5162.964899255585	300	7.449712159784202	0.0	167025	1609.0191945513104	0.10380547389714419	0.3
5165.609418439287	750	8.80519297608191	0.0	393804	2644.5191837022912	0.14891327029387613	0.3
5167.355275436575	750	11.059335978794515	0.0	331053	1745.8569972873968	0.1896220598332907	0.75
5170.600788704166	1850	11.813822711202846	0.0	846370	3245.5132675916707	0.2607815560181172	0.75

