12807.53485300405	750	4.0	1.464606764188326	450283	1464.606764188326	0.3074429334959022	-5.547809086009802
12808.06858494153	300	7.46626806252152	0.0	155580	533.7319374784803	0.29149464192644997	-0.15000000000000002
12809.188503211364	750	10.346349792685869	0.0	350812	1119.9182698356503	0.3132478587490872	0.3
12811.387067576014	1200	12.14778542803662	0.0	617681	2198.564364649248	0.280947426389558	0.75
12814.522213281256	1850	13.012639722794177	0.0	996749	3135.1457052424444	0.3179274884523813	1.2000000000000002
12818.32644119614	2850	13.208411807906932	0.0	1224260	3804.2279148872435	0.3218156291869507	1.85
12823.251847836442	2850	12.283005167606417	0.0	1388403	4925.406640300515	0.2818859642247303	2.85
12827.13913616725	1850	12.395716836797783	0.0	1060487	3887.2883308086357	0.27280893768417663	0.8500000000000001
12829.762892524885	1850	13.771960479164052	0.0	852833	2623.7563576337297	0.325042756930807	1.85
12834.570278954687	2850	12.964574049361552	0.0	1429765	4807.386429802499	0.29741004200045945	1.85
12839.920505229917	1850	11.61434777413097	0.0	939819	5350.226275230584	0.1756596733769911	0.8500000000000001
12845.571109191334	1850	9.96374381271336	0.0	917428	5650.603961417609	0.1623592816386017	1.85
12848.173003968232	1200	11.361849035816585	0.0	624282	2601.894776896776	0.23993360743994718	0.5499999999999999
12852.27321029586	1850	11.261642708188305	0.0	1036454	4100.206327628281	0.25278093763625925	1.2000000000000002
12856.240576597398	1850	11.294276406650242	0.0	821631	3967.366301538062	0.2070973380203062	1.85
12860.188200910121	1850	11.346652093927405	0.0	923170	3947.6243127228377	0.23385457350252561	1.85
12864.304208740376	1850	11.23064426367301	0.0	966699	4116.007830254395	0.23486325582141857	1.85
12868.065155056856	1850	11.4696979471923	0.0	885714	3760.94631648071	0.23550296267690501	1.85
12872.308993270395	1850	11.225859733652902	0.0	987708	4243.838213539399	0.23273931528512318	1.85
12875.884132311561	1850	11.650720692486333	0.0	923755	3575.1390411665693	0.25838295779919607	1.85
12879.347749722172	1850	12.187103281876519	0.0	891604	3463.617410609814	0.25741988629252843	1.85
12882.867784827673	1850	12.667068176373883	0.0	955231	3520.0351055026367	0.2713697367695995	1.85
12886.682139300401	1850	12.852713703648025	0.0	968026	3814.3544727258577	0.25378501314488955	1.85
12889.92901977037	1850	13.60583323367742	0.0	874175	3246.8804699706047	0.26923535007986116	1.85
12894.950163555437	2850	12.584689448609932	0.0	1383735	5021.143785067488	0.27558163223987453	1.85
12898.612345842104	1850	12.922507161943333	0.0	905935	3662.182286666599	0.24737572547886538	0.8500000000000001
12905.893170074572	1850	9.641682929474298	0.0	1076599	7280.8242324690345	0.14786773662230127	1.85
12908.67276760588	1200	10.862085398165979	0.0	487160	2779.597531308319	0.17526278337522497	0.5499999999999999
12911.832655809794	1200	11.702197194253559	0.0	622896	3159.8882039124196	0.1971259613643168	1.2
12919.5528965333	1850	7.981956470747118	0.0	975811	7720.24072350644	0.1263964473321239	1.2000000000000002
12921.957650884498	750	9.57720211954779	0.0	358218	2404.754351199327	0.1489624084977101	-0.3500000000000001
12927.269368734926	1200	8.265484269119835	0.0	620283	5311.717850427954	0.11677634570707199	0.75
12931.039833737148	750	8.495019266897597	0.0	369834	3770.465002222239	0.09808710590922526	0.3
12933.82177693953	750	9.713076064515542	0.0	412837	2781.943202382053	0.14839878817313962	0.75
12938.130053930594	1200	9.404799073451708	0.0	690253	4308.276991063834	0.16021555750285155	0.75
12941.577271854492	1200	9.957581149553937	0.0	598727	3447.217923897772	0.1736841166464518	1.2
12944.143543873617	1200	11.391309130429	0.0	487812	2566.272019124935	0.19008585074560314	1.2
12950.142215561635	1850	9.392637442412695	0.0	938587	5998.671688016307	0.15646580590083606	1.2000000000000002
12954.032548694186	1200	9.502304309861424	0.0	605884	3890.3331325512722	0.1557409042764064	0.5499999999999999
12957.868607461322	1200	9.666245542725333	0.0	587506	3836.05876713609	0.15315354525671618	1.2
12961.265783441715	1200	10.269069562332703	0.0	566904	3397.175980392631	0.16687507602549329	1.2
12970.147233144688	1200	5.387619859360557	0.0	641452	8881.449702972146	0.07222379470159476	1.2
12973.14700673552	300	6.387846268526804	0.0	145210	2999.773590833752	0.048406986595158526	-0.6000000000000001
12975.15405631435	300	8.380796689698546	0.0	172312	2007.0495788282599	0.0858533848977452	0.3
12983.842308917156	750	4.0	0.30745591310774034	398987	8688.252602806286	0.04592258285298106	-1.0220604263632833
12987.62263783	300	4.219671087154942	0.0	160064	3780.328912845058	0.042341289260869254	-0.15000000000000002
12990.703042807398	300	5.139266109757827	0.0	137507	3080.4049773971155	0.044639260424838956	0.3
12993.49218676886	300	6.350122148294233	0.0	118421	2789.1439614635938	0.04245782994215149	0.3

