4371.35589365386	300	4.0	1.6438931885945212	450283	1643.8931885945212	0	-6.31874071095644
4372.048071664744	750	7.307821989116605	0.0	155580	692.1780108833948	1	-0.15000000000000002
4373.692797707636	750	9.663095946224754	0.0	350812	1644.726042891852	1	0.3
4375.499457901656	750	11.856435752205332	0.0	382355	1806.6601940194225	1	0.75
4377.308398582901	750	14.04749507096002	0.0	411561	1808.9406812453128	1	0.75
4378.909062432518	750	16.446831221342737	0.0	318564	1600.6638496172816	1	0.75
4381.40123562261	750	17.954658031251398	0.0	352642	2492.173190091339	1	0.75
4383.866633057329	750	19.489260596532535	0.0	437162	2465.397434718862	1	0.75
4385.456779098341	1850	21.89911455552028	0.0	374758	1590.1460410122538	3	0.75
4389.267380201352	1850	22.088513452509098	0.0	913888	3810.6011030111827	3	0.75
4393.048062438567	1850	22.307831215294307	0.0	939819	3780.682237214791	3	1.85
4396.9576533264135	1850	22.398240327448203	0.0	917428	3909.590887846106	3	1.85
4401.2455337912625	1850	22.110359862599275	0.0	946851	4287.880464848927	3	1.85
4408.544279729746	1850	18.811613924115864	0.0	1036454	7298.74593848341	3	1.85
4413.631042043703	1850	17.72485161015939	0.0	821631	5086.762313956471	3	1.85
4419.487299061908	1850	15.86859459195507	0.0	923170	5856.257018204322	3	1.85
4427.668201387736	750	11.68769226612625	0.0	966699	8180.90232582882	1	1.85
4430.83152579076	750	12.524367863102471	0.0	372963	3163.32440302378	1	-0.3500000000000001
4434.7714872052775	750	12.584406448584346	0.0	405596	3939.961414518124	1	0.75
4437.50903630532	750	13.846857348542201	0.0	350713	2737.549100042145	1	0.75
4439.756724480186	750	15.599169173675884	0.0	386472	2247.688174866318	1	0.75
4441.621267153162	750	17.734626500698866	0.0	399894	1864.5426729770195	1	0.75
4443.128181305414	1850	20.227712348447326	0.0	401853	1506.91415225154	3	0.75
4445.8224465355	1850	21.533447118361863	0.0	874175	2694.265230085463	3	0.75
4451.798394872463	1850	19.557498781398113	0.0	897976	5975.948336963747	3	1.85
4456.7361280959	1850	18.619765557960818	0.0	905935	4937.733223437296	3	1.85
4461.2695466248	1850	18.086347029061965	0.0	1076599	4533.418528898851	3	1.85
4463.805620486613	1850	19.550273167248264	0.0	758197	2536.0738618137034	3	1.85
4467.744447503609	1850	19.611446150252743	0.0	972798	3938.827016995519	3	1.85
4471.62434134022	1850	19.7315523136416	0.0	975811	3879.8938366111392	3	1.85
4475.016130175213	1850	20.339763478647722	0.0	873429	3391.788834993882	3	1.85
4478.333032654633	1850	21.0228609992278	0.0	954453	3316.9024794199204	3	1.85
4480.60539980117	1850	22.750493852690337	0.0	885062	2272.3671465374655	3	1.85
4483.869867281753	1850	23.486026372107702	0.0	1035329	3264.467480582632	3	1.85
4486.730726662473	1850	24.625166991387143	0.0	1026056	2860.859380720556	3	1.85
4490.072707484613	1850	25.283186169248026	0.0	943942	3341.9808221391168	3	1.85
4492.511642135291	1850	26.844251518569198	0.0	728962	2438.9346506788293	3	1.85
4495.662752521654	1850	27.693141132206875	0.0	938587	3151.1103863623234	3	1.85
4499.926384060087	1850	27.42950959377428	0.0	908665	4263.631538432595	3	1.85
4505.040078844266	1850	26.315814809594844	0.0	930577	5113.694784179436	3	1.85
4521.050164534131	750	14.305729119729701	0.0	858450	16010.085689865144	1	1.85
4536.04665299159	300	4.0	0.6907593377295325	384505	14996.488457459234	0	-3.3202651522369897
4542.2876295104525	300	4.0	2.240976518861791	145210	6240.976518861791	0	-9.786199031105701
4549.595925265548	300	4.0	3.3082957550970824	172312	7308.295755097082	0	-13.925671746917454
4556.205201235141	300	4.0	2.6092759695929497	167025	6609.27596959295	0	-10.919886669249683
4562.565580863614	300	4.0	2.3603796284722995	160064	6360.379628472299	0	-9.849632402430887
4567.186322775053	300	4.0	0.6207419114394533	137507	4620.741911439453	0	-2.3691902191896492
4571.893685454583	300	4.0	0.7073626795302999	118421	4707.3626795303	0	-2.7416595219802895

