19577.319736544872	300	4.0	4.549356298858494	450283	4549.356298858494	0	-18.812232085091523
19578.806545620864	300	6.513190924009408	0.0	155580	1486.8090759905917	0	-0.15000000000000002
19579.727488584354	300	9.59224796051802	0.0	139857	920.942963491389	0	0.3
19580.88386623139	300	12.435870313484033	0.0	155432	1156.3776470339874	0	0.3
19582.18038969934	750	15.139346845534478	0.0	163442	1296.5234679495547	1	0.3
19584.635497401974	750	16.684239142898143	0.0	318564	2455.1077026363323	1	0.3
19587.663771934014	750	17.655964610858522	0.0	352642	3028.274532039621	1	0.75
19591.756057769948	750	17.563678774924878	0.0	437162	4092.285835933648	1	0.75
19594.940881494946	750	18.378855049923885	0.0	374758	3184.82372500099	1	0.75
19598.151829687813	750	19.167906857058195	0.0	362795	3210.9481928656905	1	0.75
19601.25681953932	750	20.062917005551274	0.0	353220	3104.989851506923	1	0.75
19604.9586683682	750	20.361068176672067	0.0	405134	3701.848828879208	1	0.75
19608.604974880687	750	20.714761664182728	0.0	386351	3646.3065124893383	1	0.75
19613.506148560013	750	19.813587984857534	0.0	434409	4901.173679325189	1	0.75
19617.642231474816	750	19.67750507005303	0.0	337059	4136.082914804504	1	0.75
19620.764344897652	750	20.555391647214662	0.0	366214	3122.1134228383685	1	0.75
19623.682671559513	750	21.637064985356755	0.0	360831	2918.3266618579087	1	0.75
19627.85001548685	750	21.469721058021285	0.0	372963	4167.3439273354725	1	0.75
19632.54210066108	750	20.777635883789003	0.0	405596	4692.08517423228	1	0.75
19636.44328205243	1850	20.876454492438462	0.0	350713	3901.181391350544	3	0.75
19643.062297463905	1850	18.257439080965757	0.0	891604	6619.015411472705	3	0.75
19650.143047407375	1850	15.176689137497245	0.0	955231	7080.7499434685105	3	1.85
19657.41061147981	750	11.909125065062605	0.0	968026	7267.564072434639	1	1.85
19659.93517959625	750	13.384556948623015	0.0	343800	2524.568116439592	1	-0.3500000000000001
19662.785712987654	750	14.53402355721893	0.0	359903	2850.533391404083	1	0.75
19665.8742878325	750	15.445448712373778	0.0	379700	3088.574844845152	1	0.75
19669.913721648558	750	15.406014896313787	0.0	425781	4039.433816059991	1	0.75
19672.217161118962	750	17.10257542591026	0.0	277716	2303.4394704035276	1	0.75
19675.405160133545	750	17.914576411327143	0.0	400396	3187.999014583116	1	0.75
19679.87332603139	750	17.446410513481034	0.0	400508	4468.165897846108	1	0.75
19686.38012089192	750	14.939615652949636	0.0	358218	6506.7948605313995	1	0.75
19691.744746899083	750	13.57498964578759	0.0	400322	5364.626007162045	1	0.75
19696.759200482826	750	12.560536062042313	0.0	369834	5014.453583745277	1	0.75
19701.19646510093	750	12.123271443940357	0.0	412837	4437.264618101956	1	0.75
19705.67718457366	750	11.642551971213363	0.0	401088	4480.719472726994	1	0.75
19708.937024559313	750	12.382711985558824	0.0	365161	3259.8399856545393	1	0.75
19711.442993120134	750	13.876743424735803	0.0	321064	2505.96856082302	1	0.75
19714.30572384502	750	15.0140126998483	0.0	361565	2862.730724887505	1	0.75
19717.827192178236	750	15.492544366635084	0.0	378327	3521.468333213216	1	0.75
19721.854753665826	750	15.464982879043964	0.0	390680	4027.5614875911206	1	0.75
19725.146421194844	750	16.1733153500257	0.0	345516	3291.6675290182657	1	0.75
19729.79343621054	750	15.526300334329418	0.0	384505	4647.015015696281	1	0.75
19734.99403998318	750	14.325696561689885	0.0	372093	5200.6037726395325	1	0.75
19743.27563483616	300	10.0441017087056	0.0	438281	8281.594852984284	0	0.75
19746.75060445458	300	10.56913209028949	0.0	167025	3474.9696184161107	0	-0.15000000000000002
19748.633479595734	300	12.686256949139418	0.0	160064	1882.8751411500707	0	0.3
19750.155025060754	750	15.164711484118003	0.0	137507	1521.545465021416	1	0.3
19753.488543254272	750	15.831193290601574	0.0	314107	3333.5181935164287	1	0.3

