1882.8960558481522	750	4.0	1.5754002818435975	450283	1575.4002818435974	-6.024221211927469
1884.7163299543272	750	6.179725893824993	0.0	398865	1820.2741061750069	0.75
1885.7992617848427	750	9.09679406330946	0.0	350812	1082.9318305155325	0.75
1887.2248779058175	750	11.671177942334614	0.0	382355	1425.616120974846	0.75
1892.1056020652888	1850	10.790453782863239	0.0	996749	4880.724159471376	0.75
1899.0055997622342	1850	7.890456085917965	0.0	801058	6899.997696945274	1.85
1901.7721601822927	750	9.123895665859298	0.0	352642	2766.5604200586677	-0.3500000000000001
1904.1224489911854	750	10.77360685696676	0.0	437162	2350.288808892538	0.75
1906.8228576153203	1200	12.073198232831786	0.0	584846	2700.408624134974	0.75
1910.0393569525313	1200	12.85669889562079	0.0	560821	3216.499337210997	1.2
1912.8314339023605	1200	14.064621945791444	0.0	607410	2792.0769498293457	1.2
1917.1067797383885	1850	13.789276109763373	0.0	917428	4275.345836028073	1.2000000000000002
1922.2885735751324	1850	12.60748227301937	0.0	946851	5181.793836744001	1.85
1927.2210333171447	1850	11.675022531007244	0.0	1036454	4932.459742012126	1.85
1932.13033197906	1850	10.765723869091994	0.0	821631	4909.298661915248	1.85
1937.206960892374	1850	9.689094955778186	0.0	923170	5076.628913313809	1.85
1941.482081354577	1850	9.413974493574967	0.0	966699	4275.120462203218	1.85
1946.184738847953	1850	8.711317000199058	0.0	885714	4702.657493375908	1.85
1950.8813991600457	1850	8.014656688106415	0.0	987708	4696.660312092644	1.85
1954.9281655756783	1850	7.967890272473616	0.0	923755	4046.766415632799	1.85
1959.0939319208871	1850	7.802123927264761	0.0	891604	4165.766345208855	1.85
1964.1289587242793	1850	6.76709712387286	0.0	955231	5035.026803391901	1.85
1970.1126848345152	1850	4.783371013636909	0.0	968026	5983.726110235951	1.85
1972.381813428199	1200	6.5142424199531215	0.0	536667	2269.1285936837876	0.5499999999999999
1974.9488949509944	1200	7.947160897157855	0.0	587236	2567.0815227952667	1.2
1976.9884704902465	1200	9.907585357905651	0.0	590335	2039.5755392522046	1.2
1981.6128570937171	1850	9.283198754434968	0.0	1076599	4624.386603470683	1.2000000000000002
1985.3937892561012	1850	9.502266592050853	0.0	758197	3780.9321623841156	1.85
1992.642626261253	1850	6.253429586898969	0.0	972798	7248.837005151884	1.85
1994.665989499768	750	8.230066348384211	0.0	400508	2023.3632385147582	-0.3500000000000001
1996.8129644645808	1200	10.083091383571253	0.0	570392	2146.974964812959	0.75
2001.1877944840166	1850	9.70826136413551	0.0	954453	4374.830019435744	1.2000000000000002
2006.1414026371083	1850	8.754653211043953	0.0	885062	4953.608153091556	1.85
2009.8930743997503	1200	9.002981448401995	0.0	670129	3751.6717626419586	0.5499999999999999
2013.3080659661753	1200	9.587989881976956	0.0	690253	3414.99156642504	1.2
2016.1417103706076	1200	10.754345477544351	0.0	598727	2833.644404432603	1.2
2017.8593075765746	1200	13.036748271577443	0.0	487812	1717.5972059669089	1.2
2024.2900242465587	1850	10.606031601593246	0.0	938587	6430.716669984196	1.2000000000000002
2027.1830952597945	750	11.712960588357475	0.0	378327	2893.0710132357704	-0.3500000000000001
2030.0675947329983	750	12.828461115153802	0.0	390680	2884.499473203673	0.75
2031.4323635328128	750	15.46369231533906	0.0	345516	1364.7687998147414	0.75
2034.656990957075	1200	16.239064891076858	0.0	641452	3224.627424262204	0.75
2038.314620878987	1200	16.581434969164988	0.0	599477	3657.6299219118678	1.2
2040.6806682078322	1200	18.215387640319793	0.0	634861	2366.0473288451926	1.2
2050.0210735144587	2850	12.874982333693236	0.0	1464921	9340.405306626559	1.2000000000000002
2053.9456309510624	1850	12.950424897089626	0.0	982064	3924.5574366036094	0.8500000000000001
2059.9077026992877	2850	10.988353148864338	0.0	1231456	5962.0717482252885	1.85
2068.1512920614477	2850	6.744763786704189	0.0	1364537	8243.58936216015	2.85

