24314.719730932542	750	4.0	2.943433872988283	450283	2943.4338729882834	-11.906765653849618
24316.500661884216	750	6.219069048327484	0.0	398865	1780.930951672515	0.75
24318.270196776164	750	8.449534156378364	0.0	350812	1769.534891949121	0.75
24320.336898309837	750	10.38283262270498	0.0	382355	2066.701533673385	0.75
24322.569912673553	750	12.14981825899194	0.0	411561	2233.014363713041	0.75
24324.270003365196	750	14.44972756734608	0.0	318564	1700.090691645859	0.75
24326.132944321427	750	16.58678661111628	0.0	352642	1862.9409562297988	0.75
24328.177505289736	750	18.542225642807672	0.0	437162	2044.5609683086088	0.75
24330.088520345504	750	20.631210587040293	0.0	374758	1911.015055767381	0.75
24333.8083620036	1850	20.911368928944935	0.0	913888	3719.841658095355	0.75
24337.969580491783	1850	20.750150440767293	0.0	939819	4161.218488177643	1.85
24341.909350006634	1850	20.81038092591631	0.0	917428	3939.76951485098	1.85
24346.27123413369	1850	20.448496798860116	0.0	946851	4361.8841270561925	1.85
24351.084180060447	1850	19.63555087209962	0.0	1036454	4812.9459267604925	1.85
24356.008601535425	1850	18.711129397122438	0.0	821631	4924.421474977186	1.85
24362.259787606763	1850	16.459943325781296	0.0	923170	6251.186071341141	1.85
24366.771724458056	1850	15.94800647448756	0.0	966699	4511.936851293736	1.85
24370.607082889415	1850	16.112648043130463	0.0	885714	3835.358431357097	1.85
24374.934476991348	1850	15.78525394119932	0.0	987708	4327.394101931141	1.85
24378.830252183663	1850	15.889478748884528	0.0	923755	3895.775192314792	1.85
24382.67873885903	1850	16.04099207351654	0.0	891604	3848.486675367988	1.85
24386.77383477155	1850	15.945896160997709	0.0	955231	4095.09591251883	1.85
24391.10970527422	1850	15.61002565832835	0.0	968026	4335.870502669359	1.85
24395.19240158114	1850	15.527329351409811	0.0	874175	4082.696306918539	1.85
24399.491513799792	1850	15.228217132752867	0.0	897976	4299.112218656945	1.85
24404.083251259548	1850	14.636479673000656	0.0	905935	4591.737459752209	1.85
24409.850435479642	1850	12.869295452906652	0.0	1076599	5767.1842200940055	1.85
24416.4486682885	1850	10.271062644050193	0.0	758197	6598.232808856459	1.85
24418.66708069307	750	12.052650239481201	0.0	400396	2218.4124045689914	-0.3500000000000001
24421.513262491	750	13.206468441553497	0.0	400508	2846.181797927705	0.75
24424.12121075268	750	14.59852017987068	0.0	358218	2607.9482616828172	0.75
24427.39536222467	750	15.324368707884204	0.0	400322	3274.1514719864754	0.75
24431.375139530766	750	15.34459140178599	0.0	369834	3979.777306098214	0.75
24435.92493537625	750	14.794795556304791	0.0	412837	4549.7958454812	0.75
24440.134310849036	750	14.585420083518212	0.0	401088	4209.375472786579	0.75
24443.134575474716	750	15.585155457838638	0.0	365161	3000.2646256795742	0.75
24445.807440276465	750	16.91229065608793	0.0	321064	2672.864801750707	0.75
24452.296450712005	750	14.423280220546573	0.0	361565	6489.010435541359	0.75
24457.84544402012	750	12.874286912435164	0.0	378327	5548.993308111409	0.75
24466.209530614546	750	8.510200318004514	0.0	390680	8364.08659443065	0.75
24469.31941738966	300	9.40031354289344	0.0	147968	3109.8867751110756	-0.15000000000000002
24471.92499495578	300	10.794735976767965	0.0	161857	2605.5775661254743	0.3
24474.05295978664	300	12.666771145908198	0.0	145210	2127.9648308597666	0.3
24477.649458617692	300	13.07027231485957	0.0	172312	3596.498831048628	0.3
24481.639484345895	300	13.08024658665625	0.0	167025	3990.0257282033213	0.3
24483.95018067057	300	14.769550261981106	0.0	160064	2310.696324675143	0.3
24487.709588693964	750	15.010142238586548	0.0	331053	3759.408023394558	0.3
24489.543008101602	750	17.176722830951295	0.0	314107	1833.4194076352526	0.75

