18469.627789944734	750	4.0	5.460500454044817	450283	5460.500454044817	0.0824618556100397	-22.730151952392713
18470.927344570337	300	6.700445374400823	0.0	155580	1299.5546255991767	0.11971793792682459	-0.15000000000000002
18472.064834273307	300	9.562955671427938	0.0	139857	1137.489702972886	0.12295232179638792	0.3
18476.293313164075	1200	9.334476780663127	0.0	617681	4228.478890764809	0.14607640618687812	0.29999999999999993
18481.25096946018	1200	8.376820484557152	0.0	652874	4957.656296105975	0.13169004888717362	1.2
18483.606673101152	750	10.02111684358137	0.0	318564	2355.7036409757834	0.13523093247334114	0.3
18488.27312135598	1200	9.354668588758251	0.0	561791	4666.448254823117	0.12038942024468989	0.75
18493.76419449593	1200	7.863595448808143	0.0	709534	5491.073139950109	0.12921590769531194	1.2
18498.759817914677	750	6.867972030060644	0.0	374758	4995.623418747498	0.07501726383009856	0.3
18500.892699027387	300	8.735090917349686	0.0	139105	2132.881112710959	0.06521929383264742	-0.15000000000000002
18506.343849092278	750	7.283940852457557	0.0	353220	5451.150064892128	0.06479733557050585	0.3
18510.93845600323	750	6.689333941507174	0.0	405134	4594.606910950383	0.08817598716321938	0.75
18512.261622118618	300	9.366167826117694	0.0	160746	1323.1661153894788	0.12148588006478976	-0.15000000000000002
18520.334028377823	1200	5.293761566913334	0.0	687371	8072.406259204361	0.0851506945919926	0.29999999999999993
18521.92691702809	300	7.7008729166470316	0.0	140051	1592.8886502663029	0.08792265547035315	-0.6000000000000001
18527.147485237925	750	6.480304706809873	0.0	366214	5220.568209837158	0.07014830288203878	0.3
18528.36710514769	300	9.260684797047212	0.0	143509	1219.6199097626607	0.11766698694507784	-0.15000000000000002
18533.527717758392	1200	8.10007218634519	0.0	581493	5160.612610702022	0.11267906426343768	0.29999999999999993
18540.683910018077	750	4.9438799266608955	0.0	405596	7156.192259684294	0.05667762761000687	0.3
18542.714723078218	300	6.913066866517903	0.0	140881	2030.8130601429918	0.06937172247162937	-0.15000000000000002
18544.340027308153	300	9.287762636579835	0.0	157671	1625.304229938068	0.097010145605791	0.3
18550.253857050084	1200	7.373932894652185	0.0	616206	5913.82974192765	0.1041974535775431	0.29999999999999993
18554.492995701672	750	7.134794243065054	0.0	401853	4239.138651587132	0.09479590856259122	0.3
18556.960863788023	750	8.666926156710552	0.0	343800	2467.8680863545023	0.13931052551024162	0.75
18559.210174588843	750	10.417615355891156	0.0	359903	2249.3108008193954	0.1600059004157593	0.75
18562.827190848617	1200	10.800599096119662	0.0	590335	3617.0162597714925	0.16321049107954377	0.75
18567.39733979133	1200	10.23045015340567	0.0	696376	4570.148942713994	0.15237490259703776	1.2
18570.431205444514	1200	11.196584500217675	0.0	487160	3033.8656531879933	0.16057401865771187	1.2
18576.918892628877	1850	8.708897315855545	0.0	972798	6487.687184362129	0.14994526899275057	1.2000000000000002
18579.651538682294	750	9.97625126243999	0.0	400508	2732.646053415555	0.14656416973555797	-0.3500000000000001
18582.80301687376	1200	10.824773070971274	0.0	570392	3151.4781914687146	0.18099189185065392	0.75
18587.292507056693	1200	10.335282888041064	0.0	620283	4489.49018293021	0.13816334922803025	1.2
18591.393428978787	1200	10.234360965946816	0.0	584349	4100.921922094248	0.14249210570231635	1.2
18595.20398052503	1200	10.42380941969991	0.0	670129	3810.5515462469066	0.1758614184500468	1.2
18599.06482117433	1200	10.562968770402852	0.0	690253	3860.8406492970576	0.17878308448852304	1.2
18602.774280838694	1200	10.853509106037285	0.0	598727	3709.459664365568	0.1614054482790557	1.2
18605.760474849245	1200	11.867315095486562	0.0	487812	2986.1940105507238	0.16335576264518598	1.2
18613.52990880877	1850	8.09788113596091	0.0	938587	7769.433959525652	0.12080506828290277	1.2000000000000002
18617.43279026646	750	8.19499967827418	0.0	378327	3902.88145768673	0.09693530385220503	-0.3500000000000001
18621.23208529441	750	8.395704650320779	0.0	390680	3799.2950279534025	0.10282960315678638	0.75
18624.56074082256	750	9.06704912217272	0.0	345516	3328.6555281480587	0.10380046750954502	0.75
18630.520788801598	1200	7.107001143131494	0.0	641452	5960.047979041227	0.10762530809411172	0.75
18633.483853589198	750	8.14393635553106	0.0	372093	2963.0647876004327	0.12557707194155907	0.3
18636.19220434772	750	9.435585597009224	0.0	438281	2708.350758521838	0.16182578959573343	0.75
18640.013227092095	1200	9.614562852638377	0.0	630203	3821.0227443708454	0.16493044981959842	0.75
18644.13350354264	1200	9.494286402092925	0.0	638661	4120.2764505454525	0.15500440508438515	1.2
18647.313133127645	1200	10.314656817087402	0.0	538612	3179.629585005523	0.16939457430512758	1.2
18651.13453261373	1200	10.493257331000335	0.0	550906	3821.3994860870666	0.14416341500168617	1.2

