20662.649726801592	300	4.0	3.1328471558220468	450283	3132.8471558220467	0	-12.7212427700348
20663.712165961413	300	6.937560840178129	0.0	155580	1062.4391598218708	0	-0.15000000000000002
20664.58455976827	750	10.065167033322226	0.0	139857	872.393806855903	1	0.3
20666.83908028352	750	11.810646518073803	0.0	382355	2254.5205152484227	1	0.3
20669.46664265989	750	13.183084141703688	0.0	411561	2627.562376370115	1	0.75
20671.41362986802	750	15.23609693357376	0.0	318564	1946.9872081299263	1	0.75
20673.904901347072	750	16.74482545452186	0.0	352642	2491.2714790519026	1	0.75
20677.715572656492	750	16.934154145098173	0.0	437162	3810.6713094236875	1	0.75
20680.803060973783	750	17.846665827808064	0.0	374758	3087.488317290108	1	0.75
20683.93380497573	750	18.715921825857173	0.0	362795	3130.744001950895	1	0.75
20687.39342681324	750	19.256299988347482	0.0	353220	3459.621837509685	1	0.75
20690.745774855466	750	19.903951946125368	0.0	405134	3352.3480422221196	1	0.75
20693.344547161316	750	21.30517964027407	0.0	386351	2598.7723058512975	1	0.75
20697.233719633772	750	21.416007167814872	0.0	434409	3889.1724724591977	1	0.75
20700.34943543508	750	22.300291366509974	0.0	337059	3115.715801304898	1	0.75
20702.890343384966	1850	23.759383416622345	0.0	366214	2540.9079498876285	3	0.75
20710.823488255362	1850	19.826238546227113	0.0	966699	7933.144870395233	3	0.75
20717.177816977008	1850	17.471909824580703	0.0	885714	6354.328721646409	3	1.85
20725.608528462948	750	13.0411983386451	0.0	987708	8430.711485935604	1	1.85
20728.37506600289	750	14.274660798700177	0.0	350713	2766.537539944922	1	-0.3500000000000001
20731.78390476915	750	14.865822032441038	0.0	386472	3408.838766259139	1	0.75
20735.24314640848	750	15.406580393110398	0.0	399894	3459.241639330639	1	0.75
20738.966006070248	750	15.683720731341262	0.0	401853	3722.8596617691355	1	0.75
20742.350348436466	750	16.299378365123708	0.0	343800	3384.342366217556	1	0.75
20744.873313805958	750	17.776412995633656	0.0	359903	2522.9653694900526	1	0.75
20747.238021139856	750	19.411705661732157	0.0	379700	2364.7073339014964	1	0.75
20749.696000615022	750	20.953726186566602	0.0	425781	2457.9794751655554	1	0.75
20751.628378124624	750	23.021348676964298	0.0	277716	1932.377509602302	1	0.75
20754.116376237344	1850	24.533350564243914	0.0	400396	2487.998112720383	3	0.75
20761.88626434671	1850	20.763462454878244	0.0	975811	7769.88810936567	3	0.75
20769.67888421296	1850	16.970842588628628	0.0	873429	7792.619866249617	3	1.85
20776.657189821795	1850	13.992536979794254	0.0	954453	6978.305608834372	3	1.85
20784.217008690754	750	10.432718110837497	0.0	885062	7559.818868956759	1	1.85
20788.062681638556	750	10.587045163031616	0.0	412837	3845.6729478058814	1	-0.3500000000000001
20790.935950477156	750	11.71377632443401	0.0	401088	2873.2688385976066	1	0.75
20793.976815320788	750	12.672911480805883	0.0	365161	3040.8648436281246	1	0.75
20796.28350839049	750	14.36621841110285	0.0	321064	2306.6930697030352	1	0.75
20798.84195171917	750	15.80777508242448	0.0	361565	2558.443328678369	1	0.75
20801.841427019357	750	16.80829978223461	0.0	378327	2999.4753001898707	1	0.75
20805.142637461275	750	17.507089340316917	0.0	390680	3301.210441917691	1	0.75
20808.42081626054	750	18.228910541052866	0.0	345516	3278.1787992640516	1	0.75
20811.391255466788	750	19.258471334804515	0.0	384505	2970.4392062483503	1	0.75
20814.782972370595	750	19.866754430999812	0.0	372093	3391.7169038047023	1	0.75
20818.496896434415	750	20.15283036717901	0.0	438281	3713.924063820802	1	0.75
20822.483128433552	750	20.166598368042745	0.0	398987	3986.231999136265	1	0.75
20825.733099699857	750	20.916627101735834	0.0	393804	3249.9712663069126	1	0.75
20828.028450896647	750	22.62127590494612	0.0	331053	2295.3511967897134	1	0.75
20829.910622896623	1850	24.739103904968985	0.0	314107	1882.1719999771353	3	0.75

