18876.65450005968	750	4.0	4.492096968258112	450283	4492.096968258112	-18.56601696350988
18878.05297689921	300	6.6015231604739535	0.0	155580	1398.4768395260464	-0.15000000000000002
18879.23631578635	300	9.418184273333548	0.0	139857	1183.3388871404063	0.3
18880.555331134467	300	12.09916892521706	0.0	155432	1319.0153481164841	0.3
18884.115039689437	750	12.539460370249705	0.0	411561	3559.7085549673566	0.3
18887.0539540693	750	13.600545990389577	0.0	318564	2938.914379860127	0.75
18890.045752333575	750	14.608747726113574	0.0	352642	2991.798264276003	0.75
18893.872611172552	750	14.781888887135977	0.0	437162	3826.8588389775955	0.75
18897.164500305003	750	15.489999754684757	0.0	374758	3291.88913245122	0.75
18900.227647965145	750	16.426852094546426	0.0	362795	3063.1476601383315	0.75
18903.99553527287	750	16.658964786818885	0.0	353220	3767.8873077275425	0.75
18908.571212649927	750	16.083287409762008	0.0	405134	4575.677377056877	0.75
18913.422634081515	750	15.231865978173822	0.0	386351	4851.421431588185	0.75
18919.30275393362	750	13.351746126067553	0.0	434409	5880.119852106269	0.75
18925.91979723147	750	10.734702828220533	0.0	337059	6617.043297847023	0.75
18930.00112644771	750	10.653373611979282	0.0	366214	4081.32921624125	0.75
18933.963409476644	750	10.691090583043662	0.0	360831	3962.2830289356193	0.75
18938.689020343674	750	9.965479716017812	0.0	372963	4725.61086702585	0.75
18944.225300550774	750	8.429199508914984	0.0	405596	5536.280207102829	0.75
18946.51361688014	300	10.14088317954688	0.0	140881	2288.316329368104	-0.15000000000000002
18949.068661080066	300	11.58583897962172	0.0	157671	2555.04419992516	0.3
18951.752289788288	300	12.902210271401785	0.0	157812	2683.628708219934	0.3
18954.622056617423	300	14.032443442263473	0.0	163927	2869.766829138312	0.3
18957.002571201203	300	15.65192885848688	0.0	137654	2380.5145837765936	0.3
18962.5870074696	750	14.067492590088703	0.0	359903	5584.436268398175	0.3
18966.45169373169	750	14.202806327995392	0.0	379700	3864.686262093311	0.75
18970.24861278547	750	14.405887274212018	0.0	425781	3796.9190537833733	0.75
18972.636153088	750	16.018346971686373	0.0	277716	2387.5403025256433	0.75
18976.068399582826	750	16.586100476858753	0.0	400396	3432.2464948276215	0.75
18979.93531959413	750	16.719180465555525	0.0	400508	3866.9200113032252	0.75
18983.597766283292	750	17.0567337763939	0.0	358218	3662.4466891616207	0.75
18987.624174019445	750	17.030326040242024	0.0	400322	4026.407736151879	0.75
18990.770958370307	750	17.8835416893815	0.0	369834	3146.7843508605265	0.75
18994.2653158866	750	18.389184173086463	0.0	412837	3494.357516295034	0.75
18997.92331259844	750	18.73118746124801	0.0	401088	3657.9967118384543	0.75
19001.024663649277	750	19.629836410411674	0.0	365161	3101.351050836335	0.75
19003.804109154207	750	20.850390905481163	0.0	321064	2779.445504930512	0.75
19006.91426331774	750	21.74023674194665	0.0	361565	3110.1541635345143	0.75
19010.193457510577	750	22.46104254911207	0.0	378327	3279.1941928345823	0.75
19014.133435350606	750	22.52106470908129	0.0	390680	3939.9778400307805	0.75
19017.821347589506	750	22.83315247018194	0.0	345516	3687.912238899349	0.75
19022.61157143005	750	22.04292862964116	0.0	384505	4790.22384054078	0.75
19027.1330695588	750	21.521430500891796	0.0	372093	4521.498128749366	0.75
19035.20336947036	750	17.45113058932759	0.0	438281	8070.299911564206	0.75
19040.307540438283	750	16.3469596214052	0.0	398987	5104.17096792239	0.75
19044.57704067126	750	16.077459388426426	0.0	393804	4269.500232978774	0.75
19048.69628886151	750	15.958211198180884	0.0	331053	4119.248190245542	0.75
19052.944602518237	750	15.709897541451708	0.0	314107	4248.313656729174	0.75

