4358.170338224129	300	4.0	0.9335487671164678	181801	933.5487671164678	-3.714259698600812
4359.013648493417	300	7.1566897307123325	0.0	155580	843.3102692876679	0.3
4359.910965907288	300	10.259372316840752	0.0	139857	897.3174138715809	0.3
4361.015475839705	300	13.154862384424192	0.0	155432	1104.5099324165594	0.3
4363.865998796195	750	14.304339427934615	0.0	411561	2850.522956489579	0.3
4365.099188154673	750	17.071150069456394	0.0	318564	1233.189358478218	0.75
4366.46156137821	750	19.708776845919978	0.0	352642	1362.3732235364166	0.75
4368.860353616187	1200	21.309984607942223	0.0	709534	2398.7922379777565	0.75
4371.486347918602	1850	22.683990305527114	0.0	852833	2625.994302415111	1.2000000000000002
4373.304738100512	1200	24.865600123617654	0.0	560821	1818.39018190946	0.5499999999999999
4377.859126889693	2850	24.311211334437285	0.0	1354548	4554.388789180367	1.2000000000000002
4381.936711210255	1850	24.233627013873978	0.0	917428	4077.5843205633046	0.8500000000000001
4386.454799576978	1850	23.715538647151188	0.0	946851	4518.08836672279	1.85
4390.388570583031	1850	23.781767641098682	0.0	1036454	3933.771006052507	1.85
4393.07414773609	1850	25.096190488038996	0.0	821631	2685.5771530596853	1.85
4395.960905334922	1850	26.209432889207193	0.0	923170	2886.7575988318004	1.85
4400.5766647937935	2850	25.593673430336175	0.0	1491626	4615.759458871022	1.85
4404.9252221641955	2850	25.245116059934016	0.0	1358801	4348.557370402159	2.85
4409.285531339244	1850	24.884806884884924	0.0	987708	4360.3091750490885	0.8500000000000001
4415.306881215332	2850	22.86345700879684	0.0	1336050	6021.349876088086	1.85
4418.5936160618485	1850	23.576722162280358	0.0	891604	3286.7348465164787	0.8500000000000001
4422.295468338135	1850	23.874869885994194	0.0	955231	3701.8522762861653	1.85
4425.866931802366	1850	24.303406421763302	0.0	968026	3571.463464230892	1.85
4429.7747143262595	1850	24.395623897869424	0.0	874175	3907.782523893879	1.85
4435.512760085382	1850	22.6575781387463	0.0	897976	5738.045759123126	1.85
4440.3505600325625	1850	21.81977819156665	0.0	905935	4837.799947179647	1.85
4443.750819936684	1200	22.41951828744491	0.0	696376	3400.2599041217427	0.5499999999999999
4448.483328544566	1850	21.687009679563506	0.0	758197	4732.508607881401	1.2000000000000002
4452.410427268464	1200	21.759910955664456	0.0	622896	3927.098723899054	0.5499999999999999
4458.994196412703	1850	19.17614181142586	0.0	975811	6583.769144238595	1.2000000000000002
4462.49317391059	1200	19.677164313539127	0.0	570392	3498.97749788673	0.5499999999999999
4467.202319849839	1200	18.9680183742899	0.0	620283	4709.145939249226	1.2
4471.50635490541	1200	18.66398331871831	0.0	584349	4304.035055571592	1.2
4474.99218028148	750	19.178157942648767	0.0	412837	3485.825376069543	0.3
4478.498689900249	750	19.67164832387907	0.0	401088	3506.509618769696	0.75
4483.641539274827	1200	18.528798949301773	0.0	598727	5142.849374577295	0.75
4488.514204045547	1200	17.65613417858185	0.0	487812	4872.664770719922	1.2
4496.438299886314	750	13.732038337814291	0.0	361565	7924.09584076756	0.3
4502.8524653585155	750	11.317872865613149	0.0	378327	6414.165472201143	0.75
4505.658668580148	300	12.511669643980714	0.0	149991	2806.203221632434	-0.15000000000000002
4511.781172318579	750	10.389165905549497	0.0	345516	6122.503738431217	0.3
4513.242242054711	300	12.928096169417326	0.0	161857	1461.0697361321716	-0.15000000000000002
4514.3758570275395	300	15.794481196588919	0.0	145210	1133.6149728284079	0.3
4517.083486309602	750	17.086851914524722	0.0	438281	2707.629282064196	0.3
4519.734634215581	750	18.43570400854723	0.0	398987	2651.1479059774942	0.75
4522.427988852786	750	19.74234937134191	0.0	393804	2693.35463720532	0.75
4525.713957638467	1200	20.456380585661154	0.0	538612	3285.9687856807554	0.75
4528.795662738948	1200	21.374675485180603	0.0	550906	3081.705100480552	1.2

