18306.44050187509	300	4.0	5.558065529459364	450283	5558.065529459364	0	-23.149681776675266
18309.24822100694	300	5.192280868151962	0.0	155580	2807.719131848038	0	-0.15000000000000002
18310.63375334156	300	7.8067485335352504	0.0	139857	1385.5323346167118	0	0.3
18312.198298029085	300	10.24220384601217	0.0	155432	1564.5446875230796	0	0.3
18314.425050837697	300	12.015451037399814	0.0	163442	2226.7528086123575	0	0.3
18316.09911169575	300	14.34139017934634	0.0	126289	1674.0608580534742	0	0.3
18318.16745761349	750	16.273044261605317	0.0	153295	2068.3459177410227	1	0.3
18325.32178982109	750	13.118712054008757	0.0	437162	7154.33220759656	1	0.3
18328.28627587548	750	14.154225999614532	0.0	374758	2964.4860543942254	1	0.75
18330.89298573933	750	15.547516135764342	0.0	362795	2606.7098638501907	1	0.75
18333.499710056305	750	16.940791818790466	0.0	353220	2606.724316973878	1	0.75
18336.429793926003	750	18.01070794908931	0.0	405134	2930.0838697011563	1	0.75
18339.224877215816	750	19.215624659276457	0.0	386351	2795.083289812849	1	0.75
18342.139366965126	750	20.30113490996897	0.0	434409	2914.489749307492	1	0.75
18345.07396656026	1850	21.366535314835232	0.0	337059	2934.599595133737	3	0.75
18351.569888554244	1850	18.870613320850637	0.0	923170	6495.921993984596	3	0.75
18359.15197705532	750	15.288524819777226	0.0	966699	7582.08850107341	1	1.85
18362.819342495906	750	15.621159379190642	0.0	372963	3667.365440586586	1	-0.3500000000000001
18367.001314663805	750	15.43918721129368	0.0	405596	4181.972167896962	1	0.75
18371.89328067132	750	14.547221203776745	0.0	350713	4891.966007516933	1	0.75
18375.418107777	750	15.022394098096745	0.0	386472	3524.8271056800004	1	0.75
18378.199701985064	750	16.24079989002958	0.0	399894	2781.594208067164	1	0.75
18380.89174508305	1850	17.548756792044813	0.0	401853	2692.043097984772	3	0.75
18388.704660985262	1850	13.735840889833176	0.0	874175	7812.915902211636	3	0.75
18397.869325719417	750	8.571176155677	0.0	897976	9164.664734156177	1	1.85
18401.053825046485	750	9.386676828611392	0.0	379700	3184.499327065607	1	-0.3500000000000001
18405.218823507887	300	9.22167836720985	0.0	425781	4164.998461401543	0	0.75
18406.383971941395	300	12.056529933697846	0.0	111155	1165.1484335120035	0	-0.15000000000000002
18407.963537639112	300	14.476964235981942	0.0	153605	1579.5656977159035	0	0.3
18409.41472683093	750	17.025775044161104	0.0	149029	1451.1891918208357	1	0.3
18412.484017230774	750	17.95648464431805	0.0	358218	3069.290399843057	1	0.3
18416.883043735703	750	17.55745813939175	0.0	400322	4399.0265049263035	1	0.75
18421.532783359125	750	16.907718515967677	0.0	369834	4649.739623424069	1	0.75
18428.802953894105	750	13.637547980988405	0.0	412837	7270.170534979272	1	0.75
18434.315212652426	750	12.125289222666936	0.0	401088	5512.25875832147	1	0.75
18437.95080244113	750	12.489699433961235	0.0	365161	3635.5897887056994	1	0.75
18441.62166016478	750	12.818841710311144	0.0	321064	3670.857723650092	1	0.75
18445.446143776655	750	12.994358098437264	0.0	361565	3824.4836118738795	1	0.75
18449.5040759877	750	12.936425887392048	0.0	378327	4057.9322110452167	1	0.75
18454.096737058637	750	12.343764816458302	0.0	390680	4592.661070933746	1	0.75
18458.277560274477	750	12.162941600614507	0.0	345516	4180.823215843794	1	0.75
18463.10935853158	750	11.331143343512158	0.0	384505	4831.798257102349	1	0.75
18466.115080000847	750	12.325421874243624	0.0	372093	3005.721469268534	1	0.75
18469.40942977102	750	13.031072104070345	0.0	438281	3294.3497701732795	1	0.75
18474.722348498915	750	11.718153376176176	0.0	398987	5312.91872789417	1	0.75
18478.363588050983	300	12.076913824105963	0.0	393804	3641.239552070211	0	0.75
18479.580387421414	750	14.860114453674301	0.0	137507	1216.799370431661	1	-0.15000000000000002
18482.36926836368	750	16.071233511407566	0.0	314107	2788.880942266734	1	0.3

