30554.068075100524	300	4.0	6.148668723938229	181801	6148.668723938229	-26.139275512934383
30560.883425983262	300	4.0	2.8153508827385885	155580	6815.350882738589	-11.806008795775929
30564.29588918628	300	4.587536796979255	0.0	139857	3412.4632030207445	0.3
30567.407577435988	300	5.475848547273855	0.0	155432	3111.6882497054003	0.3
30573.490133706615	300	4.0	0.606707723350206	163442	6082.556270624061	-2.3088432104058856
30578.375460490708	300	4.0	0.8853267840924036	126289	4885.326784092404	-3.5069051715973356
30582.018745502115	300	4.3567149885915555	0.0	153295	3643.2850114084445	0.3
30585.46555925506	300	4.909901235644932	0.0	173849	3446.813752946623	0.3
30587.325157973024	300	7.050302517679846	0.0	150710	1859.5987179650867	0.3
30589.047723693035	300	9.327736797670998	0.0	139105	1722.5657200088472	0.3
30594.66792207179	300	7.707538418917638	0.0	141840	5620.19837875336	0.3
30597.57850545316	300	8.796955037546251	0.0	156148	2910.5833813713866	0.3
30600.57243938905	300	9.803021101652579	0.0	160746	2993.9339358936713	0.3
30609.5247832716	300	4.850677219102105	0.0	179801	8952.343882550475	0.3
30613.701149050685	300	4.6743114400152095	0.0	140051	4176.365779086895	0.3
30618.292001265734	300	4.083459224965632	0.0	138313	4590.852215049577	0.3
30626.596991094597	300	4.0	4.221530603897827	143509	8304.98982886346	-17.852581596760658
30637.061304538038	300	4.0	6.464313443440613	150616	10464.313443440613	-27.496547806794634
30643.89712298641	300	4.0	2.835818448373233	165384	6835.818448373233	-11.8940193280049
30646.726529280633	300	5.170593705777468	0.0	140881	2829.406294222532	0.3
30648.637915782547	300	7.2592072038614734	0.0	157671	1911.3865019159946	0.3
30650.269454058813	300	9.627668927599137	0.0	157812	1631.5382762623349	0.3
30651.95908393192	300	11.938039054490037	0.0	163927	1689.629873109101	0.3
30655.420971943884	300	12.476151042525402	0.0	137654	3461.8880119646356	0.3
30662.598925067738	300	9.298197918673864	0.0	146754	7177.9531238515365	0.3
30664.157487369008	300	11.73963561740165	0.0	153938	1558.5623012722153	0.3
30665.972826682504	300	13.924296303906312	0.0	181901	1815.3393134953371	0.3
30669.918642745153	750	13.978480241259481	0.0	277716	3945.8160626468307	0.3
30677.672769393255	750	10.224353593156636	0.0	400396	7754.126648102847	0.75
30679.354117164836	300	12.543005821575337	0.0	149029	1681.3477715812994	-0.15000000000000002
30686.351982501088	750	9.545140485322769	0.0	358218	6997.8653362525665	0.3
30689.364317751068	300	10.53280523534355	0.0	157488	3012.335249979218	-0.15000000000000002
30691.629528572405	300	12.267594414008126	0.0	143881	2265.210821335425	0.3
30700.37023675885	300	7.5268862275624056	0.0	163444	8740.708186445721	0.3
30710.514017491827	300	4.0	2.6168945054210124	179328	10143.780732983418	-10.952646373310353
30723.31311100121	300	4.0	8.79909350938236	159914	12799.09350938236	-37.536102090344144
30730.54774219517	300	4.0	3.2346311939589625	131610	7234.631193958962	-13.608914134023538
30732.93686514041	300	5.610877054758312	0.0	124011	2389.1229452416887	0.3
30735.03169159031	300	7.516050604860918	0.0	144254	2094.826449897394	0.3
30738.1217276313	300	8.42601456387099	0.0	149991	3090.036040989928	0.3
30739.674047412693	300	10.873694782478157	0.0	147968	1552.319781392831	0.3
30741.239699125414	300	13.308043069757906	0.0	161857	1565.651712720253	0.3
30744.661816628966	750	13.88592556620498	0.0	372093	3422.1175035529254	0.3
30748.995295584595	750	13.552446610579029	0.0	438281	4333.478955625951	0.75
30752.558355582238	750	13.98938661293628	0.0	398987	3563.0599976427493	0.75
30756.210727596626	750	14.33701459854942	0.0	393804	3652.372014386859	0.75
30759.43018239993	750	15.117559795248187	0.0	331053	3219.4548033012325	0.75
30764.120056674317	750	14.42768552086069	0.0	314107	4689.874274387496	0.75

