80755.88994769918	300	4.0	2.6523227499312223	181801	2652.3227499312225	-11.104987824704255
80757.1774801661	300	6.712467533084924	0.0	155580	1287.5324669150764	0.3
80758.34297874062	300	9.546968958555153	0.0	139857	1165.4985745297715	0.3
80759.62936250716	300	12.260585192019967	0.0	155432	1286.3837665351855	0.3
80760.977915801	300	14.912031898167712	0.0	163442	1348.5532938522556	0.3
80763.11890508096	750	16.771042618214555	0.0	318564	2140.9892799531567	0.3
80765.32700822495	750	18.562939474231403	0.0	352642	2208.10314398315	0.75
80768.04516768023	750	19.844780018948253	0.0	437162	2718.159455283154	0.75
80771.21568472455	1200	20.67426297463181	0.0	584846	3170.517044316441	0.75
80773.82641965795	1200	22.06352804122399	0.0	560821	2610.734933407821	1.2
80778.14740345562	1850	21.742544243576603	0.0	939819	4320.983797647386	1.2000000000000002
80780.90821239067	1200	22.981735308517017	0.0	594078	2760.8089350595847	0.5499999999999999
80787.16221489794	1850	20.727732801267162	0.0	946851	6254.002507249854	1.2000000000000002
80791.29707491046	1200	20.59287278873892	0.0	687371	4134.860012528246	0.5499999999999999
80794.38491988044	1200	21.505027818759572	0.0	526950	3087.8449699793446	1.2
80797.82053211988	1200	22.0694155793221	0.0	587876	3435.6122394374743	1.2
80801.42376628812	1200	22.466181411070863	0.0	617242	3603.234168251239	1.2
80806.55944595362	1850	21.33050174556126	0.0	885714	5135.679665509602	1.2000000000000002
80810.28803981678	1200	21.60190788240408	0.0	639204	3728.593863157181	0.5499999999999999
80813.71773283194	1200	22.1722148672457	0.0	586839	3429.69301515838	1.2
80818.43177815921	1850	21.45816953996641	0.0	891604	4714.045327279293	1.2000000000000002
80821.63021645778	1200	22.259731241392704	0.0	616206	3198.438298573706	0.5499999999999999
80826.33294454134	1850	21.55700315783471	0.0	968026	4702.728083557991	1.2000000000000002
80828.65278480049	1200	23.23716289869092	0.0	536667	2319.840259143792	0.5499999999999999
80832.37264319762	1850	23.517304501550864	0.0	897976	3719.8583971400535	1.2000000000000002
80836.10949424688	1850	23.780453452304183	0.0	905935	3736.8510492466803	1.85
80842.43634450874	2850	21.45360319043685	0.0	1547572	6326.850261867336	1.85
80844.66467837531	1200	23.225269323876258	0.0	487160	2228.3338665605906	-0.44999999999999996
80848.36959277898	1850	23.520354920205325	0.0	972798	3704.9144036709317	1.2000000000000002
80851.49532812892	1850	24.394619570259934	0.0	975811	3125.7353499453943	1.85
80854.56363620612	1850	25.326311493064313	0.0	873429	3068.30807719562	1.85
80857.12953622495	1850	26.760411474238456	0.0	954453	2565.9000188258574	1.85
80860.74669686404	2850	27.143250835142513	0.0	1358081	3617.1606390959423	1.85
80864.96084668448	2850	26.929101014688122	0.0	1587293	4214.149820454388	2.85
80868.92855341588	2850	26.96139428329241	0.0	1492672	3967.706731395711	2.85
80872.75880355237	2850	27.13114414681919	0.0	1439896	3830.2501364732225	2.85
80875.8061194059	2850	28.08382829329038	0.0	1139291	3047.3158535288067	2.85
80885.13752057041	4300	22.752427128773714	0.0	2147467	9331.401164516668	2.8499999999999996
80888.10564192322	1850	23.78430577596396	0.0	908665	2968.1213528097533	-0.6000000000000001
80893.95202764223	1850	21.937920056967982	0.0	930577	5846.385718995978	1.85
80897.37386503918	1850	22.51608266001387	0.0	858450	3421.8373969541135	1.85
80903.46817567911	1850	20.42177202005911	0.0	1025005	6094.310639954759	1.85
80906.0654549501	1200	21.82449274906932	0.0	599477	2597.279270989789	0.5499999999999999
80908.83970859321	1200	23.050239105976512	0.0	634861	2774.2536430928103	1.2
80914.08734252134	1850	21.80260517784122	0.0	958994	5247.633928135297	1.2000000000000002
80917.64042254079	1200	22.24952515838997	0.0	638661	3553.0800194512485	0.5499999999999999
80923.37485340175	1850	20.51509429742101	0.0	830730	5734.43086096896	1.2000000000000002
80926.15940909891	1200	21.730538600270084	0.0	550906	2784.555697150929	0.5499999999999999

