3255.286311074463	300	4.0	5.52878823926276	450283	5528.788239262761	0	-23.02378942882987
3256.9542376070895	300	6.332073467373534	0.0	155580	1667.9265326264656	0	-0.15000000000000002
3261.2237592511124	300	6.062551823350234	0.0	139857	4269.5216440233	0	0.3
3262.2446336510047	300	9.041677423458301	0.0	155432	1020.8743998919333	0	0.3
3263.1838429846457	750	12.102468089817085	0.0	163442	939.2093336412164	1	0.3
3264.411446960674	750	14.874864113789274	0.0	318564	1227.6039760278102	1	0.3
3265.5982496221527	1850	17.688061452310244	0.0	352642	1186.8026614790297	3	0.75
3269.0066955646776	1850	18.279615509785216	0.0	1060487	3408.4459425250293	3	0.75
3271.163649256513	1850	20.122661817949826	0.0	852833	2156.9536918353897	3	1.85
3273.198335039027	1850	22.087976035435748	0.0	913888	2034.6857825140753	3	1.85
3275.2884838071877	1850	23.997827267275323	0.0	939819	2090.148768160426	3	1.85
3277.3307411823585	1850	25.955569892104272	0.0	917428	2042.257375171053	3	1.85
3279.4359304701693	1850	27.850380604293036	0.0	946851	2105.1892878112353	3	1.85
3281.7327687457896	1850	29.553542328673	0.0	1036454	2296.838275620036	3	1.85
3283.5701289848703	4300	31.716182089592476	0.0	821631	1837.3602390805243	5	1.85
3303.2092970551307	1850	16.077014019331962	0.0	2152483	19639.168070260515	3	1.8499999999999996
3312.8496653739608	1850	10.43664570050158	0.0	966699	9640.36831883038	3	-0.6000000000000001
3320.7015423467005	300	6.5847687277621585	0.0	885714	7851.876972739422	0	1.85
3321.8398809268115	300	9.446430147651022	0.0	165384	1138.3385801111367	0	-1.25
3322.795821065109	750	12.490490009353193	0.0	140881	955.9401382978293	1	0.3
3325.6875568535042	750	13.598754220957911	0.0	386472	2891.735788395282	1	0.3
3332.9716010885422	750	10.314709985920446	0.0	399894	7284.044235037466	1	0.75
3336.8711827818697	750	10.415128292592755	0.0	401853	3899.5816933276906	1	0.75
3339.8182638392095	750	11.468047235252685	0.0	343800	2947.08105734007	1	0.75
3344.6364644193204	750	10.649846655141834	0.0	359903	4818.200580110849	1	0.75
3352.1684450648922	300	7.117866009569869	0.0	379700	7531.980645571966	0	0.75
3354.2935062909646	300	8.992804783496915	0.0	181901	2125.061226072954	0	-0.15000000000000002
3355.623190353087	300	11.663120721374446	0.0	111155	1329.6840621224687	0	0.3
3358.1626389121557	300	13.123672162305866	0.0	153605	2539.4485590685795	0	0.3
3360.387300027891	750	14.899011046570521	0.0	149029	2224.661115735343	1	0.3
3364.71560422546	750	14.570706849001628	0.0	358218	4328.304197568894	1	0.3
3369.092295044718	750	14.194016029743732	0.0	400322	4376.690819257897	1	0.75
3374.1051042926056	750	13.181206781855966	0.0	369834	5012.809247887765	1	0.75
3378.84652391852	300	12.439787155941705	0.0	412837	4741.419625914261	0	0.75
3383.3701666599873	300	11.916144414474457	0.0	179328	4523.642741467247	0	-0.15000000000000002
3385.5278036298605	750	13.758507444601033	0.0	159914	2157.636969873425	1	0.3
3388.581876140802	750	14.70443493365953	0.0	321064	3054.072510941503	1	0.3
3393.3159544420732	750	13.970356632387908	0.0	361565	4734.078301271622	1	0.75
3397.437711828739	750	13.848599245722257	0.0	378327	4121.757386665651	1	0.75
3403.207053156097	750	12.079257918364378	0.0	390680	5769.341327357878	1	0.75
3404.688005835034	750	14.598305239427479	0.0	345516	1480.9526789369006	1	0.75
3405.9748137517086	1850	17.311497322752796	0.0	384505	1286.8079166746847	3	0.75
3408.8364149017393	1850	18.449896172722177	0.0	886255	2861.6011500306186	3	0.75
3411.447497708421	1850	19.83881336604049	0.0	973972	2611.0828066816857	3	1.85
3413.57865927014	1850	21.707651804321436	0.0	958994	2131.161561719054	3	1.85
3415.759164516209	1850	23.527146558253094	0.0	982064	2180.5052460683396	3	1.85
3417.615986315059	1850	25.67032475940256	0.0	830730	1856.8217988505348	3	1.85
3419.506260009151	1850	27.780051065310463	0.0	846370	1890.2736940920965	3	1.85

