51491.85480052007	750	4.0	3.6644071869921913	450283	3664.4071869921913	-15.006950904066422
51500.173144743676	1850	4.0	4.318344223606937	957685	8318.344223606937	-17.818880161509828
51503.30968153499	750	4.863463208682399	0.0	350812	3136.536791317601	-0.3500000000000001
51504.95249037839	300	7.220654365284208	0.0	155432	1642.8088433981904	-0.15000000000000002
51506.46401648118	300	9.709128262494238	0.0	163442	1511.5261027899705	0.3
51507.40878433319	300	12.764360410488559	0.0	126289	944.7678520056804	0.3
51510.32212276836	750	13.8510219753153	0.0	352642	2913.3384351732584	0.3
51513.9854678533	750	14.187676890374298	0.0	437162	3663.3450849410015	0.75
51518.64800687313	750	13.525137870541105	0.0	374758	4662.5390198331925	0.75
51521.5722699686	750	14.600874775076024	0.0	362795	2924.2630954650804	0.75
51524.8741305426	750	15.299014201075899	0.0	353220	3301.860574000124	0.75
51528.38986147948	750	15.783283264193708	0.0	405134	3515.730936882191	0.75
51532.6139986283	750	15.559146115370996	0.0	386351	4224.1371488227105	0.75
51536.87024774945	750	15.302896994220815	0.0	434409	4256.249121150182	0.75
51540.74606076473	750	15.42708397894303	0.0	337059	3875.8130152777853	0.75
51544.26687320764	750	15.906271536027129	0.0	366214	3520.8124429159025	0.75
51547.52057447146	750	16.65257027221383	0.0	360831	3253.701263813296	0.75
51551.066493664024	750	17.106651079645562	0.0	372963	3545.9191925682667	0.75
51556.53822209572	750	15.634922647950743	0.0	405596	5471.728431694819	0.75
51559.64412164792	750	16.529023095750432	0.0	350713	3105.8995522003133	0.75
51563.36888612122	750	16.80425862245345	0.0	386472	3724.764473296983	0.75
51567.357831183734	750	16.815313559946304	0.0	399894	3988.9450625071436	0.75
51571.43520052892	750	16.73794421476074	0.0	401853	4077.3693451855643	0.75
51574.54263311005	750	17.63051163362846	0.0	343800	3107.432581132281	0.75
51578.439608827866	750	17.733535915818138	0.0	359903	3896.9757178103223	0.75
51583.12825868892	750	17.044886054768707	0.0	379700	4688.649861049429	0.75
51586.81528977721	750	17.35785496647837	0.0	425781	3687.031088290338	0.75
51589.31301755027	750	18.860127193422215	0.0	277716	2497.727773056156	0.75
51593.301409654865	750	18.87173508882441	0.0	400396	3988.3921045978104	0.75
51598.57979900589	750	17.593345737791054	0.0	400508	5278.389351033354	0.75
51602.35888570977	750	17.814259033916336	0.0	358218	3779.0867038747165	0.75
51607.64575190077	750	16.527392842918275	0.0	400322	5286.866190998061	0.75
51611.90259589214	750	16.27054885155041	0.0	369834	4256.843991367866	0.75
51616.168824363	750	16.004320380691098	0.0	412837	4266.22847085931	0.75
51620.856052364994	750	15.31709237869427	0.0	401088	4687.228001996828	0.75
51625.324157209354	750	14.848987534336628	0.0	365161	4468.104844357642	0.75
51628.68677635916	750	15.486368384529142	0.0	321064	3362.619149807485	0.75
51632.15476499201	750	16.01837975167305	0.0	361565	3467.988632856093	0.75
51635.64644696295	750	16.526697780733034	0.0	378327	3491.6819709400147	0.75
51639.64596871684	750	16.52717602684987	0.0	390680	3999.5217538831644	0.75
51643.55352416135	750	16.61962058234459	0.0	345516	3907.5554445052767	0.75
51648.68225637301	750	15.490888370679764	0.0	384505	5128.732211664829	0.75
51652.85143507817	750	15.321709665527493	0.0	372093	4169.1787051522715	0.75
51658.20154498519	750	13.971599758507287	0.0	438281	5350.109907020204	0.75
51662.379913851815	750	13.793230891882082	0.0	398987	4178.3688666252065	0.75
51667.470247741796	750	12.702897001895238	0.0	393804	5090.333889986843	0.75
51671.54226639685	750	12.630878346837559	0.0	331053	4072.018655057681	0.75
51675.10717959299	750	13.065965150701766	0.0	314107	3564.913196135793	0.75

