64918.08846883759	300	4.0	2.864572286866825	450283	2864.572286866825	0	-11.567660833527347
64918.6424122502	750	7.4460565873903795	0.0	155580	553.9434126096197	1	-0.15000000000000002
64919.73624290442	750	10.352225933160696	0.0	350812	1093.8306542296828	1	0.3
64921.32449514265	750	12.763973694932645	0.0	382355	1588.252238228052	1	0.75
64923.09447952754	750	14.993989310042455	0.0	411561	1769.984384890191	1	0.75
64924.887593437576	750	17.200875400011167	0.0	318564	1793.1139100312885	1	0.75
64927.199543942086	750	18.888924895498764	0.0	352642	2311.950504512401	1	0.75
64929.11024052925	750	20.978228308337165	0.0	437162	1910.6965871615973	1	0.75
64930.27242864941	1850	23.81604018817485	0.0	374758	1162.1881201623194	3	0.75
64934.90175242158	1850	23.186716416008064	0.0	913888	4629.323772166782	3	0.75
64939.790715387746	1850	22.29775344983829	0.0	939819	4888.962966169778	3	1.85
64942.761979584495	1850	23.326489253094618	0.0	917428	2971.264196743673	3	1.85
64948.72919227011	1850	21.359276567472193	0.0	946851	5967.212685622425	3	1.85
64952.25103458378	1850	21.8374342538099	0.0	1036454	3521.8423136622932	3	1.85
64955.066507256415	1850	23.021961581171695	0.0	821631	2815.472672638205	3	1.85
64958.178409883665	1850	23.910058953928182	0.0	923170	3111.902627243511	3	1.85
64961.4612564002	1850	24.627212437385534	0.0	966699	3282.8465165426487	3	1.85
64964.65763525087	1850	25.430833586715256	0.0	885714	3196.378850670278	3	1.85
64973.89802477911	1850	20.19044405847457	0.0	987708	9240.38952824069	3	1.85
64978.35379786083	1850	19.734670976755083	0.0	923755	4455.773081719487	3	1.85
64981.629872706755	1850	20.4585961308277	0.0	891604	3276.0748459273827	3	1.85
64984.279994849516	1850	21.80847398806867	0.0	955231	2650.122142759033	3	1.85
64986.96454291943	1850	23.123925918160495	0.0	968026	2684.5480699081745	3	1.85
64989.7628863358	1850	24.32558250179279	0.0	874175	2798.3434163677016	3	1.85
64997.04829201867	1850	21.04017681892503	0.0	897976	7285.405682867762	3	1.85
65000.9501506938	1850	21.138318143788368	0.0	905935	3901.85867513666	3	1.85
65006.21858957629	1850	19.869879261304813	0.0	1076599	5268.438882483556	3	1.85
65010.57544960364	1850	19.513019233954683	0.0	758197	4356.860027350127	3	1.85
65020.35160103052	1850	13.736867807070128	0.0	972798	9776.151426884557	3	1.85
65033.92821662023	300	4.160252217362318	0.0	975811	13576.61558970781	0	1.85
65035.71594028467	300	6.37252855292474	0.0	157421	1787.723664437579	0	-1.25
65039.99514004869	300	6.0933287889073	0.0	157488	4279.1997640174395	0	0.3
65041.94604441802	300	8.142424419576036	0.0	143881	1950.9043693312644	0	0.3
65043.7852866881	300	10.303182149503694	0.0	163444	1839.2422700723412	0	0.3
65045.53260545613	750	12.555863381473078	0.0	179328	1747.3187680306164	1	0.3
65049.6950675922	750	12.393401245402226	0.0	365161	4162.462136070853	1	0.3
65052.80865599226	750	13.279812845336576	0.0	321064	3113.5884000656506	1	0.75
65055.7617695385	750	14.326699299097838	0.0	361565	2953.1135462387374	1	0.75
65058.14749190373	750	15.940976933868326	0.0	378327	2385.722365229512	1	0.75
65060.50466949326	750	17.58379934433967	0.0	390680	2357.177589528658	1	0.75
65064.37914677428	750	17.70932206332073	0.0	345516	3874.477281018939	1	0.75
65066.903406444675	750	19.185062392918866	0.0	384505	2524.2596704018642	1	0.75
65069.47529441159	750	20.613174426004235	0.0	372093	2571.8879669146313	1	0.75
65073.15116422566	750	20.937304611935826	0.0	438281	3675.8698140684105	1	0.75
65075.827234884644	750	22.261233952951436	0.0	398987	2676.070658984392	1	0.75
65080.35692619525	750	21.73154264234309	0.0	393804	4529.691310608346	1	0.75
65083.267744697674	750	22.820724139914123	0.0	331053	2910.818502428966	1	0.75
65088.16906042344	750	21.919408414145668	0.0	314107	4901.315725768457	1	0.75

