53688.62308440725	750	4.0	4.239313746958955	450283	4239.313746958956	-17.47904911192351
53690.06779139639	300	6.555293010860124	0.0	155580	1444.7069891398758	-0.15000000000000002
53691.37458034985	300	9.248504057394797	0.0	139857	1306.7889534653273	0.3
53692.66599769148	300	11.957086715764424	0.0	155432	1291.4173416303718	0.3
53695.48659031471	750	13.136494092534413	0.0	411561	2820.592623230011	0.3
53697.5571151176	750	15.065969289646013	0.0	318564	2070.5248028884	0.75
53700.07725038144	750	16.545834025802325	0.0	352642	2520.13526384369	0.75
53703.16031240567	750	17.46277200157493	0.0	437162	3083.0620242273967	0.75
53705.81986062988	750	18.803223777354003	0.0	374758	2659.5482242209237	0.75
53708.5999682962	750	20.02311611103753	0.0	362795	2780.107666316471	0.75
53710.845185321705	750	21.777899085530624	0.0	353220	2245.2170255069054	0.75
53713.321267691805	750	23.30181671542554	0.0	405134	2476.082370105085	0.75
53720.078491889384	1850	20.544592517846308	0.0	946851	6757.224197579236	0.75
53723.35921331839	1850	21.263871088843146	0.0	1036454	3280.721429003161	1.85
53727.259702586925	1850	21.36338182031089	0.0	821631	3900.4892685322507	1.85
53729.34916179189	1850	23.27392261534712	0.0	923170	2089.459204963773	1.85
53731.4813812733	1850	25.14170313394041	0.0	966699	2132.219481406711	1.85
53733.44167651076	1850	27.181407896483183	0.0	885714	1960.2952374572264	1.85
53735.61849630631	1850	29.004588100930214	0.0	987708	2176.8197955529695	1.85
53737.659549340446	1850	30.963535066793575	0.0	923755	2041.0530341366402	1.85
53739.63234854527	1850	32.99073586197372	0.0	891604	1972.799204819855	1.85
53744.33280649803	4300	32.290277909210985	0.0	2176469	4700.457952762734	1.8499999999999996
53759.98717818871	4300	20.6359062185313	0.0	2221506	15654.371690679684	4.3
53774.5718630256	4300	10.051221381645322	0.0	2044075	14584.68483688598	4.3
53779.23994050819	1850	9.383143899053353	0.0	897976	4668.077482591968	-0.6000000000000001
53785.613114170585	1850	7.009970236658588	0.0	905935	6373.173662394765	1.85
53787.96052029177	750	8.662564115470088	0.0	425781	2347.4061211884996	-0.3500000000000001
53789.51362579667	750	11.109458610566008	0.0	277716	1553.1055049040792	0.75
53791.71747012592	750	12.905614281317519	0.0	400396	2203.84432924849	0.75
53793.96698290184	750	14.65610150539892	0.0	400508	2249.512775918597	0.75
53796.000524274335	750	16.622560132908742	0.0	358218	2033.541372490181	0.75
53798.29281348795	750	18.33027091929351	0.0	400322	2292.2892136152304	0.75
53800.42264132731	750	20.20044307992652	0.0	369834	2129.8278393669952	0.75
53803.11911702576	750	21.50396738148841	0.0	412837	2696.4756984381106	0.75
53805.006096829224	750	23.616987578025867	0.0	401088	1886.9798034625412	0.75
53809.77593420919	1850	22.84715019805901	0.0	943942	4769.837379966858	0.75
53813.2272176303	1850	23.395866776948022	0.0	728962	3451.2834211109835	1.85
53817.14387063969	1850	23.47921376756063	0.0	938587	3916.6530093873944	1.85
53821.3439890417	1850	23.279095365546993	0.0	908665	4200.118402013637	1.85
53823.57909968674	1850	25.043984720506288	0.0	930577	2235.110645040705	1.85
53828.849687011585	1850	23.77339739566393	0.0	858450	5270.587324842355	1.85
53838.00003654165	1850	18.623047865601592	0.0	1025005	9150.349530062342	1.85
53842.92451315364	1850	17.698571253616425	0.0	886255	4924.4766119851665	1.85
53847.507094842695	1850	17.115989564556966	0.0	973972	4582.581689059457	1.85
53851.75278863025	1850	16.870295777001623	0.0	958994	4245.693787555347	1.85
53856.09869426029	1850	16.52439014695414	0.0	982064	4345.905630047481	1.85
53859.78723279144	1850	16.8358516158102	0.0	830730	3688.5385311439413	1.85
53863.54370860982	1850	17.079375797428415	0.0	846370	3756.4758183817817	1.85

