12387.955237766206	300	4.0	0.9162208424936037	181801	916.2208424936036	-3.639749622722496
12388.969935277668	300	6.985302488537249	0.0	155580	1014.6975114627515	0.3
12389.761771790278	300	10.193465975929554	0.0	139857	791.8365126076945	0.3
12390.554457764565	300	13.400780001640351	0.0	155432	792.6859742892036	0.3
12392.674641441456	750	15.280596324750947	0.0	411561	2120.1836768894045	0.3
12394.424128639343	750	17.53110912686392	0.0	318564	1749.4871978870226	0.75
12396.129442690783	750	19.825795075424125	0.0	352642	1705.3140514397971	0.75
12399.551825232353	1200	20.403412533852794	0.0	709534	3422.3825415713304	0.75
12402.368963151639	1200	21.586274614566342	0.0	584846	2817.1379192864556	1.2
12406.081916686047	1200	21.873321080159286	0.0	560821	3712.9535344070523	1.2
12409.508788185605	1200	22.446449580600394	0.0	607410	3426.871499558892	1.2
12413.854935007726	1850	22.10030275847869	0.0	917428	4346.146822121704	1.2000000000000002
12418.636120656858	1850	21.319117109347808	0.0	946851	4781.185649130883	1.85
12422.076781022559	1200	21.878456743647025	0.0	687371	3440.6603657007818	0.5499999999999999
12424.552947787415	1200	23.402289978790435	0.0	526950	2476.1667648565885	1.2
12429.01167413625	1850	22.943563629955154	0.0	923170	4458.72634883528	1.2000000000000002
12434.311125468277	1850	21.64411229792944	0.0	966699	5299.451332025718	1.85
12437.722745085752	1200	22.232492680453827	0.0	581493	3411.619617475612	0.5499999999999999
12442.1690223126	1850	21.786215453606097	0.0	987708	4446.277226847732	1.2000000000000002
12445.081249048242	1200	22.87398871796364	0.0	586839	2912.2267356424536	0.5499999999999999
12449.076076418258	1850	22.879161347947708	0.0	891604	3994.8273700159316	1.2000000000000002
12453.44917579753	1850	22.506061968675876	0.0	955231	4373.099379271834	1.85
12458.623703935466	1850	21.331533830741435	0.0	968026	5174.528137934441	1.85
12461.184529732674	1200	22.770708033531548	0.0	536667	2560.825797209886	0.5499999999999999
12465.751321505335	1850	22.203916260871022	0.0	897976	4566.791772660527	1.2000000000000002
12470.128399944668	1850	21.826837821536827	0.0	905935	4377.078439334194	1.85
12473.99319832636	1200	21.962039439845075	0.0	696376	3864.798381691756	0.5499999999999999
12476.826256523405	1200	23.128981242799398	0.0	487160	2833.058197045678	1.2
12481.718472250883	1850	22.236765515323217	0.0	972798	4892.215727476181	1.2000000000000002
12486.334035395406	1850	21.621202370798947	0.0	975811	4615.56314452427	1.85
12489.154615113985	1200	22.80062265221969	0.0	570392	2820.579718579254	0.5499999999999999
12495.110513333262	1850	20.84472443294131	0.0	954453	5955.898219278382	1.2000000000000002
12497.969493936032	1200	21.985743830171625	0.0	584349	2858.9806027696845	0.5499999999999999
12502.899246186982	1850	21.055991579220304	0.0	1035329	4929.75225095132	1.2000000000000002
12506.489580303638	1200	21.46565746256649	0.0	690253	3590.3341166538116	0.5499999999999999
12509.502189655443	1200	22.453048110762854	0.0	598727	3012.609351803637	1.2
12512.80239705378	1850	23.152840712425544	0.0	728962	3300.207398337313	1.2000000000000002
12517.702294785866	1850	22.25294298033946	0.0	938587	4899.897732086084	1.85
12522.789009940034	1850	21.166227826172317	0.0	908665	5086.715154167142	1.85
12525.873201051365	1200	22.08203671484052	0.0	587506	3084.1911113317965	0.5499999999999999
12529.780642105407	1850	22.17459566080001	0.0	858450	3907.441054040511	1.2000000000000002
12532.899712759141	1200	23.055525007065356	0.0	641452	3119.0706537346537	0.5499999999999999
12536.867582555762	1850	23.087655210444026	0.0	886255	3967.869796621328	1.2000000000000002
12541.363449431821	1850	22.59178833438325	0.0	973972	4495.866876060777	1.85
12546.471151875989	1850	21.484085890215766	0.0	958994	5107.702444167483	1.85
12549.563235363601	1200	22.392002402604014	0.0	638661	3092.0834876117515	0.5499999999999999
12553.914936519071	1850	22.04030124713396	0.0	830730	4351.701155470055	1.2000000000000002
12557.872700700686	1850	22.082537065519777	0.0	846370	3957.7641816141827	1.85

