31389.208418446335	750	4.0	1.1579589142103328	450283	1157.9589142103328	1	-4.229223331104431
31390.24737266888	750	6.961045777453293	0.0	398865	1038.9542225467071	1	0.75
31391.246694383735	1850	9.961724062596307	0.0	350812	999.3217148569856	3	0.75
31397.174456407964	750	8.033962038367177	0.0	933276	5927.7620242291305	1	0.75
31398.52220090785	750	10.686217538481149	0.0	411561	1347.7444998860271	1	-0.3500000000000001
31399.607308494673	750	13.601109951656392	0.0	318564	1085.1075868247563	1	0.75
31400.83895851104	1850	16.369459935283484	0.0	352642	1231.6500163729072	3	0.75
31403.804028786053	1850	17.404389660275996	0.0	1060487	2965.0702750074884	3	0.75
31408.84605464157	1850	16.362363804756082	0.0	852833	5042.025855519913	3	1.85
31412.18665060662	1850	17.021767839704342	0.0	913888	3340.595965051741	3	1.85
31414.841027616567	1850	18.367390829756886	0.0	939819	2654.377009947455	3	1.85
31417.615589259054	1850	19.592829187270894	0.0	917428	2774.5616424859927	3	1.85
31420.931719561195	1850	20.276698885132824	0.0	946851	3316.13030213807	3	1.85
31423.665260102134	1850	21.543158344193603	0.0	1036454	2733.540540939222	3	1.85
31427.170234008277	1850	22.03818443804782	0.0	821631	3504.9739061457813	3	1.85
31433.73256691579	1850	19.475851530536325	0.0	923170	6562.332907511497	3	1.85
31441.59244345782	1850	15.615974988509617	0.0	966699	7859.876542026709	3	1.85
31447.20431382301	1850	14.004104623317122	0.0	885714	5611.870365192496	3	1.85
31451.807670018163	1850	13.400748428163682	0.0	987708	4603.35619515344	3	1.85
31455.89415138765	1850	13.314267058676254	0.0	923755	4086.4813694874274	3	1.85
31458.564783863716	1850	14.643634582611481	0.0	891604	2670.632476064772	3	1.85
31465.19023813553	1850	12.018180310800398	0.0	955231	6625.454271811083	3	1.85
31470.76981546642	1850	10.438602979905186	0.0	968026	5579.577330895212	3	1.85
31475.996135697136	750	9.212282749190061	0.0	874175	5226.320230715125	1	1.85
31479.786253852104	750	9.422164594223753	0.0	359903	3790.118154966307	1	-0.3500000000000001
31482.946506171935	750	10.261912274390692	0.0	379700	3160.252319833061	1	0.75
31485.11935189851	750	12.089066547815928	0.0	425781	2172.845726574764	1	0.75
31486.401775514136	750	14.806642932189236	0.0	277716	1282.4236156266927	1	0.75
31487.88366553741	1850	17.324752908916807	0.0	400396	1481.8900232724297	3	0.75
31491.292344904286	1850	17.916073542040934	0.0	975811	3408.679366875873	3	0.75
31496.483947909357	1850	16.72447053696876	0.0	873429	5191.6030050721765	3	1.85
31499.198196769747	1850	18.010221676580713	0.0	954453	2714.248860388044	3	1.85
31501.383782740006	1850	19.824635706323647	0.0	885062	2185.5859702570674	3	1.85
31503.96543837644	1850	21.24298006989163	0.0	1035329	2581.6556364320154	3	1.85
31509.46733667377	1850	19.741081772558537	0.0	1026056	5501.898297333092	3	1.85
31512.20371848149	1850	21.004699964837155	0.0	943942	2736.3818077213837	3	1.85
31514.89862279143	1850	22.309795654900622	0.0	728962	2694.9043099365285	3	1.85
31517.234220759932	1850	23.974197686395012	0.0	938587	2335.5979685056122	3	1.85
31519.512683363162	1850	25.69573508316481	0.0	908665	2278.462603230201	3	1.85
31526.559396910725	1850	22.64902153560404	0.0	930577	7046.713547560773	3	1.85
31531.59638445236	1850	21.612033993966524	0.0	858450	5036.987541637515	3	1.85
31534.90853740247	1850	22.29988104385907	0.0	1025005	3312.1529501074533	3	1.85
31537.12775282169	1850	24.080665624640208	0.0	886255	2219.2154192188596	3	1.85
31543.04729238937	1850	22.161126056959418	0.0	973972	5919.539567680789	3	1.85
31546.08590543649	1850	23.12251300983467	0.0	958994	3038.6130471247475	3	1.85
31549.227547451927	1850	23.98087099439481	0.0	982064	3141.642015439863	3	1.85
31551.42474098635	1850	25.78367745997148	0.0	830730	2197.193534423331	3	1.85
31557.340571603185	1850	23.86784684313466	0.0	846370	5915.830616836818	3	1.85

