28314.78184133762	300	4.0	12.685885684400194	181801	12685.885684400195	-54.249308442920835
28320.464614620065	300	4.0	1.6827732824463055	155580	5682.7732824463055	-6.935925114519113
28324.82500872549	300	4.0	0.36039410542784756	139857	4360.3941054278475	-1.2496946533397444
28335.870526748808	300	4.0	7.0455180233164425	155432	11045.518023316443	-29.9957275002607
28345.553066281424	300	4.0	5.682539532615909	163442	9682.539532615909	-24.134919990248406
28352.254026250965	300	4.0	2.7009599695420867	126289	6700.959969542087	-11.314127869030973
28365.489637089446	300	4.0	9.23561083848164	153295	13235.610838481642	-39.41312660547106
28372.72445567002	300	4.0	3.234818580574697	173849	7234.818580574697	-13.609719896471196
28378.018734987134	300	4.0	1.2942793171095408	150710	5294.279317109541	-5.2654010635710256
28380.42755157136	300	5.591183415773494	0.0	139105	2408.816584226506	0.3
28383.193629454654	300	6.825105532478558	0.0	141840	2766.077883294936	0.3
28385.01128557372	300	9.007449413412123	0.0	156148	1817.6561190664343	0.3
28398.58811138011	300	4.0	4.569376392977827	160746	13576.82580638995	-19.348318489804655
28417.33453407358	300	4.0	14.746422693468968	179801	18746.42269346897	-63.10961758191657
28420.601303167365	300	4.733230906213119	0.0	140051	3266.7690937868806	0.3
28421.97100772241	300	7.363526351167604	0.0	138313	1369.7045550455155	0.3
28423.602293538745	300	9.732240534832497	0.0	143509	1631.285816335107	0.3
28425.261452651088	300	12.0730814224922	0.0	150616	1659.1591123402989	0.3
28428.329261259678	300	13.005272813901701	0.0	165384	3067.808608590498	0.3
28434.240697440488	750	11.093836633094645	0.0	350713	5911.436180807057	0.3
28438.83866721676	300	10.495866856817738	0.0	157671	4597.9697762769065	-0.15000000000000002
28440.35278971368	300	12.981744359900905	0.0	157812	1514.122496916834	0.3
28443.200338351682	750	14.134195721899392	0.0	401853	2847.5486380015127	0.3
28444.73387140629	750	16.600662667291036	0.0	343800	1533.5330546083553	0.75
28446.62277056405	750	18.711763509530574	0.0	359903	1888.8991577604625	0.75
28454.133502379027	1200	15.201031694552281	0.0	590335	7510.731814978293	0.75
28457.308832490795	750	16.02570158278326	0.0	425781	3175.3301117690226	0.3
28458.691067208267	750	18.643466865309275	0.0	277716	1382.2347174739818	0.75
28463.169466823627	1200	18.165067249951065	0.0	622896	4478.3996153582075	0.75
28471.123705974103	750	14.210828099475114	0.0	400508	7954.239150475953	0.3
28476.159522117316	750	13.175011956259745	0.0	358218	5035.816143215368	0.75
28484.139140785996	750	9.195393287580497	0.0	400322	7979.618668679249	0.75
28486.9474814126	300	10.387052660975748	0.0	143881	2808.3406266047505	-0.15000000000000002
28490.697655886204	300	10.636878187373457	0.0	163444	3750.1744736022897	0.3
28499.723562631636	300	5.610971441940177	0.0	179328	9025.90674543328	0.3
28508.8505881225	300	4.0	3.516054048922586	159914	9127.025490862763	-14.819032410367118
28511.789211810075	300	5.061376312424237	0.0	131610	2938.623687575763	0.3
28517.49774657056	300	4.0	0.6471584480632137	124011	5708.5347604874505	-2.4827813266718186
28529.826436152296	300	4.0	8.328689581733318	144254	12328.689581733319	-35.51336520145327
28537.279560398856	300	4.0	3.4531242465595713	149991	7453.1242465595715	-14.548434260206156
28545.34285288928	300	4.0	4.063292490428088	147968	8063.292490428088	-17.17215770884078
28558.585697605286	300	4.0	9.242844716004921	161857	13242.844716004922	-39.44423227882116
28564.178872974506	300	4.0	1.593175369220524	145210	5593.175369220524	-6.550654087648253
28568.641998289222	300	4.0	0.4631253147163434	172312	4463.125314716343	-1.6914388532802764
28571.650661340635	300	4.991336948589826	0.0	167025	3008.663051410175	0.3
28573.961824857823	300	6.680173431400687	0.0	160064	2311.16351718914	0.3
28576.114048799747	300	8.52794948947732	0.0	137507	2152.223941923366	0.3
28592.629824294847	300	4.0	7.987826005622355	118421	16515.775495099675	-34.04765182417613

