87943.29209273044	750	4.0	7.092765351608947	450283	7092.765351608948	0.06348482963670245	-29.748891011918474
87945.47149609971	300	5.82059663072275	0.0	155580	2179.4033692772496	0.07138650980960658	-0.15000000000000002
87947.4387326148	300	7.8533601156372095	0.0	139857	1967.23651508554	0.07109312933524857	0.3
87952.67824781765	750	6.613844912783355	0.0	382355	5239.515202853855	0.07297526301512385	0.3
87954.96374136105	300	8.328351369388237	0.0	163442	2285.493543395117	0.07151278133002545	-0.15000000000000002
87959.34245800156	750	7.949634728878932	0.0	318564	4378.716640509306	0.07275282375041893	0.3
87964.18102467431	750	7.111068056114644	0.0	352642	4838.566672764288	0.07288150062806399	0.75
87970.16010794799	750	5.131984782429201	0.0	437162	5979.083273685443	0.0731152218474686	0.75
87972.27379532286	300	7.018297407549562	0.0	150710	2113.6873748796397	0.07130193508800321	-0.15000000000000002
87977.2493670246	750	6.042725705808079	0.0	362795	4975.571701741482	0.0729152390413788	0.3
87979.24336222898	300	8.04873050142265	0.0	141840	1993.9952043854298	0.07113357127843072	-0.15000000000000002
87984.79025826066	750	6.501834469742682	0.0	405134	5546.896031679968	0.0730379653208136	0.3
87987.03937186136	300	8.252720869036674	0.0	160746	2249.113600706008	0.0714708229720104	-0.15000000000000002
87992.98130603186	750	6.310786698549717	0.0	434409	5941.934170486957	0.07310902267441294	0.3
87994.95116039147	300	8.340932338923492	0.0	140051	1969.8543596262252	0.07109713432142989	-0.15000000000000002
87999.97286822974	750	7.3192245006634415	0.0	366214	5021.707838260051	0.07292618602974876	0.3
88004.92193762903	750	6.370155101385389	0.0	360831	4949.069399278052	0.07290885839116268	0.75
88007.03435656377	300	8.257736166644019	0.0	150616	2112.4189347413694	0.0713002508749243	-0.15000000000000002
88012.5874868438	750	6.704605886624895	0.0	405596	5553.130280019124	0.07303916521810888	0.3
88014.56854125996	300	8.723551470458625	0.0	140881	1981.0544161662697	0.07111414954094622	-0.15000000000000002
88019.86361144207	750	7.428481288357345	0.0	386472	5295.070182101281	0.0729871345815918	0.3
88025.33979868305	750	5.952294047363923	0.0	399894	5476.187240993422	0.07302416487998978	0.75
88027.6318368378	300	7.660255892617093	0.0	163927	2292.038154746829	0.07152018811750838	-0.15000000000000002
88032.3510891733	750	6.941003557114339	0.0	343800	4719.252335502754	0.07285052282828909	0.3
88034.41139411002	300	8.880698620394236	0.0	146754	2060.304936720102	0.07122926193324795	-0.15000000000000002
88039.615082626	750	7.6770101044244985	0.0	379700	5203.688515969738	0.07296747275220809	0.3
88045.44059018465	750	5.851502545777906	0.0	425781	5825.507558646592	0.0730890820608461	0.75
88047.02052064815	300	8.271572082273519	0.0	111155	1579.930463504388	0.07035436214923727	-0.15000000000000002
88052.50348189924	750	6.788610831179972	0.0	400396	5482.961251093546	0.07302550239984702	0.3
88054.59448578613	300	8.69760694430493	0.0	149029	2091.0038868750435	0.07127150787974879	-0.15000000000000002
88059.50829524838	750	7.783797482061981	0.0	358218	4913.809462242948	0.07290026256664997	0.3
88064.9902579402	750	6.301834790226223	0.0	400322	5481.962691835758	0.07302530544328516	0.75
88067.01179448844	300	8.280298241987504	0.0	143881	2021.5365482387197	0.07117407801771257	-0.15000000000000002
88072.66263514124	750	6.629457589189509	0.0	412837	5650.840652797995	0.07305762546951047	0.3
88075.162495068	300	8.129597662426747	0.0	179328	2499.8599267627633	0.07173521927375502	-0.15000000000000002
88080.1699936779	750	7.122099052524125	0.0	365161	5007.498609902621	0.07292283601993874	0.3
88084.58244542847	750	6.709647301954444	0.0	321064	4412.451750569681	0.07276317524798954	0.75
88086.33585532196	300	8.956237408475584	0.0	124011	1753.4098934788597	0.07072561895607621	-0.15000000000000002
88091.52101651547	750	7.7710762149510035	0.0	378327	5185.161193524579	0.07296340188468368	0.3
88096.87286963484	750	6.419223095596099	0.0	390680	5351.853119354905	0.072999013853185	0.75
88098.949556341	300	8.342536389430679	0.0	147968	2076.68670616542	0.07125196090517733	-0.15000000000000002
88104.21808373851	750	7.074008991924902	0.0	384505	5268.527397505777	0.07298149387664418	0.3
88109.31912306158	750	5.972969668846874	0.0	372093	5101.039323078028	0.07294454648027976	0.75
88111.72430877548	300	7.567783954957547	0.0	172312	2405.1857138893265	0.07164186906854747	-0.15000000000000002
88117.18825691854	750	6.1038358118940295	0.0	398987	5463.948143063518	0.07302173987623106	0.3
88119.42816758121	300	7.863925149212491	0.0	160064	2239.9106626815383	0.07145999287684862	-0.15000000000000002
88123.97541133754	750	7.3166813928855765	0.0	331053	4547.243756326915	0.07280300281668023	0.3
88128.29398502383	750	6.998107706591907	0.0	314107	4318.573686293669	0.07273396792948464	0.75

