43199.74715506404	300	4.0	7.499855635967344	450283	7499.855635967344	0	-31.49937923465958
43202.39733106235	300	5.349824001692897	0.0	155580	2650.1759983071024	0	-0.15000000000000002
43204.91025359768	300	6.836901466366536	0.0	139857	2512.922535326362	0	0.3
43207.68870771703	300	8.058447347009945	0.0	155432	2778.45411935659	0	0.3
43210.522329363936	300	9.224825700107072	0.0	163442	2833.621646902873	0	0.3
43212.6675800914	300	11.079574972638266	0.0	126289	2145.2507274688073	0	0.3
43215.23406094319	300	12.513094120845532	0.0	153295	2566.4808517927336	0	0.3
43218.1400878812	300	13.607067182841158	0.0	173849	2906.026938004374	0	0.3
43220.72954912889	750	15.017605935149952	0.0	150710	2589.461247691206	1	0.3
43226.753858405864	750	12.993296658177691	0.0	362795	6024.309276972261	1	0.3
43232.3795825684	750	11.367572495642962	0.0	353220	5625.724162534729	1	0.75
43239.41392934532	300	8.333225718726357	0.0	405134	7034.346776916606	0	0.75
43242.36309963663	300	9.384055427414284	0.0	160746	2949.170291312073	0	-0.15000000000000002
43246.78326674469	300	8.963888319351394	0.0	179801	4420.167108062889	0	0.3
43249.65299434457	300	10.094160719476172	0.0	140051	2869.7275998752234	0	0.3
43253.18837241189	300	10.558782652157221	0.0	138313	3535.3780673189513	0	0.3
43256.27837557737	300	11.468779486683841	0.0	143509	3090.0031654733784	0	0.3
43259.90475423956	300	11.842400824491733	0.0	150616	3626.3786621921076	0	0.3
43264.26271811838	300	11.484436945675597	0.0	165384	4357.963878816136	0	0.3
43268.30261591868	300	11.444539145370902	0.0	140881	4039.897800304697	0	0.3
43272.574242947754	300	11.172912116291567	0.0	157671	4271.6270290793345	0	0.3
43275.33705682982	300	12.410098234234036	0.0	157812	2762.8138820575314	0	0.3
43279.97959715607	300	11.767557907983878	0.0	163927	4642.540326250158	0	0.3
43283.706875365744	300	12.040279698311487	0.0	137654	3727.278209672391	0	0.3
43286.349560657545	300	13.397594406506201	0.0	146754	2642.685291805287	0	0.3
43289.09531261788	300	14.651842446177875	0.0	153938	2745.751960328325	0	0.3
43292.30357599255	750	15.443579071504036	0.0	181901	3208.2633746738393	1	0.3
43296.91301394449	750	14.834141119561831	0.0	277716	4609.437951942205	1	0.3
43303.58391533232	750	12.16323973173731	0.0	400396	6670.9013878245205	1	0.75
43311.99213248855	300	7.755022575504736	0.0	400508	8408.217156232575	0	0.75
43315.07930497173	300	8.667850092323448	0.0	157421	3087.1724831812885	0	-0.15000000000000002
43321.68430160479	300	6.062853459266593	0.0	157488	6604.996633056855	0	0.3
43326.29776012967	300	5.44939493438651	0.0	143881	4613.458524880082	0	0.3
43329.11071607043	300	6.636438993631709	0.0	163444	2812.955940754801	0	0.3
43332.34902222182	300	7.398132842243575	0.0	179328	3238.306151388135	0	0.3
43335.045928514686	300	8.701226549375967	0.0	159914	2696.906292867606	0	0.3
43337.30990620663	300	10.437248857434922	0.0	131610	2263.9776919410465	0	0.3
43339.35945118594	300	12.387703878122165	0.0	124011	2049.5449793127555	0	0.3
43341.68790598476	300	14.059249079296455	0.0	144254	2328.4547988257104	0	0.3
43344.50263442901	750	15.244520635056979	0.0	149991	2814.7284442394757	1	0.3
43350.36636895508	750	13.380786108979592	0.0	345516	5863.734526077386	1	0.3
43356.8558326196	750	10.891322444463249	0.0	384505	6489.463664516343	1	0.75
43362.89939225855	300	8.847762805515325	0.0	372093	6043.559638947922	0	0.75
43366.1211897198	300	9.625965344257295	0.0	172312	3221.7974612580283	0	-0.15000000000000002
43368.80926548259	300	10.937889581474714	0.0	167025	2688.075762782582	0	0.3
43371.64227318145	300	12.104881882610224	0.0	160064	2833.007698864491	0	0.3
43373.958201496425	300	13.788953567642327	0.0	137507	2315.9283149678954	0	0.3
43376.12934757892	750	15.617807485144935	0.0	118421	2171.1460824973933	1	0.3

