31981.619176708482	750	4.0	3.257630415651144	450283	3257.630415651144	1	-13.257810787299919
31984.513952206864	750	5.1052245016163305	0.0	398865	2894.775498383669	1	0.75
31987.069619468068	750	6.5495572404152425	0.0	350812	2555.6672612010875	1	0.75
31989.847884509334	750	7.771292199149431	0.0	382355	2778.265041265811	1	0.75
31992.832255208417	750	8.786921500065077	0.0	411561	2984.3706990843543	1	0.75
31995.160349530728	750	10.458827177757792	0.0	318564	2328.094322307285	1	0.75
31997.728931033995	750	11.890245674489735	0.0	352642	2568.5815032680575	1	0.75
32000.893967039723	750	12.72520966876248	0.0	437162	3165.0360057272546	1	0.75
32003.618620334004	750	14.000556374481791	0.0	374758	2724.6532942806894	1	0.75
32006.258851181374	750	15.36032552711212	0.0	362795	2640.2308473696694	1	0.75
32008.831511609187	750	16.787665099300504	0.0	353220	2572.6604278116147	1	0.75
32011.770527207853	750	17.848649500633865	0.0	405134	2939.01559866664	1	0.75
32014.57699187278	750	19.04218483570706	0.0	386351	2806.464664926802	1	0.75
32017.722600059704	750	19.896576648783288	0.0	434409	3145.608186923774	1	0.75
32020.18121291044	750	21.437963798045065	0.0	337059	2458.612850738222	1	0.75
32022.84557151389	750	22.77360519459508	0.0	366214	2664.3586034499813	1	0.75
32025.47194248617	750	24.147234222318055	0.0	360831	2626.37097227703	1	0.75
32028.183928532082	750	25.435248176403597	0.0	372963	2711.986045914453	1	0.75
32031.1262044476	1850	26.492972260887264	0.0	405596	2942.2759155163344	3	0.75
32037.72510919108	1850	23.894067517404117	0.0	923755	6598.904743483149	3	0.75
32044.097125521068	1850	21.52205118741559	0.0	891604	6372.016329988524	3	1.85
32050.9181552281	1850	18.701021480380554	0.0	955231	6821.029707035039	3	1.85
32057.829478775162	1850	15.789697933319896	0.0	968026	6911.323547060658	3	1.85
32064.078499299147	1850	13.540677409334227	0.0	874175	6249.020523985669	3	1.85
32070.495482596594	750	11.123694111886286	0.0	897976	6416.983297447942	1	1.85
32073.25501140142	750	12.3641653070619	0.0	379700	2759.5288048243865	1	-0.3500000000000001
32076.339732112632	750	13.279444595850595	0.0	425781	3084.720711211304	1	0.75
32078.379563615294	750	15.239613093188995	0.0	277716	2039.8315026615999	1	0.75
32081.285143323843	750	16.334033384638914	0.0	400396	2905.57970855008	1	0.75
32084.191513412232	750	17.427663296246486	0.0	400508	2906.37008839243	1	0.75
32086.79944454051	750	18.81973216797	0.0	358218	2607.9311282764875	1	0.75
32089.704502033805	750	19.914674674672902	0.0	400322	2905.0574932970985	1	0.75
32092.394406842872	750	21.224769865604102	0.0	369834	2689.9048090687975	1	0.75
32095.38778222659	750	22.231394481887257	0.0	412837	2993.3753837168433	1	0.75
32098.29824535345	750	23.320931355025518	0.0	401088	2910.4631268617422	1	0.75
32100.955172974987	750	24.664003733486204	0.0	365161	2656.9276215393147	1	0.75
32103.300909704492	750	26.318267003983603	0.0	321064	2345.7367295025992	1	0.75
32105.932460487522	1850	27.68671622095403	0.0	361565	2631.5507830295746	3	0.75
32112.424875661174	1850	25.1943010473018	0.0	908665	6492.41517365223	3	0.75
32119.071923005413	1850	22.54725370306408	0.0	930577	6647.047344237723	3	1.85
32125.20997278814	1850	20.40920392033694	0.0	858450	6138.049782727139	3	1.85
32132.523395023032	1850	17.095781685443548	0.0	1025005	7313.422234893391	3	1.85
32138.857663658586	1850	14.76151304989012	0.0	886255	6334.268635553429	3	1.85
32145.810947906917	1850	11.808228801556124	0.0	973972	6953.284248333995	3	1.85
32152.658532965266	750	8.960643743210698	0.0	958994	6847.585058345426	1	1.85
32155.51759317452	750	10.101583533953225	0.0	393804	2859.060209257474	1	-0.3500000000000001
32157.933821906212	750	11.685354802261026	0.0	331053	2416.2287316921984	1	0.75
32160.23046334497	750	13.388713363501548	0.0	314107	2296.6414387594778	1	0.75

