84656.4075866136	300	4.0	6.740690785705139	450283	6740.690785705139	0	-28.234970378532097
84658.71487611748	300	5.692710496117892	0.0	155580	2307.2895038821075	0	-0.15000000000000002
84660.79707452437	300	7.610512089224719	0.0	139857	2082.1984068931733	0	0.3
84663.10224525434	300	9.305341359263261	0.0	155432	2305.1707299614586	0	0.3
84665.52208746473	300	10.885499148866684	0.0	163442	2419.8422103965772	0	0.3
84667.41004584085	300	12.997540772752997	0.0	126289	1887.9583761136873	0	0.3
84669.68462319333	300	14.722963420280907	0.0	153295	2274.5773524720894	0	0.3
84672.25345243205	750	16.154134181558703	0.0	173849	2568.8292387222045	1	0.3
84676.62280763437	750	15.78477897924744	0.0	374758	4369.355202311262	1	0.3
84680.85125503252	750	15.556331581096199	0.0	362795	4228.44739815124	1	0.75
84684.97021529928	750	15.437371314347812	0.0	353220	4118.960266748387	1	0.75
84689.68279592526	750	14.724790688367287	0.0	405134	4712.580625980525	1	0.75
84694.18059881868	750	14.226987794934	0.0	386351	4497.802893433288	1	0.75
84698.85088374828	750	13.55670286534078	0.0	434409	4670.284929593221	1	0.75
84702.1700768907	750	14.237509722915407	0.0	337059	3319.193142425372	1	0.75
84705.76945444022	750	14.638132173405781	0.0	366214	3599.3775495096265	1	0.75
84709.3140057915	750	15.093580822130383	0.0	360831	3544.551351275397	1	0.75
84712.97325090012	750	15.434335713505892	0.0	372963	3659.245108624491	1	0.75
84716.94566783981	750	15.461918773815738	0.0	405596	3972.416939690155	1	0.75
84720.3913845189	750	16.016202094732233	0.0	350713	3445.716679083505	1	0.75
84724.1802725738	750	16.227314039830475	0.0	386472	3788.888054901758	1	0.75
84728.09796865482	750	16.309617958802914	0.0	399894	3917.696081027561	1	0.75
84732.03446483443	750	16.373121779192395	0.0	401853	3936.4961796105185	1	0.75
84735.41383895022	750	16.993747663408524	0.0	343800	3379.3741157838717	1	0.75
84738.9477500683	750	17.45983654533708	0.0	359903	3533.911118071445	1	0.75
84742.67164870635	750	17.735937907282583	0.0	379700	3723.898638054497	1	0.75
84746.77715210398	750	17.630434509634384	0.0	425781	4105.5033976482	1	0.75
84749.35400368541	750	19.053582928210087	0.0	277716	2576.8515814242965	1	0.75
84753.03383007567	750	19.37375653795543	0.0	400396	3679.826390254659	1	0.75
84756.6807242541	750	19.726862359518382	0.0	400508	3646.8941784370495	1	0.75
84759.77145005617	750	20.63613655744706	0.0	358218	3090.725802071325	1	0.75
84763.2160486373	750	21.191537976312674	0.0	400322	3444.598581134384	1	0.75
84766.40440379054	750	22.003182823072898	0.0	369834	3188.3551532397764	1	0.75
84769.95418757568	750	22.453399037920505	0.0	412837	3549.783785152392	1	0.75
84773.21771181155	750	23.18987480203943	0.0	401088	3263.5242358810756	1	0.75
84776.1678203236	750	24.239766290014998	0.0	365161	2950.108512024432	1	0.75
84778.77133329268	750	25.636253320928454	0.0	321064	2603.5129690865456	1	0.75
84781.69317780552	1850	26.714408808096813	0.0	361565	2921.8445128316375	3	0.75
84788.91514299643	1850	23.49244361718464	0.0	908665	7221.965190912174	3	0.75
84796.3093330901	1850	20.09825352351593	0.0	930577	7394.19009366871	3	1.85
84803.14236026662	1850	17.265226346995565	0.0	858450	6833.027176520367	3	1.85
84810.86563695311	1850	13.541949660497792	0.0	1025005	7723.276686497773	3	1.85
84817.20260595498	750	11.204980658618153	0.0	886255	6336.969001879639	1	1.85
84820.37687411834	750	12.030712495264705	0.0	438281	3174.2681633534485	1	-0.3500000000000001
84823.27372625588	750	13.133860357727594	0.0	398987	2896.8521375371106	1	0.75
84826.13398636253	750	14.27360025108085	0.0	393804	2860.260106646743	1	0.75
84829.38685168728	750	15.0207349263326	0.0	331053	3252.8653247482484	1	0.75
84833.54825044861	750	14.859336164998261	0.0	314107	4161.39876133434	1	0.75

