3796.406695607106	300	4.0	0.8513770008416199	181801	851.37700084162	-3.3609211036189657
3796.813178074084	300	7.593517533021843	0.0	155580	406.4824669781572	0.3
3797.1847007104448	300	11.221994896661574	0.0	139857	371.5226363602695	0.3
3797.7930419840545	300	14.613653623051533	0.0	155432	608.3412736100405	0.3
3798.2921470332703	300	18.11454857383587	0.0	163442	499.10504921566684	0.3
3798.65319447125	300	21.753501135856194	0.0	126289	361.047437979676	0.3
3799.074341895057	300	25.33235371204973	0.0	153295	421.1474238064632	0.3
3799.5412308247764	300	28.865464782330367	0.0	173849	466.88892971936343	0.3
3799.9931157245514	300	32.41357988255514	0.0	150710	451.88489977522784	0.3
3800.602853406957	300	35.80384220014989	0.0	139105	609.7376824052559	0.3
3801.2230064774603	300	39.18368912964658	0.0	141840	620.1530705032997	0.3
3803.8096458240534	750	40.597049783053656	0.0	405134	2586.639346592929	0.3
3807.2988018416736	300	41.10789376543336	0.0	160746	3489.1560176202993	-0.15000000000000002
3809.3218806015702	300	43.084815005536676	0.0	179801	2023.0787598966765	0.3
3811.719239774026	750	44.687455833080875	0.0	337059	2397.3591724558087	0.3
3813.489826576056	750	46.91686903105023	0.0	366214	1770.5868020306336	0.75
3814.7844369894838	750	49.62225861762295	0.0	360831	1294.610413427293	0.75
3815.760025730835	750	52.64666987627222	0.0	372963	975.5887413507193	0.75
3816.8163948058664	750	55.59030080124075	0.0	405596	1056.369075031472	0.75
3817.8371882446454	750	58.569507362461714	0.0	350713	1020.7934387790366	0.75
3820.3714931018494	750	59.95278981314985	0.0	386472	1116.717549311864	0.75
3823.3819415680887	750	59.67335927497606	0.0	399894	1279.4305381737965	0.75
3828.109329585201	750	58.94597125786366	0.0	401853	4727.388017112395	0.75
3830.9595488686937	750	59.64406444660617	0.0	343800	1301.9068112574919	0.75
3834.7825657300646	750	59.771212355038415	0.0	359903	2372.852091567757	0.75
3837.3847812761005	750	59.573186949722135	0.0	379700	1198.0254053162807	0.75
3841.0840227294466	750	59.87394549637588	0.0	425781	3199.2414533462525	0.75
3842.8667669284982	750	59.681289191982884	0.0	277716	692.6563043930022	0.75
3847.2579496576523	750	59.29010646282895	0.0	400396	4391.182729153929	0.75
3849.5965265803457	750	59.50745326478851	0.0	400508	1282.6531980404457	0.75
3853.588036907167	750	59.515942937967274	0.0	358218	2991.510326821233	0.75
3856.0282922633587	750	59.595532351408494	0.0	400322	1420.410586558774	0.75
3857.847287621635	750	59.57595701413691	0.0	369834	1019.5753372715824	0.75
3861.287307577102	750	59.51415698875573	0.0	412837	2561.8000253811806	0.75
3862.859616207149	750	59.80211271027508	0.0	401088	1212.0442784806403	0.75
3864.933450097918	750	59.710327888223745	0.0	365161	1591.7848220513397	0.75
3866.503711462058	750	59.67722185876253	0.0	321064	1033.1060294612103	0.75
3868.9015676649483	750	59.87987152195703	0.0	361565	2297.3503368055	0.75
3870.1249905963728	750	59.827412894887146	0.0	378327	1052.4586270698874	0.75
3873.050817873147	750	59.87348143152716	0.0	390680	953.9314633599892	0.75
3876.188165952729	750	59.80575524599324	0.0	345516	1067.7261855339166	0.75
3878.7578922771745	750	59.77570302119477	0.0	384505	2530.0522247984686	0.75
3882.9030308071265	750	59.63056449124312	0.0	372093	3145.1385299516464	0.75
3886.626936822108	750	59.906658476261576	0.0	438281	3223.9060149815487	0.75
3891.797413101926	750	58.736182196443686	0.0	398987	5170.476279817889	0.75
3894.52905721296	750	59.60945765362557	0.0	393804	1126.7245428181127	0.75
3898.437492194642	750	59.70102267194349	0.0	331053	2408.4349816820763	0.75
3901.4071266419915	750	59.73688270521751	0.0	314107	1464.1399667259798	0.75

