19713.31617703133	750	4.0	2.6916798767847925	450283	2691.6798767847927	0.1672869808492466	-10.824223470174607
19713.977506719304	300	7.338670312027532	0.0	155580	661.329687972467	0.23525331287785348	-0.15000000000000002
19715.161848049327	750	10.15432898200111	0.0	350812	1184.3413300264249	0.29620852629720584	0.3
19718.64187307159	1200	10.67430395973985	0.0	617681	3480.025022261257	0.17749326399918874	0.75
19721.561184428814	1200	11.754992602514674	0.0	652874	2919.3113572251777	0.22363972872717505	1.2
19723.915017539108	1850	13.401159492224428	0.0	801058	2353.833110290247	0.34032064401593154	1.2000000000000002
19729.443301493353	2850	11.872875537977604	0.0	1388403	5528.283954246823	0.25114538462399894	1.85
19735.480024349396	1850	9.83615268193528	0.0	1060487	6036.722856042324	0.1756726331967566	0.8500000000000001
19742.056276028554	1200	7.2599010027772115	0.0	584846	6576.251679158068	0.08893303184449831	0.5499999999999999
19743.978976487593	750	9.337200543741513	0.0	362795	1922.7004590356973	0.18869033826618764	0.3
19746.500692024027	1200	10.815485007308716	0.0	607410	2521.7155364327973	0.24087173641291765	0.75
19749.436230741776	1200	11.879946289558923	0.0	594078	2935.538717749794	0.2023744386023238	1.2
19752.885290459002	1850	12.430886572333002	0.0	946851	3449.0597172259213	0.2745243856669296	1.2000000000000002
19763.39527759322	1850	5.920899438119179	0.0	1036454	10509.987134213823	0.09861610549702444	1.85
19764.05017897581	300	9.26599805552817	0.0	140051	654.9013825910082	0.21385051814352804	-1.25
19766.222935868474	1200	11.093241162861736	0.0	587876	2172.756892666435	0.27056685540118164	0.29999999999999993
19769.001082431496	1850	12.315094599841023	0.0	966699	2778.146563020713	0.3479654431726223	1.2000000000000002
19771.17867947002	1850	14.13749756131395	0.0	885714	2177.597038527072	0.40673916446869224	1.85
19775.735178004128	2850	13.58099902720765	0.0	1537156	4556.4985341063	0.3373546569792749	1.85
19782.74661598729	2850	10.569561044045324	0.0	1336050	7011.4379831623255	0.19055292269695148	2.85
19784.116378411978	1200	13.199798619355894	0.0	601738	1369.7624246894304	0.43930099786204424	-0.44999999999999996
19789.724458070854	2850	11.591718960480248	0.0	1468126	5608.079658875647	0.26178765090764455	1.2000000000000002
19793.3258167793	1850	11.990360252033899	0.0	968026	3601.3587084463484	0.2687946628947754	0.8500000000000001
19795.84509103967	1850	13.471085991660638	0.0	874175	2519.274260373261	0.3469947729591301	1.85
19802.043130479382	2850	11.273046551953762	0.0	1383735	6198.039439706878	0.2232536616555381	1.85
19805.125819453333	1850	12.190357578000675	0.0	905935	3082.688973953086	0.2938781718345962	0.8500000000000001
19812.961434954268	1850	8.35474207706741	0.0	1076599	7835.615500933265	0.1373981405636572	1.85
19813.78075625209	750	11.535420779241951	0.0	277716	819.3212978254605	0.33895859992542465	-0.3500000000000001
19821.241640622036	1850	8.074536409299975	0.0	972798	7460.884369941976	0.13038641959378947	0.75
19822.421370881162	750	10.89480615017074	0.0	400508	1179.7302591292348	0.33949116495122966	-0.3500000000000001
19823.53050568404	1200	13.785671347292297	0.0	570392	1109.1348028784457	0.5142675160131202	0.75
19833.791670497474	2850	7.524506533861142	0.0	1497683	10261.164813431154	0.1459564315777909	1.2000000000000002
19836.666985900498	750	8.6491911308341	0.0	369834	2875.3154030270434	0.12862380231770404	-1.35
19838.470637956503	750	10.845539074830276	0.0	412837	1803.6520560038223	0.22888949042349283	0.75
19842.01185895831	1200	11.304318073024143	0.0	690253	3541.2210018061323	0.19491949235813005	0.75
19845.437559009377	1850	11.878618021957905	0.0	943942	3425.700051066238	0.27554718332861666	1.2000000000000002
19849.63273065606	1850	11.683446375272721	0.0	728962	4195.171646685186	0.17376213928600256	1.85
19853.057109796588	1850	12.259067234745094	0.0	938587	3424.379140527626	0.2740896850152472	1.85
19857.433335407673	1850	11.882841623659738	0.0	908665	4376.225611085356	0.20763668986769637	1.85
19859.776896923147	1850	13.539280108186992	0.0	930577	2343.561515472748	0.3970781197148487	1.85
19871.225563310174	2850	6.090613721163271	0.0	1339500	11448.66638702372	0.11700052693632784	1.85
19872.004595755174	300	9.311581276161446	0.0	161857	779.0324450018252	0.20776669962651015	-2.25
19875.108828045973	1200	10.207348985366176	0.0	599477	3104.2322907952694	0.19311602478254639	0.29999999999999993
19877.605274751128	1200	11.710902280211862	0.0	634861	2496.4467051543143	0.2543058494656536	1.2
19881.804083810704	1850	11.51209322063335	0.0	958994	4198.809059578513	0.2283966682915241	1.2000000000000002
19888.02381158832	1850	9.292365443022309	0.0	982064	6219.72777761104	0.15789501327294503	1.85
19894.032322302508	1200	7.283854728828873	0.0	538612	6008.510714193436	0.08964151444844376	0.5499999999999999
19895.37886017564	750	9.937316855698008	0.0	314107	1346.5378731308656	0.23327008193959128	0.3

