39271.44706459585	750	4.0	11.094442318336403	450283	11094.442318336403	-46.95610196884653
39274.67854061587	300	4.768523979984239	0.0	155580	3231.476020015762	-0.15000000000000002
39277.765112859706	300	5.68195173614841	0.0	139857	3086.5722438358275	0.3
39281.19943080045	300	6.247633795397482	0.0	155432	3434.3179407509288	0.3
39283.521445963	300	7.925618632849433	0.0	163442	2322.015162548048	0.3
39284.91373337019	300	10.533331225670146	0.0	126289	1392.2874071792855	0.3
39286.43462540826	300	13.01243918759265	0.0	153295	1520.8920380774955	0.3
39289.751367969635	750	13.695696626221848	0.0	437162	3316.7425613708024	0.3
39291.549485822325	750	15.897578773523614	0.0	374758	1798.117852698235	0.75
39292.83197438317	750	18.61509021268308	0.0	362795	1282.4885608405389	0.75
39300.35991177109	750	15.087152824758954	0.0	353220	7527.937387924123	0.75
39305.275791573935	750	14.171273021913587	0.0	405134	4915.8798028453675	0.75
39309.54013003384	750	13.906934562004986	0.0	386351	4264.338459908599	0.75
39314.149975698114	750	13.297088897734909	0.0	434409	4609.845664270077	0.75
39317.74469396996	750	13.702370625891538	0.0	337059	3594.7182718433733	0.75
39324.92595852782	750	10.521106068033138	0.0	366214	7181.2645578584	0.75
39327.64678771683	300	11.800276879014037	0.0	143509	2720.829189019102	-0.15000000000000002
39330.4010792946	300	13.045985301251	0.0	150616	2754.2915777630365	0.3
39332.46080785761	300	14.986256738240252	0.0	165384	2059.7285630107476	0.3
39341.07517458023	750	10.37189001561943	0.0	350713	8614.366722620822	0.3
39345.204667353464	300	10.2423972423849	0.0	157671	4129.49277323453	-0.15000000000000002
39349.337781455164	300	10.10928314068143	0.0	157812	4133.11410170347	0.3
39353.62794820643	300	9.81911638942079	0.0	163927	4290.166751260642	0.3
39357.243340752975	300	10.203723842872432	0.0	137654	3615.3925465483576	0.3
39361.09245024326	300	10.354614352584045	0.0	146754	3849.109490288387	0.3
39365.10032139064	300	10.346743205212752	0.0	153938	4007.8711473712933	0.3
39369.720582681985	300	9.726481913863084	0.0	181901	4620.261291349667	0.3
39372.57501901736	300	10.872045578494	0.0	111155	2854.436335369087	0.3
39376.48901023047	300	10.958054365373862	0.0	153605	3913.991213120136	0.3
39380.288784173375	300	11.158280422467833	0.0	149029	3799.7739429060293	0.3
39384.29802300519	300	11.149041590655166	0.0	157421	4009.2388318126673	0.3
39388.30893416154	300	11.138130434300464	0.0	157488	4010.911156354701	0.3
39391.48136553708	300	11.965699058758194	0.0	143881	3172.4313755422713	0.3
39401.30843305969	300	6.1386315361499415	0.0	163444	9827.067522608251	0.3
39407.9933723366	300	4.0	0.5463077407539322	179328	6684.939276903874	-2.0491232852419086
39412.540283616705	300	4.0	0.5469112801109095	159914	4546.9112801109095	-2.051718504476911
39415.85138496413	300	4.688898652573426	0.0	131610	3311.1013474265737	0.3
39422.94288364453	300	4.0	2.4026000278249957	124011	7091.498680398422	-10.03118011964748
39427.15229153829	300	4.0	0.2094078937614495	144254	4209.4078937614495	-0.6004539431742328
39433.89799998405	300	4.0	2.7457084457672325	149991	6745.708445767233	-11.5065463167991
39437.173031499304	300	4.7249684847511535	0.0	147968	3275.0315152488465	0.3
39440.563646598195	300	5.33435338585549	0.0	161857	3390.6150988956633	0.3
39443.53163462601	300	6.366365358047054	0.0	145210	2967.9880278084356	0.3
39446.998966802385	300	6.899033181676745	0.0	172312	3467.33217637031	0.3
39453.36332794061	300	4.534672043444794	0.0	167025	6364.3611382319505	0.3
39462.21177625779	300	4.0	4.313776273730115	160064	8848.448317174909	-18.249237977039492
39464.75285791076	300	5.458918347033776	0.0	137507	2541.0816529662243	0.3
39466.96323842289	300	7.248537834900726	0.0	118421	2210.3805121330493	0.3

