53682.674794361345	300	4.0	13.356772286425155	450283	13356.772286425155	0	-56.684120831628164
53685.12688617382	300	5.5479081875217595	0.0	155580	2452.0918124782397	0	-0.15000000000000002
53686.37532853056	300	8.299465830786634	0.0	139857	1248.4423567351255	0	0.3
53687.64101921888	300	11.033775142463577	0.0	155432	1265.6906883230572	0	0.3
53688.86907701758	300	13.80571734375704	0.0	163442	1228.0577987065367	0	0.3
53689.856427593215	750	16.818366768125152	0.0	126289	987.3505756318858	1	0.3
53695.33757072615	750	15.337223635194707	0.0	352642	5481.143132930447	1	0.3
53698.4669858191	750	16.20780854225129	0.0	437162	3129.415092943418	1	0.75
53699.926100996214	750	18.74869336513215	0.0	374758	1459.115177119137	1	0.75
53701.34119215019	1850	21.333602211152954	0.0	362795	1415.0911539792007	3	0.75
53704.64461812239	1850	22.030176238960433	0.0	939819	3303.4259721925205	3	0.75
53707.12029313628	1850	23.55450122507009	0.0	917428	2475.6750138903426	3	1.85
53710.156039565576	1850	24.518754795765624	0.0	946851	3035.7464293044663	3	1.85
53714.06318645929	1850	24.611607902058196	0.0	1036454	3907.1468937074264	3	1.85
53716.56824467967	1850	26.106549681674235	0.0	821631	2505.0582203839613	3	1.85
53719.74353420493	1850	26.931260156419217	0.0	923170	3175.28952525502	3	1.85
53723.33761601779	1850	27.33717834356338	0.0	966699	3594.0818128558335	3	1.85
53726.133219623356	1850	28.541574737997927	0.0	885714	2795.6036055654563	3	1.85
53729.39704476736	1850	29.277749594000447	0.0	987708	3263.8251439974783	3	1.85
53731.92910269062	1850	30.745691670733287	0.0	923755	2532.057923267161	3	1.85
53734.49961699946	1850	32.17517736189449	0.0	891604	2570.5143088387904	3	1.85
53737.26912629032	1850	33.40566807104025	0.0	955231	2769.5092908542415	3	1.85
53739.06475529598	4300	35.61003906537559	0.0	968026	1795.629005664663	5	1.85
53744.948471199736	4300	33.72632316161469	0.0	2044075	5883.715903760902	5	1.8499999999999996
53749.51981224795	4300	33.154982113406355	0.0	2186790	4571.341048208337	5	4.3
53757.55629957501	4300	29.118494786342474	0.0	2105231	8036.487327063876	5	4.3
53764.84036462919	4300	25.83442973215646	0.0	2395588	7284.065054186011	5	4.3
53769.3561371621	4300	25.318657199246584	0.0	1972048	4515.772532909878	5	4.3
53773.42105827056	4300	25.253736090789506	0.0	2134614	4064.9211084570766	5	4.3
53777.3064517134	4300	25.368342647947077	0.0	2164140	3885.39344284243	5	4.3
53781.33521290097	4300	25.33958146036938	0.0	2113193	4028.7611875776975	5	4.3
53785.428738695475	4300	25.24605566586735	0.0	2147852	4093.5257945020326	5	4.3
53789.60303011623	4300	25.071764245107097	0.0	2191074	4174.291420760251	5	4.3
53798.92839914519	4300	19.746395216154507	0.0	2286761	9325.369028952591	5	4.3
53823.218095006036	300	4.0	4.5433006446898725	2307787	24289.69586084438	0	-15.23619277216645
53824.340571830355	300	6.877523175681984	0.0	159914	1122.4768243180163	0	-3.7
53825.32157465039	300	9.896520355641057	0.0	131610	981.0028200409289	0	0.3
53825.85295523999	750	13.3651397660414	0.0	124011	531.3805895996547	1	0.3
53827.03813076136	1850	16.179964244677073	0.0	378327	1185.1755213643255	3	0.3
53829.33512990117	1850	17.882965104861274	0.0	930577	2296.999139815802	3	0.75
53832.91574826978	1850	18.302346736257494	0.0	858450	3580.6183686037743	3	1.85
53837.03738251144	1850	18.18071249459539	0.0	1025005	4121.634241662105	3	1.85
53841.32437242195	1850	17.89372258408045	0.0	886255	4286.989910514942	3	1.85
53844.14182143994	1850	19.076273566091945	0.0	973972	2817.4490179885024	3	1.85
53847.3472898725	1850	19.87080513352614	0.0	958994	3205.468432565804	3	1.85
53851.96569857433	1850	19.25239643170189	0.0	982064	4618.408701824249	3	1.85
53854.13840511626	1850	21.07968988976805	0.0	830730	2172.7065419338387	3	1.85
53855.79705843475	1850	23.421036571278005	0.0	846370	1658.6533184900456	3	1.85

