27510.934249788486	750	4.0	0.9499772728452827	450283	949.9772728452826	1	-3.3349022732347153
27511.81810458368	750	7.116145204806267	0.0	398865	883.8547951937322	1	0.75
27512.745357443426	1850	10.188892345061712	0.0	350812	927.2528597445568	3	0.75
27515.63221687438	1850	11.302032914107626	0.0	933276	2886.8594309540867	3	0.75
27517.810668966373	1850	13.123580822115276	0.0	996749	2178.45209199235	3	1.85
27521.547635147366	1850	13.386614641121401	0.0	801058	3736.966180993875	3	1.85
27524.013218403274	1850	14.92103138521583	0.0	905515	2465.583255905571	3	1.85
27527.075764756795	1850	15.858485031693137	0.0	1060487	3062.5463535226945	3	1.85
27529.14072902985	1850	17.793520758638568	0.0	852833	2064.964273054567	3	1.85
27531.186855809276	1850	19.74739397921195	0.0	913888	2046.1267794266198	3	1.85
27534.669538340047	1850	20.26471144844027	0.0	939819	3482.682530771679	3	1.85
27536.679279070595	1850	22.254970717892096	0.0	917428	2009.7407305481772	3	1.85
27540.569308362356	1850	22.36494142612813	0.0	946851	3890.029291763965	3	1.85
27543.30824303729	1850	23.62600675119722	0.0	1036454	2738.9346749309107	3	1.85
27545.393945683103	1850	25.54030410538261	0.0	821631	2085.7026458146083	3	1.85
27548.812483679416	1850	26.121766109067142	0.0	923170	3418.537996315466	3	1.85
27551.835664856284	1850	27.098584932198474	0.0	966699	3023.1811768686666	3	1.85
27556.0726433492	1850	26.861606439288405	0.0	885714	4236.978492910072	3	1.85
27561.367109149254	1850	25.567140639230765	0.0	987708	5294.465800057639	3	1.85
27563.95254317343	1850	26.98170661505579	0.0	923755	2585.4340241749765	3	1.85
27566.28014778822	1850	28.654102000264054	0.0	891604	2327.6046147917345	3	1.85
27568.41403066897	1850	30.52021911951269	0.0	955231	2133.8828807513687	3	1.85
27570.51572555126	4300	32.41852423722306	0.0	968026	2101.6948822896256	5	1.85
27575.00228729828	4300	31.9319624901995	0.0	2044075	4486.561747023561	5	1.8499999999999996
27580.11983760045	4300	30.81441218803093	0.0	2186790	5117.550302168568	5	4.3
27587.18745155649	4300	27.746798231991804	0.0	2105231	7067.613956039123	5	4.3
27598.11353644614	4300	20.820713342340774	0.0	2395588	10926.084889651032	5	4.3
27604.664405785963	4300	18.269844002518184	0.0	1972048	6550.86933982259	5	4.3
27622.7542875969	300	4.17996219158269	0.0	2134614	18089.881810935494	0	4.3
27623.48533986973	750	7.448909918751776	0.0	149029	731.0522728309136	1	-3.7
27625.085850329357	750	9.84839945912211	0.0	358218	1600.5104596296667	1	0.3
27626.593962098537	1850	12.340287689940483	0.0	400322	1508.111769181626	3	0.75
27629.959460528484	1850	12.974789259993171	0.0	885062	3365.4984299473126	3	0.75
27633.733108464414	1850	13.201141324067745	0.0	1035329	3773.647935925426	3	1.85
27639.118580446015	1850	11.815669342465899	0.0	1026056	5385.471981601847	3	1.85
27644.004994460764	1850	10.929255327715724	0.0	943942	4886.414014750175	3	1.85
27647.17522595681	1850	11.759023831672376	0.0	728962	3170.2314960433478	3	1.85
27650.577770067983	1850	12.35647972049908	0.0	938587	3402.5441111732976	3	1.85
27655.776654595076	750	11.157595193405571	0.0	908665	5198.884527093507	1	1.85
27658.21762846188	750	12.716621326602468	0.0	390680	2440.973866803104	1	-0.3500000000000001
27660.432055625606	750	14.502194162873076	0.0	345516	2214.4271637293914	1	0.75
27662.211121254182	750	16.723128534295412	0.0	384505	1779.0656285776668	1	0.75
27663.679185454108	1850	19.255064334372356	0.0	372093	1468.0641999230554	3	0.75
27667.838702459925	1850	19.095547328558112	0.0	973972	4159.517005814243	3	0.75
27673.372644126463	1850	17.561605662017293	0.0	958994	5533.941666540821	3	1.85
27676.64038627691	1850	18.29386351156951	0.0	982064	3267.7421504477848	3	1.85
27679.140517995507	1850	19.79373179297597	0.0	830730	2500.131718593536	3	1.85
27681.40292212935	1850	21.531327659133286	0.0	846370	2262.4041338426846	3	1.85

