56486.43857987694	300	4.0	5.231327318922596	450283	5231.3273189225965	0	-21.744707471367164
56488.27587433474	300	6.162705542203785	0.0	155580	1837.294457796215	0	-0.15000000000000002
56489.935575652285	300	8.503004224656507	0.0	139857	1659.7013175472766	0	0.3
56491.771198432616	300	10.66738144432368	0.0	155432	1835.6227803328275	0	0.3
56493.6972951081	300	12.741284768843999	0.0	163442	1926.0966754796825	0	0.3
56495.203744264676	750	15.234835612264579	0.0	126289	1506.4491565794203	1	0.3
56499.26687726498	750	15.171702611967799	0.0	352642	4063.1330002967793	1	0.3
56504.284673638285	750	14.15390623866076	0.0	437162	5017.796373307039	1	0.75
56508.597609468176	750	13.840970408767497	0.0	374758	4312.935829893264	1	0.75
56512.77542180148	750	13.66315807545873	0.0	362795	4177.812333308767	1	0.75
56516.84508337999	750	13.593496496960343	0.0	353220	4069.661578498388	1	0.75
56521.50111971412	750	12.937460162824772	0.0	405134	4656.03633413557	1	0.75
56525.85360532092	750	12.584974556030298	0.0	386351	4352.485606794475	1	0.75
56530.71919465007	750	11.71938522688023	0.0	434409	4865.589329150069	1	0.75
56534.51234505371	750	11.926234823242199	0.0	337059	3793.1504036380306	1	0.75
56538.62667631891	750	11.811903558039676	0.0	366214	4114.331265202523	1	0.75
56542.68170672396	750	11.756873152991556	0.0	360831	4055.030405048119	1	0.75
56546.866109844574	750	11.572470032378952	0.0	372963	4184.4031206126065	1	0.75
56551.31684411712	750	11.12173575982957	0.0	405596	4450.734272549382	1	0.75
56555.17615488184	750	11.262424995106516	0.0	350713	3859.310764723053	1	0.75
56559.420807432114	750	11.01777244483308	0.0	386472	4244.652550273437	1	0.75
56563.81009650594	750	10.628483371008725	0.0	399894	4389.289073824353	1	0.75
56568.220495917245	750	10.218083959705886	0.0	401853	4410.39941130284	1	0.75
56572.00531165237	750	10.433268224584047	0.0	343800	3784.8157351218388	1	0.75
56575.963654577085	750	10.474925299867483	0.0	359903	3958.3429247165654	1	0.75
56580.135331524805	300	10.30324835214857	0.0	379700	4171.676947718913	0	0.75
56582.1755109519	750	12.26306892505608	0.0	181901	2040.179427092489	1	-0.15000000000000002
56585.248200325645	750	13.190379551306528	0.0	277716	3072.6893737495543	1	0.3
56589.6428989908	750	12.795680886152823	0.0	400396	4394.698665153705	1	0.75
56594.03880457673	750	12.39977530022444	0.0	400508	4395.905585928382	1	0.75
56597.97898980944	750	12.459590067519743	0.0	358218	3940.185232704698	1	0.75
56602.3728910448	750	12.065688832163591	0.0	400322	4393.901235356152	1	0.75
56606.43825120356	750	12.000328673399629	0.0	369834	4065.3601587639623	1	0.75
56610.9670150594	750	11.471564817551767	0.0	412837	4528.763855847861	1	0.75
56614.950451275894	750	11.488128601063515	0.0	401088	3983.4362164882523	1	0.75
56618.48924047921	750	11.949339397744472	0.0	365161	3538.7892033190446	1	0.75
56621.61034480517	750	12.828235071777499	0.0	321064	3121.104325966973	1	0.75
56625.11507285198	750	13.323507024976086	0.0	361565	3504.728046801412	1	0.75
56628.77856983803	750	13.660010038923128	0.0	378327	3663.4969860529586	1	0.75
56632.55907390598	750	13.879505970984097	0.0	390680	3780.504067939031	1	0.75
56635.91178651869	750	14.526793358262632	0.0	345516	3352.7126127214656	1	0.75
56639.547710308565	750	14.890869568386055	0.0	384505	3635.9237898765773	1	0.75
56643.05486286376	750	15.383717013190711	0.0	372093	3507.152555195343	1	0.75
56647.17163821036	750	15.266941666587655	0.0	438281	4116.7753466030545	1	0.75
56650.92649722824	750	15.512082648708457	0.0	398987	3754.8590178791983	1	0.75
56654.63361836421	750	15.804961512739366	0.0	393804	3707.121135969091	1	0.75
56657.76277310471	750	16.675806772244155	0.0	331053	3129.1547404952094	1	0.75
56660.7358471686	750	17.7027327083549	0.0	314107	2973.0740638892526	1	0.75

