9289.32356964522	300	4.0	5.5099367642470325	181801	5509.936764247032	-23.392728086262238
9294.710579676519	300	4.0	1.3870100312987896	155580	5387.01003129879	-5.664143134584795
9296.558238215728	300	6.152341460790492	0.0	139857	1847.6585392095085	0.3
9301.98652534593	300	4.724054330587811	0.0	155432	5428.287130202681	0.3
9303.958696223923	300	6.75188345259682	0.0	163442	1972.1708779909914	0.3
9305.664020301834	300	9.046559374685744	0.0	126289	1705.3240779110754	0.3
9307.552309624292	300	11.158270052227119	0.0	153295	1888.2893224586267	0.3
9309.831010946109	300	12.879568730408277	0.0	173849	2278.7013218188417	0.3
9311.758573109453	300	14.952006567065107	0.0	150710	1927.5621633431692	0.3
9315.62072163408	300	15.089858042437191	0.0	139105	3862.148524627918	0.3
9316.657835030283	300	18.052744646236214	0.0	141840	1037.1133962009753	0.3
9319.763361364427	300	18.947218312092392	0.0	156148	3105.5263341438217	0.3
9321.078726878166	300	21.63185279835175	0.0	160746	1315.3655137406372	0.3
9323.882460725905	300	22.82811895061341	0.0	179801	2803.733847738345	0.3
9324.68938835907	300	26.021191317448938	0.0	140051	806.9276331644675	0.3
9325.487294991124	300	29.22328468539435	0.0	138313	797.9066320545872	0.3
9326.312171198419	300	32.398408478099874	0.0	143509	824.8762072944825	0.3
9327.173935929814	300	35.53664374670417	0.0	150616	861.7647313957018	0.3
9328.185457514575	300	38.52512216194354	0.0	165384	1011.5215847606257	0.3
9329.49759528423	300	41.21298439228687	0.0	140881	1312.13776965668	0.3
9330.936919898797	300	43.77365977772031	0.0	157671	1439.3246145665544	0.3
9334.903214854981	300	43.80736482153457	0.0	157812	3966.2949561857436	0.3
9337.14681566049	300	45.56376401602628	0.0	163927	2243.6008055082884	0.3
9338.553898425238	300	48.15668125127734	0.0	137654	1407.082764748944	0.3
9339.194065972797	300	51.51651370371873	0.0	146754	640.1675475586104	0.3
9339.86165521695	300	54.84892445956813	0.0	153938	667.5892441506014	0.3
9340.635980666806	300	58.07459900971015	0.0	181901	774.3254498579855	0.3
9341.280300074906	300	59.9831130536273	0.0	111155	591.4859560828484	0.3
9346.085163523403	750	59.17824960513043	0.0	400396	4804.8634484968625	0.3
9349.319523692102	750	59.943889436432585	0.0	400508	1734.3601686978516	0.75
9351.675600950488	750	59.691879341845706	0.0	358218	2252.0100945868776	0.75
9356.073362539008	750	59.29411775332554	0.0	400322	4397.761588520165	0.75
9358.246104599686	750	59.62416118689704	0.0	369834	2169.9565664284937	0.75
9361.051032765707	750	59.90258979661111	0.0	412837	1221.5713902859372	0.75
9365.371301563819	750	59.5823209985	0.0	401088	3820.268798111105	0.75
9369.07037193391	750	59.8832506284061	0.0	365161	2199.0703700938952	0.75
9373.040936129093	750	59.91268643322366	0.0	321064	3470.564195182436	0.75
9376.96058769962	750	59.993034862697606	0.0	361565	3919.6515705260645	0.75
9379.921824239644	750	59.844372497110136	0.0	378327	1648.6623655874696	0.75
9382.572984260863	750	59.84457952871869	0.0	390680	1499.7929683914435	0.75
9385.305454542451	750	59.804527959338365	0.0	345516	1540.0515693803263	0.75
9389.223156997883	750	59.88682550390457	0.0	384505	3417.702455433796	0.75
9392.203629431982	750	59.58114982567645	0.0	372093	1805.6756782281254	0.75
9395.041957017951	750	59.749884455626926	0.0	438281	1831.2653700495187	0.75
9399.009132662319	750	59.78270881125904	0.0	398987	3967.175644367881	0.75
9403.178059591186	750	59.534364296969144	0.0	393804	3748.344514289899	0.75
9405.619898582509	750	59.804735988595795	0.0	331053	1729.6283083733515	0.75
9408.113500679872	750	59.87354019838871	0.0	314107	1931.195790207078	0.75

