88316.6116301062	300	4.0	2.642709430094171	181801	2642.709430094171	-11.063650549404933
88317.56450828038	300	7.047121825815065	0.0	155580	952.8781741849353	0.3
88318.42917290828	300	10.18245719792599	0.0	139857	864.6646278890762	0.3
88319.232244766	300	13.379385340201273	0.0	155432	803.0718577247162	0.3
88320.9016468604	750	15.709983245808212	0.0	411561	1669.402094393059	0.3
88322.19338835913	750	18.41824174706672	0.0	318564	1291.7414987414897	0.75
88323.61475444444	750	20.996875661761422	0.0	352642	1421.3660853052963	0.75
88326.4270197483	1200	22.1846103578938	0.0	709534	2812.265303867624	0.75
88329.93680543902	1850	22.674824667168355	0.0	852833	3509.785690725442	1.2000000000000002
88334.21222712629	1200	22.39940297991111	0.0	560821	4275.421687257248	0.5499999999999999
88337.26861483874	1850	23.343015267443224	0.0	939819	3056.3877124678843	1.2000000000000002
88339.97254939083	1850	24.639080715353114	0.0	917428	2703.934552090112	1.85
88344.7059277778	1850	23.905702328399926	0.0	946851	4733.378386953188	1.85
88348.14053231599	1850	24.471097790207434	0.0	1036454	3434.604538192492	1.85
88360.56644737744	1850	16.04518272874775	0.0	821631	12425.915061459682	1.85
88364.37455118266	750	16.237078923532625	0.0	366214	3808.103805215125	-0.3500000000000001
88365.72033215502	750	18.89129795117196	0.0	360831	1345.780972360668	0.75
88367.33886146659	1200	21.272768639597004	0.0	581493	1618.5293115749553	0.75
88372.74305813633	1200	19.86857196986001	0.0	639204	5404.1966697369935	1.2
88376.90378900396	1200	19.707841102222925	0.0	586839	4160.730867637083	1.2
88378.6354414695	1200	21.976188636694452	0.0	601738	1731.6524655284754	1.2
88386.48564414989	1200	18.12598595630619	0.0	616206	7850.202680388264	1.2
88387.68237802573	750	20.929252080464064	0.0	401853	1196.7338758421295	0.3
88389.52067768286	1200	23.090952423329053	0.0	536667	1838.2996571350097	0.75
88393.60101711738	1850	23.0106129888056	0.0	897976	4080.3394345234515	1.2000000000000002
88397.33224099573	1850	23.27938911045792	0.0	905935	3731.2238783476837	1.85
88400.35962319504	1850	24.252006911157885	0.0	1076599	3027.382199300033	1.85
88402.78282168163	1850	25.828808424563885	0.0	758197	2423.1984865940003	1.85
88410.10916645899	2850	22.502463647209723	0.0	1498470	7326.344777354162	1.85
88418.17956873986	1850	18.43206136634484	0.0	975811	8070.402280864884	0.8500000000000001
88419.85592537648	750	20.755704729717554	0.0	358218	1676.3566366272855	-0.3500000000000001
88426.1738416593	1200	18.437788446920962	0.0	620283	6317.916282796594	0.75
88427.85041083072	1200	20.761219275490372	0.0	584349	1676.5691714305874	1.2
88433.8662074346	1200	18.745422671599254	0.0	670129	6015.796603891116	1.2
88440.42038545894	750	16.191244647264867	0.0	401088	6554.178024334387	0.3
88443.02878390282	750	17.58284620338528	0.0	365161	2608.3984438795874	0.75
88445.41269267186	750	19.198937434337758	0.0	321064	2383.908769047523	0.75
88450.47984438574	1200	18.131785720457863	0.0	575591	5067.1517138798945	0.75
88460.06868594231	750	12.542944163873779	0.0	378327	9588.841556584082	0.3
88460.72632780993	300	15.885302296266746	0.0	149991	657.6418676070343	-0.15000000000000002
88462.13697103204	750	18.474659074152676	0.0	345516	1410.6432221140735	0.3
88464.81498559295	750	19.796644513237645	0.0	384505	2678.014560915029	0.75
88468.83383877526	1200	19.77779133091558	0.0	599477	4018.853182322066	0.75
88471.9993847661	1200	20.61224534007705	0.0	634861	3165.5459908385324	1.2
88474.52581497005	1200	22.085815136131245	0.0	630203	2526.4302039458044	1.2
88479.78163318324	1850	20.829996922943007	0.0	982064	5255.8182131882395	1.2000000000000002
88483.03782417785	1200	21.57380592833178	0.0	538612	3256.190994611228	0.5499999999999999
88484.63702020954	1200	23.974609896647	0.0	550906	1599.1960316847785	1.2

