88664.15834542012	300	4.0	1.1623908695672094	181801	1162.3908695672094	-4.698280739139
88664.74854558299	300	7.409799837130869	0.0	155580	590.2001628691307	0.3
88665.3255411355	300	10.832804284623325	0.0	139857	576.9955525075447	0.3
88666.0305591894	300	14.12778623072741	0.0	155432	705.0180538959163	0.3
88667.28785116717	750	16.870494252949896	0.0	411561	1257.2919777775132	0.3
88668.46448317259	750	19.693862247526013	0.0	318564	1176.6320054238802	0.75
88670.87028101437	1200	21.28806440576067	0.0	561791	2405.79784176534	0.75
88673.776243146	1200	22.382102274120772	0.0	709534	2905.962131639902	1.2
88676.12233155033	1850	24.036013869795465	0.0	852833	2346.0884043253072	1.2000000000000002
88678.80094521948	1850	25.357400200643347	0.0	913888	2678.6136691521165	1.85
88682.94508539315	2850	25.213260026990458	0.0	1354548	4144.1401736528915	1.85
88685.21536554956	1850	26.94297987057497	0.0	917428	2270.2801564154856	0.8500000000000001
88689.07405750494	2850	27.084287915205834	0.0	1422919	3858.691955369137	1.85
88692.93618079017	2850	27.22216462997107	0.0	1578343	3862.1232852347644	2.85
88696.67574638546	2850	27.482599034681662	0.0	1231445	3739.5655952894085	2.85
88701.7438302202	2850	26.414515199928545	0.0	1471065	5068.083834753119	2.85
88706.6957805581	2850	25.46256486202561	0.0	1491626	4951.950337902938	2.85
88714.34884526687	2850	21.80950015327765	0.0	1358801	7653.064708747956	2.85
88716.35713956178	1200	23.801205858371976	0.0	639204	2008.2942949056737	-0.44999999999999996
88719.60059625929	1850	24.55774916084877	0.0	923755	3243.456697523208	1.2000000000000002
88722.83067648065	1850	25.327668939496323	0.0	891604	3230.080221352445	1.85
88728.88902096637	2850	23.269324453778776	0.0	1468126	6058.34448571755	1.85
88731.70853744903	1850	24.449807971112246	0.0	968026	2819.5164826665273	0.8500000000000001
88733.95864524381	1850	26.19970017634288	0.0	874175	2250.1077947693657	1.85
88737.18037000783	2850	26.97797541232737	0.0	1383735	3221.724764015511	1.85
88742.04185729678	2850	26.11648812337844	0.0	1480464	4861.487288948932	2.85
88747.82249321685	2850	24.335852203298113	0.0	1547572	5780.635920080328	2.85
88750.26960253563	1850	25.888742884535755	0.0	758197	2447.1093187623574	0.8500000000000001
88754.73551423286	2850	25.42283118729527	0.0	1498470	4465.911697240489	1.85
88757.41048199743	1850	26.7478634227248	0.0	975811	2674.967764570468	0.8500000000000001
88760.92435678566	2850	27.23398863449885	0.0	1341201	3513.874788225949	1.85
88764.78633602936	2850	27.37200939080119	0.0	1497683	3861.9792436976636	2.85
88769.66170494565	2850	26.49664047449112	0.0	1358081	4875.36891631007	2.85
88776.83190056299	2850	23.326444857156837	0.0	1587293	7170.195617334285	2.85
88780.20443663838	1850	23.953908781762404	0.0	1026056	3372.53607539443	0.8500000000000001
88783.16162344854	1850	24.99672197161695	0.0	943942	2957.186810145458	1.85
88785.34140493337	1850	26.81694048678464	0.0	728962	2179.7814848323064	1.85
88793.45053811373	2850	22.70780730642515	0.0	1499009	8109.133180359494	1.85
88796.15732891497	1850	24.00101650517947	0.0	908665	2706.790801245677	0.8500000000000001
88798.75581499003	1850	25.402530430117544	0.0	930577	2598.4860750619264	1.85
88803.40111830967	2850	24.75722711047231	0.0	1339500	4645.303319645236	1.85
88807.47727872734	2850	24.681066692805143	0.0	1527299	4076.1604176671676	2.85
88810.2648485831	1850	25.89349683703828	0.0	886255	2787.569855766863	0.8500000000000001
88813.25567641735	1850	26.902669002790173	0.0	973972	2990.827834248108	1.85
88819.12074249989	2850	25.037602920247657	0.0	1464921	5865.066082542514	1.85
88831.83718645194	2850	16.321158968197516	0.0	1483527	12716.44395205014	2.85
88835.73502662875	750	16.423318791392543	0.0	331053	3897.840176804971	-1.35
88837.48473450058	750	18.673610919548295	0.0	314107	1749.7078718442472	0.75

