23647.788063565145	750	4.0	3.6686768385831225	450283	3668.6768385831224	1	-15.025310405907426
23650.008790385436	300	5.779273179708543	0.0	398865	2220.726820291456	0	0.75
23650.785992124853	750	9.00207144029347	0.0	139857	777.2017394150735	1	-0.15000000000000002
23652.772071699517	750	11.015991865627559	0.0	382355	1986.0795746659117	1	0.3
23654.951348622435	750	12.836714942713266	0.0	411561	2179.276922914292	1	0.75
23657.289869765682	750	14.498193799468337	0.0	318564	2338.5211432449287	1	0.75
23659.857898987884	750	15.93016457726145	0.0	352642	2568.0292222068874	1	0.75
23662.395782740034	750	17.39228082511239	0.0	437162	2537.883752149061	1	0.75
23664.554106446896	750	19.233957118251695	0.0	374758	2158.323706860696	1	0.75
23666.136377020142	750	21.651686545003418	0.0	362795	1582.270573248279	1	0.75
23667.204482555004	1850	24.583581010145874	0.0	353220	1068.105534857544	3	0.75
23679.4859789372	750	16.30208462794853	0.0	917428	12281.496382197342	1	0.75
23681.168015096453	750	18.620048468694172	0.0	386351	1682.0361592543602	1	-0.3500000000000001
23684.094677600206	750	19.693385964943023	0.0	434409	2926.6625037511494	1	0.75
23690.351467246237	750	17.436596318909615	0.0	337059	6256.789646033407	1	0.75
23692.55007160651	750	19.2379919586394	0.0	366214	2198.6043602702102	1	0.75
23696.715613625496	750	19.072449939653357	0.0	360831	4165.542018986046	1	0.75
23703.706851597708	750	16.081211967441753	0.0	372963	6991.237972211604	1	0.75
23707.503644935277	750	16.284418629874946	0.0	405596	3796.793337566809	1	0.75
23711.88109413548	750	15.906969429671442	0.0	350713	4377.449200203502	1	0.75
23714.20325694859	750	17.584806616560307	0.0	386472	2322.1628131111343	1	0.75
23718.03737877107	750	17.750684794080232	0.0	399894	3834.121822480077	1	0.75
23719.796174245876	750	19.991889319274428	0.0	401853	1758.7954748058014	1	0.75
23721.31244543021	750	22.475618134940273	0.0	343800	1516.2711843341583	1	0.75
23722.895989083656	1850	24.89207448149229	0.0	359903	1583.543653447983	3	0.75
23727.785836866144	1850	24.002226699001685	0.0	905935	4889.847782490605	3	0.75
23735.282426506983	1850	20.505637058165263	0.0	1076599	7496.589640836423	3	1.85
23739.87016302576	1850	19.91790053938803	0.0	758197	4587.736518777234	3	1.85
23744.307534460673	1850	19.480529104473185	0.0	972798	4437.371434914841	3	1.85
23748.39842875789	1850	19.389634807255366	0.0	975811	4090.8942972178206	3	1.85
23752.068500395868	1850	19.71956316927971	0.0	873429	3670.071637975657	3	1.85
23756.355315125056	1850	19.432748440093345	0.0	954453	4286.8147291863625	3	1.85
23760.19748388304	1850	19.59057968211139	0.0	885062	3842.1687579819563	3	1.85
23765.021487719998	1850	18.766575845153447	0.0	1035329	4824.003836957944	3	1.85
23771.405169588317	1850	16.382893976833344	0.0	1026056	6383.681868320101	3	1.85
23776.7813842013	1850	15.006679363848722	0.0	943942	5376.214612984622	3	1.85
23780.866201505753	1850	14.921862059392934	0.0	728962	4084.817304455788	3	1.85
23785.26549535352	1850	14.522568211628975	0.0	938587	4399.293847763957	3	1.85
23789.38498682677	1850	14.403076738378926	0.0	908665	4119.491473250049	3	1.85
23793.601888607627	1850	14.186174957521722	0.0	930577	4216.901780857204	3	1.85
23797.64499327233	1850	14.143070292821086	0.0	858450	4043.104664700635	3	1.85
23803.940585112243	1850	11.847478452909257	0.0	1025005	6295.59183991183	3	1.85
23808.599939218206	1850	11.188124346949209	0.0	886255	4659.354105960048	3	1.85
23813.095112904215	1850	10.692950660939584	0.0	973972	4495.173686009625	3	1.85
23817.521754565965	1850	10.266308999189347	0.0	958994	4426.641661750236	3	1.85
23823.299047770433	750	8.48901579472129	0.0	982064	5777.2932044680565	1	1.85
23825.886188194094	750	9.90187537106142	0.0	331053	2587.1404236598696	1	-0.3500000000000001
23827.299416475962	750	12.488647089191367	0.0	314107	1413.228281870054	1	0.75

