60180.51577341328	750	4.0	4.866153592124345	450283	4866.153592124345	-20.17446044613468
60182.16088189978	300	6.354891513504291	0.0	155580	1645.1084864957093	-0.15000000000000002
60183.64228308051	300	8.87349033276891	0.0	139857	1481.4011807353809	0.3
60185.27974955215	300	11.23602386112958	0.0	155432	1637.4664716393297	0.3
60187.018646319164	300	13.497127094117074	0.0	163442	1738.8967670125053	0.3
60188.19634054556	300	16.319432867725904	0.0	126289	1177.6942263911676	0.3
60192.35959209565	1200	16.156181317629954	0.0	561791	4163.25155009595	0.29999999999999993
60200.1475033769	1850	12.3682700363766	0.0	1060487	7787.911281253355	1.2000000000000002
60204.47832500998	1200	12.03744840330057	0.0	584846	4330.82163307603	0.5499999999999999
60208.634526333204	1200	11.881247080074743	0.0	560821	4156.201323225828	1.2
60213.12934932618	1200	11.386424087104437	0.0	607410	4494.822992970307	1.2
60217.5272716752	1200	10.988501738085136	0.0	594078	4397.922349019301	1.2
60222.14472500606	1200	10.371048407225437	0.0	624282	4617.453330859697	1.2
60227.220726546206	1200	9.295046867077938	0.0	687371	5076.001540147498	1.2
60231.13074412271	1200	9.38502929057162	0.0	526950	3910.017576506318	1.2
60235.48358862942	1200	9.032184783870361	0.0	587876	4352.844506701259	1.2
60240.049873303404	1200	8.465900109882481	0.0	617242	4566.28467398788	1.2
60244.35632440999	1200	8.159449003296679	0.0	581493	4306.451106585802	1.2
60249.11007490971	1200	7.405698503575136	0.0	639204	4753.750499721542	1.2
60253.68194750023	1200	6.833825913056738	0.0	586839	4571.872590518399	1.2
60257.79354567637	1200	6.722227736909736	0.0	601738	4111.598176147001	1.2
60262.00207833632	1200	6.513695076963316	0.0	616206	4208.532659946421	1.2
60266.48038338984	1200	6.035390023446007	0.0	656471	4478.305053517309	1.2
60270.15601088618	1200	6.359762527096628	0.0	536667	3675.6274963493797	1.2
60274.17044678116	1200	6.345326632125958	0.0	587236	4014.43589497067	1.2
60278.20564573704	1200	6.310127676241935	0.0	590335	4035.1989558840237	1.2
60282.95131121191	1200	5.564462201379878	0.0	696376	4745.665474862057	1.2
60286.2952456277	1200	6.220527785584675	0.0	487160	3343.9344157952028	1.2
60290.548600771515	1200	5.967172641769156	0.0	622896	4253.355143815519	1.2
60294.926246184135	1200	5.589527229156082	0.0	641447	4377.645412613074	1.2
60298.827828578615	1200	5.687944834677355	0.0	570392	3901.582394478728	1.2
60303.06367682402	1200	5.4520965892699005	0.0	620283	4235.848245407454	1.2
60307.058770041716	1200	5.457003371568302	0.0	584349	3995.093217701599	1.2
60311.628582641526	1200	4.887190771760388	0.0	670129	4569.812599807914	1.2
60316.33322448878	1200	4.182548924511259	0.0	690253	4704.641847249129	1.2
60320.42464919722	1200	4.091124216066777	0.0	598727	4091.4247084444823	1.2
60323.77295196272	1200	4.742821450573121	0.0	487812	3348.3027654936554	1.2
60329.55667672968	1200	4.0	1.0409033163877894	575591	5783.7247669609105	-3.2758842604674943
60331.086540943965	300	6.470135785715953	0.0	144254	1529.8642142840472	-0.6000000000000001
60332.66948727128	300	8.887189458398188	0.0	149991	1582.9463273177637	0.3
60334.232162646214	300	11.324514083471993	0.0	147968	1562.6753749261948	0.3
60335.95717872026	300	13.599498009429094	0.0	161857	1725.0160740428992	0.3
60338.88441742016	750	14.672259309529206	0.0	372093	2927.238699899889	0.3
60342.149964309705	750	15.40671241997846	0.0	438281	3265.5468895507465	0.75
60346.810453097576	1200	14.74622363211052	0.0	630203	4660.48878786794	0.75
60354.0283644388	1850	11.528312290893894	0.0	982064	7217.911341216626	1.2000000000000002
60360.14633863242	1850	9.410338097268134	0.0	830730	6117.974193625759	1.85
60370.14416896508	2850	4.0	0.5874922353880992	1364537	9997.830332656233	-0.6762166121688264

