6120.019909920014	750	4.0	1.204538531096954	450283	1204.538531096954	1	-4.429515683716902
6120.977771055407	750	7.042138864606344	0.0	398865	957.8611353936562	1	0.75
6121.885507440016	1850	10.134402479996483	0.0	350812	907.7363846098602	3	0.75
6124.149269759205	1850	11.870640160808264	0.0	933276	2263.762319188217	3	0.75
6126.520521607776	1850	13.499388312238269	0.0	996749	2371.2518485699966	3	1.85
6128.441933661674	1850	15.577976258339259	0.0	801058	1921.4120538990098	3	1.85
6130.60346363327	1850	17.41644628674374	0.0	905515	2161.5299715955175	3	1.85
6133.121231616117	1850	18.898678303897054	0.0	1060487	2517.7679828466844	3	1.85
6138.923077473655	1850	17.09683244635911	0.0	852833	5801.845857537944	3	1.85
6152.963070915151	300	7.056839004864023	0.0	913888	14039.993441495086	0	1.85
6154.219603836288	300	9.800306083726422	0.0	141840	1256.5329211376013	0	-1.25
6155.654253578675	750	12.365656341339093	0.0	156148	1434.6497423873282	1	0.3
6161.54350718798	300	10.47640273203364	0.0	386351	5889.253609305455	0	0.3
6163.541784673997	300	12.478125246016724	0.0	179801	1998.2774860169166	0	-0.15000000000000002
6165.1159736951595	750	14.903936224853576	0.0	140051	1574.1890211631478	1	0.3
6167.96231653473	750	16.057593385282807	0.0	366214	2846.3428395707683	1	0.3
6170.799630637007	750	17.22027928300653	0.0	360831	2837.3141022762775	1	0.75
6173.560727982109	750	18.45918193790451	0.0	372963	2761.09734510202	1	0.75
6176.19691733429	750	19.822992585723036	0.0	405596	2636.1893521814754	1	0.75
6177.927726917939	750	22.09218300207425	0.0	350713	1730.809583648789	1	0.75
6180.894296938626	750	23.12561298138704	0.0	386472	2966.5700206872093	1	0.75
6183.045773534413	1850	24.974136385600723	0.0	399894	2151.476595786318	3	0.75
6188.109835080471	1850	23.91007483954115	0.0	968026	5064.061546059574	3	0.75
6191.237336373269	1850	24.782573546744118	0.0	874175	3127.5012927970324	3	1.85
6193.643892545427	1850	26.37601737458576	0.0	897976	2406.5561721583585	3	1.85
6196.071069603416	1850	27.94884031659726	0.0	905935	2427.1770579885015	3	1.85
6199.495238137687	1850	28.52467178232631	0.0	1076599	3424.168534270951	3	1.85
6201.992622313685	1850	30.02728760632764	0.0	758197	2497.384175998667	3	1.85
6205.174225843696	1850	30.845684076317433	0.0	972798	3181.6035300102103	3	1.85
6208.365435819685	1850	31.65447410032777	0.0	975811	3191.2099759896637	3	1.85
6211.230217932327	1850	32.78969198768641	0.0	873429	2864.7821126413583	3	1.85
6214.353331501669	1850	33.66657841834433	0.0	954453	3123.1135693420783	3	1.85
6217.255203486889	1850	34.76470643312448	0.0	885062	2901.871985219847	3	1.85
6220.636176639713	4300	35.38373328029939	0.0	1035329	3380.9731528250886	5	1.85
6231.870140367888	4300	28.149769552124834	0.0	2307787	11233.963728174556	5	1.8499999999999996
6254.188087194691	750	9.83182272532122	0.0	2143948	22317.946826803614	1	4.3
6256.499802307452	750	11.520107612560906	0.0	321064	2311.7151127603142	1	-2.8
6261.058925042246	750	10.960984877766492	0.0	361565	4559.122734794415	1	0.75
6266.582960530564	300	9.43694938944854	0.0	378327	5524.0354883179525	0	0.75
6268.0965096194295	750	11.923400300582824	0.0	149991	1513.5490888657143	1	-0.15000000000000002
6271.339106842765	750	12.680803077246637	0.0	345516	3242.5972233361867	1	0.3
6279.338382620418	300	8.681527299593442	0.0	384505	7999.275777653194	0	0.75
6280.7235672235165	300	11.296342696495643	0.0	145210	1385.1846030977997	0	-0.15000000000000002
6282.411257756245	750	13.608652163767733	0.0	172312	1687.69053272791	1	0.3
6285.747789934607	750	14.272119985405217	0.0	398987	3336.532178362514	1	0.3
6288.472659592217	750	15.547250327795924	0.0	393804	2724.8696576092934	1	0.75
6290.98449375195	750	17.035416168062135	0.0	331053	2511.8341597337935	1	0.75
6294.882493197324	750	17.137416722688652	0.0	314107	3897.9994453734794	1	0.75

