84686.30855530931	300	4.0	2.828270685162285	181801	2828.270685162285	-11.861563946197824
84687.1763717269	300	7.132183582417042	0.0	155580	867.816417582958	0.3
84687.9312976576	300	10.37725765171403	0.0	139857	754.9259307030115	0.3
84688.63895806845	300	13.669597240883514	0.0	155432	707.6604108305161	0.3
84690.38091021693	750	15.92764509240818	0.0	411561	1741.9521484753332	0.3
84691.74732492636	750	18.56123038298018	0.0	318564	1366.4147094279974	0.75
84693.1187346301	1200	21.189820679239556	0.0	561791	1371.4097037406243	0.75
84694.7811604644	1200	23.527394844961478	0.0	709534	1662.425834278081	1.2
84696.76317639531	1850	25.545378914047838	0.0	852833	1982.0159309136397	1.2000000000000002
84703.45440297053	2850	22.85415233884275	0.0	1429765	6691.226575205087	1.85
84709.31494827078	1850	20.99360703857522	0.0	939819	5860.545300267527	0.8500000000000001
84711.06643474865	1200	23.242120560706912	0.0	594078	1751.4864778683075	0.5499999999999999
84713.7292970657	1850	24.57925824365079	0.0	946851	2662.8623170561236	1.2000000000000002
84716.5057551006	1850	25.802800208747424	0.0	1036454	2776.458034903368	1.85
84719.0477452913	2850	27.260810018045895	0.0	1231445	2541.9901907015314	1.85
84722.82601928269	2850	27.48253602667395	0.0	1471065	3778.2739913719415	2.85
84730.40009659485	2850	23.908458714507564	0.0	1491626	7574.077312166388	2.85
84732.46187646748	1850	25.846678841882234	0.0	885714	2061.7798726253313	0.8500000000000001
84737.72025782947	2850	24.588297479887398	0.0	1537156	5258.381361994835	1.85
84741.05096580827	2850	25.257589501090905	0.0	1336050	3330.7079787964935	2.85
84743.30030395935	1850	27.00825135002854	0.0	891604	2249.338151062362	0.8500000000000001
84746.95236256649	2850	27.356192742881667	0.0	1468126	3652.0586071468742	1.85
84750.69598746537	2850	27.612567843998683	0.0	1505760	3743.624898882982	2.85
84753.99735257658	2850	28.31120273277772	0.0	1323990	3301.365111220965	2.85
84757.87937218588	2850	28.429183123470242	0.0	1383735	3882.0196093074787	2.85
84764.06913714578	4300	26.239418163585775	0.0	2105231	6189.764959884464	2.8499999999999996
84768.6677608655	2850	25.640794443867563	0.0	1547572	4598.623719718213	1.4000000000000001
84772.08210475891	2850	26.226450550445914	0.0	1141971	3414.3438934216483	2.85
84776.53735972947	2850	25.771195579894528	0.0	1498470	4455.254970551387	2.85
84781.17595863441	2850	25.132596674952843	0.0	1561263	4638.598904941686	2.85
84794.43937611724	2850	15.86917919211609	0.0	1341201	13263.417482836752	2.85
84799.89086759859	750	14.417687710762442	0.0	400322	5451.491481353647	-1.35
84804.66103688387	750	13.647518425482449	0.0	369834	4770.169285279993	0.75
84809.5767188691	750	12.731836440272764	0.0	412837	4915.681985209684	0.75
84813.87561224069	750	12.432943068674577	0.0	401088	4298.893371598187	0.75
84817.74367390834	750	12.564881401022882	0.0	365161	3868.0616676516947	0.75
84818.98065544946	300	15.327899859905514	0.0	131610	1236.9815411173672	-0.15000000000000002
84822.57188954629	750	15.736665763067153	0.0	361565	3591.234096838361	0.3
84825.2630292256	750	17.045526083750094	0.0	378327	2691.1396793170593	0.75
84828.03942691839	750	18.26912839097218	0.0	390680	2776.397692777911	0.75
84830.50411143056	750	19.804443878793794	0.0	345516	2464.684512178388	0.75
84835.06993552444	1200	19.238619784909684	0.0	641452	4565.824093884112	0.75
84839.39195446682	1200	18.916600842542366	0.0	599477	4322.018942367316	1.2
84845.58690938885	1200	16.721645920515098	0.0	634861	6194.954922027266	1.2
84848.96340097343	750	17.3451543359342	0.0	398987	3376.491584580898	0.3
84852.33085601719	750	17.97769929217382	0.0	393804	3367.4550437603807	0.75
84856.0118696599	750	18.296685649467577	0.0	331053	3681.013642706243	0.75
84858.74870451697	750	19.559850792410543	0.0	314107	2736.8348570570333	0.75

