17768.15476457319	300	4.0	1.2893532105206218	181801	1289.3532105206218	-5.244218805238674
17769.081443939842	300	7.073320633346968	0.0	155580	926.679366653032	0.3
17769.783256669984	300	10.371507903207744	0.0	139857	701.812730139224	0.3
17770.55431679762	300	13.60044777557023	0.0	155432	771.0601276375145	0.3
17773.687702546977	750	14.467062026214643	0.0	411561	3133.3857493555856	0.3
17776.16886540891	750	15.985899164283286	0.0	318564	2481.162861931358	0.75
17778.595544052438	750	17.55922052075366	0.0	352642	2426.678643529628	0.75
17781.01079194166	750	19.14397263153471	0.0	437162	2415.2478892189506	0.75
17784.568794814102	1200	19.585969759089437	0.0	584846	3558.00287244527	0.75
17788.880137032986	1200	19.27462754020488	0.0	560821	4311.342218884559	1.2
17792.222415363132	750	19.932349210057033	0.0	353220	3342.2783301478453	0.3
17795.251478764985	1200	20.903285808204867	0.0	594078	3029.063401852168	0.75
17799.67287266494	1200	20.481891908247913	0.0	624282	4421.393899956952	1.2
17802.994405177495	1200	21.160359395693195	0.0	687371	3321.53251255472	1.2
17805.511041236678	1200	22.643723336512135	0.0	526950	2516.636059181061	1.2
17811.04919858053	1850	21.10556599265753	0.0	923170	5538.157343854604	1.2000000000000002
17814.96846930766	1200	21.186295265527647	0.0	617242	3919.2707271298873	0.5499999999999999
17818.057444116897	1200	22.09732045629253	0.0	581493	3088.974809235119	1.2
17824.493771966638	1850	19.660992606553823	0.0	987708	6436.3278497387055	1.2000000000000002
17828.742979095015	1200	19.411785478174508	0.0	586839	4249.207128379315	0.5499999999999999
17832.6062200274	1200	19.548544545793497	0.0	601738	3863.240932381011	1.2
17836.028140114606	1200	20.12662445858637	0.0	616206	3421.920087207128	1.2
17840.4321337175	1200	19.722630855693613	0.0	656471	4403.993602892758	1.2
17844.34653844484	1200	19.808226128355223	0.0	536667	3914.404727338389	1.2
17848.19272867201	1200	19.962035901184894	0.0	587236	3846.1902271703307	1.2
17851.24059731855	1200	20.91416725464468	0.0	590335	3047.8686465402106	1.2
17854.94319612716	1200	21.21156844603677	0.0	696376	3702.5988086079115	1.2
17858.34908511742	1200	21.8056794557733	0.0	487160	3405.8889902634687	1.2
17863.376643022715	1200	20.77812155048055	0.0	622896	5027.557905292754	1.2
17866.718456013612	1200	21.436308559583168	0.0	641447	3341.8129908973774	1.2
17869.677941524664	1200	22.47682304853531	0.0	570392	2959.485511047861	1.2
17874.675533424863	1850	21.47923114833617	0.0	954453	4997.59190019914	1.2000000000000002
17877.59565503196	1200	22.559109541236314	0.0	584349	2920.121607099855	0.5499999999999999
17883.005488570343	1850	21.14927600285367	0.0	1035329	5409.83353838264	1.2000000000000002
17886.715271796675	1200	21.4394927765237	0.0	690253	3709.7832263299706	0.5499999999999999
17890.806612212193	1200	21.34815236100373	0.0	598727	4091.340415519972	1.2
17895.987815425324	1850	20.166949147870845	0.0	728962	5181.203213132884	1.2000000000000002
17899.62166029623	1200	20.533104276965013	0.0	575591	3633.8448709058334	0.5499999999999999
17903.68821250976	1200	20.46655206343321	0.0	605884	4066.552213531804	1.2
17908.68029141729	1200	19.47447315590801	0.0	587506	4992.078907525198	1.2
17911.553745559148	1200	20.601019014050816	0.0	566904	2873.454141857192	1.2
17915.998693152735	1200	20.156071420466976	0.0	641452	4444.947593583842	1.2
17918.904323096962	1200	21.250441476239576	0.0	599477	2905.6299442273976	1.2
17922.109287814186	1200	22.04547675901717	0.0	634861	3204.9647172224086	1.2
17927.875975334773	1850	20.27878923842863	0.0	958994	5766.68752058854	1.2000000000000002
17931.573861228757	1200	20.580903344446988	0.0	638661	3697.885893981643	0.5499999999999999
17935.05695789965	1200	21.097806673549478	0.0	538612	3483.096670897506	1.2
17938.934066605852	1200	21.22069796735023	0.0	550906	3877.108706199252	1.2

