7011.522166755912	300	4.0	2.1271049833788593	181801	2127.1049833788593	-8.846551428529095
7013.0339481304845	300	6.488218625427227	0.0	155580	1511.7813745727728	0.3
7014.504279380891	300	9.017887375021681	0.0	139857	1470.3312504055477	0.3
7015.7545134879	300	11.767653268012912	0.0	155432	1250.2341070087682	0.3
7017.264926781723	300	14.257239974188895	0.0	163442	1510.4132938240175	0.3
7018.2786438233215	300	17.24352293259035	0.0	126289	1013.7170415985466	0.3
7019.459551190354	300	20.062615565557145	0.0	153295	1180.9073670332034	0.3
7021.822994397082	300	21.6991723588307	0.0	173849	2363.4432067264456	0.3
7022.75260129851	300	24.769565457402415	0.0	150710	929.6069014282857	0.3
7023.616786608199	300	27.905380147713732	0.0	139105	864.1853096886848	0.3
7024.602868047635	300	30.919298708277672	0.0	141840	986.0814394360598	0.3
7025.7174602876385	300	33.804706468274375	0.0	156148	1114.5922400032964	0.3
7026.828026763364	300	36.694139992548216	0.0	160746	1110.5664757261566	0.3
7028.048512694569	300	39.473654061343936	0.0	179801	1220.4859312042797	0.3
7028.944587719796	300	42.57757903611584	0.0	140051	896.0750252280892	0.3
7029.82283068265	300	45.69933607326222	0.0	138313	878.2429628536293	0.3
7030.8266026681085	300	48.69556408780409	0.0	143509	1003.771985458133	0.3
7032.0059030197	300	51.51626373621223	0.0	150616	1179.300351591857	0.3
7033.272005392983	300	54.25016136292876	0.0	165384	1266.1023732834756	0.3
7035.672501082208	750	55.84966567370395	0.0	350713	2400.4956892248056	0.3
7037.901061921908	750	57.62110483400441	0.0	386472	2228.560839699539	0.75
7040.278559534178	750	59.243607221733534	0.0	399894	2377.4976122708863	0.75
7044.433792505792	300	59.08837425011994	0.0	163927	4155.232971613595	-0.15000000000000002
7046.617501692852	300	59.985885089969116	0.0	137654	1602.489160150819	0.3
7048.111663473459	300	59.999914167370534	0.0	146754	985.9709225985857	0.3
7050.0778171810725	300	59.94293275496832	0.0	153938	1556.9814124022141	0.3
7051.947749698403	300	59.9630525695083	0.0	181901	1479.8801854600174	0.3
7053.07239669261	300	59.80325530034013	0.0	111155	659.7972691681633	0.3
7054.6746153271315	300	59.69207078834818	0.0	153605	1111.1845119919549	0.3
7058.8002340047	300	59.56645211078052	0.0	149029	3625.6186775676633	0.3
7060.050504040336	300	59.91964349301131	0.0	157421	1146.8086177692105	0.3
7063.976600576357	300	59.993546956990905	0.0	157488	2926.0965360204086	0.3
7065.34624951658	300	59.743501463823435	0.0	143881	1250.045493167467	0.3
7066.521242626799	300	59.67580663224193	0.0	163444	1067.6948315815005	0.3
7067.844358533169	300	59.52539788037541	0.0	179328	1150.4087518665249	0.3
7071.390270945599	300	59.8087951226623	0.0	159914	1716.6027577131042	0.3
7074.086434021334	300	59.83086849990294	0.0	131610	977.9266227593621	0.3
7076.671379199551	300	59.60451411628261	0.0	124011	726.354383620331	0.3
7079.068056340842	300	59.78797100968462	0.0	144254	816.5431065979942	0.3
7081.470013163115	300	59.844559549145735	0.0	149991	943.4114605388831	0.3
7084.449415815306	300	59.81413100416678	0.0	147968	1530.4285449789525	0.3
7086.803680100887	300	59.80398587198285	0.0	161857	1010.1451321839262	0.3
7089.196170512744	300	59.74230018075211	0.0	145210	1061.6856912307503	0.3
7091.4482124730275	300	59.73668156592411	0.0	172312	1005.6186148279949	0.3
7093.256087985785	300	59.92145556027269	0.0	167025	815.2260056514241	0.3
7096.25042251041	750	59.875612937012455	0.0	393804	2045.8426232602349	0.3
7098.653514984303	750	59.88981275174915	0.0	331053	1485.800185263313	0.75
7101.199858436051	750	59.75328710569039	0.0	314107	1636.5256460587543	0.75

