39720.77246369547	300	4.0	1.6850766228398035	181801	1685.0766228398036	-6.945829478211155
39721.443464417534	300	7.328999277945441	0.0	155580	671.0007220545583	0.3
39721.760483134	300	11.011980561479486	0.0	139857	317.01871646595583	0.3
39722.10389714358	300	14.668566551900156	0.0	155432	343.41400957933064	0.3
39725.239312500904	750	15.53315119457964	0.0	411561	3135.415357320517	0.3
39726.78874638056	750	17.983717314919335	0.0	318564	1549.4338796603017	0.75
39728.468627799964	750	20.3038358955169	0.0	352642	1679.881419402435	0.75
39732.84888844982	1200	19.923575245654025	0.0	709534	4380.260649862877	0.75
39734.82101145835	1200	21.95145223712905	0.0	584846	1972.123008524974	1.2
39736.05572552284	1200	24.716738172645663	0.0	560821	1234.714064483388	1.2
39739.68064086356	2850	25.0918228319216	0.0	1354548	3624.9153407240615	1.2000000000000002
39744.023260507165	1850	24.749203188315747	0.0	917428	4342.6196436058535	0.8500000000000001
39751.538887215705	2850	21.233576479776886	0.0	1422919	7515.626708538859	1.85
39754.26915835688	1200	22.503305338599876	0.0	687371	2730.271141177011	-0.44999999999999996
39756.73309324975	1850	24.039370445728935	0.0	821631	2463.9348928709396	1.2000000000000002
39760.09391196069	1850	24.678551734792066	0.0	923170	3360.8187109368705	1.85
39765.90162364731	1850	22.87084004817435	0.0	966699	5807.711686617712	1.85
39769.1352289528	1850	23.637234742678153	0.0	885714	3233.605305496198	1.85
39773.3107790068	1850	23.461684688682112	0.0	987708	4175.550053996041	1.85
39777.70124833921	1850	23.07121535627208	0.0	923755	4390.469332410029	1.85
39780.562599641366	1850	24.209864054114703	0.0	891604	2861.35130215738	1.85
39783.404563521806	1850	25.36790017367006	0.0	955231	2841.963880444642	1.85
39788.77916414912	2850	23.993299546358312	0.0	1505760	5374.600627311748	1.85
39792.61361112758	1850	24.158852567899025	0.0	874175	3834.446978459283	0.8500000000000001
39794.991619263565	1850	25.780844431908363	0.0	897976	2378.0081359906612	1.85
39797.95496149358	1850	26.81750220189537	0.0	905935	2963.342230012995	1.85
39804.63376100389	2850	24.138702691589167	0.0	1547572	6678.799510306202	1.85
39807.008433871735	1850	25.764029823739765	0.0	758197	2374.672867849402	0.8500000000000001
39813.21714630624	2850	23.555317389236233	0.0	1498470	6208.712434503532	1.85
39817.013138053684	1850	23.759325641787214	0.0	975811	3795.991747449016	0.8500000000000001
39821.51016804118	1850	23.262295654290977	0.0	873429	4497.029987496237	1.85
39824.33800349728	1850	24.43446019819858	0.0	954453	2827.835456092399	1.85
39827.31362743442	1850	25.458836261055602	0.0	885062	2975.623937142978	1.85
39833.9826050066	2850	22.789858688882322	0.0	1587293	6668.97757217328	1.85
39837.80651762863	1850	22.96594606685055	0.0	1026056	3823.9126220317744	0.8500000000000001
39841.877970096204	1850	22.894493599282296	0.0	943942	4071.452467568254	1.85
39845.31273636598	1850	23.459727329498094	0.0	728962	3434.7662697841997	1.85
39848.55070590394	1850	24.2217577915359	0.0	938587	3237.9695379621935	1.85
39851.232477109945	1850	25.539986585533097	0.0	908665	2681.771206002801	1.85
39856.016010786996	2850	24.756452908481727	0.0	1402287	4783.533677051373	1.85
39858.91387806888	1850	25.858585626595886	0.0	858450	2897.8672818858377	0.8500000000000001
39866.52525339093	2850	22.247210304544875	0.0	1527299	7611.375322051013	1.85
39870.98014891368	1850	21.792314781791866	0.0	886255	4454.895522753009	0.8500000000000001
39874.5864434129	1200	22.18602028257194	0.0	634861	3606.2944992199264	0.5499999999999999
39876.731701272554	1850	24.040762422917698	0.0	958994	2145.257859654241	1.2000000000000002
39879.13306515581	1850	25.639398539662828	0.0	982064	2401.36388325487	1.85
39884.64518452888	2850	24.12727916659775	0.0	1231456	5512.119373065077	1.85
39890.571865805694	1850	22.200597889781985	0.0	846370	5926.681276815765	0.8500000000000001

