35521.73758808351	300	4.0	2.458269235998058	450283	2458.269235998058	0	-9.820557714791649
35522.3378376712	750	7.39975041231629	0.0	155580	600.2495876837099	1	-0.15000000000000002
35523.46600561804	750	10.271582465481643	0.0	350812	1128.167946834647	1	0.3
35524.51193142654	1850	13.225656656979739	0.0	382355	1045.9258085019023	3	0.75
35529.31806877095	1850	12.419519312575755	0.0	996749	4806.1373444039855	3	0.75
35534.06489165908	1850	11.672696424440906	0.0	801058	4746.822888134848	3	1.85
35537.75671720522	1850	11.980870878300129	0.0	905515	3691.8255461407766	3	1.85
35542.261638565775	1850	11.47594951774935	0.0	1060487	4504.921360550779	3	1.85
35547.44961509112	1850	10.287972992396194	0.0	852833	5187.976525353156	3	1.85
35550.23474745539	1850	11.502840628129794	0.0	913888	2785.1323642663983	3	1.85
35553.19350696812	1850	12.544081115401998	0.0	939819	2958.7595127277973	3	1.85
35555.87169979457	1850	13.865888288952366	0.0	917428	2678.1928264496305	3	1.85
35559.4878936683	1850	14.249694415217258	0.0	946851	3616.1938737351084	3	1.85
35564.37615544014	1850	13.361432643377224	0.0	1036454	4888.261771840034	3	1.85
35568.587498648005	1850	13.150089435518202	0.0	821631	4211.34320785902	3	1.85
35572.15493383462	1850	13.58265424890102	0.0	923170	3567.435186617182	3	1.85
35582.25927628009	750	7.478311803430778	0.0	966699	10104.342445470244	1	1.85
35584.22140768193	750	9.516180401596168	0.0	372963	1962.1314018346102	1	-0.3500000000000001
35586.90640493741	750	10.83118314611809	0.0	405596	2684.997255478078	1	0.75
35589.02546929947	750	12.712118784050505	0.0	350713	2119.064362067585	1	0.75
35591.427153723176	750	14.31043436034763	0.0	386472	2401.684423702874	1	0.75
35594.73313784785	750	15.004450235671023	0.0	399894	3305.9841246766077	1	0.75
35603.18762265617	750	10.54996542734317	0.0	401853	8454.48480832785	1	0.75
35606.21136407869	750	11.526224004822579	0.0	343800	3023.741422520591	1	0.75
35608.869647780746	750	12.867940302767588	0.0	359903	2658.283702054993	1	0.75
35614.387101985485	750	11.350486098030723	0.0	379700	5517.454204736863	1	0.75
35617.93561406074	750	11.801974022772239	0.0	425781	3548.5120752584853	1	0.75
35622.20260125665	750	11.534986826869819	0.0	277716	4266.987195902421	1	0.75
35627.346196615086	300	10.391391468430019	0.0	400396	5143.595358439802	0	0.75
35629.0906876121	300	12.646900471416437	0.0	149029	1744.4909970135814	0	-0.15000000000000002
35630.72173640893	750	15.015851674590827	0.0	157421	1631.0487968256093	1	0.3
35633.395358474176	750	16.34222960934161	0.0	400322	2673.622065249215	1	0.3
35643.56245979294	300	10.17512829056936	0.0	369834	10167.101318772253	0	0.75
35645.501638389884	300	12.235949693628692	0.0	163444	1939.1785969406671	0	-0.15000000000000002
35646.92971765573	750	14.807870427781168	0.0	179328	1428.0792658475245	1	0.3
35650.68660775577	750	15.050980327744652	0.0	365161	3756.8901000365163	1	0.3
35653.074723580256	750	16.662864503259296	0.0	321064	2388.115824485354	1	0.75
35655.787757097525	750	17.94983098598607	0.0	361565	2713.0335172732325	1	0.75
35662.96492480352	750	14.772663279997309	0.0	378327	7177.167705988758	1	0.75
35666.17230760414	750	15.565280479371744	0.0	390680	3207.382800625565	1	0.75
35670.013758399364	750	15.723829684149335	0.0	345516	3841.450795222408	1	0.75
35682.70835130936	300	7.029236774160825	0.0	384505	12694.59290998851	0	0.75
35684.98835969307	300	8.74922839045744	0.0	145210	2280.0083837033862	0	-0.15000000000000002
35686.06877778704	300	11.668810296488408	0.0	172312	1080.4180939690327	0	0.3
35691.063432061856	300	10.674156021665782	0.0	167025	4994.654274822626	0	0.3
35692.9056495842	300	12.83193849932324	0.0	160064	1842.217522342542	0	0.3
35693.61754722154	300	16.120040861988862	0.0	137507	711.8976373343802	0	0.3
35694.241737336306	750	19.495850747225436	0.0	118421	624.1901147634276	1	0.3

