22513.09788625812	300	4.0	1.3736576096946942	181801	1373.6576096946942	-5.606727721687185
22514.281411920496	300	6.816474337627624	0.0	155580	1183.5256623723767	0.3
22515.393898186605	300	9.70398807151668	0.0	139857	1112.486266110943	0.3
22517.166486469647	300	11.931399788477494	0.0	155432	1772.5882830391852	0.3
22518.501423834725	300	14.596462423397991	0.0	163442	1334.9373650795042	0.3
22519.473787017192	300	17.624099240931102	0.0	126289	972.3631824668925	0.3
22520.647397023706	300	20.45048923442003	0.0	153295	1173.61000651107	0.3
22522.02427485264	300	23.07361140548227	0.0	173849	1376.8778289377583	0.3
22523.293740121568	300	25.804146136555023	0.0	150710	1269.465268927247	0.3
22525.070838345633	300	28.02704791249096	0.0	139105	1777.0982240640637	0.3
22526.90155436142	300	30.19633189670475	0.0	141840	1830.716015786211	0.3
22528.057706171756	300	33.040180086369716	0.0	156148	1156.151810335032	0.3
22529.252130589095	300	35.84575566903138	0.0	160746	1194.4244173383336	0.3
22530.590746019643	300	38.50714023848122	0.0	179801	1338.6154305501652	0.3
22531.74652433427	300	41.35136192385297	0.0	140051	1155.7783146282482	0.3
22532.883513240813	300	44.214373017308596	0.0	138313	1136.9889065443756	0.3
22534.04094579934	300	47.05694045878494	0.0	143509	1157.4325585236534	0.3
22535.22394934193	300	49.873936916193266	0.0	150616	1183.0035425916788	0.3
22536.46936850687	300	52.628517751253014	0.0	165384	1245.4191649402505	0.3
22537.539110151087	300	55.55877610703974	0.0	140881	1069.7416442132758	0.3
22538.72442838351	300	58.37345787461409	0.0	157671	1185.3182324256495	0.3
22540.176129029227	300	59.700207424047605	0.0	157812	1173.2504505664858	0.3
22541.997514271454	300	59.63823993675645	0.0	163927	1561.9674872911594	0.3
22543.2318663794	300	59.60227266110372	0.0	137654	1035.9672756527325	0.3
22544.558987183176	300	59.50590469156069	0.0	146754	1096.367969543035	0.3
22547.48790203238	300	59.86282361637529	0.0	153938	1143.0810751853987	0.3
22550.461915555086	300	59.98273380973183	0.0	181901	1380.0898066434502	0.3
22554.06206317821	750	59.94062190290108	0.0	277716	2042.1119068307628	0.3
22558.11649824844	750	59.88618683267281	0.0	400396	3054.43507022826	0.75
22562.057383112402	750	59.945301968711185	0.0	400508	2940.884863961626	0.75
22565.603314177755	750	59.63901420407472	0.0	358218	2806.2877646364714	0.75
22571.849996239664	750	57.39233214216648	0.0	400322	6246.682061908237	0.75
22574.566140301857	750	58.676188079970345	0.0	369834	2716.1440621961406	0.75
22577.722938413157	750	59.519389968669564	0.0	412837	3156.7981113007736	0.75
22581.571626219284	750	59.67070216254317	0.0	401088	2848.687806126395	0.75
22585.475609020265	750	59.56068851612872	0.0	365161	2610.0136464144557	0.75
22589.061638798154	750	59.62465820446431	0.0	321064	2436.030311664414	0.75
22592.773536454002	750	59.91276054861515	0.0	361565	3211.8976558491613	0.75
22596.497079285287	750	59.64693769881371	0.0	378327	2765.822849801433	0.75
22600.069135053986	750	59.80026976895461	0.0	390680	2846.667929859108	0.75
22602.77689405687	750	59.777584166880295	0.0	345516	2522.6856020743103	0.75
22606.144603120512	750	59.892266386966	0.0	384505	2885.3177799142964	0.75
22611.15741267665	750	58.87945683082834	0.0	372093	5012.809556137661	0.75
22615.02561385232	750	59.011255655159715	0.0	438281	3868.2011756686284	0.75
22619.754649499093	750	58.28222000838439	0.0	398987	4729.035646775323	0.75
22624.131958344788	750	57.90491116268826	0.0	393804	4377.308845696133	0.75
22626.728201541555	750	59.308667965923064	0.0	331053	2596.243196765193	0.75
22629.62307009981	750	59.58622846118211	0.0	314107	2722.439504740959	0.75

