4771.303632656251	300	4.0	0.7532709864688749	181801	753.2709864688749	-2.939065241816162
4771.883246871353	300	7.420385784898056	0.0	155580	579.614215101944	0.3
4772.414441054605	300	10.889191601644976	0.0	139857	531.1941832530806	0.3
4772.998663381686	300	14.304969274563053	0.0	155432	584.2223270819227	0.3
4774.328581501189	300	16.975051155060996	0.0	163442	1329.9181195020597	0.3
4774.828492659633	300	20.475139996616637	0.0	126289	499.91115844435967	0.3
4775.335431292086	300	23.9682013641636	0.0	153295	506.93863245303584	0.3
4775.838060923486	300	27.465571732763603	0.0	173849	502.62963139999425	0.3
4776.28443928487	300	31.01919337137934	0.0	150710	446.37836138426525	0.3
4776.702605710193	300	34.601026946056805	0.0	139105	418.16642532252814	0.3
4777.1274209631865	300	38.17621169306269	0.0	141840	424.81525299412243	0.3
4777.5832836035415	300	41.72034905270815	0.0	156148	455.8626403545341	0.3
4778.031482714771	300	45.272149941478744	0.0	160746	448.199111229406	0.3
4778.523328536117	300	48.780304120132286	0.0	179801	491.84582134646234	0.3
4778.924124411143	300	52.37950824510716	0.0	140051	400.79587502513004	0.3
4779.320939284741	300	55.9826933715086	0.0	138313	396.81487359855197	0.3
4780.226314589071	750	59.07731806717889	0.0	360831	905.3753043297169	0.3
4782.814639534094	750	59.64513225076272	0.0	372963	932.1858164161666	0.75
4785.907274097273	750	59.89288433702595	0.0	405596	1752.2479137367725	0.75
4788.466708997693	750	59.741360356487526	0.0	350713	1151.52398053843	0.75
4791.380554604549	750	59.69489302825022	0.0	386472	1546.4673282373055	0.75
4794.171574417692	1200	59.93207210458833	0.0	616206	1762.8209236618902	0.75
4797.232268623776	1200	59.63132452448629	0.0	656471	1800.7475801020316	1.2
4800.602516628869	1850	59.78617383493102	0.0	874175	2345.150689555273	1.2000000000000002
4804.840685089154	1850	59.54800537464533	0.0	897976	4238.1684602856885	1.85
4808.157547087539	1850	59.69070729961488	0.0	905935	2357.2980750304523	1.85
4813.857495164398	1850	57.990759222755955	0.0	1076599	5699.948076858923	1.85
4816.158994876879	1850	59.68925951027583	0.0	758197	2301.4997124801266	1.85
4819.396886370339	1850	59.68031953694208	0.0	972798	2508.9399733337527	1.85
4823.242369044131	1850	59.83483686315105	0.0	975811	3345.482673791034	1.85
4827.111351758188	1850	59.6135627642315	0.0	873429	3221.2740989195463	1.85
4831.979128937417	1850	58.74578558500222	0.0	954453	4867.777179229284	1.85
4836.687986658079	1850	58.03692786433893	0.0	885062	4708.857720663293	1.85
4842.293644479626	1850	56.43127004279289	0.0	1035329	5605.65782154604	1.85
4849.985168678028	1850	52.739745844391464	0.0	1026056	7691.524198401421	1.85
4852.778672191711	1850	53.946242330708095	0.0	943942	2793.5035136833653	1.85
4854.518688734181	1850	56.20622578823931	0.0	728962	1740.0165424687843	1.85
4857.7405507637	1850	56.98436375871935	0.0	938587	3221.862029519965	1.85
4860.988240643124	1850	57.736673879295154	0.0	908665	3247.6898794241897	1.85
4866.072857807525	1850	56.65205671489367	0.0	930577	5084.617164401482	1.85
4869.40415605556	1850	57.320758466860006	0.0	858450	3331.2982480336645	1.85
4873.522471999099	1850	57.202442523320315	0.0	1025005	4118.315943539686	1.85
4877.659557078379	1850	57.065357444040785	0.0	886255	4137.08507927953	1.85
4882.60353305949	1850	56.121381462930465	0.0	973972	4943.975981110322	1.85
4886.372488683253	1850	56.352425839166884	0.0	958994	3768.955623763579	1.85
4890.7402718369	1850	55.98464268551988	0.0	982064	4367.783153647007	1.85
4894.576264977429	1850	56.14864954499138	0.0	830730	3835.9931405285033	1.85
4898.797635420884	1850	55.927279101535994	0.0	846370	4221.3704434553865	1.85

