6313.700397423547	750	4.0	8.039413941056264	450283	8039.413941056264	-33.81947994654193
6316.530502626163	300	5.169894797384015	0.0	155580	2830.105202615985	-0.15000000000000002
6319.082680690967	300	6.6177167325796455	0.0	139857	2552.1780648043696	0.3
6321.910169776023	300	7.790227647523676	0.0	155432	2827.4890850559696	0.3
6324.87924738578	300	8.821150037766884	0.0	163442	2969.0776097567928	0.3
6327.191591105623	300	10.508806317923908	0.0	126289	2312.3437198429756	0.3
6329.981305574289	300	11.719091849258156	0.0	153295	2789.7144686657502	0.3
6333.134342207337	300	12.566055216210295	0.0	173849	3153.0366330478623	0.3
6335.878363001052	300	13.82203442249481	0.0	150710	2744.0207937154846	0.3
6338.417248360417	300	15.283149063130518	0.0	139105	2538.885359364292	0.3
6344.740931093853	750	12.959466329694223	0.0	353220	6323.682733436292	0.3
6351.982270090874	750	9.718127332672598	0.0	405134	7241.338997021625	0.75
6354.903691937511	300	10.796705486036082	0.0	160746	2921.421846636516	-0.15000000000000002
6358.16193892	300	11.53845850354761	0.0	179801	3258.2469824884733	0.3
6360.717546219984	300	12.98285120356322	0.0	140051	2555.6072999843896	0.3
6363.242431815108	300	14.457965608439007	0.0	138313	2524.8855951242112	0.3
6365.859164348352	300	15.841233075194264	0.0	143509	2616.7325332447444	0.3
6372.531833629001	750	13.168563794545944	0.0	372963	6672.669280648321	0.3
6379.781339155163	750	9.919058268384271	0.0	405596	7249.505526161673	0.75
6382.351617925247	300	11.348779498299796	0.0	140881	2570.278770084475	-0.15000000000000002
6385.218684626633	300	12.481712796913596	0.0	157671	2867.0667013862	0.3
6388.08824371029	300	13.612153713257381	0.0	157812	2869.5590836562146	0.3
6391.065894407997	300	14.634503015550537	0.0	163927	2977.650697706843	0.3
6393.579131209392	300	16.121266214156392	0.0	137654	2513.2368013941436	0.3
6400.020945791838	750	13.679451631709417	0.0	359903	6441.8145824469775	0.3
6406.812701450877	750	10.887695972670404	0.0	379700	6791.755659039013	0.75
6414.419006523991	750	7.281390899556658	0.0	425781	7606.305073113746	0.75
6416.463834546853	300	9.236562876695238	0.0	111155	2044.8280228614205	-0.15000000000000002
6419.259028721219	300	10.441368702329456	0.0	153605	2795.1941743657817	0.3
6421.973335368864	300	11.727062054684142	0.0	149029	2714.3066476453123	0.3
6424.83598295275	300	12.864414470797968	0.0	157421	2862.647583886174	0.3
6427.699814860126	300	14.000582563421787	0.0	157488	2863.8319073761813	0.3
6430.323123040211	300	15.377274383337005	0.0	143881	2623.308180084783	0.3
6433.292236002907	300	16.408161420640212	0.0	163444	2969.112962696793	0.3
6440.462056002309	750	13.238341421239001	0.0	401088	7169.819999401209	0.3
6446.996813464016	750	10.703583959531484	0.0	365161	6534.757461707518	0.75
6453.863428879915	750	7.836968543632361	0.0	321064	6866.615415899122	0.75
6457.005578078526	300	8.694819345020823	0.0	124011	3142.1491986115375	-0.15000000000000002
6460.368227085752	300	9.332170337795498	0.0	144254	3362.6490072253255	0.3
6462.611797946324	300	11.088599477222079	0.0	149991	2243.57086057342	0.3
6464.809436944425	300	12.890960479121299	0.0	147968	2197.638998100779	0.3
6467.20584789352	300	14.494549530026914	0.0	161857	2396.410949094384	0.3
6469.3640158684475	300	16.336381555098455	0.0	145210	2158.1679749284585	0.3
6475.716459489546	750	13.983937934000599	0.0	438281	6352.443621097856	0.3
6481.506548366433	750	12.193849057113464	0.0	398987	5790.088876887135	0.75
6487.222460915146	750	10.477936508399692	0.0	393804	5715.912548713771	0.75
6492.040314662161	750	9.660082761385087	0.0	331053	4817.853747014606	0.75
6493.815092774957	300	11.885304648589806	0.0	118421	1774.7781127952826	-0.15000000000000002

