71753.0662603513	750	4.0	2.62981700306393	450283	2629.81700306393	-10.558213113174899
71755.33347731389	750	5.732783037409031	0.0	398865	2267.216962590969	0.75
71757.33719074345	750	7.729069607851504	0.0	350812	2003.7134295575272	0.75
71760.80430758918	1200	8.261952762126377	0.0	617681	3467.116845725126	0.75
71764.83515538693	1200	8.231104964369317	0.0	652874	4030.84779775706	1.2
71769.42291816622	1200	7.643342185067233	0.0	520315	4587.762779302084	1.2
71771.82044541402	750	9.245814937259402	0.0	352642	2397.5272478078305	0.3
71774.77342947919	750	10.292830872099362	0.0	437162	2952.98406516004	0.75
71777.31630082274	750	11.749959528544238	0.0	374758	2542.8713435551263	0.75
71779.78055255074	750	13.285707800535544	0.0	362795	2464.251728008694	0.75
71783.8308184617	1200	13.235441889578416	0.0	607410	4050.265910957127	0.75
71790.4600040021	1200	10.606256349169053	0.0	594078	6629.185540409364	1.2
71795.07774696131	750	9.988513389974655	0.0	386351	4617.742959194397	0.3
71799.59238687853	750	9.473873472743337	0.0	434409	4514.639917231318	0.75
71802.3307686304	750	10.73549172087285	0.0	337059	2738.3817518704845	0.75
71804.76933265344	750	12.296927697839411	0.0	366214	2438.56402303344	0.75
71807.17322801241	750	13.893032338854832	0.0	360831	2403.8953589845814	0.75
71809.65525828357	750	15.411002067694742	0.0	372963	2482.03027116009	0.75
71812.34745807246	750	16.718802278810998	0.0	405596	2692.1997888837436	0.75
71818.26564360275	1200	14.800616748526375	0.0	586839	5918.185530284625	0.75
71822.05347085724	750	15.012789494033417	0.0	386472	3787.827254492957	0.3
71824.34193385279	750	16.724326498476128	0.0	399894	2288.462995557293	0.75
71826.64121566285	750	18.425044688412246	0.0	401853	2299.2818100638797	0.75
71828.61989275696	750	20.446367594300813	0.0	343800	1978.677094111433	0.75
71830.68750061677	750	22.37875973449282	0.0	359903	2067.6078598079903	0.75
71835.77063625742	1850	21.29562409384756	0.0	905935	5083.135640645261	0.75
71840.85797264072	1850	20.208287710553595	0.0	1076599	5087.336383293963	1.85
71844.43432605696	1850	20.631934294321034	0.0	758197	3576.3534162325604	1.85
71849.00029159177	1850	20.065968759500663	0.0	972798	4565.965534820373	1.85
71853.58015128977	1850	19.48610906149696	0.0	975811	4579.8596980037	1.85
71857.68788612385	1850	19.378374227427994	0.0	873429	4107.734834068968	1.85
71862.16925543443	1850	18.897004916835343	0.0	954453	4481.369310592651	1.85
71868.51191691142	2850	16.554343439843834	0.0	1358081	6342.66147699151	1.85
71879.79751350795	2850	9.268746843322313	0.0	1587293	11285.59659652152	2.85
71883.54732166162	1200	9.518938689651458	0.0	690253	3749.8081536708546	-0.44999999999999996
71886.88138742428	1200	10.184872926993041	0.0	598727	3334.065762658419	1.2
71889.6186376547	1200	11.44762269657603	0.0	487812	2737.250230417012	1.2
71892.74152494312	1200	12.324735408144356	0.0	575591	3122.8872884316734	1.2
71896.0051355246	1200	13.061124826665312	0.0	605884	3263.610581479045	1.2
71899.1284443782	1200	13.9378159730483	0.0	587506	3123.308853617011	1.2
71901.8170091384	1200	15.249251212864666	0.0	566904	2688.564760183636	1.2
71903.97808210428	1200	17.08817824696722	0.0	641452	2161.0729658974437	1.2
71908.3713690282	2850	16.69489132305111	0.0	1343002	4393.286923916111	1.2000000000000002
71913.20182885783	2850	15.864431493423195	0.0	1587250	4830.4598296279155	2.85
71917.53457776525	2850	15.531682585989895	0.0	1464921	4332.748907433301	2.85
71926.11066983413	4300	10.955590517101719	0.0	2246506	8576.092068888176	2.8499999999999996
71932.02671157553	4300	9.039548775719943	0.0	1961140	5916.041741381776	4.3
71938.0486046931	4300	7.017655658140217	0.0	2155012	6021.893117579725	4.3

