64236.617281082166	300	4.0	0.7270230585779319	181801	727.0230585779319	-2.8261991518851075
64236.96992373125	300	7.647357350918439	0.0	155580	352.64264908156065	0.3
64237.23629254123	300	11.3809885409395	0.0	139857	266.3688099789406	0.3
64237.674869668816	300	14.942411413347362	0.0	155432	438.5771275921371	0.3
64238.64175904937	750	17.97552203279857	0.0	411561	966.8893805487919	0.3
64239.29848648587	750	21.318794596296165	0.0	318564	656.7274365024045	0.75
64240.40261949209	1200	24.2146615900843	0.0	561791	1104.1330062118602	0.75
64242.51806196118	1850	26.09921912099085	0.0	1060487	2115.442469093452	1.2000000000000002
64245.909140933254	2850	26.70814014891887	0.0	1348011	3391.078972071979	1.85
64250.330215851594	2850	26.28706523057284	0.0	1429765	4421.0749183460275	2.85
64255.75531128598	2850	24.861969796188696	0.0	1354548	5425.095434384143	2.85
64260.38384832619	1850	24.233432755978626	0.0	917428	4628.537040210071	0.8500000000000001
64263.99346567343	1850	24.62381540873814	0.0	946851	3609.6173472404885	1.85
64267.21945058555	1850	25.397830496617097	0.0	1036454	3225.98491212104	1.85
64270.605823797	2850	26.011457285166127	0.0	1231445	3386.3732114509694	1.85
64277.87098580574	2850	22.74629527642613	0.0	1471065	7265.162008739997	2.85
64280.78268409123	1850	23.834596990939243	0.0	966699	2911.6982854868893	0.8500000000000001
64283.78583899937	1850	24.83144208280142	0.0	885714	3003.154908137825	1.85
64287.78717067939	1850	24.83011040277987	0.0	987708	4001.33168002155	1.85
64295.58502423163	2850	21.032256850545252	0.0	1336050	7797.853552234617	1.85
64298.14404377768	1200	22.473237304495413	0.0	601738	2559.019546049835	-0.44999999999999996
64301.50461241581	1850	23.112668666354903	0.0	955231	3360.5686381405108	1.2000000000000002
64304.28401774387	1850	24.333263338295875	0.0	968026	2779.405328059032	1.85
64306.77900865222	1850	25.838272429942574	0.0	874175	2494.9909083533	1.85
64310.94163299399	2850	25.67564808818255	0.0	1383735	4162.6243417600235	1.85
64315.05336690821	1850	25.563914173964715	0.0	905935	4111.733914217837	0.8500000000000001
64320.781573863744	2850	23.835707218429285	0.0	1547572	5728.206955535431	1.85
64323.53880828475	1850	25.07847279742021	0.0	758197	2757.2344210090746	0.8500000000000001
64326.25484143208	1850	26.362439650095467	0.0	972798	2716.0331473247415	1.85
64331.93687486761	2850	24.680406214568105	0.0	1561263	5682.033435527363	1.85
64335.35495792165	1850	25.26232316053143	0.0	873429	3418.083054036677	0.8500000000000001
64338.487786737285	1850	26.129494344891864	0.0	954453	3132.8288156395647	1.85
64343.76821737967	2850	24.849063702500818	0.0	1358081	5280.430642391046	1.85
64348.37763213437	1850	24.239648947805325	0.0	1035329	4609.41475469549	0.8500000000000001
64355.681376619104	2850	20.935904463065985	0.0	1492672	7303.744484739342	1.85
64358.2549629802	1200	22.36231810196744	0.0	598727	2573.586361098547	-0.44999999999999996
64362.86277594511	1850	21.754505137058878	0.0	728962	4607.812964908559	1.2000000000000002
64364.91727280814	1200	23.70000827402847	0.0	575591	2054.496863030406	0.5499999999999999
64371.03496126031	1850	21.582319821857926	0.0	908665	6117.688452170544	1.2000000000000002
64373.40265031665	1200	23.21463076551648	0.0	587506	2367.6890563414486	0.5499999999999999
64378.41586786865	1850	22.201413213515565	0.0	858450	5013.217552000914	1.2000000000000002
64381.06747158938	1200	23.54980949279047	0.0	641452	2651.603720725091	0.5499999999999999
64385.13231758356	1850	23.48496349861935	0.0	886255	4064.8459941711194	1.2000000000000002
64388.33107604107	1850	24.286205041106857	0.0	973972	3198.7584575124965	1.85
64392.32639723463	1850	24.29088384753999	0.0	958994	3995.321193566868	1.85
64395.93267451752	1850	24.684606564653663	0.0	982064	3606.277282886327	1.85
64400.63100630943	2850	23.986274772742494	0.0	1231456	4698.3317919111705	1.85
64404.20221841172	1850	24.41506267044641	0.0	846370	3571.212102296087	0.8500000000000001

