18982.745670533037	300	4.0	1.8667327154671318	181801	1866.7327154671318	-7.726950676508667
18984.020274601367	300	6.725395931671726	0.0	155580	1274.6040683282738	0.3
18984.992170701185	300	9.753499831851288	0.0	139857	971.8960998204375	0.3
18985.918256211175	300	12.827414321865835	0.0	155432	926.0855099854551	0.3
18986.88213452004	300	15.863536012997642	0.0	163442	963.8783088681928	0.3
18988.216656265722	750	18.529014267318054	0.0	318564	1334.5217456795874	0.3
18990.50901869847	1200	20.23665183456645	0.0	561791	2292.362432751601	0.75
18997.48589667142	1200	17.259773861616154	0.0	709534	6976.877972950298	1.2
18998.731067429515	750	20.014603103521058	0.0	374758	1245.170758095097	0.3
19001.749502718878	1200	20.996167814159175	0.0	560821	3018.435289361881	0.75
19003.469527798105	1200	23.27614273493271	0.0	607410	1720.0250792264671	1.2
19006.02661070485	1850	24.719059828190016	0.0	917428	2557.082906742693	1.2000000000000002
19014.540287187334	1850	20.20538334570417	0.0	946851	8513.676482485846	1.85
19025.41832067057	1200	13.327349862465862	0.0	687371	10878.033483238307	0.5499999999999999
19028.504720361456	750	14.240950171579502	0.0	337059	3086.399690886359	0.3
19031.516025313045	750	15.229645219988496	0.0	366214	3011.3049515910066	0.75
19039.370619199828	750	11.375051333206212	0.0	360831	7854.593886782284	0.75
19048.26372509475	300	6.481945438285371	0.0	150616	8893.105894920842	-0.15000000000000002
19053.654585843815	300	5.0910846892170625	0.0	165384	5390.860749068309	0.3
19055.397796073517	300	7.347874459514296	0.0	140881	1743.2102297027661	0.3
19058.026185571583	300	8.71948496144701	0.0	157671	2628.3894980672844	0.3
19059.37662086237	300	11.369049670658027	0.0	157812	1350.4352907889845	0.3
19061.864614773283	300	12.881055759746706	0.0	163927	2487.9939109113207	0.3
19065.30827490101	300	13.437395632020655	0.0	137654	3443.6601277260525	0.3
19071.486421492013	750	11.259249041017275	0.0	359903	6178.146591003378	0.3
19073.14576529902	300	13.599905234010958	0.0	153938	1659.3438070063191	-0.15000000000000002
19076.483144396632	750	14.262526136398975	0.0	425781	3337.379097611982	0.3
19082.999594446806	750	11.746076086223479	0.0	277716	6516.4500501754965	0.75
19087.05821224354	300	11.68745828949032	0.0	153605	4058.6177967331582	-0.15000000000000002
19088.599631987832	300	14.14603854520004	0.0	149029	1541.4197442902796	0.3
19094.03814919621	750	12.707521336819546	0.0	358218	5438.5172083804955	0.3
19095.71096705103	300	15.034703482003382	0.0	157488	1672.8178548161625	-0.15000000000000002
19098.921701764324	750	15.823968768709133	0.0	369834	3210.73471329425	0.3
19102.13757971911	750	16.608090813918924	0.0	412837	3215.8779547902077	0.75
19105.26421317767	750	17.481457355360472	0.0	401088	3126.63345855845	0.75
19111.39873401634	750	15.34693651669001	0.0	365161	6134.520838670463	0.75
19119.91084853634	750	10.834821996690604	0.0	321064	8512.114519999406	0.75
19124.06369381493	300	10.681976718099609	0.0	124011	4152.845278590993	-0.15000000000000002
19133.85998940371	300	4.885681129321207	0.0	144254	9796.295588778403	0.3
19137.068049882608	300	5.677620650420116	0.0	149991	3208.060478901091	0.3
19139.832182159193	300	6.913488373836164	0.0	147968	2764.132276583952	0.3
19145.867152785326	300	4.878517747700794	0.0	161857	6034.97062613537	0.3
19148.621786314856	300	6.123884218173638	0.0	145210	2754.633529527155	0.3
19151.506502035645	300	7.23916849738541	0.0	172312	2884.7157207882283	0.3
19154.05978930226	300	8.685881230770429	0.0	167025	2553.287266614981	0.3
19156.22157713764	300	10.524093395390771	0.0	160064	2161.7878353796564	0.3
19158.088501335707	300	12.657169197323558	0.0	137507	1866.924198067215	0.3
19159.70740008602	300	15.038270447010355	0.0	118421	1618.8987503132034	0.3

