69923.17736741729	300	4.0	0.9331602250209082	181801	933.1602250209082	-3.7125889675899053
69923.70404100973	300	7.473326407563334	0.0	155580	526.673592436666	0.3
69924.14019278229	300	11.037174635002346	0.0	139857	436.1517725609874	0.3
69924.60273900468	300	14.574628412598988	0.0	155432	462.5462224033576	0.3
69925.65654290406	750	17.52082451322552	0.0	411561	1053.8038993734672	0.3
69926.4911065458	750	20.6862608714835	0.0	318564	834.5636417420202	0.75
69927.94285477603	1200	23.23451264124989	0.0	561791	1451.748230233609	0.75
69931.13528880368	1850	24.04207861360142	0.0	1060487	3192.434027648472	1.2000000000000002
69933.52107629829	1850	25.656291118979336	0.0	852833	2385.787494622078	1.85
69939.29199135413	2850	23.88537606314732	0.0	1429765	5770.915055832016	1.85
69944.39375107751	2850	22.783616339747145	0.0	1354548	5101.759723400177	2.85
69948.94427506438	1850	22.233092352890978	0.0	917428	4550.523986856166	0.8500000000000001
69951.48070695167	1850	23.696660465612243	0.0	946851	2536.4318872787317	1.85
69954.24959744795	1850	24.927769969327624	0.0	1036454	2768.8904962846223	1.85
69957.4785478012	2850	25.69881961606887	0.0	1231445	3228.9503532587523	1.85
69960.60292252903	1850	26.574444888258565	0.0	923170	3124.3747278103056	0.8500000000000001
69966.00259667377	2850	25.174770743511885	0.0	1491626	5399.674144746676	1.85
69970.3132898485	2850	24.86407756878115	0.0	1358801	4310.693174730737	2.85
69973.63079423935	1850	25.54657317794023	0.0	987708	3317.5043908409193	0.8500000000000001
69981.05350713253	2850	22.12386028475257	0.0	1336050	7422.712893187658	1.85
69986.90539630687	1850	20.271971110405396	0.0	891604	5851.889174347172	0.8500000000000001
69990.49906840164	1200	20.678299015647053	0.0	616206	3593.672094758346	0.5499999999999999
69996.96208791467	1200	18.215279502613825	0.0	656471	6463.019513033227	1.2
70000.84671991634	1200	18.33064750092589	0.0	536667	3884.6320016879404	1.2
70001.78520301124	750	21.392164406024712	0.0	359903	938.4830949011725	0.3
70008.59954635246	1200	18.577821064807505	0.0	590335	6814.343341217211	0.75
70009.6362785505	750	21.541088866756784	0.0	425781	1036.7321980507172	0.3
70010.91753981252	1200	24.259827604747127	0.0	487160	1281.2612620096604	0.75
70022.74682656537	1850	16.4305408518944	0.0	972798	11829.286752852728	1.2000000000000002
70023.98733630874	750	19.190031108533976	0.0	400508	1240.509743360425	-0.3500000000000001
70028.312703563	1200	18.864663854262275	0.0	570392	4325.3672542717	0.75
70033.362823688	1200	17.814543729271737	0.0	620283	5050.12012499054	1.2
70038.00315647041	750	17.174210946850074	0.0	369834	4640.33278242166	0.3
70039.6488116623	750	19.528555754984133	0.0	412837	1645.6551918659422	0.75
70041.54613080672	1200	21.631236610549376	0.0	690253	1897.3191444347588	0.75
70043.20477286438	1200	23.972594552880118	0.0	598727	1658.642057669257	1.2
70044.87143437211	1850	26.3059330451486	0.0	728962	1666.6615077315198	1.2000000000000002
70048.43252519112	2850	26.744842226133695	0.0	1499009	3561.090819014902	1.85
70053.2141392685	2850	25.96322814875502	0.0	1427478	4781.614077378675	2.85
70056.62984827104	2850	26.54751914621228	0.0	1402287	3415.7090025427406	2.85
70060.5837724447	2850	26.593594972546608	0.0	1339500	3953.924173665673	2.85
70066.62476584429	2850	24.55260157297404	0.0	1527299	6040.993399572568	2.85
70072.59671699462	1850	22.58065042263268	0.0	886255	5971.951150341361	0.8500000000000001
70075.23382653217	1850	23.94354088509778	0.0	973972	2637.1095375348996	1.85
70082.59626796354	1850	20.581099453721226	0.0	958994	7362.441431376557	1.85
70088.00962531993	1200	19.167742097339225	0.0	638661	5413.357356381999	0.5499999999999999
70094.38222764376	1200	16.79513977350886	0.0	538612	6372.602323830364	1.2
70095.20645717611	750	19.970910241153017	0.0	314107	824.2295323558411	0.3

