26945.517500204496	750	4.0	1.7194156181741134	450283	1719.4156181741134	-6.643487158148687
26946.5296794305	750	6.987820773996492	0.0	398865	1012.1792260035082	0.75
26948.521554837254	1850	8.995945367244316	0.0	877771	1991.8754067521759	0.75
26950.50395215564	1850	11.013548048860073	0.0	933276	1982.3973183842434	1.85
26957.787629568364	2850	7.729870636134924	0.0	1472558	7283.677412725149	1.85
26960.272516836114	750	9.244983368386828	0.0	318564	2484.8872677480977	-1.35
26963.963040151604	750	9.554460052898197	0.0	352642	3690.5233154886296	0.75
26967.52792216192	750	9.989578042578932	0.0	437162	3564.8820103192647	0.75
26969.26720657137	750	12.250293633129571	0.0	374758	1739.2844094493605	0.75
26970.069894221633	750	15.447605982867406	0.0	362795	802.6876502621648	0.75
26972.434306126685	1850	17.083194077816376	0.0	939819	2364.4119050510267	0.75
26977.055828924484	1850	16.461671280016045	0.0	917428	4621.5227978003295	1.85
26979.135422430238	1200	18.382077774265397	0.0	624282	2079.5935057506476	0.5499999999999999
26985.159275907456	1850	16.35822429704478	0.0	1036454	6023.853477220618	1.2000000000000002
26988.848285729633	1200	16.669214474868937	0.0	526950	3689.0098221758417	0.5499999999999999
26990.483861591667	750	19.033638612834576	0.0	366214	1635.575862034361	0.3
26992.09657195739	750	21.420928247109288	0.0	360831	1612.7103657252878	0.75
26996.79942213666	1850	20.718078067839016	0.0	885714	4702.850179270273	0.75
26999.618652182075	1850	21.89884802242414	0.0	987708	2819.230045414875	1.85
27002.230015332254	1850	23.28748487224362	0.0	923755	2611.3631501805194	1.85
27004.474398840925	1850	25.04310136357467	0.0	891604	2244.3835086689487	1.85
27010.78929087312	4300	22.72820933138109	0.0	2176469	6314.892032193578	1.8499999999999996
27018.272332297845	4300	19.245167906653215	0.0	2221506	7483.041424727875	4.3
27021.386041980877	2850	20.131458223623888	0.0	1323990	3113.709683029327	1.4000000000000001
27028.9160074543	4300	16.60149275020355	0.0	2186790	7529.965473420339	2.8499999999999996
27038.275826218418	4300	11.241673986081482	0.0	2105231	9359.818764122068	4.3
27044.36661655673	2850	9.150883647769481	0.0	1547572	6090.790338312001	1.4000000000000001
27046.8621413048	1850	10.655358899701433	0.0	758197	2495.5247480680487	0.8500000000000001
27050.457162850846	1850	11.060337353655687	0.0	972798	3595.0215460457466	1.85
27054.47432909031	1850	11.04317111419182	0.0	975811	4017.166239463867	1.85
27060.256136868567	1850	9.261363335933966	0.0	873429	5781.807778257856	1.85
27061.783350609017	1200	11.734149595484297	0.0	620283	1527.2137404496668	0.5499999999999999
27063.64943940162	1850	13.868060802880292	0.0	885062	1866.088792604005	1.2000000000000002
27067.565141363793	1850	13.952358840705696	0.0	1035329	3915.7019621745976	1.85
27069.82780826504	1850	15.689691939461154	0.0	1026056	2262.6669012445414	1.85
27071.933947529553	1850	17.583552674944496	0.0	943942	2106.13926451666	1.85
27074.194698247327	1850	19.322801957170523	0.0	728962	2260.750717773971	1.85
27077.632328569496	1850	19.88517163500047	0.0	938587	3437.630322170049	1.85
27086.841561342448	1850	14.675938862049394	0.0	908665	9209.232772951078	1.85
27088.31058365129	750	17.206916553202902	0.0	390680	1469.0223088464952	-0.3500000000000001
27090.469452544672	1200	19.04804765982527	0.0	566904	2158.868893377631	0.75
27092.022716314274	1200	21.49478389022151	0.0	641452	1553.2637696037605	1.2
27094.033070744543	1850	23.484429459953077	0.0	886255	2010.3544302684295	1.2000000000000002
27095.996375570274	1850	25.521124634224048	0.0	973972	1963.3048257290293	1.85
27110.961319914037	4300	14.556180290464214	0.0	2124950	14964.944343759835	1.8499999999999996
27113.44688376004	750	16.07061644446161	0.0	393804	2485.563846002604	-2.8
27114.447227322617	750	19.070272881884666	0.0	331053	1000.3435625769418	0.75
27122.112730168916	4300	15.404770035584638	0.0	2155012	7665.502846300026	0.75

