51177.38480870829	750	4.0	3.2417827307762166	450283	3241.782730776217	-13.18966574233773
51179.403285651424	750	5.981523056866948	0.0	398865	2018.4769431330524	0.75
51182.01973585053	1200	7.365072857754249	0.0	571051	2616.4501991126995	0.75
51185.53373946666	1200	7.851069241629441	0.0	617681	3514.0036161248086	1.2
51189.195439612056	1200	8.189369096238797	0.0	652874	3661.7001453906432	1.2
51191.55650204631	1200	9.828306661982307	0.0	520315	2361.0624342564897	1.2
51197.089455084606	1200	8.295353623683646	0.0	561791	5532.953038298661	1.2
51199.16428439709	750	10.220524311199984	0.0	437162	2074.8293124836628	0.3
51200.834421893844	750	12.550386814447286	0.0	374758	1670.1374967526988	0.75
51202.453799126975	750	14.931009581314449	0.0	362795	1619.3772331328362	0.75
51205.731687365456	1200	15.653121342835266	0.0	607410	3277.8882384791827	0.75
51208.67567023807	1200	16.709138470219212	0.0	594078	2943.982872616053	1.2
51212.69448616754	1200	16.690322540757318	0.0	624282	4018.8159294618913	1.2
51216.52543990916	1200	16.85936879913258	0.0	687371	3830.9537416247417	1.2
51219.29825022371	1200	18.08655848459131	0.0	526950	2772.810314541269	1.2
51223.72948813033	1850	17.65532057796682	0.0	923170	4431.2379066244885	1.2000000000000002
51228.23342488152	1850	17.151383826781856	0.0	966699	4503.936751184963	1.85
51232.36674728656	1850	17.018061421732263	0.0	885714	4133.322405049596	1.85
51237.10406433237	1850	16.280744375926087	0.0	987708	4737.317045806177	1.85
51241.94042478762	1850	15.444383920672124	0.0	923755	4836.360455253961	1.85
51246.61124162471	1850	14.773567083581929	0.0	891604	4670.816837090194	1.85
51251.609670162616	1850	13.775138545676644	0.0	955231	4998.428537905285	1.85
51256.67397940701	1850	12.710829301279947	0.0	968026	5064.309244396696	1.85
51261.255055342706	1850	12.129753365591771	0.0	874175	4581.075935688177	1.85
51265.95868123503	1850	11.426127473264117	0.0	897976	4703.625892327653	1.85
51270.70328755276	1850	10.681521155538642	0.0	905935	4744.6063177254755	1.85
51276.326632822624	1850	9.058175885671677	0.0	1076599	5623.345269866965	1.85
51281.20211471306	1850	8.182693995242277	0.0	758197	4875.4818904294	1.85
51284.279923792965	1200	9.104884915334669	0.0	622896	3077.8090799076085	0.5499999999999999
51287.30248197351	1200	10.082326734791746	0.0	641447	3022.5581805429238	1.2
51290.65171502985	1200	10.733093678450132	0.0	570392	3349.233056341615	1.2
51294.02075282441	1200	11.364055883900685	0.0	620283	3369.037794549447	1.2
51296.58366616036	1200	12.801142547941476	0.0	584349	2562.913335959209	1.2
51304.29473956184	1850	9.090069146457955	0.0	1035329	7711.0734014835225	1.2000000000000002
51306.07659800995	750	11.308210698345981	0.0	401088	1781.8584481119724	-0.3500000000000001
51307.85743855706	750	13.527370151241263	0.0	365161	1780.8405471047188	0.75
51309.69645998004	750	15.688348728261557	0.0	321064	1839.0214229797048	0.75
51312.62132978137	1200	16.76347892693059	0.0	575591	2924.8698013309686	0.75
51316.16280377985	1200	17.222004928450627	0.0	605884	3541.4739984799608	1.2
51319.89828372066	1200	17.486524987642348	0.0	587506	3735.47994080828	1.2
51322.76344368934	1200	18.621365018960017	0.0	566904	2865.159968682334	1.2
51327.770229706446	1850	17.614579001855706	0.0	1025005	5006.786017104309	1.2000000000000002
51331.90602790777	1850	17.478780800531997	0.0	886255	4135.798201323711	1.85
51336.44324833049	1850	16.941560377809804	0.0	973972	4537.220422722193	1.85
51343.611493906115	2850	13.77331480218377	0.0	1464921	7168.245575626036	1.85
51351.330087642666	2850	10.054721065639402	0.0	1483527	7718.593736544368	2.85
51357.750782546376	2850	7.634026161920102	0.0	1231456	6420.6949037193	2.85
51364.85670373384	2850	4.528104974450617	0.0	1364537	7105.921187469485	2.85

