68219.82152612145	750	4.0	3.155304986620114	450283	3155.304986620114	-12.81781144246649
68235.01887083585	1850	4.0	11.19734471438969	957685	15197.34471438969	-47.39858227187566
68236.23100565135	300	6.787865184479378	0.0	139857	1212.1348155206224	-1.25
68237.37968174714	300	9.639189088690687	0.0	155432	1148.6760957886888	0.3
68238.58391398538	300	12.434956850458377	0.0	163442	1204.2322382323102	0.3
68241.05883910962	750	13.960031726199334	0.0	318564	2474.9251242590412	0.3
68243.31789982619	750	15.70097100963811	0.0	352642	2259.060716561225	0.75
68246.70602041809	750	16.312850417735174	0.0	437162	3388.1205919029344	0.75
68248.94893697884	750	18.069933856993686	0.0	374758	2242.9165607414907	0.75
68252.23437772035	750	18.78449311546341	0.0	362795	3285.4407415302735	0.75
68254.53030161852	750	20.488569217305447	0.0	353220	2295.9238981579642	0.75
68257.54292600625	750	21.47594482955855	0.0	405134	3012.6243877468937	0.75
68262.45101393673	750	20.567856899081875	0.0	386351	4908.087930476673	0.75
68264.94696546941	750	22.071905366408288	0.0	434409	2495.9515326735873	0.75
68266.91199266285	750	24.106878172963008	0.0	337059	1965.0271934452817	0.75
68272.13035316081	1850	22.888517674999974	0.0	923170	5218.3604979630345	0.75
68276.8131749466	1850	22.205695889216685	0.0	966699	4682.821785783291	1.85
68283.00246183433	1850	20.01640900148577	0.0	885714	6189.286887730915	1.85
68288.25378601377	1850	18.765084822052472	0.0	987708	5251.324179433298	1.85
68296.79215590161	1850	14.226714934213502	0.0	923755	8538.36988783897	1.85
68298.86730195135	750	16.15156888447417	0.0	386472	2075.14604973933	-0.3500000000000001
68303.92315262668	750	15.095718209141536	0.0	399894	5055.850675332635	0.75
68309.6770972756	750	13.341773560218552	0.0	401853	5753.944648922984	0.75
68311.69313188917	750	15.325738946635742	0.0	343800	2016.0346135828122	0.75
68313.52910110958	750	17.48976972623533	0.0	359903	1835.9692204004086	0.75
68315.97339278538	750	19.045478050436422	0.0	379700	2444.2916757989124	0.75
68318.63386082453	750	20.385010011290408	0.0	425781	2660.468039146013	0.75
68320.5541910815	750	22.464679754328188	0.0	277716	1920.3302569622222	0.75
68322.79463260493	750	24.22423823089788	0.0	400396	2240.4415234303096	0.75
68328.71171105721	1850	22.307159778604145	0.0	975811	5917.078452293732	0.75
68333.55433325723	1850	21.464537578589656	0.0	873429	4842.622200014488	1.85
68340.71075359109	1850	18.308117244725292	0.0	954453	7156.420333864368	1.85
68347.02680805998	1850	15.992062775846621	0.0	885062	6316.054468878668	1.85
68354.64170148739	1850	12.377169348434519	0.0	1035329	7614.893427412103	1.85
68359.63541264756	750	11.38345818827138	0.0	401088	4993.711160163141	-0.3500000000000001
68364.85253484383	750	10.166335991996126	0.0	365161	5217.1221962752525	0.75
68370.48413963609	300	8.534731199749352	0.0	131610	5631.604792246774	-0.15000000000000002
68373.26968983306	300	9.749181002770285	0.0	124011	2785.5501969790676	0.3
68377.57976318056	300	9.439107655259326	0.0	144254	4310.07334751096	0.3
68379.06086036387	300	11.95801047195475	0.0	149991	1481.097183304575	0.3
68380.52902764585	300	14.489843189966892	0.0	147968	1468.1672819878586	0.3
68383.81950832788	750	15.19936250794042	0.0	384505	3290.480682026472	0.3
68385.82995832048	750	17.18891251535017	0.0	372093	2010.4499925902487	0.75
68388.37428283771	750	18.644587998113135	0.0	438281	2544.3245172370353	0.75
68390.62329093929	750	20.395579896540855	0.0	398987	2249.0081015722812	0.75
68392.97616609359	750	22.042704742243455	0.0	393804	2352.8751542973982	0.75
68396.60651183523	750	22.41235900060412	0.0	331053	3630.3457416393367	0.75
68398.63181728602	750	24.387053549825357	0.0	314107	2025.305450778765	0.75

