1913.5758843631322	750	4.0	3.9369563924388737	450283	3936.9563924388735	0.11437337758294493	-16.178912487487157
1914.8600263002604	300	6.715858062872067	0.0	155580	1284.1419371279324	0.12115483148846058	-0.15000000000000002
1915.9611322521832	300	9.614752110949182	0.0	139857	1101.1059519228866	0.12701502498988812	0.3
1920.5789256767318	1200	8.996958686400545	0.0	617681	4617.793424548636	0.13376107227238623	0.29999999999999993
1923.4607895201507	750	10.115094842981701	0.0	411561	2881.8638434188438	0.14281070250416567	0.3
1926.9466884194076	1200	10.62919594372489	0.0	520315	3485.8988992568125	0.14926279133078996	0.75
1932.7479583193706	1200	8.82792604376166	0.0	561791	5801.269899963228	0.09683931444106073	1.2
1935.9095405176465	750	9.666343845485667	0.0	437162	3161.582198275996	0.13827317228645314	0.3
1940.0887091754253	1200	9.487175187706807	0.0	584846	4179.168657778859	0.13994314369471594	0.75
1944.409577709654	1200	9.166306653478088	0.0	560821	4320.868534228718	0.1297935809796878	1.2
1949.5795752174959	1200	7.9963091456363555	0.0	607410	5169.997507841733	0.1174874841000783	1.2
1952.6366646715849	750	8.93921969154726	0.0	405134	3057.0894540890963	0.13252278223592756	0.3
1955.833815740918	750	9.742068622214234	0.0	386351	3197.151069333026	0.12084227226729034	0.75
1960.926162141117	1200	8.649722222015175	0.0	687371	5092.346400199061	0.13498119451833257	0.75
1963.4647584907455	750	10.111125872386731	0.0	337059	2538.5963496284435	0.13277376690836767	0.3
1967.593957713237	1200	9.98192664989503	0.0	587876	4129.199222491701	0.14237046175874635	0.75
1975.5119198388472	1200	6.063964524285006	0.0	617242	7917.962125610024	0.0779546542668573	1.2
1976.6610281476094	300	8.914856215522773	0.0	150616	1149.1083087622328	0.13107206592408743	-0.6000000000000001
1979.7372315063787	750	9.838652856753365	0.0	405596	3076.2033587694086	0.1318495407151018	0.3
1985.7343111303433	1200	7.8415732327890675	0.0	586839	5997.079623964297	0.09785412847529898	0.75
1988.4688469988987	750	9.107037364233529	0.0	386472	2734.5358685555393	0.14133001671107925	0.3
1992.8188154183329	1200	8.75706894479955	0.0	616206	4349.968419433981	0.1416575801440372	0.75
1995.7499194467396	750	9.825964916392705	0.0	401853	2931.104028406844	0.13709953522817167	0.3
2000.401176604721	1200	9.174707758411296	0.0	536667	4651.257157981408	0.11538106403751437	0.75
2004.9393770928107	1200	8.636507270321742	0.0	587236	4538.200488089555	0.12939842599312057	1.2
2007.6252668804898	750	9.950617482642386	0.0	379700	2685.889787679354	0.1413684216462456	0.3
2012.533669768981	1200	9.042214594151071	0.0	696376	4908.402888491316	0.14187425437972623	0.75
2016.1386001481671	1200	9.437284214965123	0.0	487160	3604.930379185949	0.1351371451756049	1.2
2021.3067846701117	1200	8.269099693020667	0.0	622896	5168.184521944456	0.12052510845058687	1.2
2024.3096758489708	750	9.266208514161686	0.0	400508	3002.891178858981	0.13337413051117702	0.3
2028.63920467229	1200	8.936679690842228	0.0	570392	4329.528823319459	0.13174459006434777	0.75
2031.5205589034156	750	10.055325459716435	0.0	400322	2881.354231125791	0.13893536437676662	0.3
2035.3986474668984	1200	10.17723689623369	0.0	584349	3878.088563482744	0.1506796429309034	0.75
2041.941259792505	1200	7.6346245706271425	0.0	670129	6542.612325606548	0.10242529537891795	1.2
2044.8632772319963	750	8.71260713113581	0.0	401088	2922.0174394913324	0.13726406782494144	0.3
2047.549913085894	750	10.025971277237979	0.0	365161	2686.635853897832	0.1359175637703994	0.75
2051.012532407091	1200	10.563351956041242	0.0	487812	3462.619321196736	0.14087947728293865	0.75
2056.077532356701	1200	9.498352006431032	0.0	575591	5064.999949610209	0.11364086983738197	1.2
2060.65061638876	1200	8.925267974372034	0.0	605884	4573.084032059	0.13248914643871193	1.2
2063.647577758976	750	9.928306604156475	0.0	390680	2996.9613702155575	0.1303587039468247	0.3
2068.1478183049217	1200	9.428066058210478	0.0	566904	4500.240545945997	0.12597193288049693	0.75
2072.871223841645	1200	8.704660521486833	0.0	641452	4723.405536723646	0.13580286405916742	1.2
2075.567056813523	750	10.008827549609094	0.0	372093	2695.8329718777395	0.1380252426176183	0.3
2081.652463214875	1200	7.923421148256997	0.0	634861	6085.4064013520965	0.10432516057743363	0.75
2086.4244127074876	750	7.151471655644091	0.0	398987	4771.949492612906	0.0836109017116886	0.3
2089.4232383608232	750	8.152646002308618	0.0	393804	2998.8256533354725	0.13131940483501858	0.75
2093.6042634068654	750	7.971620956266356	0.0	331053	4181.025046042263	0.07917986530919566	0.75
2095.908358354355	750	9.667526008776557	0.0	314107	2304.094947489799	0.1363255452394462	0.75

