24925.859229644746	750	4.0	3.6686768385831225	450283	3668.6768385831224	0.12273716650766753	-15.025310405907426
24926.86715535266	300	6.992074292084729	0.0	155580	1007.9257079152704	0.15435661455822156	-0.15000000000000002
24927.644357092075	300	10.214872552669656	0.0	139857	777.2017394150735	0.1799494171297882	0.3
24930.803561333578	1200	11.055668311168395	0.0	617681	3159.2042415012615	0.19551790665692334	0.29999999999999993
24937.21975427231	1850	8.639475372433687	0.0	996749	6416.192938734708	0.15534897555567614	1.2000000000000002
24939.111774859834	750	10.7474547849101	0.0	318564	1892.0205875235852	0.16837237506858202	-0.3500000000000001
24942.325658473914	1200	11.533571170830799	0.0	561791	3213.883614079301	0.17480128948631493	0.75
24949.97297622908	1850	7.886253415665094	0.0	1060487	7647.3177551657045	0.13867437367613622	1.2000000000000002
24955.213434224333	750	6.645795420411545	0.0	374758	5240.45799525355	0.07151245183902444	-0.3500000000000001
24956.64719337853	300	9.212036266213715	0.0	139105	1433.7591541978295	0.09702117652935058	-0.15000000000000002
24959.58187800957	1200	10.277351635175442	0.0	607410	2934.684631038274	0.20697624323098116	0.29999999999999993
24967.879676583845	1200	5.979553060900711	0.0	594078	8297.798574274731	0.07159465184438095	1.2
24969.07645871122	300	8.782770933525697	0.0	160746	1196.7821273750146	0.13431517426866604	-0.6000000000000001
24971.333997611488	750	10.525232033258696	0.0	434409	2257.538900266999	0.192425920079881	0.3
24981.24676844787	1200	4.612461196881166	0.0	526950	9912.770836377531	0.053158698884293566	0.75
24982.931456379618	300	6.927773265130596	0.0	138313	1684.6879317505698	0.08210007170662052	-0.6000000000000001
24984.29956754084	300	9.559662103909615	0.0	143509	1368.111161220981	0.10489571612874228	0.3
24990.58859702327	1200	7.270632621479742	0.0	581493	6289.029482429873	0.09246148418043834	0.29999999999999993
24992.6342438441	750	9.224985800653142	0.0	405596	2045.6468208265994	0.1982727398838612	0.3
24997.177630365677	1200	8.681599279076694	0.0	586839	4543.386521576448	0.12916334483388411	0.75
24998.87216962441	750	10.987060020344899	0.0	386472	1694.5392587317942	0.22806907423864495	0.3
25001.526453863542	1200	12.332775781212222	0.0	616206	2654.2842391326767	0.23215524204798565	0.75
25007.341611231357	1850	10.517618413396383	0.0	968026	5815.1573678158375	0.16646600234029243	1.2000000000000002
25011.13246251293	1200	10.726767131820258	0.0	536667	3790.8512815761233	0.14156899338368922	0.5499999999999999
25015.272979487494	1200	10.586250157257567	0.0	587236	4140.516974562693	0.14182673410293697	1.2
25018.433227341116	1200	11.426002303636285	0.0	590335	3160.2478536212816	0.18680022180018058	1.2
25023.191456807803	1850	10.667772836949899	0.0	1076599	4758.229466686387	0.22626042050673514	1.2000000000000002
25025.273839713747	1200	12.585389931005373	0.0	487160	2082.382905944525	0.23394352624069129	0.5499999999999999
25029.352349620425	1850	12.506880024327849	0.0	972798	4078.5099066775238	0.23851799364451476	1.2000000000000002
25033.685337590912	1850	12.173892053839728	0.0	975811	4332.987970488122	0.22520510249422002	1.85
25037.528593893327	1850	12.330635751424223	0.0	873429	3843.256302415505	0.22726275097787405	1.85
25041.76604190098	1850	12.093187743771338	0.0	954453	4237.448007652885	0.22524240964756279	1.85
25046.93907929185	1850	10.920150352901437	0.0	885062	5173.0373908699	0.17109135951000107	1.85
25051.253704016042	1200	10.605525628712153	0.0	670129	4314.624724189284	0.15531570943888218	0.5499999999999999
25055.05709850691	1200	10.802131137845826	0.0	690253	3803.3944908663248	0.18148340953261896	1.2
25058.43398686124	1200	11.425242783515417	0.0	598727	3376.8883543304087	0.17730139026723005	1.2
25061.97552828701	1850	11.88370135774835	0.0	728962	3541.541425767067	0.20583184335959395	1.2000000000000002
25066.228038709887	1850	11.631190934871553	0.0	938587	4252.510422876798	0.22071362716732662	1.85
25070.347530183135	1850	11.511699461621504	0.0	908665	4119.491473250049	0.22057698283888277	1.85
25074.564431963994	1850	11.2947976807643	0.0	930577	4216.901780857204	0.22067789300296056	1.85
25079.696110524943	1850	10.1631191198183	0.0	858450	5131.678560946	0.1672844450026794	1.85
25083.561941758202	1200	10.297287886557712	0.0	641452	3865.831233260587	0.16592860921633545	0.5499999999999999
25086.5807638954	1200	11.27846574935962	0.0	599477	3018.8221371980912	0.19857976811989408	1.2
25091.07593758141	1850	10.783292063349997	0.0	973972	4495.173686009625	0.2166706045266511	1.2000000000000002
25094.012750408107	1200	11.846479236652387	0.0	630203	2936.812826697609	0.21458739020445217	0.5499999999999999
25098.790675155244	1850	11.068554489515002	0.0	982064	4777.924747137386	0.2055419563877366	1.2000000000000002
25104.598091798638	1850	9.26113784612164	0.0	830730	5807.416643393361	0.14304639239980413	1.85
25107.01641428063	1200	10.842815364126956	0.0	550906	2418.3224819946836	0.22780501943049428	0.5499999999999999

