25146.38927646397	750	4.0	1.046355649661766	450283	1046.3556496617662	1	-3.7493292935455944
25147.52734403401	750	6.861932429960489	0.0	398865	1138.0675700395116	1	0.75
25148.46253157238	1850	9.926744891590772	0.0	350812	935.187538369717	3	0.75
25150.805155768154	1850	11.58412069581747	0.0	933276	2342.624195773302	3	0.75
25153.30166321559	1850	13.087613248381938	0.0	996749	2496.507447435531	3	1.85
25155.389152125437	1850	15.000124338534578	0.0	801058	2087.4889098473604	3	1.85
25157.34698661192	1850	17.042289852055564	0.0	905515	1957.8344864790122	3	1.85
25159.220700317477	1850	19.16857614649822	0.0	1060487	1873.7137055573444	3	1.85
25160.657549065916	1850	21.731727398056446	0.0	852833	1436.8487484417744	3	1.85
25162.27099681805	1850	24.11827964592253	0.0	913888	1613.4477521339138	3	1.85
25164.12675006902	4300	26.262526394954754	0.0	939819	1855.753250967778	5	1.85
25169.697755928966	4300	24.691520535005964	0.0	2102452	5571.005859948791	5	1.8499999999999996
25174.397305077764	4300	23.991971386208974	0.0	2209463	4699.549148796989	5	4.3
25178.870402975746	4300	23.51887348822718	0.0	2275376	4473.097897981796	5	4.3
25183.488136918033	4300	22.90113954593693	0.0	2005399	4617.733942290252	5	4.3
25188.953746955394	4300	21.43552950857615	0.0	2152483	5465.610037360776	5	4.3
25195.924838262104	4300	18.46443820186617	0.0	2289689	6971.091306709978	5	4.3
25202.02146199395	4300	16.36781447001662	0.0	2059512	6096.623731849552	5	4.3
25207.1680283683	4300	15.221248095667057	0.0	2220726	5146.5663743495625	5	4.3
25214.011084370366	4300	12.378192093600841	0.0	2156729	6843.056002066216	5	4.3
25220.537959016656	1850	9.851317447313926	0.0	2039773	6526.874646286914	3	4.3
25223.065181131322	1850	11.32409533264789	0.0	955231	2527.222114666036	3	-0.6000000000000001
25225.292257814082	1850	13.097018649886627	0.0	968026	2227.0766827612642	3	1.85
25227.185719372515	1850	15.203557091454734	0.0	874175	1893.4615584318924	3	1.85
25229.61981876805	1850	16.76945769591703	0.0	897976	2434.099395537702	3	1.85
25231.970720209716	1850	18.418556254248195	0.0	905935	2350.9014416688383	3	1.85
25234.41993971583	1850	19.969336748138566	0.0	1076599	2449.2195061096268	3	1.85
25236.211220395915	1850	22.178056068053866	0.0	758197	1791.280680084699	3	1.85
25238.442584743865	1850	23.946691720103665	0.0	972798	2231.3643479501975	3	1.85
25240.91637748406	1850	25.47289897990677	0.0	975811	2473.7927401968955	3	1.85
25244.016962113485	1850	26.372314350484036	0.0	873429	3100.5846294227326	3	1.85
25247.357074303138	1850	27.03220216083061	0.0	954453	3340.112189653427	3	1.85
25250.596741870177	1850	27.792534593793754	0.0	885062	3239.6675670368554	3	1.85
25253.480425694663	1850	28.908850769305083	0.0	1035329	2883.683824488672	3	1.85
25256.415798897422	1850	29.973477566544048	0.0	1026056	2935.373202761033	3	1.85
25259.066178045527	1850	31.323098418440726	0.0	943942	2650.3791481033227	3	1.85
25261.514439238774	1850	32.874837225190944	0.0	728962	2448.2611932497757	3	1.85
25264.186455789997	1850	34.20282067396786	0.0	938587	2672.0165512230874	3	1.85
25266.598576768436	4300	35.790699695531714	0.0	908665	2412.120978436145	5	1.85
25272.03146908327	4300	34.35780738069421	0.0	2146120	5432.892314837506	5	1.8499999999999996
25276.41115642931	4300	33.97812003465569	0.0	2108491	4379.68734603852	5	4.3
25280.945988005646	4300	33.44328845831852	0.0	2184571	4534.831576337161	5	4.3
25285.35307641665	4300	33.03620004731519	0.0	2121928	4407.088411003331	5	4.3
25289.958324467963	4300	32.430951995998505	0.0	2219102	4605.2480513166865	5	4.3
25294.44069362275	4300	31.948582841213256	0.0	2124950	4482.369154785249	5	4.3
25298.53803477312	4300	31.851241690844233	0.0	2246506	4097.341150369022	5	4.3
25302.435831922267	4300	31.95344454169612	0.0	1961140	3897.797149148116	5	4.3
25307.57425396908	4300	30.815022494882623	0.0	2155012	5138.422046813497	5	4.3

