44323.140817492014	750	4.0	3.620877729090499	450283	3620.877729090499	0.1243574165408516	-14.819774235089145
44324.57095596191	300	6.569861530100525	0.0	155580	1430.1384698994752	0.10878666875588332	-0.15000000000000002
44325.86464869867	300	9.27616879334303	0.0	139857	1293.692736757494	0.10810681394914297	0.3
44331.304944882155	1200	7.835872609862007	0.0	617681	5440.296183481024	0.11353811983169841	0.29999999999999993
44336.88874820189	750	6.2520692901226695	0.0	411561	5583.803319739338	0.07370621356685113	0.3
44338.149913348134	300	8.990904143885462	0.0	126289	1261.1651462372085	0.10013676668499266	-0.15000000000000002
44341.2391558961	750	9.901661595908438	0.0	352642	3089.2425479770245	0.11415160659072429	0.3
44347.30710695844	1200	7.8337105335683574	0.0	709534	6067.95106234008	0.11693139788216604	0.75
44349.592741289605	750	9.548076202404767	0.0	374758	2285.6343311635896	0.16396236042237566	0.3
44352.74075602184	1200	10.40006147017036	0.0	560821	3148.0147322344083	0.17815069105535558	0.75
44356.46423167493	1200	10.676585817082854	0.0	607410	3723.475653087505	0.1631298433484682	1.2
44359.22929374041	1200	11.911523751603053	0.0	594078	2765.062065479802	0.2148515967929688	1.2
44363.877670371185	1850	11.263147120837768	0.0	946851	4648.376630765284	0.2036949832621707	1.2000000000000002
44370.502507707024	1850	8.638309784997167	0.0	1036454	6624.837335840601	0.15644972811524713	1.85
44373.58410126776	750	9.556716224253442	0.0	337059	3081.5935607437264	0.10937814911537282	-0.3500000000000001
44376.4976531811	1200	10.643164310918705	0.0	587876	2913.5519133347366	0.20177296217356236	0.75
44379.45372351745	1200	11.687093974572997	0.0	617242	2956.0703363457073	0.2088049098192414	1.2
44383.65290441061	1850	11.487913081412573	0.0	885714	4199.180893160425	0.21092542153700505	1.2000000000000002
44388.41674546209	1850	10.724072029933728	0.0	987708	4763.841051478845	0.20733437352897924	1.85
44392.617192110214	1200	10.523625381812789	0.0	586839	4200.446648120941	0.13970871413460778	0.5499999999999999
44395.98605106628	1200	11.154766425740636	0.0	601738	3368.858956072152	0.17861774798122843	1.2
44400.976430864626	1850	10.164386627396736	0.0	955231	4990.3797983439	0.19141448919719528	1.2000000000000002
44404.21848116159	1200	10.922336330438174	0.0	656471	3242.0502969585623	0.2024863712373154	0.5499999999999999
44406.64311127355	1200	12.497706218476521	0.0	536667	2424.6301119616523	0.22133974058657896	1.2
44411.60851371949	1850	11.532303772537961	0.0	897976	4965.402445938559	0.18084656979506214	1.2000000000000002
44417.04077097101	1850	10.100046521014105	0.0	905935	5432.257251523856	0.1667695320846352	1.85
44419.94801151126	1200	11.192805980772548	0.0	696376	2907.240540241556	0.2395316075023292	0.5499999999999999
44423.646556881664	1850	11.494260610366336	0.0	758197	3698.5453704062106	0.20499870194014339	1.2000000000000002
44428.92528874934	1850	10.215528742687518	0.0	972798	5278.731867678818	0.184286306708691	1.85
44432.257248682836	1200	10.883568809201233	0.0	641447	3331.9599334862855	0.1925134193702153	0.5499999999999999
44435.74657002432	1200	11.394247467717742	0.0	570392	3489.3213414834922	0.1634678907954911	1.2
44444.56592256558	1850	6.574894926448427	0.0	954453	8819.352541269314	0.10822257025487174	1.2000000000000002
44445.87574355129	300	9.265073940743672	0.0	143881	1309.8209857047552	0.10984783536857455	-1.25
44449.88899965903	1200	9.251817833001159	0.0	670129	4013.256107742514	0.16697887750227644	0.29999999999999993
44454.17931478838	1200	8.961502703651222	0.0	690253	4290.315129349935	0.1608863170162017	1.2
44456.3216530098	750	10.819164482224464	0.0	365161	2142.3382214267594	0.170449743344825	0.3
44458.986686282966	1200	12.154131209062285	0.0	487812	2665.033273162179	0.18304161712067094	0.75
44466.41009759644	1850	8.730719895584446	0.0	938587	7423.411313477838	0.12643607640276042	1.2000000000000002
44468.69036139816	750	10.450456093862984	0.0	378327	2280.2638017214636	0.16591369810562515	-0.3500000000000001
44472.30046826841	1200	10.840349223616943	0.0	587506	3610.10687024604	0.16273922659800916	0.75
44476.46485576504	1200	10.675961726980265	0.0	566904	4164.387496636678	0.13613142399881223	1.2
44480.90230150501	1200	10.238515987009293	0.0	641452	4437.445739970973	0.1445543309345786	1.2
44484.54779860273	1200	10.593018889296314	0.0	599477	3645.49709771298	0.16444314285041803	1.2
44487.97995268996	1200	11.160864802068392	0.0	634861	3432.1540872279215	0.18497450401848473	1.2
44492.74158448646	1850	10.399233005563415	0.0	958994	4761.631796504977	0.20140028481494487	1.2000000000000002
44496.303425092534	1200	10.837392399493325	0.0	638661	3561.840606070091	0.1793064515328377	0.5499999999999999
44499.23016548263	1200	11.910652009395914	0.0	538612	2926.740390097411	0.18403135509469404	1.2
44505.19379888289	1850	9.947018609143921	0.0	846370	5963.633400251993	0.14192186930273692	1.2000000000000002

