68378.4570361911	750	4.0	7.220483015225618	450283	7220.483015225618	-30.298076965470155
68381.82433905618	300	4.632697134921389	0.0	155580	3367.302865078611	-0.15000000000000002
68386.03048122922	300	4.42655496187844	0.0	139857	4206.142173042948	0.3
68389.41597185229	300	5.041064338813944	0.0	155432	3385.490623064497	0.3
68395.44363412756	300	4.0	0.9865979364553159	163442	6027.662275269259	-3.942371126757858
68398.60462302773	300	4.839011099824653	0.0	126289	3160.9889001753468	0.3
68401.26841272012	300	6.175221407434726	0.0	153295	2663.789692389927	0.3
68404.86213439914	300	6.581499728405215	0.0	173849	3593.7216790295106	0.3
68411.14769029197	300	4.295943835579946	0.0	150710	6285.555892825269	0.3
68414.67317496965	300	4.770459157910431	0.0	139105	3525.484677669515	0.3
68419.34337878952	300	4.100255338040472	0.0	141840	4670.203819869959	0.3
68427.29627121938	300	4.0	3.8526370918297532	156148	7952.892429870225	-16.26633949486794
68432.88545425447	300	4.0	1.589183035085226	160746	5589.183035085226	-6.533487050866472
68442.16303870357	300	4.0	5.27758444909571	179801	9277.58444909571	-22.39361313111155
68445.8361753797	300	4.326863323864805	0.0	140051	3673.1366761351956	0.3
68449.82681852124	300	4.336220182345175	0.0	138313	3990.6431415196294	0.3
68453.80280927973	300	4.360229423851939	0.0	143509	3975.9907584932366	0.3
68457.65539533655	300	4.507643367027787	0.0	150616	3852.5860568241524	0.3
68466.66293256237	300	4.0	4.4998938587827	165384	9007.537225810487	-19.04954359276561
68479.78873313151	300	4.0	9.1258005691483	140881	13125.8005691483	-38.94094244733769
68490.05180466245	300	4.0	6.263071530943238	157671	10263.071530943238	-26.63120758305592
68498.50869180335	300	4.0	4.456887140905613	157812	8456.887140905614	-18.864614705894137
68507.58377599716	300	4.0	5.07508419381153	163927	9075.08419381153	-21.522862033389575
68514.02567953567	300	4.0	2.441903538517142	137654	6441.903538517142	-10.200185215623709
68518.37615290699	300	4.0	0.35047337130717277	146754	4350.473371307173	-1.2070354966208428
68524.146143652	300	4.0	1.7699907450155314	153938	5769.9907450155315	-7.310960203566785
68540.47166696658	300	4.0	12.325523314558678	181901	16325.523314558679	-52.699750252602314
68547.67006376182	300	4.0	3.198396795249312	111155	7198.396795249312	-13.45310621957204
68557.87372233403	300	4.0	6.203658572213748	153605	10203.658572213748	-26.375731860519117
68569.92369178993	300	4.0	8.049969455897608	149029	12049.969455897608	-34.31486866035972
68574.05299938093	300	4.0	0.12930759100480738	157421	4129.307591004807	-0.2560226413206717
68585.4578251563	300	4.0	7.404825775372079	157488	11404.825775372079	-31.54075083409994
68593.88403570422	300	4.0	4.426210547925428	143881	8426.210547925428	-18.73270535607934
68602.34923379128	300	4.0	4.4651980870499735	163444	8465.198087049974	-18.900351774314885
68611.16549751876	300	4.0	4.816263727480984	179328	8816.263727480984	-20.40993402816823
68620.95468535686	300	4.0	5.789187838085791	159914	9789.18783808579	-24.5935077037689
68623.75008648985	300	5.204598867007247	0.0	131610	2795.4011329927525	0.3
68628.16330971403	300	4.7913756428195375	0.0	124011	4413.22322418771	0.3
68630.92944717966	300	6.025238177195279	0.0	144254	2766.1374656242583	0.3
68633.33711239806	300	7.6175729587926275	0.0	149991	2407.6652184026516	0.3
68635.82963446323	300	9.125050893630362	0.0	147968	2492.522065162263	0.3
68638.68853831105	300	10.266147045805893	0.0	161857	2858.9038478244706	0.3
68641.33639633558	300	11.618289021266257	0.0	145210	2647.8580245396347	0.3
68644.32849239507	300	12.626192961774072	0.0	172312	2992.0960594921853	0.3
68649.37370714461	300	11.580978212241291	0.0	167025	5045.21474953278	0.3
68652.26991005598	300	12.684775300860606	0.0	160064	2896.202911380686	0.3
68654.53090541357	300	14.423779943269428	0.0	137507	2260.9953575911773	0.3
68661.57716975389	750	11.377515602946136	0.0	314107	7046.264340323291	0.3

