93090.43072259499	750	4.0	1.9681893002633224	450283	1968.1893002633224	0.22878033121090385	-7.713213991132285
93091.03414348245	300	7.3965791125518185	0.0	155580	603.4208874481815	0.25782998771874693	-0.15000000000000002
93092.25623681498	750	10.17448578002714	0.0	350812	1222.093332524679	0.28705827178949583	0.3
93095.24664418321	1200	11.184078411794788	0.0	617681	2990.4073682323533	0.2065541325779687	0.75
93100.60366233699	1850	9.827060258001032	0.0	996749	5357.018153793758	0.1860641445267677	1.2000000000000002
93102.48840080519	1200	11.942321789796283	0.0	520315	1884.7384682047473	0.2760674803308975	0.5499999999999999
93106.60037820728	1850	11.830344387701608	0.0	905515	4111.977402094678	0.22021400203676278	1.2000000000000002
93110.3591062361	1850	12.071616358875744	0.0	1060487	3758.728028825863	0.2821398600449607	1.85
93113.39893168073	1850	13.031790914257545	0.0	852833	3039.8254446182004	0.28055328029110405	1.85
93120.18138013808	2850	10.249342456897388	0.0	1429765	6782.448457360157	0.21080366610798967	1.85
93123.66865382584	1200	10.76206876915449	0.0	607410	3487.2736877428974	0.17417904483233718	-0.44999999999999996
93125.7949972538	1200	12.635725341190664	0.0	594078	2126.343427963825	0.2793894872235601	1.2
93129.10948458289	1850	13.3212380121034	0.0	946851	3314.487329087263	0.28567042380600743	1.2000000000000002
93134.40857198504	2850	12.022150609954334	0.0	1578343	5299.087402149065	0.2978518526340775	1.85
93137.35993647386	1850	13.070786121133649	0.0	821631	2951.3644888206854	0.278390216834353	0.8500000000000001
93144.92413327355	2850	9.50658932144265	0.0	1471065	7564.196799690999	0.19447735681071834	1.85
93152.28164314973	1200	6.149079445260033	0.0	617242	7357.5098761826175	0.0838927857913051	-0.44999999999999996
93152.8800115117	300	9.550711083296322	0.0	150616	598.3683619637114	0.25171116919636577	-0.6000000000000001
93155.2381674144	1200	11.192555180600833	0.0	639204	2358.1559026954883	0.27106095880656506	0.29999999999999993
93158.47447866377	1850	11.956243931228828	0.0	923755	3236.311249372006	0.2854345360568305	1.2000000000000002
93163.6729650868	1850	10.757757508216317	0.0	891604	5198.486423012511	0.1715122301855157	1.85
93167.92596054074	1200	10.50476205426317	0.0	616206	4252.995453953145	0.14488752848941763	0.5499999999999999
93170.6203882338	1200	11.810334361207527	0.0	656471	2694.4276930556425	0.2436402363633379	1.2
93173.76459434893	1850	12.666128246063412	0.0	874175	3144.2061151441153	0.2780272564796319	1.2000000000000002
93177.13295477795	1850	13.297767817058622	0.0	897976	3368.3604290047892	0.2665914230162461	1.85
93183.37094315341	2850	11.059779441595765	0.0	1480464	6237.988375462857	0.23733035569982924	1.85
93187.07787078072	1850	11.352851814284675	0.0	1076599	3706.9276273110904	0.29042892342112897	0.8500000000000001
93190.98597405238	1850	11.4447485426187	0.0	758197	3908.103271665973	0.19400638808523363	1.85
93194.61176590492	1850	11.818956690087463	0.0	972798	3625.791852531239	0.26829946107382585	1.85
93198.10206196034	1850	12.32866063466952	0.0	975811	3490.2960554179444	0.279578289207089	1.85
93201.46174259276	1850	12.968980002263745	0.0	873429	3359.680632405774	0.2599738176228262	1.85
93205.57019029437	1850	12.860532300640259	0.0	954453	4108.447701623487	0.23231474983187447	1.85
93209.9769976845	1850	12.45372491052391	0.0	885062	4406.807390116347	0.2008397285492963	1.85
93214.40878656629	1850	12.021936028727822	0.0	1035329	4431.788881796089	0.23361424192670657	1.85
93217.8592771911	1850	12.571445403906983	0.0	1026056	3450.490624820839	0.29736524789232727	1.85
93222.09276283637	1850	12.33795975863656	0.0	943942	4233.485645270422	0.22297040290063483	1.85
93226.20382284194	1850	12.226899753063881	0.0	728962	4111.060005572679	0.1773172853258935	1.85
93229.8486912513	1850	12.582031343699553	0.0	938587	3644.8684093643274	0.2575091593399092	1.85
93233.95394203548	1850	12.476780559520638	0.0	908665	4105.250784178916	0.22134214150859496	1.85
93237.19117444944	1850	13.239548145565445	0.0	930577	3237.2324139551934	0.2874606704135393	1.85
93242.70220174268	2850	11.728520852327813	0.0	1339500	5511.027293237631	0.24305813212786095	1.85
93247.15762009319	1850	11.273102501830753	0.0	1025005	4455.4183504970615	0.23005808194995808	0.8500000000000001
93250.09885085338	1850	12.331871741634629	0.0	886255	2941.230760196124	0.3013211380738123	1.85
93253.40479120663	1850	13.02593138838649	0.0	973972	3305.9403532481397	0.29461269591360195	1.85
93258.28262783246	2850	12.14809476255656	0.0	1464921	4877.836625829929	0.3003218665099826	1.85
93261.75641424578	1850	12.674308349230815	0.0	982064	3473.7864133257467	0.2827070761267063	0.8500000000000001
93264.49897865477	1850	13.931743940247525	0.0	830730	2742.564408983289	0.3029026400543003	1.85
93269.84794341087	2850	12.582779184146242	0.0	1364537	5348.9647561012835	0.25510300819304227	1.85

