23453.620554898043	750	4.0	5.5676056372393425	450283	5567.605637239342	-23.190704240129172
23454.80790867593	300	6.81264622210957	0.0	155580	1187.3537778904306	-0.15000000000000002
23455.843412220012	300	9.77714267802899	0.0	139857	1035.503544080579	0.3
23457.127082304232	300	12.493472593808896	0.0	155432	1283.6700842200953	0.3
23458.735541644623	300	14.885013253419968	0.0	163442	1608.4593403889262	0.3
23460.377882639594	300	17.242672258447943	0.0	126289	1642.340994972026	0.3
23461.646035274713	300	19.97451962332787	0.0	153295	1268.1526351200757	0.3
23467.83167727116	1200	17.788877626884585	0.0	709534	6185.641996443284	0.29999999999999993
23472.614448085198	1200	17.00610681284419	0.0	584846	4782.770814040391	1.2
23475.45861682129	1200	18.161938076748168	0.0	560821	2844.168736096025	1.2
23482.79468460223	1850	14.825870295808844	0.0	939819	7336.067780939323	1.2000000000000002
23489.0615565072	1200	12.558998390838006	0.0	594078	6266.871904970837	0.5499999999999999
23490.944901881416	750	14.675653016621366	0.0	386351	1883.3453742166375	0.3
23497.791022245434	1200	11.829532652603572	0.0	687371	6846.120364017796	0.75
23503.25022569069	750	10.370329207348684	0.0	337059	5459.203445254888	0.3
23504.05936641085	300	13.561188487190893	0.0	138313	809.1407201577917	-0.15000000000000002
23505.925142728443	750	15.69541216959508	0.0	360831	1865.776317595813	0.3
23508.015593068794	750	17.60496182924449	0.0	372963	2090.45034035059	0.75
23510.29672841295	750	19.3238264850868	0.0	405596	2281.1353441576916	0.75
23511.879031175045	750	21.74152372299092	0.0	350713	1582.3027620958826	0.75
23516.61298110123	1850	21.007573796807467	0.0	891604	4733.949926183449	0.75
23520.900066448434	1850	20.72048844960316	0.0	955231	4287.085347204308	1.85
23525.04340043491	1850	20.57715446312785	0.0	968026	4143.333986475307	1.85
23530.724292266867	2850	18.896262631170224	0.0	1323990	5680.891831957629	1.85
23536.87662204503	2850	16.743932853007504	0.0	1383735	6152.329778162719	2.85
23545.613790006737	2850	12.006764891298632	0.0	1480464	8737.167961708872	2.85
23560.540216623514	1850	4.0	2.9196617254793655	1076599	14926.426616777997	-11.704545419561272
23562.359604710146	300	6.180611913367	0.0	111155	1819.3880866329996	-1.25
23563.888706176793	300	8.651510446724288	0.0	153605	1529.1014666427122	0.3
23568.001490958468	300	8.538725665049196	0.0	149029	4112.784781675091	0.3
23569.646105890406	300	10.894110733110901	0.0	157421	1644.6149319382953	0.3
23572.36648751836	300	12.173729105156932	0.0	157488	2720.3816279539697	0.3
23574.94764809828	300	13.592568525234618	0.0	143881	2581.160579922312	0.3
23576.425526379837	300	16.11469024367881	0.0	163444	1477.878281555807	0.3
23578.664688464385	300	17.87552815913203	0.0	179328	2239.162084546781	0.3
23579.824458798637	300	20.71575782487902	0.0	159914	1159.7703342530103	0.3
23583.931943336316	1200	20.60827328719807	0.0	487812	4107.48453768095	0.29999999999999993
23587.660493356998	1200	20.879723266513043	0.0	575591	3728.5500206850247	1.2
23594.21122330235	1200	18.32899332116288	0.0	605884	6550.729945350162	1.2
23598.85126604111	1200	17.688950582402587	0.0	587506	4640.042738760295	1.2
23604.61690136103	1200	15.923315262485115	0.0	566904	5765.635319917472	1.2
23608.42749743046	750	16.11271919305194	0.0	384505	3810.5960694331743	0.3
23613.363625086487	750	15.176591537029617	0.0	372093	4936.127656022322	0.75
23619.091985368	750	13.448231255516559	0.0	438281	5728.360281513059	0.75
23623.6261352634	750	12.914081360116763	0.0	398987	4534.149895399796	0.75
23626.91322147651	750	13.626995147004076	0.0	393804	3287.086213112688	0.75
23632.167550566406	1850	12.372666057108981	0.0	830730	5254.329089895094	0.75
23642.45679008432	2850	6.083426539191529	0.0	1364537	10289.239517917453	1.85

