32675.278259161063	300	4.0	5.194358296586338	450283	5194.358296586338	0	-21.58574067532125
32677.12535199775	300	6.152907163310846	0.0	155580	1847.0928366891542	0	-0.15000000000000002
32678.793861464655	300	8.48439769640742	0.0	139857	1668.5094669034263	0	0.3
32680.63927330289	300	10.638985858174559	0.0	155432	1845.4118382328618	0	0.3
32682.57566350352	300	12.702595657543702	0.0	163442	1936.3902006308574	0	0.3
32684.090066301134	750	15.188192859930663	0.0	126289	1514.402797613039	1	0.3
32688.175408582374	750	15.10285057868798	0.0	352642	4085.342281242684	1	0.3
32693.220737279335	750	14.057521881730118	0.0	437162	5045.328696957862	1	0.75
32697.557275248815	750	13.720983912248474	0.0	374758	4336.537969481643	1	0.75
32701.757936295777	750	13.520322865284585	0.0	362795	4200.661046963889	1	0.75
32705.849843557477	750	13.428415603584217	0.0	353220	4091.907261700367	1	0.75
32710.531395102018	750	12.746864059046205	0.0	405134	4681.5515445380115	1	0.75
32714.999607497874	750	12.278651663187539	0.0	386351	4468.212395858668	1	0.75
32720.013667351926	750	11.264591809136254	0.0	434409	5014.059854051285	1	0.75
32723.92201639706	750	11.356242764004426	0.0	337059	3908.3490451318276	1	0.75
32728.161510779984	750	11.116748381080644	0.0	366214	4239.494382923782	1	0.75
32732.33986452311	750	10.938394637955666	0.0	360831	4178.35374312498	1	0.75
32736.65601470726	750	10.622244453805408	0.0	372963	4316.150184150258	1	0.75
32741.342813692925	300	9.935445468140323	0.0	405596	4686.798985665087	0	0.75
32743.02295385185	300	12.25530530921498	0.0	140881	1680.1401589253423	0	-0.15000000000000002
32744.893796470784	300	14.384462690281854	0.0	157671	1870.8426189331256	0	0.3
32746.76624058149	750	16.51201857957618	0.0	157812	1872.4441107056743	1	0.3
32751.410526207546	750	15.867732953518546	0.0	401853	4644.2856260576345	1	0.3
32755.395440189124	750	15.882818971941663	0.0	343800	3984.9139815768817	1	0.75
32759.5632536176	750	15.715005543461546	0.0	359903	4167.813428480118	1	0.75
32763.95592330581	750	15.322335855256945	0.0	379700	4392.669688204603	1	0.75
32768.8719854931	750	14.406273667968444	0.0	425781	4916.0621872885	1	0.75
32772.10631094775	750	15.17194821332154	0.0	277716	3234.325454646904	1	0.75
32776.73404782549	750	14.544211335580247	0.0	400396	4627.736877741294	1	0.75
32781.36305681017	750	13.915202350899053	0.0	400508	4629.0089846811925	1	0.75
32785.42123684507	750	13.85702231600241	0.0	358218	4058.1800348966417	1	0.75
32789.647181889755	750	13.631077271316208	0.0	400322	4225.945044686202	1	0.75
32793.54292171077	750	13.735337450308302	0.0	369834	3895.739821007906	1	0.75
32797.88234237107	750	13.395916789997349	0.0	412837	4339.420660310952	1	0.75
32804.426792013066	750	10.851467148001687	0.0	401088	6544.44964199566	1	0.75
32809.53849542297	300	9.73976373810564	0.0	365161	5111.703409896046	0	0.75
32811.43200367214	300	11.846255488932213	0.0	131610	1893.5082491734292	0	-0.15000000000000002
32813.220802179	300	14.057456982069162	0.0	124011	1788.798506863051	0	0.3
32815.28853729773	750	15.989721863337579	0.0	144254	2067.7351187315844	1	0.3
32820.75187749063	750	14.52638167044133	0.0	390680	5463.3401928962485	1	0.3
32825.59288437629	750	13.685374784783653	0.0	345516	4841.006885657675	1	0.75
32830.97113670778	750	12.307122453285823	0.0	384505	5378.25233149783	1	0.75
32836.049190985694	750	11.229068175381894	0.0	372093	5078.054277903931	1	0.75
32841.26676206805	300	10.01149709302474	0.0	438281	5217.5710823571535	0	0.75
32843.29967682841	300	11.978582332667859	0.0	167025	2032.9147603568829	0	-0.15000000000000002
32845.251201140345	300	14.027058020727946	0.0	160064	1951.5243119399136	0	0.3
32846.93898111312	750	16.339278047955045	0.0	137507	1687.7799727729014	1	0.3
32850.69163009759	750	16.58662906348314	0.0	314107	3752.6489844719017	1	0.3

