91129.24358798974	300	4.0	4.736142853943908	450283	4736.1428539439075	0	-19.6154142719588
91130.53112045665	300	6.712467533084924	0.0	155580	1287.5324669150764	0	-0.15000000000000002
91131.69661903118	300	9.546968958555153	0.0	139857	1165.4985745297713	0	0.3
91132.94016322521	750	12.30342476451335	0.0	155432	1243.544194041803	1	0.3
91135.50382727556	750	13.739760714170938	0.0	411561	2563.6640503424132	1	0.3
91137.50627851495	750	15.737309474784114	0.0	318564	2002.4512393868235	1	0.75
91139.71438165894	750	17.529206330800964	0.0	352642	2208.10314398315	1	0.75
91142.09754567717	750	19.146042312571932	0.0	437162	2383.164018229034	1	0.75
91143.8686613133	750	21.374926676434825	0.0	374758	1771.1156361371063	1	0.75
91145.58579326837	1850	23.6577947213802	0.0	362795	1717.1319550546257	3	0.75
91149.90677706602	1850	23.336810923732813	0.0	939819	4320.9837976473855	3	0.75
91154.12672027158	1850	23.11686771817084	0.0	917428	4219.943205561971	3	1.85
91161.00707628224	1850	20.236511707517213	0.0	946851	6880.356010653629	3	1.85
91167.02440775278	1850	18.219180236984894	0.0	1036454	6017.33147053232	3	1.85
91171.79429990675	1850	17.449288083025127	0.0	821631	4769.892153959766	3	1.85
91177.14377944169	1850	16.09980854808665	0.0	923170	5349.4795349384785	3	1.85
91182.74172369567	1850	14.501864294107975	0.0	966699	5597.944253978674	3	1.85
91187.65343287533	1850	13.59015511443685	0.0	885714	4911.709179671126	3	1.85
91192.73193411519	1850	12.511653874579336	0.0	987708	5078.501239857512	3	1.85
91197.23728923277	1850	12.006298756988516	0.0	923755	4505.3551175908215	3	1.85
91201.00910502308	1850	12.234482966678222	0.0	891604	3771.815790310293	3	1.85
91204.94494179351	1850	12.29864619624441	0.0	955231	3935.836770433812	3	1.85
91208.93242620883	1850	12.311161780918734	0.0	968026	3987.4844153256768	3	1.85
91212.54107646077	1850	12.702511528996446	0.0	874175	3608.6502519222868	3	1.85
91216.55084054434	1850	12.69274744541554	0.0	897976	4009.7640835809075	3	1.85
91219.66576882762	1850	13.577819162140168	0.0	905935	3114.9282832753725	3	1.85
91223.374163845	1850	13.869424144758561	0.0	1076599	3708.395017381606	3	1.85
91225.85477133935	1850	15.388816650412455	0.0	758197	2480.6074943461067	3	1.85
91228.46845143309	1850	16.775136556668965	0.0	972798	2613.680093743491	3	1.85
91231.08997897114	1850	18.153609018623108	0.0	975811	2621.5275380458534	3	1.85
91233.44484967462	1850	19.79873831514892	0.0	873429	2354.870703474189	3	1.85
91236.01074969344	1850	21.232838296323063	0.0	954453	2565.9000188258574	3	1.85
91238.39591887669	1850	22.84766911307145	0.0	885062	2385.169183251612	3	1.85
91241.17246274067	1850	24.071125249108576	0.0	1035329	2776.5438639628733	3	1.85
91243.92485481205	1850	25.3187331777165	0.0	1026056	2752.392071392079	3	1.85
91246.46337863205	1850	26.780209357716437	0.0	943942	2538.5238200000604	3	1.85
91249.36919550452	1850	27.874392485251498	0.0	728962	2905.816872464941	3	1.85
91253.76440456834	1850	27.4791834214173	0.0	938587	4395.209063834196	3	1.85
91257.20017194563	1850	28.043416044133433	0.0	908665	3435.7673772838657	3	1.85
91261.72428727032	1850	27.519300719444352	0.0	930577	4524.115324689082	3	1.85
91265.97942974014	1850	27.264158249626895	0.0	858450	4255.142469817456	3	1.85
91270.26604770192	1850	26.977540287840526	0.0	1025005	4286.617961786372	3	1.85
91275.66563977563	1850	25.577948214129393	0.0	886255	5399.592073711132	3	1.85
91279.83547062174	1850	25.408117368034436	0.0	973972	4169.830846094957	3	1.85
91285.04721755254	1850	24.196370437232424	0.0	958994	5211.746930802012	3	1.85
91291.08172132589	1850	22.1618666638786	0.0	982064	6034.503773353825	3	1.85
91295.8398941367	1850	21.403693853049344	0.0	830730	4758.172810829258	3	1.85
91301.09548199056	1850	20.14810599919768	0.0	846370	5255.587853851664	3	1.85

