49633.34979544262	750	4.0	10.5668423568866	450283	10566.8423568866	-44.687422134612376
49637.13539300461	300	4.214402438005955	0.0	155580	3785.597561994046	-0.15000000000000002
49640.362802035714	300	4.98699340690871	0.0	139857	3227.409031097244	0.3
49643.78966460103	300	5.560130841592451	0.0	155432	3426.8625653162603	0.3
49647.35528137573	300	5.9945140668928305	0.0	163442	3565.6167746996202	0.3
49650.126708366275	300	7.223087076342917	0.0	126289	2771.4269905499136	0.3
49653.489303871036	300	7.860491571585333	0.0	153295	3362.595504757585	0.3
49657.42853491732	300	7.921260525297048	0.0	173849	3939.2310462882856	0.3
49660.749195127006	300	8.600600315619209	0.0	150710	3320.660209677838	0.3
49663.74981767504	300	9.599977767586358	0.0	139105	3000.622548032851	0.3
49666.886916413656	300	10.462879028970969	0.0	141840	3137.098738615391	0.3
49670.176219608365	300	11.173575834259706	0.0	156148	3289.303194711263	0.3
49673.4792773783	300	11.870518064330117	0.0	160746	3303.057769929588	0.3
49677.23908004537	300	12.110715397255495	0.0	179801	3759.8026670746217	0.3
49680.116869154335	300	13.232926288294772	0.0	140051	2877.7891089607233	0.3
49682.95299385028	300	14.396801592348526	0.0	138313	2836.124695946245	0.3
49685.892657793585	300	15.457137649042043	0.0	143509	2939.663943306483	0.3
49688.989985251625	300	16.35981019100547	0.0	150616	3097.3274580365746	0.3
49692.05174158452	300	17.298053858117527	0.0	165384	3061.7563328879423	0.3
49694.24740753301	300	19.102387909625186	0.0	140881	2195.6659484923393	0.3
49699.44001373228	750	17.909781710356018	0.0	386472	5192.6061992691675	0.3
49704.810178462074	750	16.539616980568233	0.0	399894	5370.164729787785	0.75
49710.20625864122	750	15.143536801422233	0.0	401853	5396.080179146001	0.75
49714.83436047346	750	14.515434969184088	0.0	343800	4628.101832238144	0.75
49719.675487564	750	13.674307878643061	0.0	359903	4841.127090541027	0.75
49724.77850753405	750	12.571287908599945	0.0	379700	5103.019970043117	0.75
49729.46379418073	750	11.886001261922425	0.0	425781	4685.286646677519	0.75
49732.25952967531	750	13.090265767338915	0.0	277716	2795.7354945835104	0.75
49736.25493112531	750	13.094864317335102	0.0	400396	3995.401450003814	0.75
49742.607527539614	1200	10.742267903033767	0.0	641447	6352.5964143013325	0.75
49748.265289714735	1200	9.084505727910702	0.0	570392	5657.762175123066	1.2
49754.41092712773	1200	6.938868314917777	0.0	620283	6145.637412992925	1.2
49758.18443676165	750	7.165358681000092	0.0	369834	3773.509633917685	0.3
49762.590406232135	750	6.759389210511866	0.0	412837	4405.969470488226	0.75
49766.87326218492	750	6.476533257728609	0.0	401088	4282.855952783258	0.75
49770.77965211075	750	6.5701433318911695	0.0	365161	3906.38992583744	0.75
49774.406256883514	750	6.943538559131997	0.0	321064	3626.6047727591726	0.75
49778.515441209514	750	6.8343542331287335	0.0	361565	4109.184326003264	0.75
49782.811416811426	750	6.538378631220815	0.0	378327	4295.975601907919	0.75
49787.2450509643	750	6.104744478349395	0.0	390680	4433.63415287142	0.75
49791.175389497024	750	6.174405945628187	0.0	345516	3930.338532721208	0.75
49795.54021109002	750	5.809584352636926	0.0	384505	4364.82159299126	0.75
49809.740449694604	750	4.0	8.390654251945918	372093	14200.238604582844	-35.32981328336744
49814.1615992854	300	4.0	0.4211495907995741	172312	4421.149590799574	-1.9609432404381684
49818.06954472692	300	4.092054558482055	0.0	167025	3907.945441517945	0.3
49822.00997876246	300	4.151620522939016	0.0	160064	3940.4340355430395	0.3
49825.52693847184	300	4.634660813553021	0.0	137507	3516.959709385995	0.3
49828.229770060934	300	5.931829224458288	0.0	118421	2702.831589094732	0.3

