50027.18174312394	750	4.0	12.008116451169277	450283	12008.116451169277	-50.88490074002789
50029.94293198523	300	5.238811138711066	0.0	155580	2761.1888612889347	-0.15000000000000002
50035.22821458799	300	4.0	0.046471464045859646	139857	5285.282602756925	0.10017270460280353
50038.5796727589	300	4.648541829086465	0.0	155432	3351.4581709135346	0.3
50041.30232953902	300	5.925885048959261	0.0	163442	2722.6567801272054	0.3
50044.8010538502	300	6.427160737788261	0.0	126289	3498.724311171	0.3
50050.087353344534	300	5.140861243450219	0.0	153295	5286.299494338042	0.3
50053.87282750568	300	5.355387082307534	0.0	173849	3785.474161142685	0.3
50057.60404659773	300	5.62416799025873	0.0	150710	3731.2190920488038	0.3
50059.91546681227	300	7.312747775711219	0.0	139105	2311.420214547512	0.3
50062.17718496434	300	9.051029623642895	0.0	141840	2261.718152068323	0.3
50065.19710168401	300	10.031112903972815	0.0	156148	3019.91671967008	0.3
50069.19642047341	300	10.03179411457202	0.0	160746	3999.3187894007933	0.3
50072.303382324186	300	10.924832263797928	0.0	179801	3106.961850774094	0.3
50075.62785230392	300	11.600362284067597	0.0	140051	3324.469979730331	0.3
50079.69622604267	300	11.531988545316095	0.0	138313	4068.3737387515016	0.3
50083.741186055864	300	11.487028532129218	0.0	143509	4044.960013186877	0.3
50087.23791997426	300	11.99029461372723	0.0	150616	3496.7339184019884	0.3
50089.394692377	300	13.833522210989521	0.0	165384	2156.772402737709	0.3
50091.83465643657	300	15.393558151423003	0.0	140881	2439.964059566518	0.3
50095.518396131345	300	15.70981845664584	0.0	157671	3683.739694777164	0.3
50099.87108594301	300	15.357128644985107	0.0	157812	4352.6898116607335	0.3
50103.914283644204	300	15.313930943785376	0.0	163927	4043.197701199731	0.3
50106.54544864606	300	16.682765941927407	0.0	137654	2631.165001857969	0.3
50109.38010221164	300	17.848112376352276	0.0	146754	2834.653565575128	0.3
50115.24800158995	300	15.980212998042065	0.0	153938	5867.899378310212	0.3
50120.01694182975	300	15.211272758243569	0.0	181901	4768.940239798496	0.3
50122.895633755055	300	16.332580832934312	0.0	111155	2878.6919253092565	0.3
50127.89240060859	300	15.335813979404971	0.0	153605	4996.7668535293415	0.3
50133.714226468735	300	13.513988119253911	0.0	149029	5821.825860151061	0.3
50136.52196418773	300	14.706250400260704	0.0	157421	2807.737718993207	0.3
50141.84966404984	300	13.378550538142584	0.0	157488	5327.69986211812	0.3
50144.35500266733	300	14.873211920653727	0.0	143881	2505.3386174888565	0.3
50148.6100150419	300	14.61819954608292	0.0	163444	4255.012374570807	0.3
50154.20633094445	300	13.0218836435343	0.0	179328	5596.315902548619	0.3
50161.28009609933	300	9.948118488649376	0.0	159914	7073.7651548849235	0.3
50166.18698959245	300	9.041224995531246	0.0	131610	4906.8934931181275	0.3
50169.92223849005	300	9.305976097930278	0.0	124011	3735.248897600968	0.3
50173.50113136231	300	9.72708322567217	0.0	144254	3578.8928722581095	0.3
50177.28075195131	300	9.94746263667716	0.0	149991	3779.620588995009	0.3
50180.10763344474	300	11.120581143243559	0.0	147968	2826.8814934336033	0.3
50186.003290473185	300	9.224924114799439	0.0	161857	5895.657028444119	0.3
50188.639139572915	300	10.589075015068317	0.0	145210	2635.8490997311224	0.3
50191.568231705496	300	11.659982882491821	0.0	172312	2929.092132576498	0.3
50197.7823553899	300	9.445859198081987	0.0	167025	6214.123684409833	0.3
50201.48009427021	300	9.748120317768905	0.0	160064	3697.738880313084	0.3
50205.213119372165	300	10.015095215813592	0.0	137507	3733.0251019553116	0.3
50207.42669652359	300	11.80151806439372	0.0	118421	2213.5771514198714	0.3

