82143.73352231059	300	4.0	0.5369392251698598	181801	536.9392251698598	-2.008838668230397
82144.2807528697	300	7.452769440894054	0.0	155580	547.2305591059467	0.3
82144.72543814206	300	11.008084168525631	0.0	139857	444.6852723684221	0.3
82145.17611991182	300	14.557402398772497	0.0	155432	450.6817697531336	0.3
82146.25657429268	750	17.476948017918772	0.0	411561	1080.454380853722	0.3
82146.98487467923	750	20.748647631373156	0.0	318564	728.3003865456151	0.75
82148.22346117164	1200	23.510061138960445	0.0	561791	1238.5864924127138	0.75
82152.69396687501	1850	23.039555435584205	0.0	1060487	4470.50570337624	1.2000000000000002
82156.06234112883	1850	23.671181181769768	0.0	852833	3368.37425381444	1.85
82159.53819184535	1850	24.195330465254557	0.0	913888	3475.8507165152128	1.85
82163.44072308483	2850	24.29279922576149	0.0	1354548	3902.5312394930625	1.85
82167.52547186623	1850	24.20805044436145	0.0	917428	4084.74878140004	0.8500000000000001
82172.42039122619	1850	23.313131084408454	0.0	946851	4894.919359952996	1.85
82177.27033877732	1850	22.463183533273988	0.0	1036454	4849.94755113447	1.85
82180.24566835944	1850	23.487853951167832	0.0	821631	2975.3295821061556	1.85
82182.62629785744	1850	25.107224453159617	0.0	923170	2380.6294980082157	1.85
82184.25987722787	1850	27.473645082722687	0.0	966699	1633.5793704369262	1.85
82196.09730540797	2850	19.636216902623044	0.0	1358801	11837.428180099643	1.85
82214.26400348067	1200	5.469518829917466	0.0	639204	18166.698072705578	-0.44999999999999996
82219.4303955065	300	4.303126804093493	0.0	140881	5166.392025823973	-0.6000000000000001
82226.2802346115	300	4.0	2.546712300914723	157671	6849.8391050082155	-10.650862893933306
82228.31563963759	300	5.964594973923947	0.0	157812	2035.4050260760534	0.3
82229.5715414899	300	8.708693121608514	0.0	163927	1255.9018523154323	0.3
82230.20486616349	300	12.075368448020079	0.0	137654	633.324673588435	0.3
82230.78835489362	300	15.491879717883542	0.0	146754	583.4887301365387	0.3
82232.90551813098	750	17.374716480525198	0.0	379700	2117.1632373583434	0.3
82235.266747909	750	19.01348670252422	0.0	425781	2361.229778000976	0.75
82236.26661072088	750	22.013623890651203	0.0	277716	999.8628118730157	0.75
82239.04188846746	1200	23.238346144064842	0.0	622896	2775.2777465863624	0.75
82242.00271941636	1850	24.27751519517438	0.0	975811	2960.8309488904633	1.2000000000000002
82248.0159530107	1850	22.26428160081411	0.0	873429	6013.233594360272	1.85
82251.66114527838	1850	22.619089333147716	0.0	954453	3645.1922676663926	1.85
82254.06107529227	1850	24.219159319274382	0.0	885062	2399.930013873333	1.85
82257.762621369	1850	24.517613242548965	0.0	1035329	3701.546076725421	1.85
82262.37460428322	2850	23.905630328320886	0.0	1492672	4611.982914228076	1.85
82267.66624466976	1850	22.613989941762878	0.0	943942	5291.640386558011	0.8500000000000001
82270.54089247576	1850	23.73934213576024	0.0	728962	2874.6478060026398	1.85
82273.49308164397	1850	24.787152967564808	0.0	938587	2952.189168195429	1.85
82276.69582276145	1850	25.584411850093595	0.0	908665	3202.7411174712147	1.85
82279.64902050035	2850	26.631214111191824	0.0	1402287	2953.1977389017684	1.85
82286.41510174118	2850	23.865132870358146	0.0	1339500	6766.081240833678	2.85
82289.7761057292	1850	24.504128882341266	0.0	1025005	3361.00398801688	0.8500000000000001
82292.87391962616	1850	25.406314985368027	0.0	886255	3097.8138969732377	1.85
82294.98608066395	1850	27.294153947577527	0.0	973972	2112.1610377904963	1.85
82300.65917649564	2850	25.62105811588129	0.0	1464921	5673.095831696239	1.85
82308.19193107841	2850	22.088303533104597	0.0	1483527	7532.7545827766935	2.85
82310.11069213768	1850	24.16954247385375	0.0	830730	1918.7610592508518	0.8500000000000001
82313.56427209369	1850	24.715962517850933	0.0	846370	3453.5799560028136	1.85

