79326.39389282392	750	4.0	3.0133990141365787	450283	3013.399014136579	-12.207615760787288
79327.626898248	750	6.766994575916315	0.0	398865	1233.0054240836853	0.75
79329.16669580864	1200	9.22719701526687	0.0	571051	1539.7975606494433	0.75
79330.82569526239	1200	11.56819756152367	0.0	617681	1658.9994537432012	1.2
79336.30780417463	1200	10.086088649284612	0.0	652874	5482.108912239058	1.2
79338.35907564842	750	12.034817175502164	0.0	318564	2051.2714737824454	0.3
79340.44845686063	750	13.945435963278701	0.0	352642	2089.381212223462	0.75
79342.78062879584	750	15.613264028079096	0.0	437162	2332.171935199608	0.75
79344.18736068651	750	18.206532137403116	0.0	374758	1406.73189067598	0.75
79345.05290813562	750	21.34098468828533	0.0	362795	865.5474491177864	0.75
79353.47641790497	4300	16.917474918941373	0.0	2173522	8423.509769343957	0.75
79359.77748721678	2850	14.616405607135974	0.0	1519951	6301.069311805401	1.4000000000000001
79367.50977042037	2850	10.884122403542527	0.0	1422919	7732.283203593446	2.85
79369.9506708347	1200	12.4432219892084	0.0	687371	2440.9004143341285	-0.44999999999999996
79372.75014989033	1850	13.643742933577137	0.0	821631	2799.479055631262	1.2000000000000002
79375.87636513692	1850	14.517527686992157	0.0	923170	3126.2152465849817	1.85
79379.14621449582	1850	15.247678328089185	0.0	966699	3269.849358902971	1.85
79382.14883491342	1850	16.245057910491376	0.0	885714	3002.620417597811	1.85
79387.62274610286	2850	14.771146721048572	0.0	1537156	5473.911189442802	1.85
79392.4025845739	2850	13.991308250011425	0.0	1336050	4779.838471037146	2.85
79397.28914487739	2850	13.104747946520728	0.0	1415116	4886.560303490695	2.85
79402.19876495139	2850	12.195127872513234	0.0	1468126	4909.620074007495	2.85
79406.68197544318	2850	11.71191738072169	0.0	1505760	4483.210491791543	2.85
79410.23332878879	2850	12.160564035111523	0.0	1323990	3551.3533456101663	2.85
79413.67758410909	2850	12.716308714810882	0.0	1383735	3444.255320300642	2.85
79417.08896258779	2850	13.304930236106413	0.0	1480464	3411.37847870447	2.85
79422.40882049024	4300	11.985072333656895	0.0	2395588	5319.857902449518	2.8499999999999996
79426.80509739368	4300	11.588795430221282	0.0	1972048	4396.276903435613	4.3
79431.90408408	4300	10.489808743908181	0.0	2134614	5098.986686313101	4.3
79437.34789680272	4300	9.045996021186255	0.0	2164140	5443.812722721927	4.3
79446.16460348395	4300	4.229289339959167	0.0	2113193	8816.706681227088	4.3
79447.57546058568	1200	6.8184322382202325	0.0	620283	1410.8571017389343	-1.9000000000000001
79448.8874682925	1200	9.506424531413318	0.0	584349	1312.0077068069136	1.2
79451.94381098187	1850	10.45008184203467	0.0	1035329	3056.342689378648	1.2000000000000002
79453.85945109572	1850	12.534441728186914	0.0	1026056	1915.640113847755	1.85
79456.51798562141	2850	13.875907202493913	0.0	1439896	2658.5345256930004	1.85
79460.13351152095	4300	14.260381302946984	0.0	1919781	3615.525899546928	2.8499999999999996
79465.34743579979	4300	13.046457024102308	0.0	2147467	5213.924278844675	4.3
79469.2344364915	4300	13.15945633239112	0.0	2133870	3887.000691711189	4.3
79473.1432921971	4300	13.250600626797425	0.0	2146120	3908.8557055936944	4.3
79476.98501465228	4300	13.40887817160249	0.0	2108491	3841.7224551949357	4.3
79480.91329581919	4300	13.480597004695364	0.0	2184571	3928.2811669071257	4.3
79487.31930434029	4300	11.074588483601595	0.0	2121928	6406.008521093771	4.3
79498.19580210724	2850	4.198090716661156	0.0	1587250	10876.497766940438	1.4000000000000001
79499.07735202825	300	7.316540795633408	0.0	167025	881.5499210277488	-2.25
79501.00163541915	750	9.39225740473801	0.0	393804	1924.2833908953978	0.3
79503.66368147421	1200	10.73021134966889	0.0	538612	2662.0460550691187	0.75
79508.5803932125	2850	9.81349961138242	0.0	1364537	4916.711738286472	1.2000000000000002

