39894.314608323155	300	4.0	3.7427425174674425	181801	3742.7425174674427	-15.79379282511
39897.521230612205	300	4.79337771095607	0.0	155580	3206.6222890439303	0.3
39900.631264964606	300	5.683343358556267	0.0	139857	3110.0343523998026	0.3
39904.18688196474	300	6.127726358413891	0.0	155432	3555.6170001423766	0.3
39907.991661294094	300	6.32294702906341	0.0	163442	3804.7793293504806	0.3
39911.8827613	300	6.431847023151511	0.0	126289	3891.1000059119	0.3
39918.41747575129	300	4.0	0.10286742813468026	153295	6534.714451286191	-0.1423299409791251
39924.28240580715	300	4.0	1.8649300558612112	173849	5864.930055861211	-7.719199240203207
39931.26704302234	300	4.0	2.9846372151794838	150710	6984.637215179484	-12.533940025271779
39934.961893635074	300	4.305149387266414	0.0	139105	3694.850612733586	0.3
39939.67248117259	300	4.0	0.4054381502472097	141840	4710.587537513624	-1.4433840460630016
39944.58474926524	300	4.0	0.9122680926521544	156148	4912.268092652154	-3.622752798404264
39949.96694606519	300	4.0	1.3821967999536346	160746	5382.196799953635	-5.643446239800629
39954.341973760434	300	4.0	0.3750276952396898	179801	4375.02769523969	-1.3126190895306662
39958.16257303341	300	4.179400727022012	0.0	140051	3820.5992729779887	0.3
39961.491071402415	300	4.850902358023279	0.0	138313	3328.4983689987334	0.3
39966.67202815402	300	4.0	0.3300543935763535	143509	5180.956751599632	-1.11923389237832
39970.64465379097	300	4.027374363043808	0.0	150616	3972.625636956192	0.3
39973.96342057232	300	4.708607581697551	0.0	165384	3318.766781346257	0.3
39976.790488290644	300	5.8815398633671885	0.0	140881	2827.067718330363	0.3
39979.88057618296	300	6.791451971057282	0.0	157671	3090.0878923099062	0.3
39984.31926468757	300	6.352763466446995	0.0	157812	4438.688504610287	0.3
39987.718673409894	300	6.953354744123708	0.0	163927	3399.408722323287	0.3
39991.463865644524	300	7.208162509494863	0.0	137654	3745.192234628845	0.3
39996.715703255206	300	5.956324898812242	0.0	146754	5251.837610682621	0.3
40002.343378219935	300	4.328649934083878	0.0	153938	5627.674964728364	0.3
40007.89459867156	300	4.0	1.2225705175502517	181901	5551.22045163413	-4.957053225466082
40010.80339314085	300	5.091205530712959	0.0	111155	2908.794469287041	0.3
40014.73005817204	300	5.164540499527032	0.0	153605	3926.6650311859275	0.3
40018.68895203901	300	5.205646632554013	0.0	149029	3958.8938669730182	0.3
40023.68603629047	300	4.208562381094991	0.0	157421	4997.084251459022	0.3
40031.25488710144	300	4.0	3.360288429873614	157488	7568.850810968605	-14.14924024845654
40034.18092801107	300	5.073959090367966	0.0	143881	2926.040909632035	0.3
40038.39840568422	300	4.856481417220547	0.0	163444	4217.4776731474185	0.3
40044.1459768507	300	4.0	0.891089749261083	179328	5747.57116648163	-3.531685921822657
40047.41564641568	300	4.730330435023315	0.0	159914	3269.6695649766853	0.3
40050.592523081665	300	5.553453769030704	0.0	131610	3176.87666599261	0.3
40053.12333970487	300	7.022637145827285	0.0	124011	2530.816623203419	0.3
40056.108720283126	300	8.037256567571621	0.0	144254	2985.3805782556647	0.3
40059.15183430293	300	8.994142547766561	0.0	149991	3043.114019805058	0.3
40062.67089427298	300	9.475082577714787	0.0	147968	3519.059970051775	0.3
40066.57988825	300	9.566088600695322	0.0	161857	3908.9939770194655	0.3
40072.70908878186	300	7.436888068835248	0.0	145210	6129.200531860074	0.3
40076.48609910491	300	7.659877745789341	0.0	172312	3777.0103230459067	0.3
40080.16443820317	300	7.981538647527154	0.0	167025	3678.339098262187	0.3
40083.46370699407	300	8.682269856625705	0.0	160064	3299.268790901449	0.3
40088.14246483923	300	8.003512011470727	0.0	137507	4678.757845154978	0.3
40090.773626671304	300	9.372350179390674	0.0	118421	2631.161832080054	0.3

