37293.41242063166	750	4.0	2.458269235998058	450283	2458.269235998058	-9.820557714791649
37294.012670219345	300	7.39975041231629	0.0	155580	600.2495876837099	-0.15000000000000002
37295.14083816618	750	10.271582465481643	0.0	350812	1128.167946834647	0.3
37298.48822517223	1850	10.924195459436621	0.0	933276	3347.38700604502	0.75
37304.34000589585	1850	9.072414735811337	0.0	996749	5851.780723625284	1.85
37308.07372877482	1850	9.338691856840908	0.0	801058	3733.722878970427	1.85
37309.911187697864	1200	11.501232933800127	0.0	561791	1837.458923040782	0.5499999999999999
37314.8190075228	1850	10.593413108868399	0.0	1060487	4907.819824931728	1.2000000000000002
37319.85642880636	1850	9.555991825309071	0.0	852833	5037.421283559328	1.85
37322.392978131604	1850	11.019442500058991	0.0	913888	2536.549325250081	1.85
37325.69181519231	1850	11.720605439353799	0.0	939819	3298.837060705193	1.85
37328.407052194845	1850	13.005368436819449	0.0	917428	2715.2370025343494	1.85
37331.85371410334	1850	13.558706528325214	0.0	946851	3446.6619084942336	1.85
37336.89939703834	1850	12.513023593327866	0.0	1036454	5045.682934997349	1.85
37341.01443757029	1850	12.39798306138111	0.0	821631	4115.040531946755	1.85
37346.08183866315	1850	11.33058196851623	0.0	923170	5067.40109286488	1.85
37354.98949131212	1850	6.422929319554249	0.0	966699	8907.652648961981	1.85
37357.23748057397	750	8.1749400577054	0.0	372963	2247.989261848849	-0.3500000000000001
37359.75797809263	750	9.654442539041492	0.0	405596	2520.497518663908	0.75
37362.00976923404	750	11.402651397635085	0.0	350713	2251.7911414064074	0.75
37364.23661248304	750	13.175808148637802	0.0	386472	2226.843248997283	0.75
37370.316760338115	750	11.09566029356171	0.0	399894	6080.147855076093	0.75
37374.582378793675	300	10.830041837999053	0.0	163927	4265.618455562657	-0.15000000000000002
37375.88099700946	300	13.53142362221264	0.0	137654	1298.6182157864127	0.3
37377.23876825162	300	16.173652380046313	0.0	146754	1357.7712421663275	0.3
37378.52009990355	300	18.89232072811231	0.0	153938	1281.331651934004	0.3
37379.91273775635	300	21.499682875316456	0.0	181901	1392.6378527958557	0.3
37383.499391352816	750	21.913029278847635	0.0	277716	3586.65359646882	0.3
37388.14616600358	750	21.266254628088287	0.0	400396	4646.774650759346	0.75
37390.934417536264	750	22.478003095402663	0.0	400508	2788.2515326856274	0.75
37399.92479333886	1200	17.48762729280268	0.0	570392	8990.375802599983	0.75
37401.4324629648	300	19.97995766686494	0.0	157488	1507.6696259377381	-0.6000000000000001
37402.75853450329	300	22.653886128373532	0.0	143881	1326.0715384914115	0.3
37407.86063989556	750	21.55178073610833	0.0	412837	5102.105392265198	0.3
37416.65683641085	750	16.755584220814253	0.0	401088	8796.19651529408	0.75
37417.98591365716	300	19.426506974504555	0.0	159914	1329.0772463096991	-0.15000000000000002
37421.4287389042	750	19.98368172746259	0.0	321064	3442.8252470419648	0.3
37424.22412486615	750	21.188295765511164	0.0	361565	2795.3859619514274	0.75
37427.12319629131	750	22.28922434036004	0.0	378327	2899.071425151123	0.75
37434.3379619642	750	19.074458667469337	0.0	390680	7214.765672890701	0.75
37435.2559330975	300	22.156487534172673	0.0	147968	917.9711332966642	-0.15000000000000002
37438.779480761346	750	22.632939870319998	0.0	384505	3523.547663852676	0.3
37444.64390315649	750	20.76851747517957	0.0	372093	5864.4223951404265	0.75
37456.79845815326	750	12.613962478411331	0.0	438281	12154.55499676824	0.75
37457.84818070389	300	15.564239927775406	0.0	167025	1049.722550635926	-0.15000000000000002
37466.0317231707	1200	11.380697460970664	0.0	638661	8183.542466804742	0.29999999999999993
37467.66859355249	750	13.743827079181631	0.0	331053	1636.8703817890305	0.3
37474.08094738972	2850	11.331473241952109	0.0	1364537	6412.3538372295225	0.75

