61435.29736061087	750	4.0	3.889496881149006	450283	3889.496881149006	-15.974836588940725
61436.86079845416	300	6.436562156714829	0.0	155580	1563.4378432851706	-0.15000000000000002
61439.07385117086	300	8.223509440011043	0.0	139857	2213.0527167037853	0.3
61441.27833632666	300	10.019024284214284	0.0	155432	2204.4851557967595	0.3
61442.94673937174	300	12.350621239130515	0.0	163442	1668.4030450837688	0.3
61444.11028979064	300	15.18707082023434	0.0	126289	1163.5504188961743	0.3
61447.96190308825	750	15.335457522614261	0.0	352642	3851.6132976200793	0.3
61452.06102874063	750	15.23633187024028	0.0	437162	4099.125652373982	0.75
61455.51217159917	750	15.785189011698995	0.0	374758	3451.142858541285	0.75
61458.44726169193	750	16.8500989189447	0.0	362795	2935.090092754295	0.75
61464.20917913414	1200	15.088181476737761	0.0	607410	5761.917442206939	0.75
61470.22583871689	1200	13.071521893984132	0.0	594078	6016.659582753628	1.2
61476.09654740181	1200	11.200813209072471	0.0	624282	5870.7086849116595	1.2
61481.72342302388	1200	9.57393758700339	0.0	687371	5626.875622069082	1.2
61487.15156439117	1200	8.145796219711839	0.0	526950	5428.141367291552	1.2
61491.068325131455	750	8.229035479431666	0.0	366214	3916.7607402801723	0.3
61494.38964509349	750	8.907715517391631	0.0	360831	3321.319962040035	0.75
61498.69245869248	750	8.60490191840849	0.0	372963	4302.813598983141	0.75
61503.076773608824	750	8.220587002057764	0.0	405596	4384.314916350726	0.75
61507.25437345984	750	8.0429871510491	0.0	350713	4177.599851008663	0.75
61510.88765445892	750	8.40970615196128	0.0	386472	3633.2809990878195	0.75
61514.58267410906	750	8.714686501826558	0.0	399894	3695.019650134723	0.75
61518.48010335524	750	8.817257255642037	0.0	401853	3897.4292461845216	0.75
61521.954149341385	750	9.34321126950148	0.0	343800	3474.045986140556	0.75
61524.92600129729	750	10.371359313598727	0.0	359903	2971.851955902754	0.75
61528.562505611546	750	10.734854999339554	0.0	379700	3636.5043142591726	0.75
61532.46607726243	750	10.831283348461817	0.0	425781	3903.5716508777373	0.75
61535.36698263755	750	11.9303779733378	0.0	277716	2900.905375124018	0.75
61538.72458119051	750	12.57277942037028	0.0	400396	3357.59855296752	0.75
61542.04514284694	750	13.252217763940822	0.0	400508	3320.561656429457	0.75
61545.0021403842	750	14.295220226686778	0.0	358218	2956.9975372540434	0.75
61549.838508597626	1200	13.45885201325374	0.0	620283	4836.368213433039	0.75
61554.759067213134	1200	12.538293397749204	0.0	584349	4920.558615504538	1.2
61560.80294012951	1200	10.494420481368975	0.0	670129	6043.872916380229	1.2
61567.168515749305	1200	8.128844861573606	0.0	690253	6365.575619795367	1.2
61573.406089051874	1200	5.891271559005013	0.0	598727	6237.573302568594	1.2
61576.20563415315	750	7.091726457724976	0.0	321064	2799.5451012800377	0.3
61579.42983395256	750	7.867526658317568	0.0	361565	3224.199799407407	0.75
61582.64122423155	750	8.656136379329913	0.0	378327	3211.390278987654	0.75
61586.46282287497	750	8.834537735906395	0.0	390680	3821.5986434235188	0.75
61589.728571778454	750	9.56878883242338	0.0	345516	3265.748903483015	0.75
61593.142112100395	750	10.155248510484112	0.0	384505	3413.540321939267	0.75
61596.23029926887	750	11.067061342003264	0.0	372093	3088.187168480849	0.75
61601.37839421657	1200	9.918966394305865	0.0	634861	5148.094947697398	0.75
61606.64747484148	1200	8.649885769394574	0.0	630203	5269.080624911292	1.2
61611.80384508525	1200	7.493515525621243	0.0	638661	5156.370243773331	1.2
61616.1356980671	1200	7.1616625437730725	0.0	538612	4331.85298184817	1.2
61625.128489394156	1850	4.0	1.8311287832865129	846370	8992.791327059585	-6.673853768132005

