76221.28901641343	300	4.0	1.3440813428262488	181801	1344.0813428262488	-5.479549774152869
76222.70557041066	300	6.583446002774591	0.0	155580	1416.5539972254094	0.3
76224.93898961214	300	8.350026801276954	0.0	139857	2233.4192014976365	0.3
76227.34236507892	300	9.946651334495913	0.0	155432	2403.3754667810413	0.3
76229.02982194755	300	12.259194465879885	0.0	163442	1687.4568686160271	0.3
76230.14649977472	300	15.14251663870125	0.0	126289	1116.6778271786343	0.3
76234.02106884652	750	15.267947566917883	0.0	352642	3874.569071783367	0.3
76240.00398847766	750	13.28502793576178	0.0	437162	5982.919631156104	0.75
76244.37106047565	750	12.917955937772073	0.0	374758	4367.071997989707	0.75
76245.55506573131	300	15.733950682109457	0.0	139105	1184.0052556626154	-0.15000000000000002
76248.06917672277	750	17.219839690665346	0.0	353220	2514.1109914441095	0.3
76252.82743179525	1200	16.461584618188745	0.0	594078	4758.2550724766	0.75
76256.76496906336	750	16.524047350065633	0.0	386351	3937.537268123113	0.3
76259.80382049918	750	17.48519591423637	0.0	434409	3038.851435829264	0.75
76263.9753618943	750	17.313654519103917	0.0	337059	4171.5413951324535	0.75
76270.22218347299	750	15.066832940429272	0.0	366214	6246.821578674646	0.75
76274.72418324687	750	14.564833166554472	0.0	360831	4501.999773874801	0.75
76279.63405617831	750	13.654960235108321	0.0	372963	4909.872931446151	0.75
76284.67634399011	750	12.612672423312722	0.0	405596	5042.287811795599	0.75
76287.28054185564	300	14.00847455779828	0.0	140881	2604.1978655144426	-0.15000000000000002
76291.39302478466	750	13.895991628771025	0.0	386472	4112.482929027254	0.3
76293.79141220642	750	15.497604206996682	0.0	399894	2398.3874217743437	0.75
76295.75967798234	750	17.529338431090608	0.0	401853	1968.265775906075	0.75
76298.57968453712	750	18.709331876290854	0.0	343800	2820.006554799754	0.75
76302.73769956795	750	18.551316845456203	0.0	359903	4158.015030834649	0.75
76306.52163732785	1200	18.767379085559256	0.0	590335	3783.937759896948	0.75
76308.78147815855	750	20.5075382548573	0.0	425781	2259.840830701952	0.3
76312.20767238195	1200	21.081344031448733	0.0	487160	3426.1942234085695	0.75
76316.22966814513	1200	21.059348268280395	0.0	622896	4021.9957631683387	1.2
76319.18105174875	1200	22.107964664641607	0.0	641447	2951.3836036387866	1.2
76325.47114011485	1850	19.81787629853414	0.0	873429	6290.088366107467	1.2000000000000002
76328.30586280824	1200	20.983153605156573	0.0	620283	2834.722693377568	0.5499999999999999
76330.33961974866	1200	22.949396664747937	0.0	584349	2033.7569404086375	1.2
76337.69179567185	1850	19.597220741552295	0.0	1035329	7352.175923195642	1.2000000000000002
76342.10657063074	1200	19.182445782665827	0.0	690253	4414.77495888647	0.5499999999999999
76347.11436991568	1200	18.17464649772568	0.0	598727	5007.799284940146	1.2
76350.00674819363	1200	19.282268219785504	0.0	487812	2892.3782779401786	1.2
76352.96688067132	1200	20.322135742081787	0.0	575591	2960.132477703717	1.2
76355.72653837138	1200	21.56247804202184	0.0	605884	2759.6577000599473	1.2
76363.1300662956	1200	18.158950117800828	0.0	587506	7403.527924221012	1.2
76366.99985737121	750	18.289159042196335	0.0	345516	3869.7910756044926	0.3
76371.26833169755	750	18.02068471586195	0.0	384505	4268.474326334386	0.75
76374.22637485903	750	19.062641554368817	0.0	372093	2958.0431614931335	0.75
76379.78673330347	1200	17.502283109933586	0.0	634861	5560.35844443523	0.75
76389.94868025745	750	11.340336155953091	0.0	398987	10161.946953980494	0.3
76395.33885413496	300	9.950162278448136	0.0	160064	5390.173877504954	-0.15000000000000002
76404.66639055216	300	4.622625861252555	0.0	137507	9327.536417195583	0.3
76409.36723667046	300	4.0	0.07822025702725842	118421	4700.846118279813	-0.036347105217211184

