21425.84228691238	300	4.0	1.1006061630610668	181801	1100.6061630610668	-4.432606501162588
21426.65816881558	300	7.1841180968001455	0.0	155580	815.8819031998545	0.3
21427.329379816456	300	10.512907095922303	0.0	139857	671.211000877842	0.3
21428.066430291503	300	13.775856620876759	0.0	155432	737.0504750455448	0.3
21428.82726569689	300	17.015021215490037	0.0	163442	760.8354053867205	0.3
21429.42713808859	300	20.415148823787437	0.0	126289	599.8723917025997	0.3
21430.138181475475	300	23.704105436904573	0.0	153295	711.043386882864	0.3
21430.97816956556	300	26.864117346823363	0.0	173849	839.9880900812085	0.3
21431.794549082202	300	30.047737830179003	0.0	150710	816.3795166443648	0.3
21432.55422576366	300	33.28806114871915	0.0	139105	759.6766814598525	0.3
21433.269894873967	300	36.5723920384136	0.0	141840	715.6691103055523	0.3
21434.002752269625	300	39.839534642754266	0.0	156148	732.8573956593312	0.3
21434.75483398007	300	43.0874529323087	0.0	160746	752.08171044557	0.3
21435.56874613684	300	46.273540775539146	0.0	179801	813.9121567695479	0.3
21436.20924650141	300	49.63304041097138	0.0	140051	640.5003645677654	0.3
21436.842791188163	300	52.999495724218264	0.0	138313	633.5446867531207	0.3
21437.940281260955	300	55.902005651423714	0.0	143509	1097.4900727945483	0.3
21439.82411392427	300	58.01817298810913	0.0	150616	1883.8326633145848	0.3
21440.919562655923	300	59.84816524885963	0.0	165384	670.0077392495002	0.3
21441.473007150176	300	59.99316357043263	0.0	140881	355.00167842700176	0.3
21442.664239594083	750	59.831268673394085	0.0	386472	1161.8948970385375	0.3
21444.059650925392	750	59.60823178117481	0.0	399894	1223.0368922192793	0.75
21445.684529263955	1200	59.59197983143545	0.0	656471	1516.2519497393532	0.75
21448.502081653063	1200	59.56551686184411	0.0	536667	1026.4629695913432	1.2
21451.135999118385	1200	59.8596027978928	0.0	587236	1205.9140639513103	1.2
21453.924636810647	1200	59.64028557999543	0.0	590335	1719.3172178973662	1.2
21456.25220507676	1200	59.59766169462154	0.0	696376	1542.6238853738832	1.2
21460.32539365251	1850	59.52447311886813	0.0	758197	2073.18857575341	1.2000000000000002
21463.03453725211	1850	59.644467880262724	0.0	972798	1380.005238605405	1.85
21466.130471689565	1850	59.59556975908725	0.0	975811	2048.898121175481	1.85
21469.299973461024	1850	59.85183710774361	0.0	873429	2743.7326513436356	1.85
21472.114308337306	1850	59.62705425641229	0.0	954453	2224.7828513313125	1.85
21474.08675763939	1850	59.77360563879317	0.0	885062	1853.4486176191276	1.85
21478.28464715533	2850	59.57571612285265	0.0	1587293	4197.88951594052	1.85
21482.07137103833	2850	59.78899223985039	0.0	1492672	2786.723883002263	2.85
21485.714281675933	2850	59.90284394750476	0.0	1439896	2386.1482923456215	2.85
21488.881132427243	2850	59.90929963577989	0.0	1139291	1993.5443117248692	2.85
21493.289505841843	2850	59.50092622117851	0.0	1499009	3408.3734146013826	2.85
21497.06091203815	2850	59.729520024873594	0.0	1427478	3271.40619630492	2.85
21501.089968418306	2850	59.70046364471277	0.0	1402287	3529.0563801608214	2.85
21504.84583524288	2850	59.72710143710083	0.0	1339500	2973.3622076119395	2.85
21508.216776890637	2850	59.766882994201296	0.0	1527299	2960.2184428995324	2.85
21511.196885438472	2850	59.944190297211804	0.0	1343002	2822.6926969894944	2.85
21515.142563586898	2850	59.63405910142394	0.0	1587250	3810.1311957878665	2.85
21519.875635406413	2850	58.90098728190821	0.0	1464921	4733.071819515733	2.85
21524.0355781172	2850	58.741044571122686	0.0	1483527	4159.942710785521	2.85
21527.130028390908	2850	59.646594297414936	0.0	1231456	2594.450273707749	2.85
21531.148522443422	2850	59.628100244900274	0.0	1364537	2518.4940525146567	2.85

