43069.544591961196	300	4.0	9.534054872630644	450283	9534.054872630644	0	-40.24643595231177
43072.005644488585	300	5.538947472609147	0.0	155580	2461.0525273908534	0	-0.15000000000000002
43074.331749960125	300	7.212842001072562	0.0	139857	2326.105471536585	0	0.3
43076.83587523448	300	8.708716726717379	0.0	155432	2504.1252743551836	0	0.3
43079.432986063526	300	10.111605897673204	0.0	163442	2597.1108290441757	0	0.3
43081.46086861487	300	12.083723346326325	0.0	126289	2027.8825513468794	0	0.3
43083.95099611859	300	13.593595842610249	0.0	153295	2490.1275037160785	0	0.3
43087.25735699454	750	14.287234966664206	0.0	173849	3306.3608759460426	1	0.3
43093.833378118055	750	11.711213843151155	0.0	374758	6576.02112351305	1	0.3
43098.46818096365	750	11.076410997552845	0.0	362795	4634.802845598311	1	0.75
43102.98277201679	750	10.561819944417504	0.0	353220	4514.591053135339	1	0.75
43107.67538611403	750	9.869205847168935	0.0	405134	4692.61409724857	1	0.75
43112.176424727855	300	9.368167233341467	0.0	386351	4501.038613827468	0	0.75
43114.28838616991	300	11.256205791286256	0.0	179801	2111.9614420552093	0	-0.15000000000000002
43115.85909068774	300	13.685501273448688	0.0	140051	1570.704517837568	0	0.3
43117.72490657115	750	15.819685390041501	0.0	138313	1865.8158834071871	1	0.3
43122.48371558421	750	15.06087637698022	0.0	360831	4758.809013061282	1	0.3
43126.696844207014	750	14.847747754182935	0.0	372963	4213.128622797285	1	0.75
43131.4846110702	750	14.059980890995906	0.0	405596	4787.766863187027	1	0.75
43135.472048591895	750	14.072543369303293	0.0	350713	3987.4375216926123	1	0.75
43139.97257964309	750	13.572012318112924	0.0	386472	4500.531051190371	1	0.75
43143.53648907567	750	14.008102885532724	0.0	399894	3563.9094325802007	1	0.75
43147.39498565639	750	14.149606304805516	0.0	401853	3858.4965807272074	1	0.75
43150.873532982536	750	14.671058978668599	0.0	343800	3478.547326136916	1	0.75
43154.51126241336	750	15.033329547840635	0.0	359903	3637.7294308279656	1	0.75
43158.111082113974	750	15.433509847228452	0.0	379700	3599.819700612182	1	0.75
43162.113884993254	750	15.43070696794415	0.0	425781	4002.802879284301	1	0.75
43164.75253632909	750	16.79205563210878	0.0	277716	2638.6513358353686	1	0.75
43168.78559015375	750	16.759001807452943	0.0	400396	4033.0538246558367	1	0.75
43172.678550500386	750	16.866041460810074	0.0	400508	3892.96034664287	1	0.75
43176.123066711574	750	17.421525249622782	0.0	358218	3444.516211187293	1	0.75
43179.9769141375	750	17.567677823699032	0.0	400322	3853.8474259237487	1	0.75
43183.69460471177	750	17.849987249435728	0.0	369834	3717.690574263305	1	0.75
43188.77487382458	750	16.76971813661553	0.0	412837	5080.269112820194	1	0.75
43193.88044773539	750	15.664144225801758	0.0	401088	5105.573910813773	1	0.75
43197.64989951998	750	15.894692441210147	0.0	365161	3769.4517845916102	1	0.75
43200.97381151433	750	16.570780446862116	0.0	321064	3323.9119943480296	1	0.75
43204.731863017914	750	16.81272894326816	0.0	361565	3758.0515035939625	1	0.75
43208.729152730026	750	16.81543923116247	0.0	378327	3997.2897121056903	1	0.75
43212.777277872025	750	16.767314089163264	0.0	390680	4048.125141999205	1	0.75
43216.11134813374	750	17.43324382745596	0.0	345516	3334.070261707302	1	0.75
43220.317858916926	750	17.22673304426736	0.0	384505	4206.510783188602	1	0.75
43225.27247016927	750	16.27212179192083	0.0	372093	4954.611252346529	1	0.75
43231.53456316025	750	14.01002880094255	0.0	438281	6262.09299097828	1	0.75
43239.93721045358	300	9.607381507611807	0.0	398987	8402.647293330743	0	0.75
43242.47403576124	300	11.070556199949111	0.0	160064	2536.8253076626943	0	-0.15000000000000002
43244.762400198306	300	12.782191762884242	0.0	137507	2288.364437064868	0	0.3
43246.6931801906	300	14.851411770587905	0.0	118421	1930.7799922963366	0	0.3

