71285.0111564075	750	4.0	1.7469412006908054	450283	1746.9412006908053	1	-6.761847162970463
71286.35288820245	750	6.658268205051448	0.0	398865	1341.731794948551	1	0.75
71287.65770942206	750	9.35344698545291	0.0	350812	1304.821219598538	1	0.75
71289.07265953043	750	11.938496877076917	0.0	382355	1414.9501083759933	1	0.75
71290.58957915108	750	14.421577256427698	0.0	411561	1516.9196206492193	1	0.75
71291.86203298278	750	17.149123424725463	0.0	318564	1272.453831702235	1	0.75
71293.34712626551	750	19.6640301419908	0.0	352642	1485.0932827346605	1	0.75
71294.85292679424	1850	22.158229613274347	0.0	437162	1505.800528716452	3	0.75
71298.47773614983	1850	22.53342025767838	0.0	852833	3624.8093555959676	3	0.75
71301.88381551114	1850	23.127340896371273	0.0	913888	3406.0793613071073	3	1.85
71305.82896903351	1850	23.182187374002957	0.0	939819	3945.153522368312	3	1.85
71309.76469686178	1850	23.2464595457405	0.0	917428	3935.727828262457	3	1.85
71313.05070646422	1850	23.960449943303043	0.0	946851	3286.0096024374598	3	1.85
71316.61933855727	1850	24.3918178502517	0.0	1036454	3568.6320930513425	3	1.85
71319.98630699811	1850	25.02484940941838	0.0	821631	3366.9684408333205	3	1.85
71323.44733238778	1850	25.56382401974492	0.0	923170	3461.0253896734603	3	1.85
71328.92291819782	1850	24.08823820971305	0.0	966699	5475.585810031869	3	1.85
71332.79613416831	1850	24.2150222392171	0.0	885714	3873.2159704959527	3	1.85
71336.80003309002	1850	24.211123317505525	0.0	987708	4003.8989217115736	3	1.85
71340.63177730203	1850	24.379379105505567	0.0	923755	3831.7442119999587	3	1.85
71343.836299823	1850	25.174856584532193	0.0	891604	3204.5225209733726	3	1.85
71347.27195481834	1850	25.739201589188138	0.0	955231	3435.6549953440535	3	1.85
71351.99955795768	1850	25.011598449842705	0.0	968026	4727.603139345434	3	1.85
71358.61177954881	1850	22.399376858705743	0.0	874175	6612.221591136963	3	1.85
71362.43075733264	1850	22.580399074882727	0.0	897976	3818.9777838230157	3	1.85
71366.47761094666	1850	22.533545460869114	0.0	905935	4046.8536140136116	3	1.85
71372.47882081039	1850	20.53233559713018	0.0	1076599	6001.209863738933	3	1.85
71375.35008452594	1850	21.661071881578803	0.0	758197	2871.26371555138	3	1.85
71379.11715551067	1850	21.894000896852354	0.0	972798	3767.0709847264466	3	1.85
71383.00954327735	1850	22.001613130158255	0.0	975811	3892.3877666940994	3	1.85
71386.18408704938	1850	22.827069358132306	0.0	873429	3174.543772025946	3	1.85
71389.45709327306	1850	23.55406313445149	0.0	954453	3273.0062236808194	3	1.85
71392.66835990816	1850	24.342796499342825	0.0	885062	3211.2666351086627	3	1.85
71395.60474505862	1850	25.406411348884745	0.0	1035329	2936.3851504580794	3	1.85
71399.33548519129	1850	25.675671216217808	0.0	1026056	3730.7401326669396	3	1.85
71403.36719399391	1850	25.643962413589648	0.0	943942	4031.7088026281613	3	1.85
71405.38474169973	1850	27.626414707771914	0.0	728962	2017.5477058177346	3	1.85
71409.09356259873	1850	27.917593808759708	0.0	938587	3708.8208990122052	3	1.85
71411.96544752452	1850	29.045708882982932	0.0	908665	2871.8849257767756	3	1.85
71414.63085107996	1850	30.3803053275474	0.0	930577	2665.4035554355305	3	1.85
71417.46900786078	1850	31.542148546724544	0.0	858450	2838.1567808228574	3	1.85
71422.69917883407	1850	30.31197757343654	0.0	1025005	5230.1709732880045	3	1.85
71425.59499825652	1850	31.416158150989475	0.0	886255	2895.8194224470635	3	1.85
71429.14680755264	1850	31.864348854866375	0.0	973972	3551.8092961230996	3	1.85
71432.18529644581	1850	32.82585996170028	0.0	958994	3038.4888931660894	3	1.85
71436.23923893512	1850	32.77191747238645	0.0	982064	4053.9424893138366	3	1.85
71439.20883718792	1850	33.8023192195826	0.0	830730	2969.598252803856	3	1.85
71441.6576221345	4300	35.353534272986074	0.0	846370	2448.7849465965237	5	1.85

