40448.41977289586	300	4.0	5.100181203857538	450283	5100.181203857538	0	-21.180779176587414
40450.0252044145	300	6.39456848135218	0.0	155580	1605.4315186478195	0	-0.15000000000000002
40451.442091755765	300	8.977681140094864	0.0	139857	1416.8873412573157	0	0.3
40452.967262271864	300	11.452510623988022	0.0	155432	1525.1705161068417	0	0.3
40454.56690790142	750	13.852864994429538	0.0	163442	1599.6456295584846	1	0.3
40457.61827194508	750	14.801500950769023	0.0	318564	3051.3640436605147	1	0.3
40461.03254113741	750	15.387231758445273	0.0	352642	3414.2691923237503	1	0.75
40465.49170059973	750	14.928072296119696	0.0	437162	4459.159462325578	1	0.75
40469.57831285586	750	14.84146003998923	0.0	374758	4086.6122561304664	1	0.75
40473.36046870722	750	15.059304188632748	0.0	362795	3782.1558513564805	1	0.75
40476.810505056244	750	15.60926783960701	0.0	353220	3450.0363490257378	1	0.75
40482.02506051052	750	14.394712385334769	0.0	405134	5214.555454272241	1	0.75
40492.05263601079	300	8.367136885059427	0.0	386351	10027.575500275343	0	0.75
40493.79883720787	300	10.620935687982074	0.0	179801	1746.2011970773528	0	-0.15000000000000002
40495.17667839814	300	13.243094497711272	0.0	140051	1377.8411902708015	0	0.3
40496.53841368421	750	15.881359211637445	0.0	138313	1361.7352860738256	1	0.3
40499.96762086225	750	16.452152033602047	0.0	360831	3429.207178035399	1	0.3
40503.76964762536	750	16.650125270480256	0.0	372963	3802.0267631217907	1	0.75
40513.48301145194	300	10.936761443903006	0.0	405596	9713.363826577252	0	0.75
40515.99491246325	300	12.424860432597729	0.0	140881	2511.901011305277	0	-0.15000000000000002
40517.635457943026	750	14.784314952813702	0.0	157671	1640.5454797840273	1	0.3
40521.65853521214	750	14.761237683704463	0.0	399894	4023.077269109239	1	0.3
40525.53759459354	750	14.882178302301172	0.0	401853	3879.0593814032914	1	0.75
40528.798995888385	750	15.620777007462516	0.0	343800	3261.4012948386553	1	0.75
40532.13756838915	750	16.282204506687954	0.0	359903	3338.5725007745623	1	0.75
40535.94108172026	750	16.478691175586864	0.0	379700	3803.513331101089	1	0.75
40540.5759911998	750	15.843781696039207	0.0	425781	4634.909479547658	1	0.75
40543.31505842803	750	17.10471446782205	0.0	277716	2739.067228217156	1	0.75
40547.117847132846	750	17.301925763005055	0.0	400396	3802.788704816993	1	0.75
40550.96598241128	750	17.45379048457508	0.0	400508	3848.1352784299734	1	0.75
40554.55765676466	750	17.862116131198317	0.0	358218	3591.674353376765	1	0.75
40558.67650356089	750	17.743269334964296	0.0	400322	4118.846796234018	1	0.75
40562.85688325573	750	17.562889640130237	0.0	369834	4180.3796948340605	1	0.75
40566.84292109256	750	17.576851803292627	0.0	412837	3986.0378368376123	1	0.75
40570.805718290685	750	17.614054605166512	0.0	401088	3962.797198126115	1	0.75
40581.899896937444	300	10.519875958405525	0.0	365161	11094.178646760987	0	0.75
40583.19951606941	750	13.220256826435456	0.0	131610	1299.6191319700692	1	-0.15000000000000002
40586.630109424405	750	13.789663471441472	0.0	361565	3430.593354993983	1	0.3
40590.21995278695	750	14.1998201088918	0.0	378327	3589.8433625496727	1	0.75
40594.11628981937	750	14.30348307646832	0.0	390680	3896.33703242348	1	0.75
40600.13570437063	750	12.284068525213181	0.0	345516	6019.414551255139	1	0.75
40608.183686102515	300	8.236086793327619	0.0	384505	8047.981731885562	0	0.75
40609.700899091076	300	10.718873804766384	0.0	145210	1517.2129885612358	0	-0.15000000000000002
40611.48635356725	300	12.933419328594193	0.0	172312	1785.4544761721893	0	0.3
40613.188104356734	300	15.23166853910501	0.0	167025	1701.750789489183	0	0.3
40614.78241305025	750	17.637359845588165	0.0	160064	1594.3086935168449	1	0.3
40617.965356763	750	18.454416132842553	0.0	331053	3182.94371274561	1	0.3
40620.94638941694	750	19.473383478900775	0.0	314107	2981.0326539417824	1	0.75

