52971.477077130505	300	4.0	1.2685167239433222	181801	1268.5167239433222	-5.154621912956285
52972.578892006175	300	6.898185124328113	0.0	155580	1101.8148756718879	0.3
52973.57299930596	300	9.904077824548278	0.0	139857	994.1072997798344	0.3
52975.088226022286	300	12.38885110821338	0.0	155432	1515.2267163348974	0.3
52976.53194843758	300	14.945128692920731	0.0	163442	1443.7224152926497	0.3
52977.49060506839	300	17.986472062104855	0.0	126289	958.6566308158754	0.3
52978.587854200356	300	20.889222930139468	0.0	153295	1097.2491319653845	0.3
52979.8339449786	300	23.643132151894505	0.0	173849	1246.0907782449653	0.3
52980.91476103449	300	26.562316096005258	0.0	150710	1080.816055889245	0.3
52981.92808902356	300	29.548988106935038	0.0	139105	1013.3279890702212	0.3
52982.9606782501	300	32.516398880397496	0.0	141840	1032.5892265375417	0.3
52984.12349402625	300	35.353583104243405	0.0	156148	1162.8157761540883	0.3
52985.325332350454	300	38.151744780035884	0.0	160746	1201.838324207524	0.3
52986.605269017105	300	40.87180811338201	0.0	179801	1279.9366666538756	0.3
52987.621701139455	300	43.85537599103408	0.0	140051	1016.432122347924	0.3
52988.63523633165	300	46.84184079884612	0.0	138313	1013.5351921879629	0.3
52989.683587765445	300	49.7934893650472	0.0	143509	1048.3514337989166	0.3
52990.77573361136	300	52.70134351913566	0.0	150616	1092.145845911537	0.3
52991.96712103753	300	55.509956092964245	0.0	165384	1191.3874261714136	0.3
52993.180947895176	300	58.29612923531364	0.0	140881	1213.8268576506036	0.3
52995.58964747123	300	59.88742965926634	0.0	157671	1408.699576047305	0.3
52998.63622828839	300	59.51518278017094	0.0	157812	1872.2468790953983	0.3
53002.371300116945	300	59.78011095161298	0.0	163927	2235.07182855796	0.3
53005.13790487978	300	59.634511488757425	0.0	137654	1645.599462855554	0.3
53009.12378500048	300	59.64863136806189	0.0	146754	1485.8801206955338	0.3
53011.91011330004	300	59.74190982087216	0.0	153938	1406.7215471897273	0.3
53014.3204638812	300	59.94253794842785	0.0	181901	1299.3718724443138	0.3
53016.6138119598	300	59.86135321583308	0.0	111155	1581.1847325947647	0.3
53020.43168794859	300	59.689996981195044	0.0	153605	1171.3562346380381	0.3
53023.01948904083	300	59.88885638654913	0.0	149029	1301.1405946459126	0.3
53024.25523451024	300	59.72181386729473	0.0	157421	1167.0425192544085	0.3
53026.86237944227	300	59.770592916402435	0.0	157488	1451.2209508922922	0.3
53029.034366336506	300	59.58006129770581	0.0	143881	1190.5316186966195	0.3
53030.82482874343	300	59.8905578464589	0.0	163444	1189.503451246912	0.3
53032.6715812047	300	59.978161057420145	0.0	179328	1412.396789038754	0.3
53033.83713941405	300	59.8420598060555	0.0	159914	1136.1012513646408	0.3
53035.72451983085	300	59.60659796124645	0.0	131610	1235.461844809056	0.3
53037.29584155906	300	59.55239639934315	0.0	124011	1054.2015619032993	0.3
53038.930316021564	300	59.5052193332412	0.0	144254	1047.1770661019536	0.3
53042.12202155426	300	59.91651524984192	0.0	149991	1088.7040833992778	0.3
53043.90602363619	300	59.53201498492882	0.0	147968	1384.5002649131013	0.3
53047.29665306068	300	59.99695114519063	0.0	161857	1535.06383973819	0.3
53048.452613711335	300	59.55325362724067	0.0	145210	943.6975179499584	0.3
53051.29911518591	300	59.95113445180295	0.0	172312	1102.1191754377192	0.3
53054.37323931143	300	59.7412635431097	0.0	167025	1209.870908693254	0.3
53057.451531146864	300	59.60074412031336	0.0	160064	1140.5194227963405	0.3
53060.28771358588	300	59.612039190117486	0.0	137507	988.7049301958696	0.3
53062.79566209108	300	59.74130360893532	0.0	118421	870.7355811821698	0.3

