87440.28908344281	750	4.0	15.335856484344838	450283	15335.856484344838	-65.1941828826828
87445.28801419663	300	4.0	0.9989307538297754	155580	4998.930753829775	-4.4454022414680345
87449.75521984736	300	4.0	0.4672056507158086	139857	4467.205650715809	-1.7089842980779768
87454.68363002138	300	4.0	0.9284101740284068	155432	4928.410174028407	-3.692163748322149
87459.86189714567	300	4.0	1.1782671242958396	163442	5178.2671242958395	-4.76654863447211
87463.88124600863	300	4.0	0.01934886296176819	126289	4019.348862961768	0.21679988926439678
87468.74299646947	300	4.0	0.8617504608297176	153295	4861.750460829718	-3.4055269815677858
87474.24589047034	300	4.0	1.502894000879257	173849	5502.894000879257	-6.162444203780805
87479.02700669691	300	4.0	0.781116226567382	150710	4781.116226567382	-3.0587997742397426
87483.4461266803	300	4.0	0.4191199833896599	139105	4419.11998338966	-1.5022159285755374
87487.95055986705	300	4.0	0.5044331867581276	141840	4504.433186758128	-1.8690627030599487
87492.90130432027	300	4.0	0.9507444532283434	156148	4950.744453228343	-3.7882011488818765
87497.99547477317	300	4.0	1.0941704528949658	160746	5094.170452894966	-4.404932947448353
87503.68403026818	300	4.0	1.6885554950105626	179801	5688.5554950105625	-6.960788628545419
87508.13265895007	300	4.0	0.44862868188566335	140051	4448.628681885663	-1.6291033321083523
87512.52707397657	300	4.0	0.39441502650928395	138313	4394.415026509284	-1.3959846139899208
87517.08356849292	300	4.0	0.5564945163456859	143509	4556.494516345686	-2.0929264202864495
87521.3408868004	300	4.0	0.257318307493907	150616	4257.318307493907	-0.8064687222238001
87525.74068533831	300	4.0	0.399798537911026	165384	4399.798537911026	-1.4191337130174115
87529.50047018945	300	4.240215148869036	0.0	140881	3759.7848511309635	0.3
87533.6988066384	300	4.041878699932201	0.0	157671	4198.336448936835	0.3
87537.90082598044	300	4.0	0.16014064211306778	157812	4202.019342045269	-0.3886047610861914
87542.26256795622	300	4.0	0.3617419757905291	163927	4361.741975790529	-1.255490495899275
87545.9380641828	300	4.3245037734145715	0.0	137654	3675.496226585428	0.3
87549.85125067383	300	4.411317282384032	0.0	146754	3913.1864910305394	0.3
87553.95208187473	300	4.310486081488254	0.0	153938	4100.831200895778	0.3
87558.78330130251	300	4.0	0.5207333462952892	181901	4831.219427783543	-1.9391533890697434
87561.766648703	300	5.016652599516881	0.0	111155	2983.3474004831187	0.3
87565.8587820074	300	4.924519295111237	0.0	153605	4092.133304405645	0.3
87569.83139106454	300	4.95191023796942	0.0	149029	3972.6090571418167	0.3
87574.02319756115	300	4.760103741352506	0.0	157421	4191.806496616914	0.3
87578.216754085	300	4.566547217513854	0.0	157488	4193.556523838652	0.3
87582.05489836397	300	4.728402938543843	0.0	143881	3838.1442789700113	0.3
87586.40402447188	300	4.3792768306354	0.0	163444	4349.1261079084425	0.3
87591.16803763038	300	4.0	0.3847363278715193	179328	4764.013158506919	-1.3543662098475329
87595.42496081152	300	4.0	0.25692318115116175	159914	4256.923181151162	-0.8047696789499954
87598.94258891082	300	4.482371900700974	0.0	131610	3517.628099299026	0.3
87602.2617325794	300	5.163228232118255	0.0	124011	3319.143668582718	0.3
87606.10961954723	300	5.315341264286923	0.0	144254	3847.886967831332	0.3
87610.1073558609	300	5.317604950618051	0.0	149991	3997.736313668872	0.3
87614.0522518004	300	5.372709011121978	0.0	147968	3944.8959394960734	0.3
87618.35992577099	300	5.065035040540393	0.0	161857	4307.673970581585	0.3
87622.23278327649	300	5.1921775350376835	0.0	145210	3872.8575055027095	0.3
87626.81353985309	300	4.611420958437018	0.0	172312	4580.756576600666	0.3
87631.25620099802	300	4.168759813498031	0.0	167025	4442.661144938986	0.3
87635.51704215058	300	4.0	0.09208133904508305	160064	4260.841152543115	-0.09594975789385707
87639.18869876518	300	4.328343385378686	0.0	137507	3671.6566146213145	0.3
87642.3618326999	300	5.1552094506693935	0.0	118421	3173.133934709292	0.3

