19965.54965140408	300	4.0	4.389458410316391	181801	4389.458410316391	-18.57467116436048
19968.459186659682	300	5.0904647443982975	0.0	155580	2909.535255601703	0.3
19971.428756532638	300	6.12089487144229	0.0	139857	2969.5698729560086	0.3
19973.300860891428	300	8.248790512655345	0.0	155432	1872.1043587869437	0.3
19975.220600116732	300	10.32905128734958	0.0	163442	1919.7392253057637	0.3
19976.868685303747	300	12.680966100335556	0.0	126289	1648.0851870140248	0.3
19979.061166512623	300	14.488484891458645	0.0	153295	2192.48120887691	0.3
19984.619568840597	300	12.930082563484257	0.0	173849	5558.402327974389	0.3
19991.576980520036	300	9.972670884044033	0.0	150710	6957.4116794402225	0.3
19993.993042524744	300	11.55660887933721	0.0	139105	2416.0620047068246	0.3
19996.381517920294	300	13.16813348378864	0.0	141840	2388.475395548568	0.3
19999.47233434897	300	14.077317055108102	0.0	156148	3090.816428680538	0.3
20002.94927846709	300	14.600372936986583	0.0	160746	3476.9441181215184	0.3
20008.20618392736	300	13.34346747671763	0.0	179801	5256.905460268954	0.3
20013.281788904846	300	12.267862499234637	0.0	140051	5075.604977482991	0.3
20016.77600966983	300	12.773641734249503	0.0	138313	3494.2207649851325	0.3
20019.04440371236	300	14.505247691721458	0.0	143509	2268.3940425280466	0.3
20021.421173650895	300	16.12847775318517	0.0	150616	2376.769938536289	0.3
20024.666618227624	300	16.883033176457435	0.0	165384	3245.4445767277366	0.3
20027.060628035797	300	18.48902336828282	0.0	140881	2394.0098081746146	0.3
20028.56478042826	300	20.98487097582054	0.0	157671	1504.1523924622786	0.3
20030.070206393462	300	23.479445010619223	0.0	157812	1505.4259652013186	0.3
20032.157966178536	300	25.391685225544183	0.0	163927	2087.759785075041	0.3
20033.802801035104	300	27.74685036897266	0.0	137654	1644.8348565715255	0.3
20037.212157492126	300	28.337493911951825	0.0	146754	3409.3564570208373	0.3
20040.093152291258	300	29.456499112823895	0.0	153938	2880.99479912793	0.3
20042.678986031904	300	30.87066537217487	0.0	181901	2585.8337406490255	0.3
20044.09995524725	300	33.449696156831266	0.0	111155	1420.9692153436051	0.3
20048.26032743273	300	33.289323971349795	0.0	153605	4160.372185481472	0.3
20052.8204787804	300	32.7291726236793	0.0	149029	4560.151347670498	0.3
20055.59573240716	300	33.95391899692031	0.0	157421	2775.2536267589935	0.3
20059.427315785306	300	34.12233561877298	0.0	157488	3831.5833781473275	0.3
20061.401505011156	300	36.14814639292375	0.0	143881	1974.1892258492344	0.3
20064.162587314047	300	37.38706409003329	0.0	163444	2761.0823028904524	0.3
20067.81657972491	300	37.73307167917389	0.0	179328	3653.992410859406	0.3
20069.511181657577	300	40.03846974650354	0.0	159914	1694.6019326703554	0.3
20070.92000690339	300	42.62964450069175	0.0	131610	1408.8252458117831	0.3
20074.361332268483	300	43.18831913559858	0.0	124011	3441.325365093166	0.3
20076.482502719806	300	45.067148684278195	0.0	144254	2121.1704513203904	0.3
20079.735146045114	300	45.81450535896663	0.0	149991	3252.643325311568	0.3
20084.20662657349	300	45.343024830588824	0.0	147968	4471.480528377805	0.3
20086.39551241774	300	47.15413898634126	0.0	161857	2188.8858442475575	0.3
20088.38403217394	300	49.16561923014378	0.0	145210	1988.5197561974771	0.3
20090.855079671768	300	50.69457173231438	0.0	172312	2471.0474978294064	0.3
20094.25957224005	300	51.290079164030665	0.0	167025	3404.4925682837143	0.3
20097.53013736884	300	52.01951403523864	0.0	160064	3270.5651287920186	0.3
20100.36136616764	300	53.18828523644152	0.0	137507	2831.2287987971245	0.3
20103.51869155047	300	54.03095985361067	0.0	118421	3157.325382830859	0.3

