19486.806326648068	750	4.0	0.9190949335537495	450283	919.0949335537495	1	-3.2021082142811226
19487.473402852385	750	7.332923795680989	0.0	398865	667.0762043190114	1	0.75
19488.069751434963	1850	10.736575213104025	0.0	350812	596.3485825769646	3	0.75
19489.52340951893	1850	13.28291712913569	0.0	933276	1453.6580839683343	3	0.75
19491.070491412753	1850	15.735835235315049	0.0	996749	1547.0818938206419	3	1.85
19492.32954219454	1850	18.47678445352327	0.0	801058	1259.0507817917808	3	1.85
19493.742339780576	1850	21.063986867488072	0.0	905515	1412.7975860351987	3	1.85
19495.383235528985	1850	23.423091119077817	0.0	1060487	1640.8957484102525	3	1.85
19496.718492221247	1850	26.087834426818542	0.0	852833	1335.2566922592746	3	1.85
19498.143613749115	1850	28.66271289895149	0.0	913888	1425.1215278670545	3	1.85
19499.606902258427	1850	31.199424389639095	0.0	939819	1463.2885093123964	3	1.85
19501.037234195235	1850	33.76909245282844	0.0	917428	1430.331936810655	3	1.85
19502.510872872823	4300	36.29545377524163	0.0	946851	1473.6386775868032	5	1.85
19507.13884845048	4300	35.6674781975866	0.0	2275376	4627.9755776550355	5	1.8499999999999996
19515.95651956389	4300	30.849807084175257	0.0	2005399	8817.671113411341	5	4.3
19524.94892738182	4300	25.85739926624403	0.0	2152483	8992.40781793123	5	4.3
19533.90826052403	4300	20.89806612403593	0.0	2289689	8959.3331422081	5	4.3
19541.773056947288	4300	17.033269700777776	0.0	2059512	7864.796423258153	5	4.3
19548.435168628832	4300	14.37115801923332	0.0	2220726	6662.111681544455	5	4.3
19555.975042298236	4300	10.83128434982957	0.0	2156729	7539.873669403751	5	4.3
19558.722290931924	4300	12.084035716137835	0.0	2039773	2747.2486336917336	5	4.3
19563.32102140186	4300	11.485305246197926	0.0	2176469	4598.73046993991	5	4.3
19568.400453228605	4300	10.40587341945697	0.0	2221506	5079.431826740955	5	4.3
19573.08058197516	1850	9.725744672901472	0.0	2044075	4680.128746555498	3	4.3
19575.181449708154	1850	11.624876939908837	0.0	897976	2100.8677329926345	3	-0.6000000000000001
19577.300228929078	1850	13.506097718984577	0.0	905935	2118.7792209242593	3	1.85
19579.803082302074	1850	15.00324434598559	0.0	1076599	2502.8533729989863	3	1.85
19581.589381638085	1850	17.216945009976815	0.0	758197	1786.2993360087762	3	1.85
19583.858634011107	1850	18.947692636951512	0.0	972798	2269.2523730253024	3	1.85
19586.134667049184	1850	20.67165959887558	0.0	975811	2276.033038075935	3	1.85
19588.18029250372	1850	22.62603414434225	0.0	873429	2045.625454533333	3	1.85
19590.4818253692	1850	24.324501278861653	0.0	954453	2301.532865480591	3	1.85
19592.867198693828	1850	25.93912795423138	0.0	885062	2385.373324630274	3	1.85
19595.64961254636	1850	27.156714101700924	0.0	1035329	2782.4138525304597	3	1.85
19598.21946871744	1850	28.58685793061962	0.0	1026056	2569.856171081306	3	1.85
19600.99534361708	1850	29.810983030978218	0.0	943942	2775.874899641398	3	1.85
19603.60777353209	1850	31.198553115972405	0.0	728962	2612.429915005813	3	1.85
19606.694059214577	1850	32.112267433485655	0.0	938587	3086.285682486749	3	1.85
19609.18216764484	1850	33.62415900322113	0.0	908665	2488.108430264525	3	1.85
19613.522187630337	1850	33.28413901772785	0.0	930577	4340.019985493283	3	1.85
19614.682415543706	4300	36.12391110436079	0.0	858450	1160.2279133670615	5	1.85
19620.165982560626	4300	34.64034408743783	0.0	2184571	5483.5670169229625	5	1.8499999999999996
19626.328973900265	4300	32.47735274780028	0.0	2121928	6162.991339637545	5	4.3
19635.10476632376	4300	27.701560324307685	0.0	2219102	8775.7924234926	5	4.3
19646.34759100252	4300	20.458735645549424	0.0	2124950	11242.824678758263	5	4.3
19659.098064718193	4300	11.708261929873869	0.0	2246506	12750.473715675555	5	4.3
19668.080634825244	1850	6.725691822824745	0.0	1961140	8982.570107049123	3	4.3
19671.367883583647	1850	7.43844306442348	0.0	846370	3287.248758401265	3	-0.6000000000000001

