37201.23827164122	300	4.0	3.6046938228349314	450283	3604.6938228349313	0	-14.750183438190204
37201.70882588111	750	7.529445760102013	0.0	155580	470.55423989798686	1	-0.15000000000000002
37203.970353284705	750	9.267918356514668	0.0	350812	2261.527403587344	1	0.3
37204.99678552732	750	12.241486113894545	0.0	382355	1026.4322426201225	1	0.75
37208.11892511707	750	13.119346524136757	0.0	411561	3122.139589757788	1	0.75
37209.92800425111	750	15.310267390101012	0.0	318564	1809.0791340357453	1	0.75
37210.90458465142	1850	18.333686989792557	0.0	352642	976.5804003084585	3	0.75
37216.91513892567	1850	16.323132715539725	0.0	1060487	6010.554274252833	3	0.75
37223.006234534325	1850	14.232037106885837	0.0	852833	6091.095608653887	3	1.85
37226.80236005882	1850	14.435911582390622	0.0	913888	3796.1255244952154	3	1.85
37235.70503190064	750	9.533239740574405	0.0	939819	8902.671841816216	1	1.85
37238.8229700296	750	10.41530161161202	0.0	405134	3117.938128962386	1	-0.3500000000000001
37240.63886647674	750	12.599405164477217	0.0	386351	1815.896447134802	1	0.75
37242.509012433315	1850	14.72925920790441	0.0	434409	1870.1459565728067	3	0.75
37244.852942295176	1850	16.385329346034844	0.0	821631	2343.9298618695684	3	0.75
37251.40440111826	1850	13.833870522949375	0.0	923170	6551.458823085469	3	1.85
37254.874644536925	1850	14.363627104282946	0.0	966699	3470.243418666428	3	1.85
37258.82282271826	1850	14.415448922945052	0.0	885714	3948.178181337895	3	1.85
37261.58798710081	1850	15.65028454039702	0.0	987708	2765.164382548032	3	1.85
37269.09426231388	1850	12.144009327323614	0.0	923755	7506.275213073406	3	1.85
37271.37483832079	1850	13.86343332041438	0.0	891604	2280.5760069092344	3	1.85
37275.165123386476	1850	14.073148254736447	0.0	955231	3790.2850656779337	3	1.85
37278.262728877206	1850	14.975542763998117	0.0	968026	3097.6054907383295	3	1.85
37281.19514812527	1850	16.043123515938127	0.0	874175	2932.419248059988	3	1.85
37284.97849123793	1850	16.259780403278285	0.0	897976	3783.343112659844	3	1.85
37289.07001757186	1850	16.168254069351715	0.0	905935	4091.5263339265716	3	1.85
37293.24387454998	1850	15.994397091222172	0.0	1076599	4173.856978129541	3	1.85
37297.31951920447	1850	15.91875243673478	0.0	758197	4075.6446544873916	3	1.85
37300.670975498535	1850	16.56729614267602	0.0	972798	3351.4562940587593	3	1.85
37305.291252007795	1850	15.947019633413532	0.0	975811	4620.276509262487	3	1.85
37309.744878349775	1850	15.493393291434588	0.0	873429	4453.626341978945	3	1.85
37312.170555738114	1850	17.067715903095653	0.0	954453	2425.677388338936	3	1.85
37315.06802889646	1850	18.170242744753644	0.0	885062	2897.473158342011	3	1.85
37320.18311244238	1850	17.05515919883733	0.0	1035329	5115.083545916314	3	1.85
37326.26655977198	1850	14.971711869223379	0.0	1026056	6083.447329613951	3	1.85
37332.05236257315	750	13.185909068050778	0.0	943942	5785.8028011726	1	1.85
37332.859596794144	1850	16.378674847062644	0.0	321064	807.2342209881335	3	-0.3500000000000001
37334.98067203737	1850	18.257599603837118	0.0	938587	2121.0752432255254	3	0.75
37337.444782133425	1850	19.793489507784116	0.0	908665	2464.110096053001	3	1.85
37339.99362900361	1850	21.244642637595426	0.0	930577	2548.8468701886936	3	1.85
37342.136004782726	1850	23.102266858480522	0.0	858450	2142.3757791149055	3	1.85
37346.786084268344	1850	22.452187372862067	0.0	1025005	4650.079485618454	3	1.85
37356.687848597474	1850	16.550423043732202	0.0	886255	9901.764329129861	3	1.85
37361.3537576817	1850	15.884513959498818	0.0	973972	4665.909084233387	3	1.85
37368.71516225181	1850	12.523109389397558	0.0	958994	7361.40457010126	3	1.85
37370.98254146926	1850	14.255730171947228	0.0	982064	2267.379217450331	3	1.85
37372.79202463645	1850	16.446247004756877	0.0	830730	1809.483167190347	3	1.85
37378.021363288564	1850	15.216908352643427	0.0	846370	5229.338652113451	3	1.85

