87746.29322792335	750	4.0	5.5908156805278795	450283	5590.8156805278795	0.0805397683862625	-23.29050742626988
87748.35314294402	300	5.940084979319981	0.0	155580	2059.9150206800186	0.07552738750778173	-0.15000000000000002
87750.26050088622	300	8.032727037121248	0.0	139857	1907.3579421987333	0.07332498893143147	0.3
87754.86286043737	750	7.430367485970948	0.0	382355	4602.3595511503	0.08307803763494213	0.3
87759.67011595966	750	6.623111963673489	0.0	411561	4807.255522297459	0.08561246600915212	0.75
87761.18705185648	300	9.106176066851175	0.0	126289	1516.9358968223157	0.08325269397642364	-0.15000000000000002
87767.91327622057	1200	6.379951702770023	0.0	561791	6726.224364081151	0.08352248893153665	0.29999999999999993
87770.19733263954	300	8.095895283799118	0.0	173849	2284.0564189709057	0.07611414436002795	-0.6000000000000001
87774.71535241463	750	7.57787550871557	0.0	374758	4518.019775083548	0.08294740144050607	0.3
87779.2260614039	750	7.06716651943959	0.0	362795	4510.70898927598	0.08042970647464286	0.75
87783.40805469354	750	6.885173229792748	0.0	353220	4181.993289646842	0.08446211544012987	0.75
87785.19770834534	300	9.095519578006112	0.0	156148	1789.6536517866364	0.08725040168756411	-0.15000000000000002
87792.05079929838	1200	6.242428624975764	0.0	624282	6853.090953030347	0.09109495325229132	0.29999999999999993
87794.05789056898	300	8.235337354386738	0.0	179801	2007.091270589025	0.08958287180793399	-0.6000000000000001
87797.79112182138	750	8.502106101965724	0.0	337059	3733.231252421013	0.0902861294170877	0.3
87802.01830264545	750	8.274925277914429	0.0	366214	4227.180824051296	0.08663315226932342	0.75
87806.29179086791	750	8.00143705545207	0.0	360831	4273.488222462357	0.08443477113225585	0.75
87809.83259390722	750	8.460634016138714	0.0	372963	3540.8030393133567	0.10533288518423949	0.75
87813.67620549747	750	8.617022425891584	0.0	405596	3843.61159024713	0.10552471041277135	0.75
87817.01054605223	750	9.282681871126888	0.0	350713	3334.340554764696	0.10518211749511883	0.75
87822.67420099728	1200	7.619026926077806	0.0	601738	5663.654945049082	0.10624552622613652	0.75
87826.4649025162	750	7.8283254071518655	0.0	399894	3790.7015189259405	0.10549340221155323	0.3
87830.27378201298	750	8.019445910372855	0.0	401853	3808.8794967790113	0.10550425665601341	0.75
87833.37788854566	750	8.91533937769684	0.0	343800	3104.1065326760145	0.11075650799382003	0.75
87836.60154892618	750	9.691678997188486	0.0	359903	3223.660380508354	0.11164420488464893	0.75
87841.83797371488	1200	8.455254208488753	0.0	590335	5236.424788699732	0.11273627022657713	0.75
87845.63706152595	750	8.656166397402911	0.0	425781	3799.087811085842	0.11207453503905843	0.3
87848.14283954457	750	10.150388378788845	0.0	277716	2505.7780186140662	0.11083024830491704	0.75
87853.66367631551	1200	8.629551607833523	0.0	622896	5520.8367709553195	0.11282637503014145	0.75
87857.21817115259	750	9.075056770754536	0.0	400508	3554.494837078988	0.11267648944712756	0.3
87862.22342140139	1200	8.069806521962875	0.0	570392	5005.250248791661	0.11395873765506546	0.75
87865.76014244603	750	8.533085477318535	0.0	400322	3536.7210446443414	0.11319015408529542	0.3
87869.03360413642	750	9.25962378691682	0.0	369834	3273.4616904017143	0.11297948012784427	0.75
87874.90006857486	1200	7.3931593484735965	0.0	670129	5866.464438443223	0.1142304716975036	0.75
87878.4434039158	750	7.849824007537276	0.0	401088	3543.3353409363203	0.11319504404965892	0.3
87881.49261366834	750	8.800614254997592	0.0	365161	3049.2097525396844	0.11975594650248567	0.75
87884.0949236339	750	10.198304289445105	0.0	321064	2602.309965552487	0.12337654017008541	0.75
87888.69682243095	1200	9.596405492375604	0.0	575591	4601.8987970695	0.12507684879261963	0.75
87893.53670597807	1200	8.75652194526723	0.0	605884	4839.883547108375	0.12518565665944378	1.2
87896.68592600069	750	9.607301922648546	0.0	390680	3149.2200226186856	0.12405611459155402	0.3
87901.21957888208	1200	9.073649041255528	0.0	566904	4533.652881393015	0.1250435388043675	0.75
87906.33888809153	1200	7.9543398318032885	0.0	641452	5119.30920945224	0.12530049929698125	1.2
87918.612615413	750	4.0	4.319387489665028	372093	12273.727321468317	0.030316218558087225	-18.273366205559622
87922.5838632602	300	4.028752152809949	0.0	172312	3971.2478471900517	0.04338988817379488	-0.15000000000000002
87926.21295491107	300	4.399660501940485	0.0	167025	3629.091650869464	0.0460239134385002	0.3
87929.34637205374	300	5.266243359265496	0.0	160064	3133.417142674988	0.05108288897128899	0.3
87931.54034047476	300	7.0722749382320815	0.0	137507	2193.968421033415	0.06267501331456299	0.3
87936.19932737882	750	6.4132880341736	0.0	314107	4658.986904058482	0.06741959281456207	0.3

