73435.97142086554	750	4.0	1.734442587811675	450283	1734.442587811675	1	-6.708103127590202
73437.33779798582	750	6.633622879719898	0.0	398865	1366.3771202801029	1	0.75
73438.54919966387	750	9.422221201659141	0.0	350812	1211.4016780607558	1	0.75
73440.00056676746	750	11.970854098076538	0.0	382355	1451.3671035826042	1	0.75
73441.90972799042	750	14.061692875113236	0.0	411561	1909.1612229633013	1	0.75
73443.25990734977	750	16.71151351576706	0.0	318564	1350.1793593461782	1	0.75
73444.64778474745	1850	19.32363611807646	0.0	352642	1387.8773976905977	3	0.75
73448.82946263741	1850	19.141958228116128	0.0	1060487	4181.677889960334	3	0.75
73452.30852588857	1850	19.662894976967983	0.0	852833	3479.0632511481435	3	1.85
73456.03093081013	1850	19.94049005541209	0.0	913888	3722.4049215558903	3	1.85
73459.85668669155	1850	20.11473417397833	0.0	939819	3825.7558814337594	3	1.85
73463.59320068712	1850	20.3782201784196	0.0	917428	3736.5139955587306	3	1.85
73467.44698340706	1850	20.524437458458163	0.0	946851	3853.7827199614353	3	1.85
73471.65788910948	1850	20.313531756045737	0.0	1036454	4210.905702412427	3	1.85
73475.0125932287	1850	20.958827636828843	0.0	821631	3354.7041192168927	3	1.85
73478.77856127953	1850	21.192859586009845	0.0	923170	3765.9680508189967	3	1.85
73482.61723719667	1850	21.354183668868032	0.0	966699	3838.675917141817	3	1.85
73485.68653161652	1850	22.284889249015155	0.0	885714	3069.2944198528753	3	1.85
73489.3223475072	1850	22.64907335834048	0.0	987708	3635.8158906746753	3	1.85
73492.55125315311	1850	23.42016771241968	0.0	923755	3228.9056459208014	3	1.85
73497.2085163015	1850	22.762904564039722	0.0	891604	4657.263148379957	3	1.85
73502.38215696927	1850	21.58926389627561	0.0	955231	5173.640667764113	3	1.85
73507.62402525145	1850	20.347395614097767	0.0	968026	5241.868282177842	3	1.85
73512.36544571492	1850	19.605975150625902	0.0	874175	4741.420463471865	3	1.85
73517.23378180565	1850	18.73763905990424	0.0	897976	4868.336090721664	3	1.85
73522.14455819204	1850	17.826862673510913	0.0	905935	4910.776386393324	3	1.85
73527.96537737534	1850	16.006043490219987	0.0	1076599	5820.819183290927	3	1.85
73532.08836077241	1850	15.883060093139337	0.0	758197	4122.98339708065	3	1.85
73537.35567510195	1850	14.615745763600625	0.0	972798	5267.314329538712	3	1.85
73540.85560844193	1850	15.115812423631827	0.0	975811	3499.933339968798	3	1.85
73543.94172374661	1850	16.029697118940092	0.0	873429	3086.115304691734	3	1.85
73547.30670257249	1850	16.66471829306078	0.0	954453	3364.9788258793105	3	1.85
73550.43285563566	1850	17.538565229902726	0.0	885062	3126.153063158054	3	1.85
73554.09889888216	1850	17.87252198339376	0.0	1035329	3666.0432465089693	3	1.85
73557.90828809203	1850	18.063132773520127	0.0	1026056	3809.38920987363	3	1.85
73561.17221204787	1850	18.79920881769844	0.0	943942	3263.923955821685	3	1.85
73563.71230075446	1850	20.25912011110034	0.0	728962	2540.0887065980996	3	1.85
73567.60008600522	1850	20.371334860354246	0.0	938587	3887.7852507460907	3	1.85
73570.79488826511	1850	21.176532600441632	0.0	908665	3194.8022599126148	3	1.85
73574.1343126606	1850	21.837108204962675	0.0	930577	3339.4243954789563	3	1.85
73577.15081936543	1850	22.820601500129165	0.0	858450	3016.5067048335113	3	1.85
73580.75055043494	1850	23.220870430618877	0.0	1025005	3599.731069510287	3	1.85
73585.1396159658	1850	22.831804899754605	0.0	886255	4389.065530864271	3	1.85
73589.0859868522	1850	22.885434013358026	0.0	973972	3946.370886396579	3	1.85
73592.64604266842	1850	23.32537819713736	0.0	958994	3560.0558162206653	3	1.85
73599.93437968555	1850	20.037041180010142	0.0	982064	7288.337017127219	3	1.85
73602.93589552218	1850	21.035525343381153	0.0	830730	3001.5158366289893	3	1.85
73606.80068552315	1850	21.17073534240874	0.0	846370	3864.790000972409	3	1.85

