1107.4469437568723	750	4.0	2.0157210002909602	450283	2015.72100029096	1	-7.917600301251129
1108.6879945719977	1850	6.758949184874432	0.0	398865	1241.0508151255679	3	0.75
1111.4988632723112	1850	7.9480804845611654	0.0	877771	2810.8687003132663	3	0.75
1114.70385566606	1850	8.743088090812362	0.0	933276	3204.9923937488047	3	1.85
1118.594152723192	1850	8.852791033680257	0.0	996749	3890.2970571321052	3	1.85
1121.959086582042	1850	9.4878571748305	0.0	801058	3364.9338588497553	3	1.85
1124.6245866143126	1850	10.82235714255962	0.0	905515	2665.5000322708797	3	1.85
1127.8408463463027	1850	11.606097410569488	0.0	1060487	3216.2597319901315	3	1.85
1131.390658192048	1850	12.056285564824126	0.0	852833	3549.8118457453616	3	1.85
1134.1682333325537	1850	13.278710424318575	0.0	913888	2777.5751405055507	3	1.85
1136.9565233831156	1850	14.490420373756589	0.0	939819	2788.290050561985	3	1.85
1139.8259196258805	1850	15.621024130991739	0.0	917428	2869.3962427648516	3	1.85
1142.5685640865597	1850	16.878379670312533	0.0	946851	2742.644460679203	3	1.85
1145.5093010316627	1850	17.9376427252094	0.0	1036454	2940.7369451031345	3	1.85
1148.2025652852333	1850	19.244378471638832	0.0	821631	2693.2642535705695	3	1.85
1151.0236985119036	1850	20.42324524496858	0.0	923170	2821.133226670252	3	1.85
1153.9833287478575	1850	21.463615009014667	0.0	966699	2959.6302359539163	3	1.85
1156.826612371763	1850	22.62033138510926	0.0	885714	2843.2836239054063	3	1.85
1159.7954353706825	1850	23.651508386189676	0.0	987708	2968.8229989195875	3	1.85
1162.620721046269	1850	24.82622271060332	0.0	923755	2825.285675586353	3	1.85
1165.4477631806965	1850	25.999180576175778	0.0	891604	2827.042134427541	3	1.85
1168.2871247120179	1850	27.15981904485424	0.0	955231	2839.36153132154	3	1.85
1171.3208376667878	1850	28.126106090084196	0.0	968026	3033.712954770044	3	1.85
1174.194878120614	1850	29.252065636258195	0.0	874175	2874.0404538260004	3	1.85
1176.9860246225203	1850	30.46091913435208	0.0	897976	2791.1465019061134	3	1.85
1179.787330819122	1850	31.659612937750275	0.0	905935	2801.306196601803	3	1.85
1182.989532865218	1850	32.457410891654234	0.0	1076599	3202.2020460960402	3	1.85
1185.2832475977966	1850	34.16369615907584	0.0	758197	2293.7147325783885	3	1.85
1188.390899832979	4300	35.05604392389358	0.0	972798	3107.6522351822614	5	1.85
1197.1292250316603	4300	30.317718725212007	0.0	2164140	8738.325198681574	5	1.8499999999999996
1205.3102028232852	4300	26.13674093358715	0.0	2113193	8180.977791624859	5	4.3
1212.175669475529	4300	23.27127428134325	0.0	2147852	6865.466652243899	5	4.3
1220.1812821204335	4300	19.265661636438907	0.0	2191074	8005.6126449043395	5	4.3
1227.165058624508	4300	16.28188513236413	0.0	2286761	6983.776504074777	5	4.3
1234.455750105854	1850	12.991193651018417	0.0	2307787	7290.691481345715	3	4.3
1237.2461261163153	1850	14.200817640556929	0.0	943942	2790.376010461489	3	-0.6000000000000001
1239.464641922086	1850	15.982301834786359	0.0	728962	2218.5158057705703	3	1.85
1243.3248056473972	1850	16.122138109475088	0.0	938587	3860.163725311272	3	1.85
1246.195037214686	1850	17.251906542186358	0.0	908665	2870.231567288728	3	1.85
1249.11225295213	1850	18.33469080474253	0.0	930577	2917.215737443831	3	1.85
1252.6557442154353	1850	18.791199541437063	0.0	858450	3543.4912633054673	3	1.85
1257.7024194630355	1850	17.744524293836758	0.0	1025005	5046.675247600303	3	1.85
1260.410483550897	1850	19.036460205975462	0.0	886255	2708.0640878612985	3	1.85
1263.2475623861105	1850	20.199381370761824	0.0	973972	2837.0788352136356	3	1.85
1265.903582129341	1850	21.543361627531247	0.0	958994	2656.019743230577	3	1.85
1268.9470962945861	1850	22.4998474622863	0.0	982064	3043.5141652449483	3	1.85
1271.740177358625	1850	23.706766398247318	0.0	830730	2793.081064038984	3	1.85
1274.6946478014127	1850	24.752295955459484	0.0	846370	2954.4704427878314	3	1.85

