78613.76236275272	750	4.0	8.15988308215761	450283	8159.883082157609	0.05518253086059386	-34.33749725327772
78616.13327474512	300	5.629088007601033	0.0	155580	2370.911992398967	0.06562031846765388	-0.15000000000000002
78618.272665917	300	7.489696835721984	0.0	139857	2139.3911718790478	0.06537233669014454	0.3
78624.10981396283	750	5.6525487898877556	0.0	382355	5837.148045834229	0.06550373521412971	0.3
78629.90957150617	300	4.0	0.1472087534560651	163442	5799.7575433438205	0.028180833212170513	-0.78299763986108
78633.52242143035	300	4.387150075827978	0.0	126289	3612.849924172022	0.03495550677459773	0.3
78638.01707271903	300	4.0	0.10750121284491797	153295	4494.651288672896	0.034106094144905806	-0.16225521523314723
78640.82447202253	300	5.192600696483108	0.0	173849	2807.399303516891	0.06192528429504685	0.3
78646.83256124485	300	4.0	0.8154885258435188	150710	6008.089222326627	0.02508451429781492	-3.206600661127131
78649.66115757349	300	5.1714036713732545	0.0	139105	2828.5963286267456	0.04917810243624761	0.3
78653.14871357383	300	5.683847671039262	0.0	141840	3487.5560003339933	0.040670314680657856	0.3
78660.34148770738	300	4.0	1.5089264625091345	156148	7192.774133548396	0.021709009222421926	-6.188383788789278
78666.77419556146	300	4.0	2.432707854090815	160746	6432.707854090815	0.024988854405656742	-10.160643772590504
78670.47930365973	300	4.294891901746083	0.0	179801	3705.1080982539165	0.04852786888585888	0.3
78677.88163164782	300	4.0	3.1074360863559596	140051	7402.327988102043	0.018919858755935656	-13.061975171330625
78684.08183315537	300	4.0	2.2002015075543713	138313	6200.201507554371	0.022307823355656814	-9.160866482483796
78687.42643054509	300	4.655402610288986	0.0	143509	3344.597389711015	0.04290770555567518	0.3
78690.73568672792	300	5.346146427468395	0.0	150616	3309.2561828205903	0.04551355098523225	0.3
78694.3615736492	300	5.720259506161226	0.0	165384	3625.8869213071684	0.045612012616316616	0.3
78697.83940982973	300	6.24242332564004	0.0	140881	3477.8361805211866	0.04050823347834849	0.3
78703.43167456813	300	4.650158587237147	0.0	157671	5592.264738402893	0.02819448065776471	0.3
78707.75004612093	300	4.331787034438774	0.0	157812	4318.371552798373	0.03654433113744818	0.3
78711.87801647154	300	4.203816683814836	0.0	163927	4127.970350623938	0.03971128328846223	0.3
78715.31453203112	300	4.7673011242405465	0.0	137654	3436.5155595742895	0.040056271421931924	0.3
78717.92770402838	300	6.1541291269816485	0.0	146754	2613.171997258898	0.056159334385160437	0.3
78720.58256669166	300	7.499266463703471	0.0	153938	2654.8626632781775	0.05798341365421896	0.3
78727.60375005017	750	4.478083105190769	0.0	425781	7021.1833585127015	0.06064234164797446	0.3
78729.57044862787	300	6.511384527481518	0.0	111155	1966.6985777092518	0.05651857445764252	-0.15000000000000002
78732.25767578841	300	7.82415736694866	0.0	153605	2687.2271605328565	0.05716115193236634	0.3
78739.28094924534	750	4.800883910013187	0.0	400508	7023.273456935473	0.05702583025647376	0.3
78746.04333424581	300	4.0	1.961501090471831	157421	6762.385000485018	0.02327891712594141	-8.584454689028872
78750.32796190576	300	4.0	0.28462765994447364	157488	4284.627659944474	0.0367565194689615	-0.9238989377612365
78753.51933131073	300	4.808630595027963	0.0	143881	3191.369404972037	0.0450844078958201	0.3
78759.74401016318	300	4.0	1.4160482574107665	163444	6224.678852438729	0.02625741887647188	-5.789007506866295
78764.78891271603	300	4.0	1.0449025528534457	179328	5044.902552853446	0.035546375399970874	-4.193080977269816
78768.4441354559	300	4.344777260140103	0.0	159914	3655.222739859897	0.04374945424150251	0.3
78771.17468168635	300	5.614231029691674	0.0	131610	2730.546230448429	0.04819914731067787	0.3
78773.59752269427	300	7.191390021751211	0.0	124011	2422.8410079404625	0.05118412623592484	0.3
78780.52756759807	750	4.261345117970161	0.0	378327	6930.0449037810495	0.054592286955252464	0.3
78783.24528428675	300	5.5436284292820845	0.0	149991	2717.716688688077	0.05519007946056553	-0.15000000000000002
78785.99255812979	300	6.796354586239806	0.0	147968	2747.2738430422783	0.05385993841667531	0.3
78790.39045565447	300	6.39845706155768	0.0	161857	4397.897524682126	0.03680326771863535	0.3
78794.48699255058	300	6.301920165447122	0.0	145210	4096.536896110559	0.035447013827183904	0.3
78797.56636487428	300	7.2225478417586455	0.0	172312	3079.372323688476	0.05595685805008615	0.3
78804.04295228544	750	4.74596043059041	0.0	398987	6476.587411168236	0.06160451093611217	0.3
78807.39568483735	300	5.393227878668729	0.0	160064	3352.7325519216797	0.04774135649688383	-0.15000000000000002
78809.94582794118	300	6.843084774844918	0.0	137507	2550.143103823811	0.053921287708840804	0.3
78812.15311467202	300	8.63579804400271	0.0	118421	2207.2867308422087	0.05365003030431641	0.3

