39768.45961061941	300	4.0	4.502801278452933	181801	4502.801278452934	-19.06204549734761
39771.91491615115	300	4.544694468263518	0.0	155580	3455.3055317364815	0.3
39773.58209068684	300	6.877519932568499	0.0	139857	1667.1745356950191	0.3
39775.356658406876	300	9.102952212534346	0.0	155432	1774.5677200341515	0.3
39777.56560125244	300	10.894009366964248	0.0	163442	2208.942845570098	0.3
39779.294440252976	300	13.165170366436374	0.0	126289	1728.8390005278736	0.3
39781.375871688695	300	15.083738930714178	0.0	153295	2081.4314357221965	0.3
39783.45519021762	300	17.00442040179467	0.0	173849	2079.3185289195117	0.3
39785.22059023918	300	19.23902038022719	0.0	150710	1765.4000215674794	0.3
39786.770074176966	300	21.689536442442275	0.0	139105	1549.4839377849132	0.3
39788.299662708414	300	24.159947910993168	0.0	141840	1529.5885314491104	0.3
39789.975477358785	300	26.484133260621512	0.0	156148	1675.814650371656	0.3
39791.698283041784	300	28.76132757762434	0.0	160746	1722.8056829971706	0.3
39793.479235212915	300	30.980375406495728	0.0	179801	1780.9521711286122	0.3
39794.85458469407	300	33.60502592534285	0.0	140051	1375.3494811528806	0.3
39796.21385919254	300	36.245751426862306	0.0	138313	1359.274498480542	0.3
39797.73382141375	300	38.72578920565443	0.0	143509	1519.9622212078725	0.3
39799.33825286805	300	41.12135775135101	0.0	150616	1604.4314543034175	0.3
39801.084826048296	300	43.37478457110293	0.0	165384	1746.573180248083	0.3
39802.57008539707	300	45.889525222333724	0.0	140881	1485.2593487692068	0.3
39804.22282158421	300	48.236789035198555	0.0	157671	1652.736187135168	0.3
39805.52482215946	300	50.93478845994646	0.0	157812	1302.000575252098	0.3
39806.69061326505	300	53.76899735436645	0.0	163927	1165.7911055800155	0.3
39807.53574890249	300	56.92386171692287	0.0	137654	845.1356374435727	0.3
39808.88404862074	300	59.575561998676356	0.0	146754	848.2997182465197	0.3
39811.08738770219	300	59.84151198433806	0.0	153938	734.0500143382927	0.3
39813.55543529487	300	59.55113279405933	0.0	181901	790.3791902787374	0.3
39817.455193055735	750	59.65137503319021	0.0	277716	2899.7577608691163	0.3
39819.47136925743	300	59.603500024473526	0.0	153605	547.8750087166868	-0.15000000000000002
39821.6798135456	300	59.529928525479534	0.0	149029	573.5714989939952	0.3
39823.58597647463	300	59.51778340695358	0.0	157421	512.1451185259476	0.3
39825.26901577778	300	59.58727260912563	0.0	157488	430.5107978279528	0.3
39826.72545273998	300	59.68931845794252	0.0	143881	397.95415118310405	0.3
39828.09230613919	300	59.74813318479338	0.0	163444	441.18527314913894	0.3
39829.14521310098	300	59.8940138031758	0.0	179328	354.11938161758013	0.3
39830.42464695626	300	59.56819057787391	0.0	159914	325.8232253018959	0.3
39833.85132504949	300	59.79115688249486	0.0	131610	2777.0336953790475	0.3
39834.50039041031	300	59.99794641626815	0.0	124011	293.2104662267184	0.3
39838.820395401104	750	59.67794142546723	0.0	378327	3820.00499080092	0.3
39839.886177177454	750	59.9084804387887	0.0	390680	769.4609866785331	0.75
39840.69265855061	750	59.86290018354396	0.0	345516	545.5802552447444	0.75
39841.94869314117	1200	59.822333426215614	0.0	641452	1040.566757328342	0.75
39847.07915597779	1850	58.69187058959003	0.0	886255	5130.462836625576	1.2000000000000002
39850.30749356602	1850	59.46353300136535	0.0	973972	3228.337588224687	1.85
39852.06980381366	1850	59.501511980589626	0.0	958994	1462.0210207757232	1.85
39855.67063840648	1850	59.80673938560542	0.0	982064	1694.7725949842054	1.85
39858.067424502	1850	59.5213773367742	0.0	830730	2285.362048831218	1.85
39861.31903345196	1850	59.666284761135444	0.0	846370	1355.092575638756	1.85

