11027.533298154598	750	4.0	5.770699568872098	450283	5770.699568872098	-24.064008146150023
11029.262510358429	300	6.2707877961689045	0.0	155580	1729.2122038310952	-0.15000000000000002
11030.825052273785	300	8.70824588081214	0.0	139857	1562.541915356765	0.3
11032.552695616541	300	10.980602538056806	0.0	155432	1727.6433427553336	0.3
11034.365248264816	300	13.168049889782209	0.0	163442	1812.5526482745972	0.3
11035.78396378101	300	15.749334373587164	0.0	126289	1418.7155161950457	0.3
11039.602114507219	750	15.931183647379392	0.0	352642	3818.150726207771	0.3
11044.316212112639	750	15.217086041959615	0.0	437162	4714.097605419779	0.75
11048.368801565546	750	15.164496589052211	0.0	374758	4052.589452907402	0.75
11052.294578281633	750	15.238719872964653	0.0	362795	3925.776716087557	0.75
11056.118856046367	750	15.414442108231272	0.0	353220	3824.277764733381	0.75
11060.493443634663	750	15.03985451993646	0.0	405134	4374.587588294813	0.75
11064.6689236717	750	14.864374482898617	0.0	386351	4175.4800370378425	0.75
11068.727407391483	750	14.805890763116409	0.0	434409	4058.483719782207	0.75
11071.596474321768	750	15.936823832831136	0.0	337059	2869.0669302852734	0.75
11076.5409802709	1200	14.992317883699425	0.0	587876	4944.5059491317115	0.75
11081.728481480432	1200	13.80481667416892	0.0	617242	5187.501209530506	1.2
11085.355851204205	1200	14.17744695039454	0.0	581493	3627.36972377438	1.2
11087.021393588953	1200	16.511904565647797	0.0	639204	1665.5423847467414	1.2
11090.415459056536	2850	17.117839098064863	0.0	1336050	3394.0654675829364	1.2000000000000002
11094.005647349059	2850	17.527650805542805	0.0	1415116	3590.1882925220575	2.85
11097.727326686403	2850	17.805971468197146	0.0	1468126	3721.679337345658	2.85
11101.542356976039	2850	17.990941178561517	0.0	1505760	3815.0302896356293	2.85
11104.906507672813	2850	18.626790481787342	0.0	1323990	3364.150696774172	2.85
11110.41082953491	4300	17.1224686196896	0.0	2186790	5504.321862097744	2.8499999999999996
11115.712844697806	4300	15.820453456795178	0.0	2105231	5302.015162894423	4.3
11121.735088974108	4300	13.798209180491092	0.0	2395588	6022.244276304086	4.3
11126.706744359175	4300	12.826553795426165	0.0	1972048	4971.655385064927	4.3
11132.081643909356	4300	11.451654245245347	0.0	2134614	5374.8995501808195	4.3
11137.529782557622	4300	10.003515596979986	0.0	2164140	5448.1386482653625	4.3
11142.847073046618	4300	8.686225107984843	0.0	2113193	5317.290488995142	4.3
11148.246836580705	4300	7.2864615738977125	0.0	2147852	5399.76353408713	4.3
11153.753651633924	4300	5.779646520678765	0.0	2191074	5506.815053218948	4.3
11157.765032110472	2850	5.768266044132073	0.0	1587293	4011.3804765466907	1.4000000000000001
11161.54205689335	2850	5.991241261254619	0.0	1492672	3777.0247828774536	2.85
11176.072681882728	2850	4.0	8.539383728124426	1439896	14530.624989379045	-33.869350030935024
11177.07311963542	300	6.999562247305527	0.0	131610	1000.4377526944725	-2.25
11178.002812531231	300	10.06986935149553	0.0	124011	929.6928958099982	0.3
11179.071205488244	300	13.001476394482237	0.0	144254	1068.3929570132927	0.3
11180.178906959369	300	15.893774923359214	0.0	149991	1107.7014711230247	0.3
11181.272747331652	300	18.799934551075996	0.0	147968	1093.8403722832152	0.3
11183.987281098038	750	20.085400784688954	0.0	384505	2714.5337663870414	0.3
11190.139682557392	1850	17.932999325333817	0.0	886255	6152.4014593551365	0.75
11196.893099343952	1850	15.179582538775726	0.0	973972	6753.416786558091	1.85
11203.543890555411	1850	12.528791327315346	0.0	958994	6650.791211460381	1.85
11210.352751737328	1850	9.719930145398017	0.0	982064	6808.861181917329	1.85
11216.12470954217	1850	7.94797234055619	0.0	830730	5771.957804841826	1.85
11224.576301155535	2850	4.0	0.5036192728087444	1364537	8451.591613364935	-0.3155628730776008

