15030.514895656832	300	4.0	3.991177100032641	450283	3991.1771000326407	0	-16.412061530140356
15031.962621054903	300	6.552274601929756	0.0	155580	1447.7253980702437	0	-0.15000000000000002
15033.302728623825	300	9.212167033007558	0.0	139857	1340.1075689221989	0	0.3
15034.78316649717	300	11.731729159660386	0.0	155432	1480.4378733471704	0	0.3
15036.312493762796	750	14.202401894033732	0.0	163442	1529.3272656266545	1	0.3
15038.515305371051	750	15.999590285778451	0.0	318564	2202.8116082552806	1	0.3
15040.645744989624	750	17.869150667205794	0.0	352642	2130.439618572657	1	0.75
15043.267626797619	750	19.24726885921225	0.0	437162	2621.881807993545	1	0.75
15045.30408983969	750	21.210805817140777	0.0	374758	2036.4630420714761	1	0.75
15047.270620575991	1850	23.24427508083895	0.0	362795	1966.5307363018262	3	0.75
15051.899614448368	1850	22.615281208461422	0.0	939819	4628.993872377528	3	0.75
15056.187796840492	1850	22.327098816339394	0.0	917428	4288.182392122031	3	1.85
15060.610940614348	1850	21.90395504248124	0.0	946851	4423.1437738581535	3	1.85
15065.445087504399	1850	21.069808152431616	0.0	1036454	4834.146890049626	3	1.85
15069.833397682034	1850	20.68149797479595	0.0	821631	4388.310177635667	3	1.85
15076.178837981633	1850	18.336057675196088	0.0	923170	6345.440299599861	3	1.85
15082.641843901709	1850	15.873051755121956	0.0	966699	6463.005920074131	3	1.85
15087.525480007485	1850	14.989415649346553	0.0	885714	4883.636105775404	3	1.85
15092.96227668312	1850	13.552618973711738	0.0	987708	5436.796675634813	3	1.85
15098.052226701851	1850	12.462668954980456	0.0	923755	5089.950018731282	3	1.85
15102.967806998035	1850	11.547088658797067	0.0	891604	4915.580296183388	3	1.85
15108.18059022739	1850	10.334305429441415	0.0	955231	5212.783229355654	3	1.85
15113.443966827435	1850	9.070928829395477	0.0	968026	5263.376600045935	3	1.85
15118.20481035782	750	8.31008529900977	0.0	874175	4760.843530385709	1	1.85
15120.211941228776	750	10.302954428055548	0.0	359903	2007.1308709542227	1	-0.3500000000000001
15122.325076800587	750	12.189818856245036	0.0	379700	2113.135571810511	1	0.75
15124.68495696098	750	13.829938695852487	0.0	425781	2359.88016039255	1	0.75
15126.25201063088	750	16.262885025952755	0.0	277716	1567.0536698997312	1	0.75
15128.475964674626	750	18.038930982206	0.0	400396	2223.954043746751	1	0.75
15130.700518431788	750	19.814377225043284	0.0	400508	2224.5537571627183	1	0.75
15132.698626828584	750	21.816268828248926	0.0	358218	1998.1083967943578	1	0.75
15134.922184633107	1850	23.59271102372344	0.0	400322	2223.5578045254874	3	0.75
15139.741323520277	1850	22.773572136555266	0.0	885062	4819.13888716817	3	0.75
15145.365079692063	1850	21.149815964769633	0.0	1035329	5623.756171785633	3	1.85
15150.939182805756	1850	19.575712851075654	0.0	1026056	5574.103113693984	3	1.85
15156.325751947788	1850	18.189143709043673	0.0	943942	5386.569142031976	3	1.85
15160.70259087299	1850	17.81230478384285	0.0	728962	4376.838925200823	3	1.85
15166.315056428517	1850	16.199839228316684	0.0	938587	5612.465555526166	3	1.85
15171.751147887286	1850	14.763747769547082	0.0	908665	5436.091458769601	3	1.85
15177.31639880091	1850	13.198496855923867	0.0	930577	5565.250913623215	3	1.85
15186.871258343948	750	7.643637312884628	0.0	858450	9554.85954303924	1	1.85
15191.391412692099	300	7.123482964732465	0.0	384505	4520.154348152163	0	-0.3500000000000001
15192.922167837196	300	9.592727819636655	0.0	145210	1530.7551450958097	0	-0.15000000000000002
15194.8155590168	300	11.69933664003115	0.0	172312	1893.391179605506	0	0.3
15196.65219231562	750	13.862703341213614	0.0	167025	1836.6332988175363	1	0.3
15200.8170871299	750	13.697808526932041	0.0	393804	4164.894814281572	1	0.3
15204.056288049214	750	14.458607607618152	0.0	331053	3239.2009193138883	1	0.75
15207.234908015089	750	15.279987641743281	0.0	314107	3178.6199658748715	1	0.75

