91478.14605822132	750	4.0	1.415351855458412	450283	1415.3518554584118	1	-5.336012978471171
91480.37340677	750	5.772651451315745	0.0	398865	2227.348548684254	1	0.75
91481.38222108514	750	8.763837136190029	0.0	350812	1008.8143151257173	1	0.75
91482.47454904842	1850	11.671509172893751	0.0	382355	1092.3279632962772	3	0.75
91485.27755853112	1850	12.868499690193177	0.0	996749	2803.0094827005746	3	0.75
91487.48510915987	1850	14.660949061438885	0.0	801058	2207.550628754291	3	1.85
91489.95995558676	1850	16.186102634543793	0.0	905515	2474.846426895091	3	1.85
91493.13427775622	1850	17.011780465082875	0.0	1060487	3174.3221694609174	3	1.85
91495.66124706833	1850	18.48481115297442	0.0	852833	2526.969312108456	3	1.85
91498.19341325645	1850	19.952644964855782	0.0	913888	2532.166188118639	3	1.85
91501.05669464992	1850	21.08936357139314	0.0	939819	2863.2813934626415	3	1.85
91503.87787621966	1850	22.268182001652825	0.0	917428	2821.1815697403154	3	1.85
91506.59545367442	1850	23.55060454689896	0.0	946851	2717.577454753863	3	1.85
91510.81267747079	1850	23.3333807505357	0.0	1036454	4217.223796363262	3	1.85
91513.08597933213	1850	25.060078889188443	0.0	821631	2273.3018613472545	3	1.85
91515.79118055524	1850	26.354877666084512	0.0	923170	2705.2012231039353	3	1.85
91520.47643186181	1850	25.669626359507614	0.0	966699	4685.251306576897	3	1.85
91524.4863866519	1850	25.659671569420784	0.0	885714	4009.9547900868265	3	1.85
91527.51329563405	1850	26.632762587274982	0.0	987708	3026.9089821458024	3	1.85
91532.0249002601	1850	26.121157961209022	0.0	923755	4511.604626065962	3	1.85
91534.68139194528	1850	27.464666276030307	0.0	891604	2656.4916851787143	3	1.85
91538.81537705021	1850	27.330681171106903	0.0	955231	4133.985104923406	3	1.85
91541.58675615952	1850	28.559302061787047	0.0	968026	2771.3791093198565	3	1.85
91544.06846409073	1850	30.07759413058724	0.0	874175	2481.707931199805	3	1.85
91547.24124938501	1850	30.904808836314576	0.0	897976	3172.785294272664	3	1.85
91552.69021682692	1850	29.455841394415224	0.0	905935	5448.967441899354	3	1.85
91555.77082566763	1850	30.375232553709445	0.0	1076599	3080.6088407057796	3	1.85
91559.42877149617	1850	30.717286725161884	0.0	758197	3657.9458285475603	3	1.85
91562.60732813581	1850	31.538730085508853	0.0	972798	3178.556639653029	3	1.85
91565.36526647332	1850	32.78079174801053	0.0	975811	2757.9383374983213	3	1.85
91569.96653965466	1850	32.17951856667459	0.0	873429	4601.273181335944	3	1.85
91574.87679726558	1850	31.269260955764086	0.0	954453	4910.257610910504	3	1.85
91577.31395666837	1850	32.8321015529728	0.0	885062	2437.159402791282	3	1.85
91580.14075978597	4300	34.00529843536574	0.0	1035329	2826.8031176070663	5	1.85
91586.3955948651	4300	31.75046335623769	0.0	2307787	6254.835079128046	5	1.8499999999999996
91594.02563341806	4300	28.120424803276116	0.0	2143948	7630.038552961572	5	4.3
91601.7599172457	4300	24.38614097562501	0.0	1919781	7734.283827651107	5	4.3
91610.50740281658	4300	19.6386554047426	0.0	2147467	8747.48557088241	5	4.3
91618.63156644054	1850	15.514491780780189	0.0	2133870	8124.163623962411	3	4.3
91621.44095506695	1850	16.7051031543673	0.0	930577	2809.3886264128846	3	-0.6000000000000001
91624.69557799457	1850	17.45048022673966	0.0	858450	3254.6229276276417	3	1.85
91627.8058740182	1850	18.34018420310823	0.0	1025005	3110.296023631429	3	1.85
91630.56648608559	1850	19.57957213572686	0.0	886255	2760.6120673813707	3	1.85
91633.2888618251	1850	20.857196396210405	0.0	973972	2722.3757395164557	3	1.85
91637.10448116923	1850	21.04157705209383	0.0	958994	3815.619344116575	3	1.85
91639.85658924868	1850	22.289468972633795	0.0	982064	2752.1080794600366	3	1.85
91644.67112173805	1850	21.47493648327776	0.0	830730	4814.532489356038	3	1.85
91647.0510580498	1850	23.095000171529115	0.0	846370	2379.9363117486428	3	1.85

