74990.11910561538	750	4.0	1.802334509593895	450283	1802.334509593895	1	-7.000038391253748
74990.87409131389	750	7.245014301499048	0.0	398865	754.9856985009516	1	0.75
74993.13006435672	750	8.989041258649559	0.0	350812	2255.97304284949	1	0.75
74994.05085329554	1850	12.068252319831805	0.0	382355	920.7889388177537	3	0.75
75008.12159705849	300	4.0	2.002491443112298	996749	14070.743762944103	0	-7.860713205382881
75008.44881884399	750	7.672778214496548	0.0	126289	327.22178550345177	1	-1.25
75009.21914646463	1850	10.902450593852562	0.0	352642	770.3276206439853	3	0.3
75015.26547037553	1850	8.856126682962888	0.0	1060487	6046.323910889674	3	0.75
75026.88346187481	750	4.0	2.7618648163222987	852833	11617.991499285186	1	-10.026018710185884
75030.21152216758	300	4.671939707237419	0.0	362795	3328.0602927625814	0	-0.3500000000000001
75030.84479570489	750	8.038666169934462	0.0	141840	633.2735373029575	1	-0.15000000000000002
75031.59935025252	1850	11.284111622302056	0.0	405134	754.5545476324052	3	0.3
75033.21353228361	1850	13.669929591226877	0.0	946851	1614.1820310751793	3	0.75
75034.88971727068	1850	15.99374460415733	0.0	1036454	1676.1849870695482	3	1.85
75039.6008838401	1850	15.282578034736366	0.0	821631	4711.166569420965	3	1.85
75040.9827634043	1850	17.900698470530102	0.0	923170	1381.8795642062623	3	1.85
75042.3797957764	1850	20.503666098445066	0.0	966699	1397.0323720850392	3	1.85
75044.1436997839	1850	22.73976209093971	0.0	885714	1763.9040075053547	3	1.85
75048.19641031626	1850	22.6870515585943	0.0	987708	4052.710532345409	3	1.85
75049.65137406698	4300	25.232087807877676	0.0	923755	1454.9637507166235	5	1.85
75055.32892447153	4300	23.55453740332306	0.0	2039773	5677.550404554616	5	1.8499999999999996
75061.5320993057	4300	21.351362569156052	0.0	2176469	6203.174834167008	5	4.3
75066.96993168052	4300	19.913530194326828	0.0	2221506	5437.832374829226	5	4.3
75070.7462380569	4300	20.137223817942886	0.0	2044075	3776.3063763839427	5	4.3
75075.37835399133	4300	19.50510788350641	0.0	2186790	4632.115934436479	5	4.3
75083.9849368227	1850	14.898525052143867	0.0	2105231	8606.58283136254	3	4.3
75086.41759053944	1850	16.465871335406185	0.0	1076599	2432.653716737681	3	-0.6000000000000001
75087.94871990551	1850	18.934741969340568	0.0	758197	1531.1293660656138	3	1.85
75089.3724770983	1850	21.51098477655581	0.0	972798	1423.7571927847598	3	1.85
75092.83742577539	1850	22.04603609945909	0.0	975811	3464.9486770967164	3	1.85
75094.18078740104	4300	24.70267447381227	0.0	873429	1343.3616256468217	5	1.85
75100.69692305764	4300	22.18653881721968	0.0	2147852	6516.135656592589	5	1.8499999999999996
75111.52540807323	1850	15.358053801620235	0.0	2191074	10828.485015599445	3	4.3
75120.4148943017	750	10.468567573142488	0.0	1035329	8889.486228477746	1	-0.6000000000000001
75121.25961076737	1850	13.623851107469424	0.0	401088	844.7164656730657	3	-0.3500000000000001
75123.12390441641	1850	15.759557458441991	0.0	943942	1864.2936490274321	3	0.75
75124.93141665155	1850	17.952045223306463	0.0	728962	1807.5122351355285	3	1.85
75128.4274891495	1850	18.455972725364088	0.0	938587	3496.0724979423753	3	1.85
75131.69306779755	1850	19.1903940773221	0.0	908665	3265.5786480419874	3	1.85
75135.1772508936	1850	19.706210981268697	0.0	930577	3484.1830960534007	3	1.85
75136.40122264337	1850	22.48223923148748	0.0	858450	1223.971749781216	3	1.85
75137.8576726854	1850	25.025789189457257	0.0	1025005	1456.4500420302234	3	1.85
75139.13665369934	1850	27.746808175518893	0.0	886255	1278.9810139383633	3	1.85
75140.55139985977	4300	30.332062015093253	0.0	973972	1414.7461604256414	5	1.85
75144.3864546521	4300	30.497007222757063	0.0	2124950	3835.054792336189	5	1.8499999999999996
75150.42280749859	4300	28.460654376267293	0.0	2246506	6036.352846489773	5	4.3
75156.84876107839	4300	26.034700796467913	0.0	1961140	6425.953579799376	5	4.3
75164.14663067745	4300	22.736831197409728	0.0	2155012	7297.869599058187	5	4.3

