55426.47585741959	750	4.0	7.094420486016548	450283	7094.420486016548	0.06347001857128852	-29.756008089871155
55428.96484093998	300	5.511016479600314	0.0	155580	2488.983520399686	0.06250744479618597	-0.15000000000000002
55431.21037126658	300	7.2654861529996015	0.0	139857	2245.5303266007127	0.06228239197807484	0.3
55436.95361402156	750	5.522243398025153	0.0	382355	5743.242754974449	0.06657475860111038	0.3
55439.232585250895	300	7.243272168690288	0.0	163442	2278.971229334865	0.07171744772210302	-0.15000000000000002
55443.59858928108	750	6.877268138503238	0.0	318564	4366.0040301870495	0.0729646600867549	0.3
55445.74104137174	300	8.73481604784791	0.0	153295	2142.4520906553275	0.07155119158492386	-0.15000000000000002
55451.31365627698	750	7.162201142611096	0.0	437162	5572.6149052368155	0.0784482702347117	0.3
55454.83281443441	750	7.6430429851796395	0.0	374758	3519.158157431456	0.10649080923192333	0.75
55457.88342814623	750	8.592429273352588	0.0	362795	3050.613711827052	0.1189252505466244	0.75
55460.85564048459	750	9.620216935002965	0.0	353220	2972.2123383496228	0.11884076902666116	0.75
55465.580918912005	1200	8.894938507587408	0.0	594078	4725.278427415557	0.12572338521963558	0.75
55467.951335549275	750	10.524521870314906	0.0	386351	2370.4166372725035	0.16298864677415992	0.3
55471.596337901	1200	10.87951951859254	0.0	687371	3645.0023517223653	0.18857902785033814	0.75
55474.40932778454	1200	12.06652963505061	0.0	526950	2812.989883541931	0.18732737116583562	1.2
55479.24980734448	1850	11.226050075109812	0.0	923170	4840.4795599408	0.1907187063943083	1.2000000000000002
55484.3121276782	1850	10.163729741396567	0.0	966699	5062.3203337132445	0.19095966597809508	1.85
55489.03574774526	1200	9.440109674328761	0.0	581493	4723.620067067806	0.12310325380613488	0.5499999999999999
55492.74921848672	1200	9.726638932867496	0.0	639204	3713.470741461265	0.17213115290319234	1.2
55495.14827687249	1200	11.32758054710228	0.0	586839	2399.058385765216	0.24461222097886495	1.2
55499.08517713883	1850	11.390680280750908	0.0	891604	3936.900266351372	0.22647360605513078	1.2000000000000002
55503.8003313278	1850	10.675526091784977	0.0	955231	4715.15418896593	0.20258743653290573	1.85
55507.06578521863	1200	11.410072200962073	0.0	656471	3265.4538908229033	0.20103514609252912	0.5499999999999999
55511.387624012736	1850	11.08823340684914	0.0	874175	4321.838794112934	0.20226922882703824	1.2000000000000002
55515.82495456209	1850	10.650902857494199	0.0	897976	4437.3305493549415	0.20236851638887698	1.85
55518.76949072993	1200	11.70636668965291	0.0	590335	2944.536167841289	0.20048488670213513	0.5499999999999999
55524.07356989475	1850	10.402287524836723	0.0	1076599	5304.079164816187	0.20297566581235402	1.2000000000000002
55526.51746063395	1200	11.958396785636841	0.0	487160	2443.8907391998823	0.19933788044857267	0.5499999999999999
55530.93388227325	1850	11.54197514632637	0.0	972798	4416.42163931047	0.220268370968285	1.2000000000000002
55534.448556417665	1850	12.027301001916582	0.0	975811	3514.6741444097897	0.27763910960339266	1.85
55537.54640891107	1850	12.929448508510195	0.0	873429	3097.852493406387	0.2819466071606207	1.85
55540.924213730796	1850	13.55164368878334	0.0	954453	3377.804819726854	0.2825660601897009	1.85
55545.81694346634	2850	12.658913953239779	0.0	1358081	4892.729735543563	0.27757122780237165	1.85
55549.349993691445	1850	13.125863728139851	0.0	1035329	3533.050225099928	0.2930411214210002	0.8500000000000001
55554.47000747079	2850	12.005849948799398	0.0	1492672	5120.013779340454	0.29153671539381715	1.85
55557.81265822374	1850	12.66319919584852	0.0	943942	3342.6507529508785	0.28239324708592184	0.8500000000000001
55560.47018585184	1850	14.005671567753126	0.0	728962	2657.5276280953935	0.2743008171555436	1.85
55565.89453213273	2850	12.581325286854556	0.0	1499009	5424.346280898571	0.27634832335071374	1.85
55569.21415271762	1850	13.26170470196634	0.0	908665	3319.620584888216	0.2737255589197397	0.8500000000000001
55574.293660601295	2850	12.18219681828958	0.0	1402287	5079.50788367676	0.27606749159821486	1.85
55577.43425200858	1850	13.04160541100825	0.0	858450	3140.59140728133	0.2733402371316815	0.8500000000000001
55582.95945929584	2850	11.516398123747061	0.0	1527299	5525.207287261189	0.2764238372597009	1.85
55586.199182561795	1850	12.276674857790844	0.0	886255	3239.7232659562173	0.27355885896581916	0.8500000000000001
55589.75163912203	1850	12.724218297557155	0.0	973972	3552.45656023369	0.2741685882672495	1.85
55593.2517332605	1850	13.224124159082837	0.0	958994	3500.094138474317	0.2739909162609047	1.85
55598.76822590523	2850	11.707631514349906	0.0	1483527	5516.492644732933	0.26892576416583286	1.85
55601.91301854495	1850	12.562838874632336	0.0	830730	3144.7926397175693	0.26416050123883744	0.8500000000000001
55604.9868663624	1850	13.48899105717988	0.0	846370	3073.847817452455	0.27534544657498855	1.85

