54919.522235247736	750	4.0	4.210567089860903	450283	4210.567089860903	-17.35543848640188
54929.325052485394	1850	4.0	5.802817237649286	957685	9802.817237649286	-24.20211412189193
54933.085806337665	750	4.2392461477325	0.0	350812	3760.7538522675	-0.3500000000000001
54934.735934954326	300	6.589117531070183	0.0	155432	1650.1286166623167	-0.15000000000000002
54936.227887596186	300	9.097164889207862	0.0	163442	1491.9526418623195	0.3
54937.33975441698	300	11.985298068408156	0.0	126289	1111.8668207997082	0.3
54938.8020596308	300	14.522992854591056	0.0	153295	1462.3052138171015	0.3
54942.93000753149	750	14.395044953902486	0.0	437162	4127.947900688569	0.3
54946.383094736775	750	14.941957748611921	0.0	374758	3453.087205290565	0.75
54950.311918176965	750	15.013134308426281	0.0	362795	3928.8234401856403	0.75
54954.50694755413	750	14.818104931252906	0.0	353220	4195.029377173373	0.75
54958.140633143965	750	15.184419341422247	0.0	405134	3633.6855898306594	0.75
54961.98654000243	750	15.33851248295396	0.0	386351	3845.9068584682873	0.75
54966.836470622555	750	14.488581862827596	0.0	434409	4849.9306201263635	0.75
54970.47825264694	750	14.846799838437258	0.0	337059	3641.782024390338	0.75
54974.29722059883	750	15.027831886551347	0.0	366214	3818.967951885913	0.75
54977.763738223344	750	15.561314262039202	0.0	360831	3466.5176245121447	0.75
54982.17041249011	750	15.154639995277527	0.0	372963	4406.674266761674	0.75
54985.801411528955	750	15.523640956432253	0.0	405596	3630.999038845276	0.75
54989.73519320406	750	15.589859281325307	0.0	350713	3933.781675106946	0.75
54993.301302337226	750	16.023750148158353	0.0	386472	3566.109133166954	0.75
54996.79732006263	750	16.527732422757953	0.0	399894	3496.017725400402	0.75
55000.67711769764	750	16.647934787747232	0.0	401853	3879.797635010719	0.75
55003.93052562577	750	17.394526859619155	0.0	343800	3253.407928128075	0.75
55007.3529945065	750	17.97205797889388	0.0	359903	3422.4688807252787	0.75
55011.64583476864	750	17.67921771674804	0.0	379700	4292.840262145835	0.75
55016.961636330816	750	16.363416154579998	0.0	425781	5315.801562168043	0.75
55019.485951261544	750	17.839101223848004	0.0	277716	2524.314930731993	0.75
55023.50553986167	750	17.819512623727345	0.0	400396	4019.5886001206586	0.75
55027.193126575105	750	18.131925910287425	0.0	400508	3687.58671343992	0.75
55030.7380074443	750	18.587045041091493	0.0	358218	3544.8808691959302	0.75
55034.79946752674	750	18.525584958646817	0.0	400322	4061.4600824446775	0.75
55038.54593212965	750	18.779120355739803	0.0	369834	3746.4646029070154	0.75
55042.28187342059	750	19.043179064800356	0.0	412837	3735.9412909394496	0.75
55045.99281634276	750	19.332236142628602	0.0	401088	3710.942922171754	0.75
55050.16371991893	750	19.161332566459922	0.0	365161	4170.90357616868	0.75
55053.59717618423	750	19.727876301162087	0.0	321064	3433.456265297835	0.75
55056.81360977054	750	20.511442714847224	0.0	361565	3216.4335863148617	0.75
55060.30675011724	750	21.018302368152074	0.0	378327	3493.1403466951483	0.75
55063.86661113259	750	21.4584413528127	0.0	390680	3559.8610153393793	0.75
55067.314251802876	750	22.010800682518305	0.0	345516	3447.640670294395	0.75
55070.83977585611	750	22.485276629281884	0.0	384505	3525.5240532364187	0.75
55074.75729618348	750	22.56775630191457	0.0	372093	3917.5203273673133	0.75
55078.673491764595	750	22.651560720798404	0.0	438281	3916.1955811161683	0.75
55082.67363562174	750	22.651416863664263	0.0	398987	4000.1438571341387	0.75
55087.42945215189	750	21.895600333513837	0.0	393804	4755.816530150429	0.75
55090.56499685778	750	22.7600556276201	0.0	331053	3135.5447058937348	0.75
55093.604581098196	750	23.720471387198042	0.0	314107	3039.58424042206	0.75

