52487.45127948787	300	4.0	2.517954420813842	181801	2517.954420813842	-10.527204009499519
52489.11805693952	300	6.333222548351947	0.0	155580	1666.7774516480536	0.3
52490.42502482188	300	9.02625466598451	0.0	139857	1306.9678823674362	0.3
52491.81649546467	300	11.634784023203258	0.0	155432	1391.4706427812525	0.3
52493.2534875853	300	14.197791902569929	0.0	163442	1436.99212063333	0.3
52494.38201353287	300	17.06926595500038	0.0	126289	1128.5259475695514	0.3
52495.73475925999	300	19.716520227877076	0.0	153295	1352.7457271232993	0.3
52497.25815644787	300	22.19312304000625	0.0	173849	1523.3971878708273	0.3
52498.58943997658	300	24.861839511288725	0.0	150710	1331.2835287175217	0.3
52500.37254785005	300	27.078731637818816	0.0	139105	1783.1078734699113	0.3
52502.41705282563	300	29.034226662241757	0.0	141840	2044.5049755770608	0.3
52504.63441446083	300	30.816865027039924	0.0	156148	2217.361635201832	0.3
52506.91471375004	300	32.53656573782614	0.0	160746	2280.2992892137827	0.3
52509.455838832466	300	33.99544065539842	0.0	179801	2541.1250824277263	0.3
52511.452863926424	300	35.998415561438506	0.0	140051	1997.0250939599084	0.3
52513.42609918945	300	38.02518029842091	0.0	138313	1973.2352630175924	0.3
52515.47045756039	300	39.98082192747681	0.0	143509	2044.3583709441025	0.3
52517.612096902856	300	41.839182585009674	0.0	150616	2141.639342467141	0.3
52519.95588136808	300	43.49539811978296	0.0	165384	2343.7844652267067	0.3
52521.96426754356	300	45.48701194430284	0.0	140881	2008.3861754801171	0.3
52523.22000039463	300	48.231279093239245	0.0	157671	1255.7328510635998	0.3
52524.42191639329	300	51.029363094577555	0.0	157812	1201.9159986616944	0.3
52527.31722851069	750	52.134050977173516	0.0	401853	2895.312117404038	0.3
52529.743507324776	750	53.70777216308847	0.0	343800	2426.278814085044	0.75
52533.08325839984	750	54.368021088023454	0.0	359903	3339.7510750650217	0.75
52536.91113821846	750	54.540141269411166	0.0	379700	3827.8798186122904	0.75
52538.78661645624	300	56.6646630316303	0.0	181901	1875.4782377808642	-0.15000000000000002
52539.9637868045	300	59.487492683361005	0.0	111155	1177.1703482692894	0.3
52542.30650326604	300	59.90086513822189	0.0	153605	1586.6275451391173	0.3
52544.51696071086	300	59.86818104375366	0.0	149029	1532.6840944682333	0.3
52547.10378115554	300	59.97015741649245	0.0	157421	1898.023627261208	0.3
52549.177107086754	300	59.65189289389674	0.0	157488	1318.2645225957006	0.3
52552.11694844752	300	59.77450279387392	0.0	143881	2377.390100022821	0.3
52554.25404346237	300	59.69818108276796	0.0	163444	1576.3217111059614	0.3
52557.56715234368	300	59.781513330186115	0.0	179328	2916.667752581846	0.3
52559.99262442765	300	59.71599769616258	0.0	159914	2065.5156340235317	0.3
52563.19214947982	300	59.50171348280673	0.0	131610	2714.2842133558524	0.3
52566.75734314872	300	59.93651981391431	0.0	124011	3065.1936688924147	0.3
52571.872935008774	300	58.820927953856206	0.0	144254	5115.591860058106	0.3
52577.46258665006	300	57.23127631257031	0.0	149991	5589.651641285895	0.3
52583.63094777919	300	55.06291518344201	0.0	147968	6168.361129128292	0.3
52587.914272402355	300	54.779590560277185	0.0	161857	4283.324623164826	0.3
52590.79135060078	300	55.90251236185096	0.0	145210	2877.078198426222	0.3
52593.42317102379	300	57.27069193884571	0.0	172312	2631.8204230052474	0.3
52595.95262071518	300	58.74124224745188	0.0	167025	2529.4496913938247	0.3
52599.042892246616	300	59.65097071601437	0.0	160064	2590.2715314375087	0.3
52602.89224615581	300	59.76078556031985	0.0	137507	2390.1851556945153	0.3
52605.97339193798	300	59.66079709298415	0.0	118421	1599.98846733571	0.3

