67805.99003528012	750	4.0	3.3329160368147637	450283	3332.9160368147636	-13.581538958303483
67808.84548273114	750	5.144552548991876	0.0	398865	2855.4474510081236	0.75
67811.36655996574	750	6.623475314381013	0.0	350812	2521.0772346108633	0.75
67814.10712484391	750	7.8829104362136855	0.0	382355	2740.564878167327	0.75
67817.05091567135	750	8.939119608779958	0.0	411561	2943.7908274337287	0.75
67819.34759961649	750	10.64243566362821	0.0	318564	2296.6839451517476	0.75
67821.88141065536	750	12.108624624759402	0.0	352642	2533.811038868807	0.75
67825.00334253351	750	12.986692746611123	0.0	437162	3121.931878148279	0.75
67827.6910447281	750	14.29899055202172	0.0	374758	2687.702194589403	0.75
67830.29550402632	750	15.694531253791762	0.0	362795	2604.459298229958	0.75
67834.60208328551	1200	15.3879519946017	0.0	607410	4306.579259190063	0.75
67838.81589364941	1200	15.1741416306941	0.0	594078	4213.810363907598	1.2
67841.75335877108	1200	16.236676509027248	0.0	624282	2937.465121666852	1.2
67846.16849493606	1850	15.821540344053043	0.0	1036454	4415.136164974206	1.2000000000000002
67849.68509922565	1850	16.304936054461876	0.0	821631	3516.604289591165	1.85
67853.62640677372	1850	16.3636285063997	0.0	923170	3941.3075480621787	1.85
67857.74978139097	1850	16.24025388915243	0.0	966699	4123.374617247267	1.85
67861.53442317268	1850	16.45561210743905	0.0	885714	3784.6417817133834	1.85
67865.74567132382	1850	16.244363956306103	0.0	987708	4211.2481511329415	1.85
67871.41391612118	2850	14.57611915893566	0.0	1336050	5668.244797370445	1.85
67877.41286722681	2850	12.577168053306625	0.0	1415116	5998.951105629036	2.85
67883.6335412146	2850	10.35649406551853	0.0	1468126	6220.673987788094	2.85
67890.01162548247	2850	7.978409797647927	0.0	1505760	6378.084267870604	2.85
67895.62942738306	2850	6.360607897067488	0.0	1323990	5617.801900580439	2.85
67899.46535695916	1850	6.5246783209561725	0.0	897976	3835.9295761113153	0.8500000000000001
67903.33457633755	1850	6.655458942560308	0.0	905935	3869.219378395864	1.85
67919.31153357791	1850	4.0	9.321498297804816	1076599	15976.957240365124	-38.2324426805607
67922.37030159854	300	4.941231979381367	0.0	111155	3058.768020618633	-1.25
67925.40782709113	300	5.9037064867832125	0.0	153605	3037.525492598156	0.3
67928.31642510551	300	6.995108472395283	0.0	149029	2908.5980143879297	0.3
67930.67574751773	300	8.63578606016985	0.0	157421	2359.322412225433	0.3
67932.92310298458	300	10.388430593327021	0.0	157488	2247.35546684283	0.3
67934.64696000353	300	12.664573574360974	0.0	143881	1723.8570189660486	0.3
67939.46612957578	750	11.845404002117915	0.0	412837	4819.169572243058	0.3
67944.5324292561	750	10.779104321809745	0.0	401088	5066.29968030817	0.75
67949.07492357389	750	10.236610004017372	0.0	365161	4542.494317792374	0.75
67952.6026941211	750	10.708839456806997	0.0	321064	3527.7705472103758	0.75
67956.56097422056	750	10.750559357361777	0.0	361565	3958.28009944522	0.75
67961.74799163177	750	9.563541946155059	0.0	378327	5187.017411206717	0.75
67966.50792046994	750	8.803613107972424	0.0	390680	4759.928838182635	0.75
67970.06699563058	750	9.24453794733934	0.0	345516	3559.0751606330828	0.75
67974.84401567321	750	8.467517904714455	0.0	384505	4777.020042624886	0.75
67979.46331739842	750	7.848216179501922	0.0	372093	4619.301725212534	0.75
67983.70720925694	750	7.604324320968471	0.0	438281	4243.89185853345	0.75
67987.64937435415	750	7.662159223760828	0.0	398987	3942.1650972076436	0.75
67991.0053338712	750	8.306199706707739	0.0	393804	3355.959517053088	0.75
67995.47227464429	1200	7.839258933619303	0.0	538612	4466.940773088436	0.75
68003.40571792732	1850	4.0	0.09418434941654413	846370	7933.443283035847	0.7950072975088603

