46036.778684174875	750	4.0	0.8956198251669878	450283	895.6198251669878	-3.1011652482180474
46037.88874684191	750	6.889937332960877	0.0	398865	1110.062667039123	0.75
46041.621413373905	1850	7.157270800972885	0.0	877771	3732.6665319879917	0.75
46043.327154926345	1850	9.4515292485292	0.0	933276	1705.7415524436856	1.85
46045.82043160571	1850	10.95825256916416	0.0	996749	2493.2766793650403	1.85
46047.2615700119	1850	13.517114162976025	0.0	801058	1441.1384061881351	1.85
46048.91398448134	1850	15.864699693531323	0.0	905515	1652.4144694447002	1.85
46050.914632283995	1850	17.86405189088068	0.0	1060487	2000.6478026506436	1.85
46053.09286834801	1850	19.68581582686149	0.0	852833	2178.236064019191	1.85
46055.68555670714	1850	21.093127467735965	0.0	913888	2592.6883591255255	1.85
46058.46951957336	1850	22.30916460151212	0.0	939819	2783.9628662238456	1.85
46060.17432988738	1850	24.60435428749874	0.0	917428	1704.8103140133796	1.85
46062.257964029486	1850	26.52072014538807	0.0	946851	2083.6341421106686	1.85
46065.89629408354	1850	26.88239009132719	0.0	1036454	3638.3300540608793	1.85
46067.65082047062	1850	29.127863704255603	0.0	821631	1754.5263870715858	1.85
46069.391413026104	1850	31.387271148767486	0.0	923170	1740.5925554881167	1.85
46071.60492651359	1850	33.17375766128173	0.0	966699	2213.5134874857554	1.85
46078.21428834544	4300	30.564395829428232	0.0	2059512	6609.361831853505	1.8499999999999996
46083.66759777563	4300	29.111086399241128	0.0	2220726	5453.309430187103	4.3
46091.11837193242	4300	25.66031224245829	0.0	2156729	7450.774156782836	4.3
46096.61593504671	4300	24.162749128168088	0.0	2039773	5497.563114290202	4.3
46102.023123002626	4300	22.755561172252172	0.0	2176469	5407.187955915919	4.3
46106.63678458722	4300	22.14189958765615	0.0	2221506	4613.661584596018	4.3
46112.85294928798	4300	19.925734886897782	0.0	2044075	6216.1647007583715	4.3
46117.356013940465	4300	19.422670234408205	0.0	2186790	4503.064652489579	4.3
46123.69481375065	4300	17.083870424226365	0.0	2105231	6338.799810181838	4.3
46128.69197633855	4300	16.086707836323107	0.0	2395588	4997.162587903258	4.3
46133.23366659872	4300	15.545017576159266	0.0	1972048	4541.690260163844	4.3
46138.460902595594	4300	14.317781579281581	0.0	2134614	5227.235996877685	4.3
46143.09395318454	4300	13.684730990329099	0.0	2164140	4633.050588952483	4.3
46147.33480945848	4300	13.44387471639848	0.0	2113193	4240.85627393062	4.3
46151.78787894476	4300	12.990805230120547	0.0	2147852	4453.069486277934	4.3
46158.35460304611	4300	10.424081128770316	0.0	2191074	6566.72410135023	4.3
46160.84158349923	1850	11.937100675653484	0.0	1035329	2486.980453116831	-0.6000000000000001
46163.27008418973	1850	13.508599985147477	0.0	1026056	2428.500690506007	1.85
46165.34905909888	1850	15.429625075996833	0.0	943942	2078.9749091506437	1.85
46167.0649791803	1850	17.713704994577594	0.0	728962	1715.9200814192395	1.85
46169.31225464463	1850	19.466429530246295	0.0	938587	2247.275464331298	1.85
46173.334649854565	1850	19.444034320313282	0.0	908665	4022.395209933013	1.85
46175.434806235404	1850	21.343877939474552	0.0	930577	2100.1563808387336	1.85
46179.050323618874	1850	21.72836055600152	0.0	858450	3615.5173834730313	1.85
46180.569896440014	1850	24.208787734863357	0.0	1025005	1519.5728211381631	1.85
46182.43860202149	1850	26.340082153394608	0.0	886255	1868.7055814687494	1.85
46185.839143028694	1850	26.93954114619004	0.0	973972	3400.5410072045684	1.85
46189.2426135998	1850	27.536070575079712	0.0	958994	3403.4705711103275	1.85
46191.84426835068	1850	28.934415824195472	0.0	982064	2601.65475088424	1.85
46193.81508574158	1850	30.963598433299662	0.0	830730	1970.817390895808	1.85
46195.58345464589	1850	33.19522952899175	0.0	846370	1768.3689043079103	1.85

