34118.401745430456	300	4.0	1.9405704308710916	181801	1940.5704308710915	-8.044452852745692
34119.34132347656	300	7.06042195389568	0.0	155580	939.5780461043205	0.3
34120.1940320946	300	10.207713335859866	0.0	139857	852.7086180358142	0.3
34121.132792442084	300	13.268952988372485	0.0	155432	938.7603474873811	0.3
34122.11580796472	300	16.285937465738584	0.0	163442	983.0155226339011	0.3
34122.89355350955	300	19.508191920909763	0.0	126289	777.7455448288246	0.3
34123.820506952005	300	22.58123847845211	0.0	153295	926.953442457654	0.3
34124.861021052384	300	25.54072437807166	0.0	173849	1040.5141003804474	0.3
34125.773692393996	300	28.62805303645717	0.0	150710	912.6713416144886	0.3
34126.62224621906	300	31.779499211393915	0.0	139105	848.5538250632569	0.3
34127.48591089356	300	34.91583453688925	0.0	141840	863.6646745046717	0.3
34128.42862713436	300	37.97311829609289	0.0	156148	942.7162407963584	0.3
34129.39674728219	300	41.00499814826486	0.0	160746	968.1201478280311	0.3
34130.47014612695	300	43.93159930350587	0.0	179801	1073.3988447589852	0.3
34131.32392659317	300	47.07781883728299	0.0	140051	853.7804662228832	0.3
34132.168104625634	300	50.23364080481849	0.0	138313	844.1780324644998	0.3
34133.04099050954	300	53.36075492091063	0.0	143509	872.8858839078604	0.3
34133.95314250203	300	56.44860292841771	0.0	150616	912.151992492919	0.3
34134.946887556514	300	59.45485787393181	0.0	165384	993.7450544859039	0.3
34136.88933244459	300	59.59649166546528	0.0	140881	858.3662084665302	0.3
34138.79767282072	300	59.64536086390136	0.0	157671	951.1308015639177	0.3
34140.59870226518	300	59.69345103865509	0.0	157812	951.9098252462721	0.3
34142.3402120981	300	59.70775589555351	0.0	163927	985.6951431015744	0.3
34143.6252907535	300	59.90262394901339	0.0	137654	805.1319465401274	0.3
34145.208374837755	300	59.54955514111424	0.0	146754	853.068807899152	0.3
34146.662215128985	300	59.658642551676266	0.0	153938	890.9125894379687	0.3
34148.21857448082	300	59.62042683540506	0.0	181901	1038.2157162711997	0.3
34149.34236211857	300	59.529104725562526	0.0	111155	591.3221098425395	0.3
34150.36601896925	300	59.74250913667886	0.0	153605	786.5955888836605	0.3
34153.05317153125	300	59.976963522826814	0.0	149029	765.5456138520428	0.3
34154.00507733765	300	59.67281402119826	0.0	157421	804.1495016285584	0.3
34156.68074912917	300	59.86835631407864	0.0	157488	804.4577071196245	0.3
34157.453692142335	300	59.62649192213716	0.0	143881	741.864391941473	0.3
34159.87920606479	300	59.892274292526295	0.0	163444	734.2176296108688	0.3
34162.58609545475	300	59.59447774396619	0.0	179328	797.7965485601055	0.3
34164.85336414719	300	59.874389652500035	0.0	159914	720.0880914661443	0.3
34168.047792010926	750	59.509266129866084	0.0	321064	1365.1235226339538	0.3
34170.850570339055	750	59.98202917255805	0.0	361565	1527.236957308031	0.75
34173.739772321635	750	59.887698923923715	0.0	378327	1594.330248634341	0.75
34176.738195122154	750	59.74392329718688	0.0	390680	1643.7756267368288	0.75
34179.442837667884	750	59.780925704662046	0.0	345516	1462.9975925248339	0.75
34182.33860031757	750	59.661866762923424	0.0	384505	1619.0589417386207	0.75
34185.16005889495	750	59.592489358706715	0.0	372093	1569.3774042167165	0.75
34188.016756353674	750	59.7581811129254	0.0	438281	1834.3082457813146	0.75
34190.80819783552	750	59.58115504047519	0.0	398987	1677.0260724502077	0.75
34193.158173401636	750	59.924874972615385	0.0	393804	1656.2800678598087	0.75
34195.3330820922	750	59.519768459463684	0.0	331053	1405.1065131517032	0.75
34196.85384866848	750	59.604286260028005	0.0	314107	915.4821994356764	0.75

