47794.13453033435	300	4.0	13.559556496166044	450283	13559.556496166044	0	-57.55609293351399
47800.51795966426	300	4.0	2.383429329916169	155580	6383.429329916169	0	-10.398746118639526
47805.08810326264	300	4.0	0.5701435983767514	139857	4570.1435983767515	0	-2.151617473020031
47808.77673617054	300	4.311367092101524	0.0	155432	3688.6329078984754	0	0.3
47814.097808799364	300	4.0	1.0097055367271588	163442	5321.072628828683	0	-4.041733807926783
47817.844010960514	300	4.253797838854774	0.0	126289	3746.2021611452265	0	0.3
47823.07750343024	300	4.0	0.9796946308708293	153295	5233.492469725603	0	-3.912686912744566
47826.71351065902	300	4.363992771216053	0.0	173849	3636.007228783946	0	0.3
47830.68064808072	300	4.3968553495154685	0.0	150710	3967.1374217005846	0	0.3
47833.93767454005	300	5.139828890188373	0.0	139105	3257.0264593270945	0	0.3
47836.593441002246	300	6.484062427999149	0.0	141840	2655.7664621892245	0	0.3
47840.70304332623	300	6.374460104004332	0.0	156148	4109.602323994816	0	0.3
47843.83763338762	300	7.239870042611756	0.0	160746	3134.5900613925764	0	0.3
47848.21123740793	300	6.8662660223053305	0.0	179801	4373.604020306425	0	0.3
47851.29303542113	300	7.784468009108432	0.0	140051	3081.7980131968993	0	0.3
47854.03667055378	300	9.040832876453743	0.0	138313	2743.6351326546887	0	0.3
47857.61590713975	300	9.46159629049019	0.0	143509	3579.236585963553	0	0.3
47860.49143428477	300	10.586069145466595	0.0	150616	2875.527145023594	0	0.3
47863.855779916106	300	11.221723514125271	0.0	165384	3364.3456313413244	0	0.3
47870.246903707935	300	8.830599722296265	0.0	140881	6391.123791829005	0	0.3
47874.01173355086	300	9.065769879369872	0.0	157671	3764.829842926393	0	0.3
47880.11081169141	300	6.966691738820548	0.0	157812	6099.078140549325	0	0.3
47884.44371238477	300	6.633791045459886	0.0	163927	4332.9006933606615	0	0.3
47887.09073702325	300	7.9867664069755975	0.0	137654	2647.0246384842885	0	0.3
47890.56036938492	300	8.517134045301349	0.0	146754	3469.6323616742484	0	0.3
47893.769210452505	300	9.30829297771982	0.0	153938	3208.8410675815303	0	0.3
47897.56257416791	300	9.514929262318653	0.0	181901	3793.3637154011676	0	0.3
47899.64762790945	300	11.429875520775585	0.0	111155	2085.0537415430663	0	0.3
47902.6106401157	300	12.46686331452672	0.0	153605	2963.012206248866	0	0.3
47905.680116407864	300	13.39738702236114	0.0	149029	3069.4762921655793	0	0.3
47909.251131390585	300	13.82637203963876	0.0	157421	3571.0149827223786	0	0.3
47913.84908651445	300	13.228416915774224	0.0	157488	4597.955123864538	0	0.3
47916.685427493045	300	14.392075937181312	0.0	143881	2836.340978592911	0	0.3
47919.237654684446	750	15.839848745781275	0.0	163444	2552.227191400038	1	0.3
47929.5683583989	300	9.509145031330268	0.0	401088	10330.703714451007	0	0.3
47932.84948522336	300	10.228018206867603	0.0	159914	3281.1268244626667	0	-0.15000000000000002
47935.89499336809	300	11.182510062140128	0.0	131610	3045.5081447274724	0	0.3
47938.29166979727	300	12.785833632956546	0.0	124011	2396.676429183582	0	0.3
47940.844316612805	300	14.233186817422514	0.0	144254	2552.6468155340335	0	0.3
47943.40698802344	750	15.670515406786837	0.0	149991	2562.671410635676	1	0.3
47949.89617150917	750	13.18133192105225	0.0	345516	6489.183485734588	1	0.3
47958.64319309206	300	8.434310338163646	0.0	384505	8747.021582888603	0	0.75
47961.19922902909	300	9.878274401127548	0.0	145210	2556.035937036098	0	-0.15000000000000002
47967.150062888686	300	7.927440541530639	0.0	172312	5950.833859596909	0	0.3
47971.7995887133	300	7.277914716917647	0.0	167025	4649.525824612992	0	0.3
47976.42569744603	300	6.651805984195011	0.0	160064	4626.108732722635	0	0.3
47980.26418620501	300	6.813317225214609	0.0	137507	3838.488758980402	0	0.3
47986.06099837208	300	5.016505058143145	0.0	118421	5796.8121670714645	0	0.3

