29685.328188451786	300	4.0	1.7515089272468545	181801	1751.5089272468545	-7.231488387161474
29686.338225894426	300	6.989962557358936	0.0	155580	1010.0374426410641	0.3
29688.8916442237	300	8.436544228086902	0.0	139857	2553.418329272035	0.3
29690.018636587505	300	11.309551864279559	0.0	155432	1126.9923638073415	0.3
29690.943004115157	300	14.38518433662722	0.0	163442	924.3675276523417	0.3
29695.159789776466	750	14.168398675317018	0.0	318564	4216.785661310202	0.3
29697.345193075693	750	15.982995376088475	0.0	352642	2185.403299228543	0.75
29701.93862002436	750	15.389568427422772	0.0	437162	4593.426948665703	0.75
29703.54703464239	750	17.781153809392368	0.0	374758	1608.4146180304058	0.75
29705.35097921069	750	19.977209241093593	0.0	362795	1803.944568298773	0.75
29709.444708474948	1200	19.883479976835673	0.0	607410	4093.7292642579237	0.75
29713.968222678468	1200	19.35996577331624	0.0	594078	4523.514203519435	1.2
29717.82560990797	1200	19.50257854381429	0.0	624282	3857.387229501946	1.2
29720.290856327516	1200	21.037332124269415	0.0	687371	2465.2464195448765	1.2
29722.617803179714	1200	22.710385272069274	0.0	526950	2326.946852200141	1.2
29728.380190817836	1850	20.94799763394903	0.0	923170	5762.387638120246	1.2000000000000002
29730.747164283315	1200	22.581024168470083	0.0	617242	2366.973465478944	0.5499999999999999
29735.001880672007	1850	22.326307779779892	0.0	885714	4254.716388690193	1.2000000000000002
29738.438853600972	1850	22.889334850815157	0.0	987708	3436.9729289647335	1.85
29741.43459755111	1850	23.89359090067456	0.0	923755	2995.7439501405966	1.85
29745.300397703322	1850	24.02779074846054	0.0	891604	3865.800152214023	1.85
29749.652597077835	1850	23.675591373947295	0.0	955231	4352.199374513241	1.85
29754.22903431456	1850	23.09915413722027	0.0	968026	4576.437236727026	1.85
29759.31963882962	1850	22.008549622163333	0.0	874175	5090.604515056937	1.85
29763.203813093158	1850	22.12437535862403	0.0	897976	3884.174263539307	1.85
29767.010151031907	1850	22.31803741987561	0.0	905935	3806.3379387484188	1.85
29770.71766965562	1850	22.610518796161788	0.0	1076599	3707.5186237138178	1.85
29773.287569960077	1850	24.04061849170603	0.0	758197	2569.900304455756	1.85
29776.42099883529	1850	24.907189616494936	0.0	972798	3133.4288752110965	1.85
29779.582834985427	1850	25.745353466353773	0.0	975811	3161.8361501411637	1.85
29785.42715462304	2850	23.901033828737997	0.0	1341201	5844.319637615775	1.85
29788.641266177772	1850	24.686922274008104	0.0	954453	3214.111554729892	0.8500000000000001
29791.712790613732	1850	25.615397838048576	0.0	885062	3071.5244359595317	1.85
29796.986372232157	2850	24.34181621962576	0.0	1587293	5273.581618422817	1.85
29804.076205792284	2850	21.251982659496907	0.0	1492672	7089.833560128853	2.85
29806.87153839194	1200	22.456650059843632	0.0	598727	2795.3325996532712	-0.44999999999999996
29811.873746203157	1850	21.454442248624343	0.0	728962	5002.207811219292	1.2000000000000002
29815.820388413373	1200	21.50780003840796	0.0	575591	3946.642210216383	0.5499999999999999
29819.529081657405	1850	21.79910679437527	0.0	908665	3708.693244032691	1.2000000000000002
29822.455954231722	1200	22.872234220061763	0.0	587506	2926.8725743135064	0.5499999999999999
29826.338359658897	1850	22.989828792886257	0.0	858450	3882.40542717551	1.2000000000000002
29832.246016169076	1850	21.082172282707173	0.0	1025005	5907.656510179084	1.85
29835.14160110699	1200	22.186587344790844	0.0	599477	2895.5849379163283	0.5499999999999999
29839.620749981867	1850	21.707438469916003	0.0	973972	4479.1488748748425	1.2000000000000002
29844.985412315928	1850	20.34277613585416	0.0	958994	5364.662334061846	1.85
29848.34610287542	1200	20.982085576358696	0.0	638661	3360.6905594954633	0.5499999999999999
29850.613203540248	1200	22.714984911532905	0.0	538612	2267.100664825788	1.2
29854.14481393478	1850	23.183374517000992	0.0	846370	3531.610394531913	1.2000000000000002

