66406.13580537976	750	4.0	6.1722084355899725	450283	6172.208435589972	0.0729533042668478	-25.79049627303688
66408.65011765473	300	5.485687725029631	0.0	155580	2514.3122749703693	0.06187775541995215	-0.15000000000000002
66410.68359907606	300	7.45220630370273	0.0	139857	2033.4814213269012	0.06877712209868116	0.3
66415.91177184996	750	6.224033529796113	0.0	382355	5228.172773906617	0.07313358156568629	0.3
66418.02825663249	300	8.107548747276626	0.0	163442	2116.4847825194875	0.07722332867682459	-0.15000000000000002
66422.55330527578	750	7.582500103989254	0.0	318564	4525.048643287371	0.07040012718373091	0.3
66428.32156580585	750	5.814239573908771	0.0	352642	5768.2605300804835	0.0611348946811665	0.75
66430.65969660915	300	7.476108770621311	0.0	173849	2338.130803287459	0.07435383844033225	-0.15000000000000002
66435.9200211313	750	6.215784248460671	0.0	374758	5260.32452216064	0.07124237267515025	0.3
66438.0051844273	300	8.130620952459259	0.0	139105	2085.163296001412	0.06671180154894966	-0.15000000000000002
66443.71347453499	750	6.422330844764819	0.0	353220	5708.29010769444	0.061878424770997566	0.3
66445.972624806	300	8.163180573754211	0.0	156148	2259.150271010607	0.06911802282640934	-0.15000000000000002
66453.35866797731	750	4.777137402452854	0.0	386351	7386.043171301358	0.05230825098628935	0.3
66455.95970915606	300	6.176096223705128	0.0	179801	2601.041178747727	0.06912654881018274	-0.15000000000000002
66457.86843851724	300	8.267366862532013	0.0	140051	1908.7293611731131	0.07337394334098998	0.3
66463.0506770057	750	7.085128374064646	0.0	366214	5182.2384884673675	0.07066714525295936	0.3
66468.2315645112	750	5.904240868562077	0.0	360831	5180.887505502569	0.06964656144661797	0.75
66470.37827275247	300	7.757532627296747	0.0	150616	2146.708241265329	0.07016137410047989	-0.15000000000000002
66476.95786240377	750	5.177942975991843	0.0	405596	6579.589651304905	0.06164457382529315	0.3
66479.06687864405	300	7.0689267357191214	0.0	140881	2109.016240272722	0.0667993907822077	-0.15000000000000002
66488.10120054136	750	4.0	1.965395161595904	386472	9034.321897315025	0.042778196791378266	-8.151199194862386
66490.23916093595	300	5.8620396054154265	0.0	157812	2137.9603945845743	0.07381427663474764	-0.15000000000000002
66492.42546659899	300	7.675733942370941	0.0	163927	2186.305663044484	0.07497899436976606	0.3
66497.66299078774	750	6.438209753621333	0.0	343800	5237.524188749609	0.06564170161514382	0.3
66499.91136942491	300	8.189831116445426	0.0	146754	2248.378637175907	0.06527103467960872	-0.15000000000000002
66505.33214539824	750	6.76905514311474	0.0	379700	5420.775973330686	0.070045322269	0.3
66507.95743941782	300	8.14376112352912	0.0	181901	2625.2940195856195	0.06928785829052074	-0.15000000000000002
66512.0258214671	750	8.07537907424138	0.0	277716	4068.382049287742	0.06826202569855017	0.3
66517.95485655445	750	6.146343986900147	0.0	400396	5929.035087341231	0.06753139323713302	0.75
66521.1668739016	300	6.934326639747158	0.0	149029	3212.0173471529893	0.04639732102695326	-0.15000000000000002
66523.46259868956	300	8.63860185179572	0.0	157421	2295.724787951439	0.06857137267767739	0.3
66529.43014103752	750	6.671059503827356	0.0	400322	5967.542347968364	0.06708322734170268	0.3
66531.49182525324	300	8.609375288101898	0.0	143881	2061.6842157254587	0.0697880882545204	-0.15000000000000002
66537.43486423808	750	6.666336303267155	0.0	412837	5943.038984834742	0.06946563888499879	0.3
66540.8544509078	300	7.2467496335330015	0.0	179328	3419.586669734153	0.05244142562233739	-0.15000000000000002
66546.26050502482	750	5.840695516523496	0.0	365161	5406.054117009506	0.06754667861186672	0.3
66548.39640283295	300	7.704797708399628	0.0	131610	2135.8978081238674	0.06161811651260776	-0.15000000000000002
66553.34795285932	750	6.7532476820290155	0.0	361565	4951.550026370613	0.07302056892779087	0.3
66555.30544990038	300	8.79575064097402	0.0	144254	1957.497041054997	0.0736930871283739	-0.15000000000000002
66560.64368691838	750	7.457513622968237	0.0	390680	5338.237018005783	0.07318521052591763	0.3
66567.4084483704	750	4.692752170934971	0.0	345516	6764.761452033266	0.0510758586906489	0.75
66569.88205459388	300	6.219145947461584	0.0	161857	2473.6062234733868	0.06543361609622883	-0.15000000000000002
66571.93312568292	300	8.168074858423244	0.0	145210	2051.071089038339	0.07079715606936027	0.3
66578.94734332967	750	5.153857211676098	0.0	438281	7014.217646747147	0.06248465931239721	0.3
66581.50470374124	300	6.59649680010674	0.0	167025	2557.360411569358	0.06531148259134226	-0.15000000000000002
66583.84329467543	300	8.257905865914122	0.0	160064	2338.590934192619	0.06844463375774647	0.3
66588.21387763329	750	7.887322908060084	0.0	331053	4370.582957854037	0.0757457307623209	0.3
66592.85931466434	750	7.241885877010049	0.0	314107	4645.437031050034	0.06761624318670414	0.75

