20628.53809846922	300	4.0	6.148668723938229	181801	6148.668723938229	-26.139275512934383
20635.35344935196	300	4.0	2.8153508827385885	155580	6815.350882738589	-11.806008795775929
20638.76591255498	300	4.587536796979255	0.0	139857	3412.4632030207445	0.3
20641.877600804688	300	5.475848547273855	0.0	155432	3111.6882497054003	0.3
20647.96015707531	300	4.0	0.606707723350206	163442	6082.556270624061	-2.3088432104058856
20652.845483859404	300	4.0	0.8853267840924036	126289	4885.326784092404	-3.5069051715973356
20656.48876887081	300	4.3567149885915555	0.0	153295	3643.2850114084445	0.3
20659.93558262376	300	4.909901235644932	0.0	173849	3446.813752946623	0.3
20661.795181341724	300	7.050302517679846	0.0	150710	1859.5987179650867	0.3
20663.517747061735	300	9.327736797670998	0.0	139105	1722.5657200088472	0.3
20669.137945440485	300	7.707538418917638	0.0	141840	5620.19837875336	0.3
20672.048528821855	300	8.796955037546251	0.0	156148	2910.5833813713866	0.3
20675.04246275775	300	9.803021101652579	0.0	160746	2993.9339358936713	0.3
20683.994806640298	300	4.850677219102105	0.0	179801	8952.343882550475	0.3
20688.171172419385	300	4.6743114400152095	0.0	140051	4176.365779086895	0.3
20692.76202463443	300	4.083459224965632	0.0	138313	4590.852215049577	0.3
20701.067014463293	300	4.0	4.221530603897827	143509	8304.98982886346	-17.852581596760658
20711.531327906734	300	4.0	6.464313443440613	150616	10464.313443440613	-27.496547806794634
20718.367146355107	300	4.0	2.835818448373233	165384	6835.818448373233	-11.8940193280049
20721.19655264933	300	5.170593705777468	0.0	140881	2829.406294222532	0.3
20723.107939151247	300	7.2592072038614734	0.0	157671	1911.3865019159946	0.3
20724.73947742751	300	9.627668927599137	0.0	157812	1631.5382762623349	0.3
20726.429107300617	300	11.938039054490037	0.0	163927	1689.629873109101	0.3
20729.890995312584	300	12.476151042525402	0.0	137654	3461.8880119646356	0.3
20737.068948436434	300	9.298197918673864	0.0	146754	7177.9531238515365	0.3
20738.627510737708	300	11.73963561740165	0.0	153938	1558.5623012722153	0.3
20740.4428500512	300	13.924296303906312	0.0	181901	1815.3393134953371	0.3
20741.902787602347	300	16.464358752761495	0.0	111155	1459.9375511448156	0.3
20744.31723364315	300	18.04991271195896	0.0	153605	2414.4460408025334	0.3
20746.139116143604	300	20.228030211505676	0.0	149029	1821.8825004532837	0.3
20750.409692609504	300	19.95745374560425	0.0	157421	4270.576465901422	0.3
20752.926349911053	300	21.44079644405671	0.0	157488	2516.657301547543	0.3
20754.552381346028	300	23.81476500908171	0.0	143881	1626.0314349749976	0.3
20756.410465634264	300	25.956680720845682	0.0	163444	1858.0842882360312	0.3
20762.137979550993	300	24.229166804119	0.0	179328	5727.513916726682	0.3
20764.646693580522	300	25.720452774587418	0.0	159914	2508.7140295315794	0.3
20766.7255370428	300	27.641609312309875	0.0	131610	2078.843462277544	0.3
20773.7141359574	300	24.653010397710204	0.0	124011	6988.598914599671	0.3
20782.27415056996	300	20.092995785151526	0.0	144254	8560.01461255868	0.3
20789.945302885284	300	16.421843469828513	0.0	149991	7671.152315323013	0.3
20800.220227569233	300	10.146918785876737	0.0	147968	10274.924683951775	0.3
20807.597485746708	300	6.769660608402788	0.0	161857	7377.25817747395	0.3
20809.688517905794	300	8.67862844931634	0.0	145210	2091.0321590864473	0.3
20813.04307450559	300	9.32407184952081	0.0	172312	3354.5565997955305	0.3
20814.771727505402	300	11.59541884970862	0.0	167025	1728.6529998121891	0.3
20816.30660158044	300	14.060544774668385	0.0	160064	1534.8740750402358	0.3
20817.629492817556	300	16.737653537555424	0.0	137507	1322.8912371129588	0.3
20818.776980029586	300	19.590166325524166	0.0	118421	1147.48721203126	0.3

