90598.05839073315	300	4.0	2.928319033538743	450283	2928.319033538743	0	-11.841771844216595
90599.20265392624	300	6.85573680691884	0.0	155580	1144.2631930811608	0	-0.15000000000000002
90600.2393620982	300	9.81902863495103	0.0	139857	1036.70817196781	0	0.3
90601.40426351457	750	12.654127218580209	0.0	155432	1164.9014163708225	1	0.3
90604.3856217341	750	13.672768999066301	0.0	411561	2981.3582195139056	1	0.3
90606.71138428166	750	15.347006451494428	0.0	318564	2325.762547571874	1	0.75
90609.24204438436	750	16.816346348798223	0.0	352642	2530.6601026962066	1	0.75
90611.39244571664	1850	18.665945016503237	0.0	437162	2150.4013322949872	3	0.75
90614.72865324238	1850	19.329737490780506	0.0	852833	3336.20752572273	3	0.75
90619.70109000083	1850	18.357300732320404	0.0	913888	4972.436758460101	3	1.85
90624.62708479342	1850	17.431305939739993	0.0	939819	4925.994792580413	3	1.85
90628.24555553292	1850	17.812835200235824	0.0	917428	3618.47073950417	3	1.85
90631.97750921012	1850	18.08088152303144	0.0	946851	3731.9536772043834	3	1.85
90636.05505686709	1850	18.003333866057755	0.0	1036454	4077.5476569736857	3	1.85
90639.30404370003	1850	18.754347033118762	0.0	821631	3248.9868329389888	3	1.85
90643.83881593264	1850	18.219574800503842	0.0	923170	4534.77223261492	3	1.85
90650.42601435535	1850	15.632376377785658	0.0	966699	6587.198422718185	3	1.85
90656.56034920811	1850	13.49804152503727	0.0	885714	6134.334852748389	3	1.85
90663.2062316531	750	10.852159080062618	0.0	987708	6645.882444974653	1	1.85
90664.55056796708	1850	13.50782276608017	0.0	350713	1344.336313982447	3	-0.3500000000000001
90669.48850716518	1850	12.569883567971804	0.0	891604	4937.939198108368	3	0.75
90676.46744732551	750	9.590943407633393	0.0	955231	6978.940160338409	1	1.85
90679.29936976414	750	10.759020969014145	0.0	401853	2831.922438619247	1	-0.3500000000000001
90681.7337404778	750	12.324650255351942	0.0	343800	2434.3707136622024	1	0.75
90684.27838586162	750	13.780004871526556	0.0	359903	2544.645383825386	1	0.75
90690.81423873741	750	11.24415199574162	0.0	379700	6535.852875784938	1	0.75
90700.12125982782	300	5.937130905326969	0.0	425781	9307.02109041465	0	0.75
90701.19796997511	300	8.860420758037144	0.0	111155	1076.7101472898248	0	-0.15000000000000002
90702.27339943552	300	11.784991297629755	0.0	153605	1075.4294604073893	0	0.3
90703.31917435858	750	14.739216374580032	0.0	149029	1045.7749230497238	1	0.3
90708.68710502365	750	13.371285709510211	0.0	358218	5367.930665069819	1	0.3
90712.54031371976	750	13.518077013392816	0.0	400322	3853.208696117396	1	0.75
90715.21728330899	750	14.841107424180208	0.0	369834	2676.9695892126065	1	0.75
90718.00414248877	750	16.0542482443824	0.0	412837	2786.859179797809	1	0.75
90721.15423489941	750	16.904155833743918	0.0	401088	3150.092410638484	1	0.75
90724.8913824071	750	17.167008326068178	0.0	365161	3737.147507675738	1	0.75
90726.99108330405	750	19.06730742912387	0.0	321064	2099.7008969443095	1	0.75
90729.3455617719	750	20.712828961268023	0.0	361565	2354.478467855846	1	0.75
90731.95143975696	750	22.106950976208907	0.0	378327	2605.877985059118	1	0.75
90734.76642431278	750	23.29196642037914	0.0	390680	2814.9845558297675	1	0.75
90737.4424763738	750	24.615914359360467	0.0	345516	2676.052061018674	1	0.75
90740.36409509022	750	25.694295642939963	0.0	384505	2921.6187164205053	1	0.75
90743.16270677485	1850	26.89568395832476	0.0	372093	2798.611684615202	3	0.75
90756.00108401313	750	18.057306720041595	0.0	973972	12838.377238283167	1	0.75
90758.81604431529	1850	19.24234641788718	0.0	398987	2814.9603021544126	3	-0.3500000000000001
90767.02399434426	1850	15.034396388920396	0.0	982064	8207.950028966785	3	0.75
90772.88029827604	1850	13.178092457146372	0.0	830730	5856.303931774024	3	1.85
90777.80055327542	1850	12.257837457754784	0.0	846370	4920.254999391586	3	1.85

