56834.79976363249	750	4.0	1.1893109060176001	450283	1189.3109060176002	1	-4.364036895875681
56835.86498886471	750	6.934774767770274	0.0	398865	1065.2252322297268	1	0.75
56836.7643437928	1850	10.035419839686398	0.0	350812	899.3549280838762	3	0.75
56838.97805291848	1850	11.82171071399999	0.0	933276	2213.709125686407	3	0.75
56841.45587778238	1850	13.343885850102213	0.0	996749	2477.824863897777	3	1.85
56843.34261163016	1850	15.457152002311789	0.0	801058	1886.7338477904243	3	1.85
56845.42181448172	1850	17.377949150757996	0.0	905515	2079.202851553795	3	1.85
56848.20560704874	1850	18.59415658374109	0.0	1060487	2783.792567016907	3	1.85
56850.25997780168	1850	20.5397858307992	0.0	852833	2054.370752941891	3	1.85
56852.59449835621	1850	22.20526527627036	0.0	913888	2334.5205545288363	3	1.85
56854.91130455266	1850	23.888459079821835	0.0	939819	2316.806196448528	3	1.85
56857.16080396416	1850	25.638959668318257	0.0	917428	2249.499411503576	3	1.85
56859.33074641019	1850	27.469017222284535	0.0	946851	2169.942446033721	3	1.85
56862.223857571975	1850	28.57590606050319	0.0	1036454	2893.1111617813476	3	1.85
56864.17690044909	1850	30.622863183387782	0.0	821631	1953.0428771154086	3	1.85
56866.3119550129	1850	32.4878086195801	0.0	923170	2135.0545638076833	3	1.85
56868.575277585725	4300	34.22448604675212	0.0	966699	2263.3225728279804	5	1.85
56873.50619145175	4300	33.29357218072698	0.0	2059512	4930.913866025143	5	1.8499999999999996
56878.57475880454	4300	32.22500482793272	0.0	2220726	5068.567352794256	5	4.3
56883.786537234184	4300	31.01322639828868	0.0	2156729	5211.778429644044	5	4.3
56888.96492305762	4300	29.834840574859648	0.0	2039773	5178.385823429031	5	4.3
56894.07413841949	4300	28.725625212978624	0.0	2176469	5109.215361881024	5	4.3
56900.623392375506	4300	26.17637125696603	0.0	2221506	6549.253956012596	5	4.3
56906.059129631554	4300	24.740634000915005	0.0	2044075	5435.737256051023	5	4.3
56911.51500122785	4300	23.284762404622107	0.0	2186790	5455.871596292897	5	4.3
56916.96679102762	4300	21.832972604850678	0.0	2105231	5451.789799771427	5	4.3
56922.75098025088	4300	20.048783381591235	0.0	2395588	5784.189223259443	5	4.3
56927.896408391425	4300	18.903355241046437	0.0	1972048	5145.428140544797	5	4.3
56933.53146021666	4300	17.268303415807626	0.0	2134614	5635.051825238809	5	4.3
56938.7659577678	4300	16.033805864674704	0.0	2164140	5234.49755113292	5	4.3
56944.09201988724	4300	14.707743745236398	0.0	2113193	5326.0621194383075	5	4.3
56949.146629156676	1850	13.653134475799336	0.0	2147852	5054.609269437063	3	4.3
56951.78505643345	1850	15.014707199027455	0.0	885062	2638.4272767718803	3	-0.6000000000000001
56954.17129781839	1850	16.628465814087395	0.0	1035329	2386.24138494006	3	1.85
56956.51233090474	1850	18.28743272773189	0.0	1026056	2341.0330863555055	3	1.85
56958.84103438614	1850	19.9587292463349	0.0	943942	2328.703481396986	3	1.85
56960.73796113386	1850	22.061802498616743	0.0	728962	1896.9267477181581	3	1.85
56963.08501691705	1850	23.714746715425505	0.0	938587	2347.0557831912365	3	1.85
56965.83375359946	1850	24.966010033019913	0.0	908665	2748.7366824055953	3	1.85
56968.33728220307	1850	26.462481429409856	0.0	930577	2503.528603610059	3	1.85
56970.48058988857	1850	28.319173743916707	0.0	858450	2143.307685493147	3	1.85
56973.05173978331	1850	29.748023849171762	0.0	1025005	2571.149894744947	3	1.85
56975.81592876588	1850	30.983834866600436	0.0	886255	2764.188982571325	3	1.85
56978.18609722315	1850	32.61366640931979	0.0	973972	2370.168457280646	3	1.85
56980.55557953514	1850	34.24418409733703	0.0	958994	2369.4823119827574	3	1.85
56983.14179674728	4300	35.65796688519924	0.0	982064	2586.217212137795	5	1.85
56988.270278280004	4300	34.52948535247598	0.0	1961140	5128.481532723257	5	1.8499999999999996
56993.836328810205	4300	32.96343482227158	0.0	2155012	5566.050530204402	5	4.3

