21327.700439393884	750	4.0	2.3062887652801884	450283	2306.2887652801883	-9.16704169070481
21329.61434407628	750	6.08609531760626	0.0	398865	1913.9046823937401	0.75
21331.23300633069	750	8.467433063193592	0.0	350812	1618.6622544126685	0.75
21333.197032916138	750	10.503406477750643	0.0	382355	1964.02658544295	0.75
21335.529499903307	750	12.170939490582223	0.0	411561	2332.466987168421	0.75
21337.613609754062	750	14.086829639826156	0.0	318564	2084.1098507560673	0.75
21339.20386676081	750	16.49657263308137	0.0	352642	1590.2570067447848	0.75
21344.839284953956	1850	14.861154439933209	0.0	1060487	5635.418193148162	0.75
21349.043517358412	1850	14.656922035478948	0.0	852833	4204.232404454262	1.85
21353.518097173008	1850	14.182342220880548	0.0	913888	4474.579814598399	1.85
21358.599715214194	1850	13.100724179697654	0.0	939819	5081.618041182894	1.85
21363.163042269218	1850	12.537397124671042	0.0	917428	4563.3270550266125	1.85
21367.748872731485	1850	11.951566662403614	0.0	946851	4585.830462267428	1.85
21372.31539101265	1850	11.385048381236588	0.0	1036454	4566.518281167026	1.85
21376.721629491563	1850	10.978809902323842	0.0	821631	4406.238478912747	1.85
21381.00759647248	1850	10.692842921409792	0.0	923170	4285.966980914051	1.85
21386.71437754607	1850	8.986061847817096	0.0	966699	5706.781073592696	1.85
21388.53991329778	750	11.160526096107489	0.0	372963	1825.5357517096072	-0.3500000000000001
21391.30012678719	750	12.400312606695877	0.0	405596	2760.2134894116116	0.75
21393.058755480477	750	14.641683913413729	0.0	350713	1758.6286932821467	0.75
21394.99024249755	750	16.710196896337955	0.0	386472	1931.487017075775	0.75
21396.879450885466	750	18.82098850842297	0.0	399894	1889.2083879149832	0.75
21398.697780952007	750	21.002658441883597	0.0	401853	1818.3300665393756	0.75
21404.635786049555	1850	19.064653344332577	0.0	874175	5938.0050975510185	0.75
21409.955182963295	1850	17.745256430597014	0.0	897976	5319.3969137355625	1.85
21414.04192028709	1850	17.658519106800437	0.0	905935	4086.737323796574	1.85
21419.303379277997	1850	16.39706011589488	0.0	1076599	5261.458990905558	1.85
21423.092155793966	1850	16.608283599926896	0.0	758197	3788.7765159679834	1.85
21427.712853379435	1850	15.987586014457468	0.0	972798	4620.697585469429	1.85
21432.04979348735	1850	15.650645906546483	0.0	975811	4336.940107910987	1.85
21436.39037634353	1850	15.310063050365363	0.0	873429	4340.582856181119	1.85
21441.372372721755	1850	14.328066672140098	0.0	954453	4981.996378225265	1.85
21445.481000853848	1850	14.219438540047536	0.0	885062	4108.628132092561	1.85
21450.272825796666	1850	13.42761359722642	0.0	1035329	4791.824942821117	1.85
21455.097945003206	1850	12.602494390686054	0.0	1026056	4825.1192065403675	1.85
21459.85845228162	1850	11.841987112273099	0.0	943942	4760.507278412956	1.85
21463.207864304826	1850	12.492575089069547	0.0	728962	3349.412023203551	1.85
21467.78194879833	1850	11.918490595565126	0.0	938587	4574.084493504421	1.85
21472.330110904164	1850	11.370328489730644	0.0	908665	4548.162105834484	1.85
21476.735312068075	1850	10.965127325820253	0.0	930577	4405.201163910391	1.85
21480.803230025755	1850	10.897209368140084	0.0	858450	4067.9179576801694	1.85
21485.60879992671	1850	10.091639467183263	0.0	1025005	4805.569900956821	1.85
21490.018287311854	1850	9.68215208204027	0.0	886255	4409.487385142995	1.85
21494.880661809355	1850	8.819777584535464	0.0	973972	4862.374497504805	1.85
21499.419035927735	1850	8.281403466154362	0.0	958994	4538.374118381101	1.85
21504.482935530777	1850	7.217503863111148	0.0	982064	5063.899603043215	1.85
21508.522583033373	1850	7.177856360518393	0.0	830730	4039.647502592754	1.85
21512.56426469352	1850	7.136174700367712	0.0	846370	4041.681660150682	1.85

