18268.066397514056	750	4.0	1.6877313459396475	450283	1687.7313459396476	1	-6.5072447875404835
18269.10376786706	750	6.962629646999129	0.0	398865	1037.370353000871	1	0.75
18269.945172825483	1850	10.121224688575927	0.0	350812	841.4049584232013	3	0.75
18272.68388958813	1850	11.382507925930508	0.0	933276	2738.7167626454197	3	0.75
18279.007325618128	750	9.0590718959283	0.0	996749	6323.436030002206	1	1.85
18281.286758451086	750	10.779639062970903	0.0	318564	2279.4328329573973	1	-0.3500000000000001
18284.69565398638	750	11.370743527676638	0.0	352642	3408.895535294265	1	0.75
18287.487372420153	750	12.579025093900729	0.0	437162	2791.7184337759086	1	0.75
18290.204040204488	750	13.862357309567498	0.0	374758	2716.667784333231	1	0.75
18292.520879663858	750	15.545517850196294	0.0	362795	2316.8394593712032	1	0.75
18293.953603024947	750	18.112794489106225	0.0	353220	1432.7233610900685	1	0.75
18295.85014871312	750	20.21624880093225	0.0	405134	1896.5456881739788	1	0.75
18299.82098547931	750	20.24541203474464	0.0	386351	3970.836766187607	1	0.75
18302.090140951626	750	21.97625656243002	0.0	434409	2269.155472314622	1	0.75
18303.86199254359	1850	24.2044049704672	0.0	337059	1771.8515919628205	3	0.75
18309.129750430104	1850	22.936647083953332	0.0	923170	5267.7578865138685	3	0.75
18316.475757738826	1850	19.590639775231416	0.0	966699	7346.007308721917	3	1.85
18321.11784881975	1850	18.948548694305963	0.0	885714	4642.091080925454	3	1.85
18326.39118158734	1850	17.67521592672061	0.0	987708	5273.332767585351	3	1.85
18331.20198714617	1850	16.864410367889324	0.0	923755	4810.805558831289	3	1.85
18335.728012250554	1850	16.338385263505067	0.0	891604	4526.0251043842545	3	1.85
18340.503675559165	1850	15.562721954897034	0.0	955231	4775.663308608035	3	1.85
18345.904470506182	1850	14.16192700787674	0.0	968026	5400.794947020292	3	1.85
18351.533362719274	1850	12.533034794786328	0.0	874175	5628.892213090412	3	1.85
18356.757308143548	1850	11.309089370514219	0.0	897976	5223.94542427211	3	1.85
18363.260327334214	750	8.80607017984717	0.0	905935	6503.019190667049	1	1.85
18365.382467615942	750	10.683929898116684	0.0	425781	2122.140281730486	1	-0.3500000000000001
18366.605810110785	750	13.460587403275017	0.0	277716	1223.3424948416675	1	0.75
18368.507132674433	750	15.559264839625827	0.0	400396	1901.3225636491923	1	0.75
18370.92164027693	750	17.14475723712957	0.0	400508	2414.507602496255	1	0.75
18372.704517792787	750	19.361879721273326	0.0	358218	1782.877515856247	1	0.75
18374.66596568686	750	21.400431827200777	0.0	400322	1961.447894072551	1	0.75
18376.800118874646	1850	23.266278639415216	0.0	369834	2134.153187785559	3	0.75
18387.49516871837	1850	16.571228795690914	0.0	1035329	10695.049843724302	3	0.75
18392.82020343588	1850	15.246194078184578	0.0	1026056	5325.034717506334	3	1.85
18396.878187460727	1850	15.18821005333745	0.0	943942	4057.984024847129	3	1.85
18400.921882565457	1850	15.144514948606423	0.0	728962	4043.6951047310286	3	1.85
18405.67460730007	1850	14.391790213994103	0.0	938587	4752.7247346123195	3	1.85
18410.594369160986	1850	13.472028353074283	0.0	908665	4919.7618609198225	3	1.85
18414.5856790723	1850	13.480718441761383	0.0	930577	3991.3099113128983	3	1.85
18419.806698322664	1850	12.25969919139942	0.0	858450	5221.019250361963	3	1.85
18425.370701616757	1850	10.695695897307948	0.0	1025005	5564.003294091473	3	1.85
18430.38334531444	750	9.683052199623335	0.0	886255	5012.643697684613	1	1.85
18432.21988306498	750	11.84651444908365	0.0	438281	1836.5377505396839	1	-0.3500000000000001
18434.295030316975	750	13.771367197085114	0.0	398987	2075.1472519985355	1	0.75
18436.325305392627	750	15.741092121433919	0.0	393804	2030.275075651194	1	0.75
18438.172589356553	750	17.89380815750932	0.0	331053	1847.2839639245997	1	0.75
18440.301958391625	750	19.76443912243651	0.0	314107	2129.369035072812	1	0.75

