65548.35614911918	750	4.0	5.864958067569815	450283	5864.958067569815	-24.469319690550204
65550.75245196017	300	5.6036971590118005	0.0	155580	2396.302840988199	-0.15000000000000002
65553.0626997001	300	7.293449419090805	0.0	139857	2310.247739920996	0.3
65555.11747253868	300	9.238676580500922	0.0	155432	2054.7728385898827	0.3
65557.25319699114	300	11.102952128040583	0.0	163442	2135.7244524603384	0.3
65558.93317718491	300	13.422971934267874	0.0	126289	1679.9801937727084	0.3
65560.91979707353	300	15.436352045651804	0.0	153295	1986.619888616071	0.3
65566.82361835653	750	13.532530762656991	0.0	437162	5903.821282994811	0.3
65571.67112026237	750	12.685028856813146	0.0	374758	4847.5019058438465	0.75
65576.93816573561	750	11.417983383569371	0.0	362795	5267.045473243773	0.75
65581.7451096324	750	10.611039486786552	0.0	353220	4806.943896782819	0.75
65587.11801216521	750	9.238136953973804	0.0	405134	5372.902532812749	0.75
65592.32096517574	750	8.03518394344704	0.0	386351	5202.953010526764	0.75
65598.58824553677	750	5.76790358241022	0.0	434409	6267.28036103682	0.75
65603.24943102087	300	5.106718098304014	0.0	140051	4661.185484106207	-0.15000000000000002
65605.05311922442	300	7.303029894755446	0.0	138313	1803.6882035485671	0.3
65607.03989730743	300	9.316251811750819	0.0	143509	1986.7780830046286	0.3
65609.05384890709	300	11.302300212099777	0.0	150616	2013.9515996510424	0.3
65611.24734581384	300	13.108803305331724	0.0	165384	2193.4969067680518	0.3
65613.18629155426	300	15.169857564919878	0.0	140881	1938.9457404118464	0.3
65615.38439057682	300	16.971758542369965	0.0	157671	2198.099022549914	0.3
65620.67385221782	750	15.682296901358507	0.0	399894	5289.461641011458	0.3
65626.03035597694	750	14.325793142239435	0.0	401853	5356.503759119069	0.75
65630.60821538647	750	13.747933732703157	0.0	343800	4577.859409536279	0.75
65635.26088154569	750	13.095267573482346	0.0	359903	4652.666159220812	0.75
65640.88828588753	750	11.467863231642463	0.0	379700	5627.404341839883	0.75
65647.13718397066	750	9.218965148512405	0.0	425781	6248.898083130059	0.75
65651.00091873696	750	9.35523038220919	0.0	277716	3863.734766303215	0.75
65656.17740541851	750	8.178743700655605	0.0	400396	5176.486681553584	0.75
65661.39236653727	750	6.963782581903907	0.0	400508	5214.9611187516975	0.75
65668.49492922217	750	4.0	0.1387801030056771	358218	7102.562684909584	0.1532455570755884
65670.68171496851	300	5.813214253660713	0.0	157488	2186.7857463392866	-0.15000000000000002
65672.63723282704	300	7.857696395140515	0.0	143881	1955.5178585201982	0.3
65674.84879998924	300	9.646129232921798	0.0	163444	2211.5671622187174	0.3
65677.74196843649	300	10.752960785685856	0.0	179328	2893.1684472359407	0.3
65680.07733215473	300	12.41759706743623	0.0	159914	2335.3637182496286	0.3
65681.93032581145	300	14.564603410709857	0.0	131610	1852.9936567263721	0.3
65683.60371996263	300	16.89120925953326	0.0	124011	1673.394151176601	0.3
65690.0413361851	750	14.453593037059566	0.0	378327	6437.616222473693	0.3
65695.53291174886	750	12.962017473292569	0.0	390680	5491.575563766995	0.75
65700.84304521831	750	11.651884003846005	0.0	345516	5310.133469446564	0.75
65706.17588755004	750	10.319041672116661	0.0	384505	5332.842331729344	0.75
65711.02578609082	750	9.469143131343703	0.0	372093	4849.89854077296	0.75
65717.46918894933	750	7.025740272830796	0.0	438281	6443.402858512906	0.75
65723.21614275603	750	5.2787864661250765	0.0	398987	5746.953806705719	0.75
65725.42259761006	300	7.0723316120899655	0.0	160064	2206.454854035112	-0.15000000000000002
65730.20815270694	750	6.2867765152151005	0.0	331053	4785.555096874865	0.3
65734.53052908281	750	5.964400139338077	0.0	314107	4322.376375877024	0.75

