63560.03963796141	750	4.0	2.421350931408737	450283	2421.3509314087373	-9.661809005057568
63565.738764474416	1850	4.0	1.6991265130023694	957685	5699.126513002369	-6.556244005910187
63567.820831777644	750	5.917932696769293	0.0	350812	2082.067303230707	-0.3500000000000001
63569.76736834741	750	7.971396127001018	0.0	382355	1946.5365697682755	0.75
63571.98683097128	750	9.751933503138309	0.0	411561	2219.4626238627093	0.75
63574.075262719736	750	11.663501754682779	0.0	318564	2088.4317484555304	0.75
63576.35444320178	750	13.384321272637232	0.0	352642	2279.1804820455477	0.75
63578.826270875754	750	14.912493598663275	0.0	437162	2471.827673973956	0.75
63580.713778048674	750	17.02498642574458	0.0	374758	1887.5071729186923	0.75
63582.55620257228	750	19.18256190212756	0.0	362795	1842.4245236170202	0.75
63584.3551918438	750	21.38357263061206	0.0	353220	1798.9892715155	0.75
63588.673948938835	1850	21.064815535581246	0.0	917428	4318.757095030814	0.75
63592.81086460287	1850	20.92789987154473	0.0	946851	4136.9156640365145	1.85
63596.347448265544	1850	21.391316208873242	0.0	1036454	3536.5836626714877	1.85
63599.092859232456	1850	22.645905241963995	0.0	821631	2745.4109669092472	1.85
63601.632754778075	1850	24.106009696347368	0.0	923170	2539.8955456166295	1.85
63604.384212412464	1850	25.35455206195477	0.0	966699	2751.4576343925933	1.85
63607.27610796842	1850	26.4626565059944	0.0	885714	2891.895555960372	1.85
63610.274580137375	1850	27.464184337040145	0.0	987708	2998.472168954257	1.85
63613.64411086975	1850	28.094653604664618	0.0	923755	3369.5307323755274	1.85
63616.975441384726	1850	28.763323089688697	0.0	891604	3331.330514975921	1.85
63619.76490860466	1850	29.97385586975309	0.0	955231	2789.4672199356082	1.85
63622.590668232486	1850	31.14809624192968	0.0	968026	2825.759627823413	1.85
63625.150223970304	1850	32.5885405041163	0.0	874175	2559.555737813378	1.85
63627.77729011062	1850	33.96147436379119	0.0	897976	2627.0661403251133	1.85
63630.426931575246	1850	35.31183289916916	0.0	905935	2649.6414646220287	1.85
63633.57978388416	1850	36.15898059025346	0.0	1076599	3152.852308915701	1.85
63636.42490745812	1850	37.31385701629427	0.0	758197	2845.123573959188	1.85
63643.42487609995	4300	34.31388837446889	0.0	2134614	6999.968641825384	1.8499999999999996
63650.2238761985	4300	31.514888275915354	0.0	2164140	6799.000098553533	4.3
63657.169543476506	4300	28.569220997909646	0.0	2113193	6945.667278005706	4.3
63664.67211740896	4300	25.066647065452628	0.0	2147852	7502.5739324570195	4.3
63671.26612158206	4300	22.472642892350027	0.0	2191074	6594.0041731026	4.3
63678.13861674952	4300	19.600147724883417	0.0	2286761	6872.495167466612	4.3
63686.68714519874	4300	15.051619275670342	0.0	2307787	8548.528449213074	4.3
63695.25242327593	4300	10.486341198475792	0.0	2143948	8565.27807719455	4.3
63697.45527418152	1850	12.283490292884697	0.0	728962	2202.850905591095	-0.6000000000000001
63700.48116868442	1850	13.257595789990933	0.0	938587	3025.894502893764	1.85
63703.39768143662	1850	14.341083037785706	0.0	908665	2916.512752205229	1.85
63706.27190444513	1850	15.46686002927887	0.0	930577	2874.2230085068377	1.85
63708.87993743429	1850	16.858827040112295	0.0	858450	2608.0329891665706	1.85
63713.23527036037	1850	16.503494114036958	0.0	1025005	4355.332926075338	1.85
63716.72506548754	1850	17.013698986862458	0.0	886255	3489.7951271744996	1.85
63719.96098099244	1850	17.7777834819689	0.0	973972	3235.915504893555	1.85
63723.32528307778	1850	18.413481396632204	0.0	958994	3364.3020853367	1.85
63726.67010369514	1850	19.06866077927059	0.0	982064	3344.8206173616136	1.85
63729.46308921623	1850	20.275675258175735	0.0	830730	2792.985521094855	1.85
63732.178463385375	1850	21.5603010890354	0.0	846370	2715.3741691403393	1.85

