64407.5016584869	300	4.0	3.29944007517872	181801	3299.44007517872	-13.887592323268494
64409.52255475788	300	5.979103729028046	0.0	155580	2020.8962709719533	0.3
64411.54731225285	300	7.954346234059216	0.0	139857	2024.7574949688305	0.3
64413.549173175925	300	9.95248531098187	0.0	155432	2001.8609230773457	0.3
64417.5038111836	300	9.997847303311925	0.0	163442	3954.638007669946	0.3
64418.37014013417	300	13.131518352733003	0.0	126289	866.3289505789214	0.3
64423.27870784764	750	12.222950639266402	0.0	352642	4908.5677134666	0.3
64424.7177826108	300	14.78387587610374	0.0	173849	1439.0747631626623	-0.15000000000000002
64428.75328890333	750	14.74836958357508	0.0	374758	4035.5062925286597	0.3
64433.2406324097	750	14.261026077212195	0.0	362795	4487.343506362886	0.75
64435.54700846943	750	15.95465001747979	0.0	353220	2306.376059732405	0.75
64440.576963941545	750	14.92469454536801	0.0	405134	5029.955472111778	0.75
64443.2642810959	750	16.237377391012053	0.0	386351	2687.3171543559556	0.75
64446.179432286255	750	17.32222620065677	0.0	434409	2915.1511903552823	0.75
64451.198447980925	750	16.303210505984982	0.0	337059	5019.015694671791	0.75
64454.55280594762	750	16.94885253929685	0.0	366214	3354.3579666881283	0.75
64460.238900591125	750	15.262757895783125	0.0	360831	5686.094643513727	0.75
64463.21401383901	750	16.287644647903274	0.0	372963	2975.113247879851	0.75
64465.9964194344	750	17.505239052512813	0.0	405596	2782.4055953904626	0.75
64468.28374661749	750	19.217911869421684	0.0	350713	2287.3271830911285	0.75
64472.165000882414	1200	19.33665760449504	0.0	601738	3881.2542649266434	0.75
64477.9385188813	1200	17.563139605606825	0.0	616206	5773.5179988882155	1.2
64480.53285049755	750	18.968807989360066	0.0	401853	2594.33161624676	0.3
64487.590139864325	1200	15.91151862258315	0.0	536667	7057.289366776915	0.75
64490.05745445684	750	17.444204030074417	0.0	359903	2467.3145925087365	0.3
64493.76136097176	750	17.740297515157238	0.0	379700	3703.9065149171756	0.75
64496.49711829548	750	19.0045401914268	0.0	425781	2735.757323730442	0.75
64500.12138472598	750	19.380273760929384	0.0	277716	3624.266430497414	0.75
64505.331413207874	1200	18.1702452790331	0.0	622896	5210.028481896284	0.75
64508.143391160156	750	19.358267326752948	0.0	400508	2811.977952280157	0.3
64514.1533138477	1200	17.348344639199343	0.0	570392	6009.922687553605	0.75
64517.012476236676	750	18.489182250224044	0.0	400322	2859.162388975298	0.3
64522.54055834198	1200	16.9611001449256	0.0	584349	5528.082105298441	0.75
64525.364079849176	750	18.137578637728442	0.0	412837	2823.521507197159	0.3
64531.54271822707	750	15.958940259833984	0.0	401088	6178.638377894457	0.75
64538.21529178922	750	13.286366697681672	0.0	365161	6672.573562152314	0.75
64542.83857489817	750	12.663083588740895	0.0	321064	4623.283108940778	0.75
64543.90218720925	300	15.59947127766421	0.0	124011	1063.6123110766835	-0.15000000000000002
64547.716899793886	750	15.78475869302679	0.0	378327	3814.7125846374192	0.3
64550.39059898707	750	17.1110594998394	0.0	390680	2673.6991931873868	0.75
64552.668199940716	750	18.83345854619335	0.0	345516	2277.6009536460524	0.75
64557.127130740795	750	18.374527746123153	0.0	384505	4458.9308000701985	0.75
64559.966417093514	750	19.5352413933975	0.0	372093	2839.2863527256527	0.75
64564.11459231305	1200	19.387066173863357	0.0	634861	4148.175219534143	0.75
64568.678217050096	1200	18.823441436817525	0.0	630203	4563.624737045833	1.2
64574.755223778026	1200	16.746434708888593	0.0	638661	6077.006727928932	1.2
64579.37808026747	750	16.123578219443097	0.0	331053	4622.856489445493	0.3
64581.47747086076	750	18.024187626154806	0.0	314107	2099.3905932882926	0.75

