56731.395067063226	300	4.0	0.7404617058245023	181801	740.4617058245024	-2.88398533504536
56731.70549666557	300	7.689570397660743	0.0	155580	310.42960233925737	0.3
56732.014451417395	300	11.380615645833936	0.0	139857	308.9547518268061	0.3
56732.35067526015	300	15.044391803072212	0.0	155432	336.22384276172215	0.3
56732.700103288546	300	18.694963774682552	0.0	163442	349.4280283896585	0.3
56732.993844512144	300	22.401222551085404	0.0	126289	293.7412235971499	0.3
56733.7081925639	300	25.68687449932652	0.0	153295	714.3480517588822	0.3
56735.20234826624	300	28.192718796983122	0.0	173849	1494.1557023434013	0.3
56735.68155017066	300	31.71351689256352	0.0	150710	479.2019044196018	0.3
56735.984621130985	300	35.41044593223857	0.0	139105	303.0709603249543	0.3
56736.52087472174	300	38.87419234148547	0.0	141840	536.2535907530962	0.3
56737.15300044678	300	42.24206661644413	0.0	156148	632.1257250413429	0.3
56737.772094251144	300	45.62297281208144	0.0	160746	619.0938043626853	0.3
56738.41056722256	300	48.98449984065558	0.0	179801	638.4729714258567	0.3
56739.5094826111	750	51.885584452113115	0.0	337059	1098.9153885424696	0.3
56740.72999793189	750	54.66506913132826	0.0	366214	1220.515320784853	0.75
56742.75113901552	750	56.64392804769919	0.0	360831	2021.141083629068	0.75
56745.95327979887	750	57.44178726434461	0.0	372963	3202.1407833545795	0.75
56747.812610856054	750	59.58245620716113	0.0	405596	1359.3310571834843	0.75
56750.239210567015	750	59.91215903996591	0.0	350713	1170.2971671952218	0.75
56754.31488049654	750	59.71397523838233	0.0	386472	2698.1838015835756	0.75
56756.92032398897	750	59.559996556142146	0.0	399894	1153.9786822401795	0.75
56759.06641108901	750	59.668685462717136	0.0	401853	891.3110934250117	0.75
56762.16491052764	750	59.960823695200325	0.0	343800	2207.8617675168066	0.75
56764.07281358644	750	59.910691110058785	0.0	359903	1050.1325851415488	0.75
56767.36150958572	750	59.652228326306826	0.0	379700	2258.4627837519606	0.75
56769.561069501884	750	59.782064888230046	0.0	425781	1370.1634380767825	0.75
56771.93036316951	750	59.7201164384153	0.0	277716	1561.9484498147413	0.75
56773.69978144533	750	59.70107976446295	0.0	400396	1019.0366739523454	0.75
56774.949345552304	750	59.910988548153526	0.0	400508	790.0912163094323	0.75
56776.23270155596	750	59.9595469554113	0.0	358218	951.4415927422198	0.75
56778.26578285919	750	59.56696365420186	0.0	400322	1392.5833012094477	0.75
56779.241509829415	750	59.86134902514783	0.0	369834	705.6146290540302	0.75
56782.66389855109	750	59.74521083490187	0.0	412837	3116.138190245961	0.75
56784.656341134614	750	59.61211480884694	0.0	401088	1633.0960260549239	0.75
56787.36038002741	750	59.89126866118874	0.0	365161	720.8461476582016	0.75
56792.24538370708	1200	59.00626498151781	0.0	487812	4885.003679670934	0.75
56793.94809578491	1200	59.513507186505855	0.0	575591	1492.7577950119507	1.2
56799.57484511058	1200	57.88675786083327	0.0	605884	5626.749325672588	1.2
56801.709799614095	1850	59.75180335731651	0.0	930577	1634.95450351676	1.2000000000000002
56804.89292833669	1850	59.77906807302577	0.0	858450	1472.7352842907426	1.85
56808.68241193542	1850	59.989584474294396	0.0	1025005	3789.4835987313736	1.85
56813.108197287846	1850	59.5637991218678	0.0	886255	3425.785352426596	1.85
56816.753546916916	1850	59.91844949279208	0.0	973972	3145.349629075726	1.85
56821.79699396952	1850	58.87500244019134	0.0	958994	5043.447052600739	1.85
56824.8876786571	1850	59.78431775260624	0.0	982064	2090.6846875850997	1.85
56827.80831637543	1850	59.93157089655232	0.0	830730	1852.746856053922	1.85
56831.976813785564	1850	59.763073486414285	0.0	846370	4168.497410138033	1.85

