63163.33682864744	750	4.0	0.9954299952297705	450283	995.4299952297705	1	-3.5303489794880125
63164.243596462475	750	7.093232184968456	0.0	398865	906.7678150315443	1	0.75
63165.13584809987	1850	10.20098054757651	0.0	350812	892.2516373919452	3	0.75
63167.25374530514	1850	12.08308334229981	0.0	933276	2117.8972052767003	3	0.75
63172.86750182752	1850	10.46932681992914	0.0	996749	5613.75652237067	3	1.85
63174.53701538738	1850	12.799813260067415	0.0	801058	1669.5135598617258	3	1.85
63176.349866260665	1850	14.986962386781496	0.0	905515	1812.85087328592	3	1.85
63178.66189410342	1850	16.67493454403072	0.0	1060487	2312.027842750777	3	1.85
63180.31480036594	1850	19.022028281503676	0.0	852833	1652.9062625270415	3	1.85
63182.28863086655	1850	21.048197780893858	0.0	913888	1973.83050060982	3	1.85
63186.59836852086	1850	20.738460126580158	0.0	939819	4309.7376543137	3	1.85
63189.39617541869	1850	21.940653228752964	0.0	917428	2797.8068978271945	3	1.85
63191.85159598398	1850	23.485232663459787	0.0	946851	2455.4205652931796	3	1.85
63194.65913267788	1850	24.67769596955742	0.0	1036454	2807.5366939023666	3	1.85
63196.41573322523	1850	26.92109542221248	0.0	821631	1756.6005473449359	3	1.85
63198.367782860914	1850	28.969045786525136	0.0	923170	1952.0496356873452	3	1.85
63200.56154470405	1850	30.77528394339084	0.0	966699	2193.7618431343003	3	1.85
63202.47486240706	1850	32.86196624037762	0.0	885714	1913.3177030132176	3	1.85
63204.5297672105	1850	34.80706143694557	0.0	987708	2054.90480343205	3	1.85
63206.494880926555	4300	36.84194772089047	0.0	923755	1965.1137160550982	5	1.85
63211.91450406325	4300	35.42232458420075	0.0	2039773	5419.623136689713	5	1.8499999999999996
63220.63563747808	4300	30.70119116936487	0.0	2176469	8721.133414835884	5	4.3
63225.11608790042	4300	30.22074074703419	0.0	2221506	4480.45042233068	5	4.3
63229.67840063902	4300	29.658428008427403	0.0	2044075	4562.312738606786	5	4.3
63234.96060671184	4300	28.376221935613298	0.0	2186790	5282.206072814106	5	4.3
63239.20793768535	4300	28.128890962097927	0.0	2105231	4247.330973515372	5	4.3
63245.44546608835	4300	25.89136255909642	0.0	2395588	6237.528403001507	5	4.3
63252.075591766596	4300	23.261236880847182	0.0	1972048	6630.125678249238	5	4.3
63256.88330262785	4300	22.45352601959052	0.0	2134614	4807.710861256663	5	4.3
63261.2482168204	4300	22.08861182703957	0.0	2164140	4364.914192550951	5	4.3
63267.64022630384	4300	19.696602343603296	0.0	2113193	6392.009483436274	5	4.3
63272.85368599914	4300	18.48314264830439	0.0	2147852	5213.459695298906	5	4.3
63279.191078377065	4300	16.145750270376123	0.0	2191074	6337.392377928267	5	4.3
63284.41630430242	4300	14.920524345026687	0.0	2286761	5225.225925349438	5	4.3
63290.58549800325	4300	12.751330644194836	0.0	2307787	6169.193700831851	5	4.3
63296.12326343005	4300	11.213565217399923	0.0	2143948	5537.765426794912	5	4.3
63301.027800877964	4300	10.309027769475916	0.0	1919781	4904.537447924006	5	4.3
63305.98826172847	1850	9.348566918976578	0.0	2147467	4960.460850499339	3	4.3
63307.99763574917	1850	11.339192898270618	0.0	908665	2009.3740207059598	3	-0.6000000000000001
63310.02836690138	1850	13.308461746060019	0.0	930577	2030.7311522105986	3	1.85
63311.92401122733	1850	15.412817420109967	0.0	858450	1895.6443259500527	3	1.85
63314.27924911249	1850	17.057579534950964	0.0	1025005	2355.237885159001	3	1.85
63316.4162761551	1850	18.920552492344868	0.0	886255	2137.027042606097	3	1.85
63319.23439920748	1850	20.10242943996346	0.0	973972	2818.123052381406	3	1.85
63321.40869028567	1850	21.928138361767484	0.0	958994	2174.291078195975	3	1.85
63323.34231593364	1850	23.994512713806284	0.0	982064	1933.6256479611973	3	1.85
63325.329589291956	1850	26.007239355494555	0.0	830730	1987.2733583117308	3	1.85
63327.18285207628	1850	28.153976571170066	0.0	846370	1853.2627843244884	3	1.85

