23083.509601894228	300	4.0	28.848673974780926	450283	28848.673974780926	0	-123.29929809155797
23086.576134856514	300	4.933467037711773	0.0	155580	3066.5329622882277	0	-0.15000000000000002
23089.313012001923	300	6.1965898923012155	0.0	139857	2736.8771454105567	0	0.3
23091.926475536955	300	7.583126357271921	0.0	155432	2613.463535029294	0	0.3
23094.307175510894	300	9.202426383331673	0.0	163442	2380.699973940248	0	0.3
23096.158563300385	300	11.351038593839753	0.0	126289	1851.3877894919187	0	0.3
23098.388749707676	300	13.120852186550412	0.0	153295	2230.1864072893413	0	0.3
23100.907236003517	300	14.602365890710072	0.0	173849	2518.486295840339	0	0.3
23103.10127274237	750	16.408329151861373	0.0	150710	2194.0367388486998	1	0.3
23108.504230232964	750	15.005371661264844	0.0	362795	5402.957490596529	1	0.3
23113.6950005316	750	13.814601362632194	0.0	353220	5190.770298632649	1	0.75
23119.309110456306	750	12.200491437922775	0.0	405134	5614.109924709419	1	0.75
23123.90831071153	750	11.601291182698912	0.0	386351	4599.200255223865	1	0.75
23148.916715657288	300	4.0	13.40711376305815	434409	25008.40494575706	0	-56.900589181150046
23152.403429607843	300	4.513286049442732	0.0	140051	3486.713950557268	0	-0.15000000000000002
23155.54969152386	300	5.367024133428076	0.0	138313	3146.261916014655	0	0.3
23158.601491699286	300	6.315223957998262	0.0	143509	3051.800175429815	0	0.3
23161.71328413478	300	7.2034315225002095	0.0	150616	3111.7924354980523	0	0.3
23165.06940242073	300	7.847313236552245	0.0	165384	3356.1182859479636	0	0.3
23167.89132612952	300	9.025389527762288	0.0	140881	2821.9237087899573	0	0.3
23171.015876569956	300	9.900839087323115	0.0	157671	3124.550440439172	0	0.3
23174.17628387307	300	10.740431784209344	0.0	157812	3160.407303113771	0	0.3
23177.420906801275	300	11.495808856004961	0.0	163927	3244.6229282043832	0	0.3
23180.156289944665	300	12.76042571261651	0.0	137654	2735.3831433884525	0	0.3
23183.031592917923	300	13.885122739355689	0.0	146754	2875.3029732608215	0	0.3
23186.09722517768	750	14.819490479597983	0.0	153938	3065.6322597577077	1	0.3
23193.63034100334	750	11.286374653939218	0.0	425781	7533.115825658764	1	0.3
23197.52797100788	750	11.38874464939857	0.0	277716	3897.6300045406488	1	0.75
23203.1120247293	300	9.804690927977918	0.0	400396	5584.0537214206515	0	0.75
23205.240655639824	300	11.67606001745534	0.0	149029	2128.6309105225782	0	-0.15000000000000002
23207.48464739019	300	13.432068267088802	0.0	157421	2243.9917503665383	0	0.3
23209.700845224525	750	15.215870432754171	0.0	157488	2216.19783433463	1	0.3
23214.59374907583	750	14.322966581451158	0.0	369834	4892.903851303012	1	0.3
23220.046280501443	750	12.870435155837557	0.0	412837	5452.5314256136035	1	0.75
23225.31790110863	750	11.598814548651616	0.0	401088	5271.620607185942	1	0.75
23230.080657975443	750	10.83605768183967	0.0	365161	4762.756866811946	1	0.75
23234.161769421884	750	10.754946235399396	0.0	321064	4081.111446440272	1	0.75
23238.201227018562	750	10.715488638720363	0.0	361565	4039.4575966790335	1	0.75
23241.95394926937	750	10.962766387913799	0.0	378327	3752.722250806562	1	0.75
23245.469426010568	750	11.447289646714358	0.0	390680	3515.4767411994417	1	0.75
23248.24269349796	750	12.674022159322973	0.0	345516	2773.2674873913857	1	0.75
23251.234648612783	750	13.682067044501514	0.0	384505	2991.95511482146	1	0.75
23254.132604463914	750	14.784111193370158	0.0	372093	2897.955851131355	1	0.75
23257.53181903766	750	15.384896619621925	0.0	438281	3399.214573748233	1	0.75
23260.633450057798	750	16.283265599486242	0.0	398987	3101.631020135681	1	0.75
23263.695828887816	750	17.220886769465437	0.0	393804	3062.378830020807	1	0.75
23275.92479348227	300	8.991922175011284	0.0	331053	12228.964594454152	0	0.75
23278.13608064662	300	10.780635010661383	0.0	118421	2211.287164349901	0	-0.15000000000000002

