15006.979241926292	750	4.0	1.7205141202268972	450283	1720.5141202268971	-6.648210716975657
15008.430884042564	750	6.548357883729122	0.0	398865	1451.642116270877	0.75
15009.787577351963	750	9.191664574329657	0.0	350812	1356.693309399466	0.75
15011.886857279094	1200	11.092384647199355	0.0	617681	2099.2799271303033	0.75
15015.83445947329	1850	11.144782453004044	0.0	996749	3947.6021941953118	1.2000000000000002
15018.961699372296	1850	12.017542553998181	0.0	801058	3127.2398990058623	1.85
15021.847594527608	1850	13.131647398685633	0.0	905515	2885.8951553125485	1.85
15029.947304407027	2850	9.031937519266153	0.0	1638769	8099.709879419478	1.85
15031.637615395606	1200	11.341626530686806	0.0	584846	1690.3109885793476	-0.44999999999999996
15034.7083063782	1850	12.270935548093494	0.0	913888	3070.690982593313	1.2000000000000002
15036.69237863821	1850	14.286863288081596	0.0	939819	1984.0722600118963	1.85
15038.901544676288	1850	16.077697250003652	0.0	917428	2209.166038077944	1.85
15043.695251898356	1850	15.283990027934252	0.0	946851	4793.707222069403	1.85
15060.26569041172	1850	4.0	1.28644848542834	1036454	16570.43851336259	-3.681728487341862
15061.466570750692	300	6.799119661025156	0.0	140051	1200.880338974844	-1.25
15063.019694407936	300	9.245996003782498	0.0	138313	1553.1236572426565	0.3
15065.086173520205	300	11.179516891513298	0.0	143509	2066.4791122692004	0.3
15066.67869652071	300	13.586993891008907	0.0	150616	1592.52300050439	0.3
15067.638024232501	300	16.627666179218103	0.0	165384	959.3277117908041	0.3
15070.535690750245	750	17.72999966147356	0.0	350713	2897.666517744543	0.3
15073.310776451524	750	18.954913960194542	0.0	386472	2775.085701279016	0.75
15075.843820237144	1200	20.42187017457539	0.0	616206	2533.043785619153	0.75
15078.945279101956	1200	21.32041130976177	0.0	656471	3101.458864813621	1.2
15080.48452373328	1200	23.78116667843896	0.0	536667	1539.2446313228093	1.2
15083.016584964593	1850	25.249105447125395	0.0	897976	2532.0612313135657	1.2000000000000002
15088.922319318139	2850	23.343371093579517	0.0	1480464	5905.734353545879	1.85
15093.709660778286	2850	22.556029633432043	0.0	1547572	4787.341460147472	2.85
15096.447152461582	2850	23.81853795013446	0.0	1141971	2737.4916832975855	2.85
15105.636781148483	4300	18.62890926323369	0.0	2134614	9189.628686900767	2.8499999999999996
15110.223189566988	1850	18.04250084472988	0.0	975811	4586.408418503813	-0.6000000000000001
15112.616065966362	1850	19.649624445356054	0.0	873429	2392.876399373825	1.85
15116.238147881444	2850	20.027542530274566	0.0	1497683	3622.08191508149	1.85
15119.972255612227	2850	20.29343479949347	0.0	1358081	3734.1077307810947	2.85
15129.384749073148	2850	14.880941338572097	0.0	1587293	9412.493460921372	2.85
15133.469300687999	1850	14.796389723721092	0.0	1026056	4084.551614851004	0.8500000000000001
15137.2781353856	1850	14.987555026118805	0.0	943942	3808.8346976022854	1.85
15140.6240388472	1850	15.641651564519211	0.0	728962	3345.9034615995943	1.85
15143.816941293237	1200	16.448749118484198	0.0	575591	3192.902446035015	0.5499999999999999
15148.028580300346	1200	16.237110111374868	0.0	605884	4211.639007109331	1.2
15150.978807916741	1200	17.286882494978727	0.0	587506	2950.2276163961396	1.2
15154.36410109459	1850	17.90158931713039	0.0	858450	3385.293177848335	1.2000000000000002
15161.27869169516	1850	14.986998716560015	0.0	1025005	6914.590600570377	1.85
15163.161583831758	1200	17.10410657996343	0.0	599477	1882.8921365965816	0.5499999999999999
15165.738957273468	1850	18.52673313825182	0.0	973972	2577.373441711611	1.2000000000000002
15168.226642328453	1850	20.039048083267094	0.0	958994	2487.685054984726	1.85
15179.528986631964	4300	12.736703779756127	0.0	2246506	11302.344303510969	1.8499999999999996
15182.407290297555	1850	13.858400114165047	0.0	830730	2878.3036655910805	-0.6000000000000001
15186.81492736947	2850	13.450763042247342	0.0	1364537	4407.637071917704	1.85

