86460.67826578957	750	4.0	1.9130207883368422	450283	1913.020788336842	-7.47598938984842
86461.47581252179	300	7.202453267789453	0.0	155580	797.5467322105471	-0.15000000000000002
86462.09316963448	300	10.585096155104727	0.0	139857	617.3571126847257	0.3
86462.8020044188	300	13.876261370772731	0.0	155432	708.8347843319964	0.3
86464.4282923127	750	16.249973476887558	0.0	411561	1626.2878938851713	0.3
86469.23103475437	1850	15.44723103521921	0.0	801058	4802.74244166835	0.75
86473.28689496712	1850	15.39137082246183	0.0	905515	4055.8602127573777	1.85
86481.21832904586	1850	11.459936743726862	0.0	1060487	7931.434078734969	1.85
86483.52514759624	1200	13.153118193351267	0.0	584846	2306.8185503755963	0.5499999999999999
86485.219342452	1200	15.458923337602387	0.0	560821	1694.19485574888	1.2
86487.9422085087	1850	16.736057280890243	0.0	939819	2722.866056712146	1.2000000000000002
86490.45721301006	1850	18.22105277953814	0.0	917428	2515.0045013521008	1.85
86493.9229779453	2850	18.755287844303403	0.0	1422919	3465.7649352347394	1.85
86498.16488215116	2850	18.513383638439663	0.0	1578343	4241.904205863738	2.85
86501.18390026479	2850	19.494365524806316	0.0	1231445	3019.018113633347	2.85
86508.23726021682	4300	16.441005572777776	0.0	2152483	7053.35995202854	2.8499999999999996
86514.44422675428	2850	14.234039035312788	0.0	1491626	6206.966537464989	1.4000000000000001
86517.64625455787	2850	15.032011231726115	0.0	1358801	3202.0278035866736	2.85
86523.93852322178	2850	12.739742567816386	0.0	1537156	6292.268663909729	2.85
86530.21055114466	1850	10.46771464493249	0.0	923755	6272.027922883895	0.8500000000000001
86532.37603335106	1200	12.302232438524852	0.0	601738	2165.482206407638	0.5499999999999999
86534.1817129949	1200	14.496552794689956	0.0	616206	1805.6796438348958	1.2
86536.87025391543	1850	15.808011874158975	0.0	968026	2688.5409205309807	1.2000000000000002
86539.01759903331	1850	17.66066675628342	0.0	874175	2147.3451178755568	1.85
86541.28871453744	1850	19.389551252147534	0.0	897976	2271.1155041358825	1.85
86543.2219939106	1850	21.45627187899164	0.0	905935	1933.2793731558975	1.85
86548.6827428582	4300	19.995522931390504	0.0	2395588	5460.748947601137	1.8499999999999996
86553.20022914697	4300	19.47803664261796	0.0	1972048	4517.486288772546	4.3
86558.04711714888	4300	18.63114864071684	0.0	2134614	4846.888001901115	4.3
86562.59326373343	4300	18.08500205615626	0.0	2164140	4546.146584560583	4.3
86575.78258778456	4300	8.895678005031199	0.0	2113193	13189.32405112506	4.3
86578.00254625073	750	10.675719538853999	0.0	400322	2219.958466177201	-2.8
86579.13849231624	300	13.539773473338993	0.0	143881	1135.9460655150058	-0.15000000000000002
86581.23479482635	300	15.443470963234958	0.0	163444	2096.302510104034	0.3
86582.02145427089	300	18.656811518698117	0.0	179328	786.6594445368432	0.3
86583.52575670209	750	21.152509087491485	0.0	365161	1504.3024312066284	0.3
86585.34653064095	1200	23.331735148641492	0.0	487812	1820.7739388499947	0.75
86587.65854923354	1200	25.01971655603868	0.0	575591	2312.018592602811	1.2
86590.45722088729	1200	26.221044902297884	0.0	605884	2798.671653740799	1.2
86594.97673646595	1850	25.70152932364241	0.0	930577	4519.51557865547	1.2000000000000002
86601.77085270364	2850	22.907413085941897	0.0	1339500	6794.116237700514	1.85
86606.15431346437	2850	22.523952325209073	0.0	1527299	4383.460760732827	2.85
86610.08195925665	2850	22.596306532934623	0.0	1343002	3927.6457922744485	2.85
86614.16887315473	2850	22.509392634854652	0.0	1587250	4086.913898079973	2.85
86620.75303040633	4300	19.925235383253952	0.0	2124950	6584.157251600698	2.8499999999999996
86628.45174163903	4300	16.226524150541543	0.0	2246506	7698.711232712408	4.3
86636.4557519056	4300	12.22251388398327	0.0	1961140	8004.010266558273	4.3
86642.36984994104	4300	10.308415848533608	0.0	2155012	5914.098035449663	4.3

