23073.740429659807	750	4.0	2.7524009274560406	450283	2752.400927456041	-11.085323988060974
23076.03327190959	750	5.707157750213614	0.0	398865	2292.8422497863858	0.75
23078.975171949052	1200	6.765257710753954	0.0	571051	2941.90003945966	0.75
23084.11500969329	1200	5.625419966512602	0.0	617681	5139.837744241352	1.2
23087.451229638446	750	6.2892000213586	0.0	411561	3336.219945154002	0.3
23088.654126892707	750	9.086302767097129	0.0	318564	1202.897254261471	0.75
23091.26058410497	750	10.479845554834782	0.0	352642	2606.457212262348	0.75
23095.16123729094	750	10.579192368865254	0.0	437162	3900.653185969528	0.75
23099.51117384341	750	10.229255816396089	0.0	374758	4349.936552469163	0.75
23101.885452428534	750	11.854977231271326	0.0	362795	2374.278585124764	0.75
23105.179455597085	750	12.560974062720424	0.0	353220	3294.0031685509007	0.75
23108.462859385483	750	13.277570274320762	0.0	405134	3283.4037883996616	0.75
23110.79973040236	750	14.940699257447154	0.0	386351	2336.871016873609	0.75
23114.982169083753	750	14.75826057605259	0.0	434409	4182.438681394562	0.75
23118.444058922007	750	15.296370737797432	0.0	337059	3461.8898382551606	0.75
23120.614641840086	750	17.125787819719186	0.0	366214	2170.582918078245	0.75
23124.417240146537	750	17.323189513268172	0.0	360831	3802.5983064510147	0.75
23129.05739402809	750	16.683035631714386	0.0	372963	4640.153881553787	0.75
23132.04023292044	750	17.700196739361406	0.0	405596	2982.838892352979	0.75
23134.853393526213	750	18.88703613359091	0.0	350713	2813.1606057704976	0.75
23139.14734138276	750	18.59308827704135	0.0	386472	4293.947856549562	0.75
23141.60811554363	750	20.132314116172218	0.0	399894	2460.7741608691313	0.75
23143.78059227114	750	21.959837388662223	0.0	401853	2172.4767275099966	0.75
23150.018104602703	1850	19.722325057101138	0.0	874175	6237.512331561082	0.75
23157.912251811842	1850	15.828177847961248	0.0	897976	7894.14720913989	1.85
23162.374886584246	1200	15.365543075559023	0.0	590335	4462.634772402225	0.5499999999999999
23170.20197819396	1200	11.538451465841305	0.0	696376	7827.091609717718	1.2
23172.31240907618	750	13.428020583621052	0.0	277716	2110.430882220254	0.3
23174.80733212817	750	14.933097531629237	0.0	400396	2494.9230519918146	0.75
23179.22352347055	1200	14.516906189249774	0.0	641447	4416.191342379464	0.75
23181.723855027114	1200	16.016574632688716	0.0	570392	2500.3315565610574	1.2
23189.28327335625	1850	12.457156303550292	0.0	954453	7559.418329138424	1.2000000000000002
23193.364049352105	750	12.376380307695628	0.0	369834	4080.7759958546626	-0.3500000000000001
23196.708713706957	750	13.031715952842502	0.0	412837	3344.664354853127	0.75
23200.469524239616	750	13.27090542018583	0.0	401088	3760.810532656672	0.75
23203.738649928448	750	14.001779731354787	0.0	365161	3269.125688831044	0.75
23205.902150463982	750	15.838279195818282	0.0	321064	2163.5005355365056	0.75
23210.56174026513	1200	15.1786893946725	0.0	575591	4659.589801145783	0.75
23214.900151912003	1200	14.840277747800926	0.0	605884	4338.411646871575	1.2
23218.499387436474	1200	15.24104222333434	0.0	587506	3599.2355244665846	1.2
23222.462140378982	1200	15.278289280825074	0.0	566904	3962.752942509265	1.2
23227.78248402358	1200	13.957945636223048	0.0	641452	5320.343644602025	1.2
23233.161766052413	1200	12.578663607391325	0.0	599477	5379.282028831724	1.2
23236.967189568317	1200	12.773240091485158	0.0	634861	3805.423515906167	1.2
23240.503674966596	1200	13.23675469320879	0.0	630203	3536.4853982763693	1.2
23246.940357942352	1200	10.800071717451381	0.0	638661	6436.682975757409	1.2
23250.211096723397	1200	11.52933293640714	0.0	538612	3270.7387810442424	1.2
23262.04585878821	2850	4.0	0.30542912840637837	1364537	11834.762064813518	-0.11334525214742674

