68557.5984441439	750	4.0	1.8140036127704906	450283	1814.0036127704907	1	-7.050215534913109
68559.16963304773	750	6.428811096177997	0.0	398865	1571.188903822003	1	0.75
68560.4361062577	750	9.162337886210485	0.0	350812	1266.4732099675116	1	0.75
68561.71352771705	750	11.884916426868838	0.0	382355	1277.4214593416473	1	0.75
68567.97449778605	300	9.623946357849011	0.0	411561	6260.970069019829	0	0.75
68568.42704669648	750	13.171397447419022	0.0	126289	452.54891042998815	1	-0.15000000000000002
68569.54733043356	750	16.051113710340957	0.0	352642	1120.283737078066	1	0.3
68570.90037058498	1850	18.698073558930357	0.0	437162	1353.0401514106004	3	0.75
68573.5421449299	1850	20.056299214015585	0.0	852833	2641.774344914776	3	0.75
68577.0552318746	1850	20.54321226931985	0.0	913888	3513.086944695737	3	1.85
68580.17872192916	1850	21.419722214756725	0.0	939819	3123.4900545631194	3	1.85
68583.03598408288	1850	22.562460061043446	0.0	917428	2857.262153713281	3	1.85
68585.97994837468	1850	23.618495769250156	0.0	946851	2943.9642917932892	3	1.85
68588.83341476448	1850	24.765029379443416	0.0	1036454	2853.46638980674	3	1.85
68590.85812300579	4300	26.74032113812465	0.0	821631	2024.7082413187652	5	1.85
68596.73063177873	4300	24.867812365183273	0.0	2152483	5872.508772941377	5	1.8499999999999996
68603.99219744344	4300	21.6062467004721	0.0	2289689	7261.565664711172	5	4.3
68609.62185287049	4300	19.976591273418787	0.0	2059512	5629.6554270533115	5	4.3
68615.28178437987	4300	18.31665976404408	0.0	2220726	5659.93150937471	5	4.3
68622.78457261513	4300	14.8138715287854	0.0	2156729	7502.7882352586785	5	4.3
68628.94801479892	1850	12.650429344985795	0.0	2039773	6163.442183799603	3	4.3
68633.81574447235	1850	11.78269967155333	0.0	955231	4867.729673432466	3	-0.6000000000000001
68636.19752805454	1850	13.400916089357406	0.0	968026	2381.7835821959234	3	1.85
68638.76804633309	1850	14.830397810819958	0.0	874175	2570.5182785374463	3	1.85
68641.31812796324	1850	16.28031618066361	0.0	897976	2550.081630156348	3	1.85
68644.05405257554	1850	17.544391568385812	0.0	905935	2735.9246122777968	3	1.85
68647.60453747062	1850	17.99390667330878	0.0	1076599	3550.484895077035	3	1.85
68649.57033820919	1850	20.028105934732935	0.0	758197	1965.8007385758453	3	1.85
68652.0780048773	1850	21.5204392666092	0.0	972798	2507.6666681237352	3	1.85
68654.95982332104	1850	22.638620822868873	0.0	975811	2881.8184437403243	3	1.85
68657.58998010342	1850	24.008464040487706	0.0	873429	2630.1567823811683	3	1.85
68661.76588968345	1850	23.83255446047074	0.0	954453	4175.909580016969	3	1.85
68664.49028921126	1850	25.108154932648603	0.0	885062	2724.3995278221364	3	1.85
68668.68656543181	1850	24.91187871210017	0.0	1035329	4196.276220548431	3	1.85
68672.94460661388	1850	24.65383753002667	0.0	1026056	4258.041182073498	3	1.85
68675.93527587935	1850	25.663168264545053	0.0	943942	2990.6692654816175	3	1.85
68678.0800992591	1850	27.518344884801518	0.0	728962	2144.823379743534	3	1.85
68680.75697935681	1850	28.841464787088217	0.0	938587	2676.8800977133	3	1.85
68683.5124830505	1850	30.085961093401473	0.0	908665	2755.5036936867473	3	1.85
68686.10359580192	1850	31.494848341982433	0.0	930577	2591.112751419037	3	1.85
68688.87147171907	1850	32.726972424836845	0.0	858450	2767.8759171455845	3	1.85
68692.2881997138	1850	33.31024443011162	0.0	1025005	3416.72799472523	3	1.85
68695.41652661072	1850	34.18191753318945	0.0	886255	3128.3268969221704	3	1.85
68697.58505707975	4300	36.013387064158394	0.0	973972	2168.530469031061	5	1.85
68704.97874602738	4300	32.6196981165191	0.0	2124950	7393.688947639287	5	1.8499999999999996
68711.7540895136	4300	29.84435463030259	0.0	2246506	6775.343486216516	5	4.3
68719.98206474098	1850	25.616379402912383	0.0	1961140	8227.975227390207	3	4.3
68722.42484521553	1850	27.173598928363873	0.0	846370	2442.7804745485096	3	-0.6000000000000001

