10496.96074762648	300	4.0	5.770699568872098	450283	5770.699568872098	0	-24.064008146150023
10498.68995983031	300	6.2707877961689045	0.0	155580	1729.2122038310952	0	-0.15000000000000002
10500.252501745666	300	8.70824588081214	0.0	139857	1562.541915356765	0	0.3
10501.980145088422	300	10.980602538056806	0.0	155432	1727.6433427553336	0	0.3
10503.792697736697	300	13.168049889782209	0.0	163442	1812.5526482745972	0	0.3
10505.211413252891	750	15.749334373587164	0.0	126289	1418.7155161950457	1	0.3
10509.0295639791	750	15.931183647379392	0.0	352642	3818.150726207771	1	0.3
10513.74366158452	750	15.217086041959615	0.0	437162	4714.097605419779	1	0.75
10517.796251037427	750	15.164496589052211	0.0	374758	4052.589452907402	1	0.75
10521.722027753514	750	15.238719872964653	0.0	362795	3925.776716087557	1	0.75
10525.54630551825	750	15.414442108231272	0.0	353220	3824.277764733381	1	0.75
10529.920893106544	750	15.03985451993646	0.0	405134	4374.587588294813	1	0.75
10534.096373143582	750	14.864374482898617	0.0	386351	4175.4800370378425	1	0.75
10538.154856863364	750	14.805890763116409	0.0	434409	4058.483719782207	1	0.75
10541.02392379365	750	15.936823832831136	0.0	337059	2869.0669302852734	1	0.75
10544.134240019614	750	16.826507606866272	0.0	366214	3110.3162259648643	1	0.75
10547.200013458452	750	17.76073416802688	0.0	360831	3065.7734388393887	1	0.75
10550.36617573129	750	18.594571895190413	0.0	372963	3166.162272836466	1	0.75
10553.802366756172	750	19.15838087030757	0.0	405596	3436.191024882842	1	0.75
10555.116206066965	1850	21.84454155951595	0.0	350713	1313.8393107916202	3	0.75
10557.407825412916	1850	23.552922213564216	0.0	891604	2291.619345951736	3	0.75
10559.857271220082	1850	25.103476406397778	0.0	955231	2449.4458071664358	3	1.85
10562.33845496195	1850	26.622292664530004	0.0	968026	2481.183741867774	3	1.85
10564.586841758945	1850	28.373905867535644	0.0	874175	2248.3867969943594	3	1.85
10566.894266819623	1850	30.06648080685808	0.0	897976	2307.425060677561	3	1.85
10569.221434140736	1850	31.73931348574379	0.0	905935	2327.16732111429	3	1.85
10571.97193267622	1850	32.9888149502591	0.0	1076599	2750.4985354846917	3	1.85
10573.932636613441	4300	35.02811101303745	0.0	758197	1960.703937221646	5	1.85
10579.307536163622	4300	33.65321146285663	0.0	2134614	5374.8995501808195	5	1.8499999999999996
10584.755674811888	4300	32.205072814591276	0.0	2164140	5448.1386482653625	5	4.3
10590.077439676706	4300	30.883307949774846	0.0	2113193	5321.764864816428	5	4.3
10595.485176020913	4300	29.47557160556696	0.0	2147852	5407.736344207886	5	4.3
10601.000124323984	4300	27.960623302495353	0.0	2191074	5514.948303071604	5	4.3
10606.75242376092	4300	26.20832386556154	0.0	2286761	5752.299436933816	5	4.3
10612.552466741463	4300	24.4082808850164	0.0	2307787	5800.042980545138	5	4.3
10617.94256091433	4300	23.01818671215019	0.0	2143948	5390.09417286621	5	4.3
10622.777442050103	4300	22.183305576376714	0.0	1919781	4834.881135773473	5	4.3
10628.176252022697	4300	20.78449560378294	0.0	2147467	5398.8099725937755	5	4.3
10641.33569745288	4300	11.625050173599599	0.0	2133870	13159.445430183341	5	4.3
10656.907263723413	750	4.0	3.946516096933063	2146120	15571.566270532661	1	-12.670019216812168
10659.3546544435	750	5.552609279913175	0.0	345516	2447.3907200868257	1	-2.8
10662.069188209885	750	6.8380755135261335	0.0	384505	2714.5337663870414	1	0.75
10664.698678002569	750	8.208585720841375	0.0	372093	2629.4897926847584	1	0.75
10667.781671705294	750	9.125592018117407	0.0	438281	3082.993702723966	1	0.75
10670.595432576672	750	10.31183114673871	0.0	398987	2813.760871378698	1	0.75
10673.373680805795	750	11.53358291761742	0.0	393804	2778.248229121292	1	0.75
10675.721974604221	750	13.185289119191575	0.0	331053	2348.2937984258438	1	0.75
10677.954158575192	750	14.953105148219718	0.0	314107	2232.183970971858	1	0.75

