60213.884193738115	300	4.0	2.1270096870866837	450283	2127.0096870866837	0	-8.39614165447274
60214.61295333949	750	7.271240398620272	0.0	155580	728.7596013797286	1	-0.15000000000000002
60215.732929074045	750	10.151264664066604	0.0	350812	1119.9757345536668	1	0.3
60216.68829006488	1850	13.19590367324006	0.0	382355	955.360990826544	3	0.75
60220.77260904529	1850	13.111584692831252	0.0	996749	4084.318980408808	3	0.75
60225.118755687196	1850	12.765438050928715	0.0	801058	4346.146641902537	3	1.85
60228.961989383715	1850	12.922204354405219	0.0	905515	3843.2336965234954	3	1.85
60233.802085241026	1850	12.082108497092532	0.0	1060487	4840.095857312687	3	1.85
60237.41795788807	1850	12.466235850043734	0.0	852833	3615.8726470487977	3	1.85
60239.46750247584	1850	14.416691262274078	0.0	913888	2049.5445877696557	3	1.85
60243.41522550448	1850	14.468968233639913	0.0	939819	3947.723028634165	3	1.85
60246.20399287691	1850	15.680200861209833	0.0	917428	2788.7673724300803	3	1.85
60251.311476591734	1850	14.572717146384683	0.0	946851	5107.483714825149	3	1.85
60254.220513421395	1850	15.663680316729137	0.0	1036454	2909.036829655547	3	1.85
60256.37905504704	1850	17.505138691090746	0.0	821631	2158.5416256383924	3	1.85
60258.495079055014	1850	19.38911468311521	0.0	923170	2116.024007975535	3	1.85
60262.54929945182	1850	19.334894286304852	0.0	966699	4054.220396810362	3	1.85
60265.79250794367	1850	20.091685794456478	0.0	885714	3243.2084918483747	3	1.85
60272.780132552	1850	17.104061186127023	0.0	987708	6987.624608329453	3	1.85
60274.83051459074	1850	19.053679147381896	0.0	923755	2050.382038745127	3	1.85
60276.879494259214	1850	21.004699478903166	0.0	891604	2048.979668478728	3	1.85
60278.821479795	1850	23.062713943119817	0.0	955231	1941.9855357833503	3	1.85
60280.8897227737	1850	24.994470964421954	0.0	968026	2068.242978697861	3	1.85
60284.686398993326	1850	25.197794744794724	0.0	874175	3796.6762196272334	3	1.85
60287.163788662394	1850	26.72040507572541	0.0	897976	2477.389669069313	3	1.85
60289.73594762294	1850	28.14824611517861	0.0	905935	2572.1589605467984	3	1.85
60293.25422381185	1850	28.62996992626546	0.0	1076599	3518.2761889131457	3	1.85
60295.193905226064	1850	30.690288512047854	0.0	758197	1939.6814142176086	3	1.85
60297.55006988198	1850	32.33412385613499	0.0	972798	2356.1646559128676	3	1.85
60300.57679827435	1850	33.30739546377255	0.0	975811	3026.728392362437	3	1.85
60303.47039262714	1850	34.413801110973424	0.0	873429	2893.5943527991244	3	1.85
60305.91767032669	4300	35.966523411418805	0.0	954453	2447.277699554616	5	1.85
60315.41111435091	4300	30.47307938720347	0.0	2191074	9493.444024215338	5	1.8499999999999996
60323.15488080712	4300	26.72931293099516	0.0	2286761	7743.766456208306	5	4.3
60334.389575441404	4300	19.494618296705593	0.0	2307787	11234.694634289566	5	4.3
60348.451943486274	1850	9.432250251836392	0.0	2143948	14062.368044869203	3	4.3
60351.16534793084	1850	10.718845807275917	0.0	728962	2713.404444560475	3	-0.6000000000000001
60354.23076963361	1850	11.65342410450518	0.0	938587	3065.4217027707364	3	1.85
60358.473973041626	1850	11.410220696484703	0.0	908665	4243.203408020477	3	1.85
60365.4320899558	1850	8.45210378230789	0.0	930577	6958.116914176812	3	1.85
60367.816253336794	1850	10.067940401312262	0.0	858450	2384.1633809956293	3	1.85
60373.15302708106	1850	8.731166657038575	0.0	1025005	5336.773744273688	3	1.85
60376.42851168509	1850	9.455682053018561	0.0	886255	3275.484604020014	3	1.85
60381.22640997184	1850	8.65778376626422	0.0	973972	4797.898286754342	3	1.85
60383.89142131912	1850	9.992772418986759	0.0	958994	2665.0113472774615	3	1.85
60388.216034543606	1850	9.668159194499374	0.0	982064	4324.613224487384	3	1.85
60391.64886586683	1850	10.235327871274148	0.0	830730	3432.8313232252253	3	1.85
60395.27003794592	1850	10.614155792186311	0.0	846370	3621.1720790878376	3	1.85

