2177.3777518448037	750	4.0	9.170678489976195	450283	9170.678489976195	-38.683917506897636
2179.1546642186327	300	6.223087626171432	0.0	155580	1776.9123738285678	-0.15000000000000002
2180.997943397313	300	8.379808447491152	0.0	139857	1843.279178680281	0.3
2183.1072756711455	300	10.270476173658526	0.0	155432	2109.3322738326256	0.3
2185.3211871276008	300	12.056564717203278	0.0	163442	2213.9114564552474	0.3
2186.8819130546794	300	14.495838790124532	0.0	126289	1560.7259270787479	0.3
2188.684957287562	300	16.69279455724203	0.0	153295	1803.0442328824984	0.3
2193.3333460365807	750	16.044405808223466	0.0	437162	4648.388749018566	0.3
2197.127896006239	750	16.249855838565	0.0	374758	3794.5499696584643	0.75
2200.605524359302	750	16.772227485502366	0.0	362795	3477.6283530626333	0.75
2204.2596403076295	750	17.1181115371745	0.0	353220	3654.115948327868	0.75
2208.3466034398434	750	17.0311484049606	0.0	405134	4086.9631322138985	0.75
2210.8530579601043	750	18.524693884699886	0.0	386351	2506.454520260715	0.75
2213.020007078325	750	20.357744766479154	0.0	434409	2166.9491182207307	0.75
2216.3977109304114	1850	20.980040914392877	0.0	821631	3377.703852086277	0.75
2219.787018899396	1850	21.59073294540787	0.0	923170	3389.30796898501	1.85
2224.8735120749448	1850	20.504239769859364	0.0	966699	5086.493175548503	1.85
2227.886922261284	1850	21.490829583520007	0.0	885714	3013.410186339354	1.85
2230.6438550354783	1850	22.733896809325568	0.0	987708	2756.9327741944403	1.85
2233.198885020108	1850	24.17886682469571	0.0	923755	2555.02998462986	1.85
2235.2983170807997	1850	26.079434764003903	0.0	891604	2099.4320606918086	1.85
2237.578750222247	1850	27.79900162255678	0.0	955231	2280.4331414471217	1.85
2240.0243535449613	1850	29.353398299842688	0.0	968026	2445.603322714094	1.85
2242.036141412091	1850	31.341610432712976	0.0	874175	2011.7878671297115	1.85
2244.1005257078828	1850	33.27722613692132	0.0	897976	2064.384295791655	1.85
2247.8697549049484	4300	33.50799693985544	0.0	2105231	3769.229197065881	1.8499999999999996
2251.623518342163	4300	33.754233502641284	0.0	2395588	3753.7634372141542	4.3
2254.715416752322	4300	34.66233509248213	0.0	1972048	3091.898410159157	4.3
2262.124670355454	4300	31.25308148935013	0.0	2134614	7409.253603131999	4.3
2269.6524667427652	4300	27.725285102038917	0.0	2164140	7527.796387311213	4.3
2272.594781985034	4300	28.782969859770382	0.0	2113193	2942.315242268534	4.3
2275.5689966737546	4300	29.80875517104993	0.0	2147852	2974.2146887204494	4.3
2284.0477541750706	4300	25.32999766973376	0.0	2191074	8478.757501316173	4.3
2289.1786086260763	4300	24.199143218728	0.0	2286761	5130.854451005756	4.3
2292.731244458818	4300	24.64650738598682	0.0	2307787	3552.6358327411795	4.3
2296.833515566637	4300	24.544236278167997	0.0	2143948	4102.271107818824	4.3
2301.2953459787354	4300	24.082405866069422	0.0	1919781	4461.830412098579	4.3
2304.533696091669	4300	24.844055753136004	0.0	2147467	3238.350112933418	4.3
2307.832393803685	4300	25.54535804111948	0.0	2133870	3298.697712016521	4.3
2311.2265644112144	4300	26.1511874335897	0.0	2146120	3394.1706075297816	4.3
2314.543024105178	4300	26.83472773962606	0.0	2108491	3316.459693963639	4.3
2321.4937348346366	4300	23.8840170101678	0.0	2184571	6950.710729458265	4.3
2324.8380922704246	4300	24.539659574379723	0.0	2121928	3344.3574357880752	4.3
2328.0223818939085	4300	25.355369950895764	0.0	2219102	3184.289623483956	4.3
2331.0749628006997	4300	26.302789044104536	0.0	2124950	3052.58090679123	4.3
2334.297587729565	4300	27.080164115239416	0.0	2246506	3222.624928865121	4.3
2337.313231503082	4300	28.064520341722275	0.0	1961140	3015.643773517137	4.3
2348.245590118672	4300	21.132161726131933	0.0	2155012	10932.358615590341	4.3

