80257.26932927735	300	4.0	5.338590652805062	450283	5338.590652805063	0	-22.205939807061768
80258.63577659559	300	6.633552681760603	0.0	155580	1366.4473182393965	0	-0.15000000000000002
80260.01651640957	300	9.25281286779731	0.0	139857	1380.739813963292	0	0.3
80261.50439699521	300	11.764932282137464	0.0	155432	1487.880585659846	0	0.3
80262.7232394014	750	14.546089875949473	0.0	163442	1218.84240618799	1	0.3
80265.04120262468	750	16.228126652674852	0.0	318564	2317.9632232746203	1	0.3
80268.03498555822	750	17.234343719141947	0.0	352642	2993.782933532906	1	0.75
80272.00628602339	750	17.26304325395774	0.0	437162	3971.300465184206	1	0.75
80276.12330227453	750	17.14602700281873	0.0	374758	4117.016251139014	1	0.75
80279.78280794277	750	17.48652133457035	0.0	362795	3659.5056682483755	1	0.75
80283.73675681432	750	17.532572463018926	0.0	353220	3953.9488715514267	1	0.75
80286.98038970813	750	18.28893956921871	0.0	405134	3243.6328938002152	1	0.75
80289.80208012629	750	19.467249151069403	0.0	386351	2821.690418149306	1	0.75
80293.65483634951	750	19.614492927856233	0.0	434409	3852.756223213167	1	0.75
80296.3704952273	750	20.89883405005885	0.0	337059	2715.6588777973834	1	0.75
80302.13286372648	750	19.136465550866763	0.0	366214	5762.3684991920845	1	0.75
80305.45842994981	750	19.810899327536905	0.0	360831	3325.5662233298576	1	0.75
80308.63772385109	750	20.631605426260872	0.0	372963	3179.2939012760335	1	0.75
80311.63210487468	750	21.63722440267029	0.0	405596	2994.3810235905826	1	0.75
80315.86576515257	750	21.40356412476179	0.0	350713	4233.660277908502	1	0.75
80318.65767560239	750	22.61165367494909	0.0	386472	2791.9104498127003	1	0.75
80323.07804460436	750	22.19128467297534	0.0	399894	4420.369001973748	1	0.75
80326.13215422996	750	23.137175047386037	0.0	401853	3054.1096255893044	1	0.75
80328.62151260802	750	24.647816669315368	0.0	343800	2489.35837807067	1	0.75
80331.18720266466	750	26.082126612677552	0.0	359903	2565.690056637818	1	0.75
80336.62780238537	750	24.64152689197838	0.0	379700	5440.5997206991715	1	0.75
80340.69016876174	750	24.57916051561141	0.0	425781	4062.3663763669715	1	0.75
80342.56123300007	1850	26.708096277277555	0.0	277716	1871.0642383338513	3	0.75
80351.44467366613	1850	21.824655611211018	0.0	972798	8883.440666066537	3	0.75
80360.15126473202	1850	17.11806454533413	0.0	975811	8706.591065876892	3	1.85
80367.18409159046	1850	14.08523768688546	0.0	873429	7032.826858448668	3	1.85
80378.64436441338	300	6.62496486396396	0.0	954453	11460.272822921499	0	1.85
80380.86225993623	300	8.407069341110585	0.0	143881	2217.895522853373	0	-1.25
80382.05771720028	300	11.21161207705763	0.0	163444	1195.457264052955	0	0.3
80383.38232969784	750	13.886999579503948	0.0	179328	1324.6124975536818	1	0.3
80386.11508205075	750	15.15424722659602	0.0	365161	2732.7523529079276	1	0.3
80390.80166085117	750	14.467668426173514	0.0	321064	4686.578800422508	1	0.75
80393.51353181146	750	15.755797465872297	0.0	361565	2711.8709603012185	1	0.75
80397.64284173147	750	15.62648754585713	0.0	378327	4129.3099200151655	1	0.75
80402.18303518037	750	15.086294096976031	0.0	390680	4540.1934488810975	1	0.75
80405.36678120543	750	15.902548071901355	0.0	345516	3183.746025074676	1	0.75
80409.70955721918	750	15.559772058149363	0.0	384505	4342.776013751993	1	0.75
80412.6023749483	750	16.666954329035768	0.0	372093	2892.817729113596	1	0.75
80418.00814880377	750	15.261180473552525	0.0	438281	5405.773855483245	1	0.75
80422.37217925263	750	14.897150024681224	0.0	398987	4364.030448871299	1	0.75
80426.73817395577	750	14.531155321555936	0.0	393804	4365.994703125288	1	0.75
80429.42277039848	750	15.84655887884196	0.0	331053	2684.5964427139775	1	0.75
80432.15108320775	750	17.118246069577253	0.0	314107	2728.3128092647057	1	0.75

