35190.07318726186	750	4.0	2.2294334545326486	450283	2229.4334545326487	0.20197194003908578	-8.83656385449039
35190.54353564836	300	7.529651613500527	0.0	155580	470.3483864994732	0.33077608952353504	-0.15000000000000002
35191.50371882206	750	10.56946843979791	0.0	350812	960.1831737026171	0.3653594539125424	0.3
35193.30513106485	1200	12.76805619700717	0.0	617681	1801.412242790742	0.3428870889891869	0.75
35196.28552682138	1850	13.787660440478984	0.0	996749	2980.3957565281853	0.3344351158119675	1.2000000000000002
35201.0972424976	2850	12.975944764264305	0.0	1224260	4811.715676214679	0.2544331549039305	1.85
35204.550835085196	1850	13.522352176666788	0.0	905515	3453.5925875975176	0.26219508440337463	0.8500000000000001
35211.717766801376	2850	10.355420460489782	0.0	1638769	7166.931716177004	0.2286569852899554	1.85
35215.06236381501	1200	11.010823446849429	0.0	584846	3344.597013640354	0.1748629199914991	-0.44999999999999996
35218.24550801501	1850	11.827679246853776	0.0	913888	3183.1441999956514	0.2871022933869124	1.2000000000000002
35222.512321235445	1850	11.560866026411583	0.0	939819	4266.813220442194	0.22026251242903044	1.85
35226.55121918325	1850	11.5219680786117	0.0	917428	4038.8979477998832	0.22714810125364823	1.85
35229.07323965588	1850	12.99994760597751	0.0	946851	2522.020472634189	0.3754335106610127	1.85
35231.80847739601	1850	14.264709865852195	0.0	1036454	2735.2377401253148	0.37892647677218544	1.85
35235.71185330869	2850	14.361333953160651	0.0	1231445	3903.3759126915443	0.31548204107015304	1.85
35239.78649213759	2850	14.286695124264206	0.0	1471065	4074.6388288964445	0.3610295444022007	2.85
35246.09735946833	2850	11.975827793518864	0.0	1491626	6310.867330745343	0.23635831999400184	2.85
35249.89752701815	1850	12.175660243706542	0.0	885714	3800.1675498123213	0.23307235493965067	0.8500000000000001
35253.10740331213	1850	12.96578394972267	0.0	987708	3209.876293983871	0.30770905466083454	1.85
35255.905739758855	1850	14.167447503000306	0.0	923755	2798.3364467223646	0.3301086261739455	1.85
35262.89282025044	2850	11.180367011419996	0.0	1415116	6987.080491580309	0.20253323282954405	1.85
35266.000805618074	1850	12.072381643781272	0.0	955231	3107.9853676387256	0.3073473285769461	0.8500000000000001
35269.49947291771	1850	12.573714344146635	0.0	968026	3498.6672996346356	0.27668421061387877	1.85
35274.117613665825	1850	11.955573596030877	0.0	874175	4618.140748115758	0.18929154559801392	1.85
35276.89534198509	1850	13.17784527677409	0.0	897976	2777.728319256788	0.32327711597088926	1.85
35282.80304803696	2850	11.270139224896006	0.0	1480464	5907.706051878084	0.25059879198447166	1.85
35286.14782929226	1850	11.925357969595966	0.0	1076599	3344.781255300039	0.3218742625677102	0.8500000000000001
35288.758020560155	1850	13.315166701704136	0.0	758197	2610.191267891831	0.2904756480211398	1.85
35293.91755403607	2850	12.155633225791135	0.0	1498470	5159.533475913001	0.29042742081149875	1.85
35296.2273023988	1850	13.845884863052516	0.0	975811	2309.748362738618	0.422475026172549	0.8500000000000001
35301.281632031554	2850	12.791555230297861	0.0	1341201	5054.329632754657	0.2653568519370655	1.85
35305.754656531506	1850	12.318530730344646	0.0	954453	4473.024499953215	0.21337978363632548	0.8500000000000001
35309.13083910727	1850	12.94234815458515	0.0	885062	3376.1825757594956	0.262148737557802	1.85
35312.08929340086	1850	13.983893860988701	0.0	1035329	2958.454293596448	0.3499560572022227	1.85
35318.72893210983	2850	11.34425515202633	0.0	1492672	6639.638708962371	0.2248122323260073	1.85
35322.48258944739	1850	11.590597814458945	0.0	943942	3753.657337567384	0.2514726079423478	0.8500000000000001
35324.96481834023	1850	13.108368921617178	0.0	728962	2482.2288928417697	0.29367235314284446	1.85
35330.525512265056	2850	11.547674996795507	0.0	1499009	5560.693924821669	0.2695722908446311	1.85
35333.34599851382	1850	12.727188748033639	0.0	908665	2820.4862487618684	0.32216608054688584	0.8500000000000001
35336.39678901953	1850	13.67639824232412	0.0	930577	3050.7905057095168	0.3050281552464637	1.85
35340.85226105635	2850	13.220926205499941	0.0	1339500	4455.472036824181	0.30064154570584695	1.85
35346.368658195584	2850	11.70452906626591	0.0	1527299	5516.397139234031	0.27686530926815583	2.85
35348.88941412677	1850	13.183773135080246	0.0	886255	2520.755931185663	0.35158302675624015	0.8500000000000001
35355.54836624795	2850	10.524821013897808	0.0	1587250	6658.952121182438	0.2383633297123257	1.85
35358.144470546154	1200	11.928716715692062	0.0	630203	2596.1042982057456	0.24274949216622552	-0.44999999999999996
35363.67573037892	1850	10.397456882932481	0.0	982064	5531.259832759581	0.1775479781628776	1.2000000000000002
35365.50397867972	1200	12.569208582124386	0.0	538612	1828.2483008080962	0.294605497383441	0.5499999999999999
35367.95197081807	1850	14.12121644378424	0.0	846370	2447.9921383401447	0.3457404894175351	1.2000000000000002

