39365.28701440004	300	4.0	3.1289521830781615	181801	3128.9521830781614	-13.154494387236094
39368.53698044399	300	4.7500339560513964	0.0	155580	3249.966043948603	0.3
39371.18351754332	300	6.103496856718461	0.0	139857	2646.537099332935	0.3
39373.02822960336	300	8.258784796673835	0.0	155432	1844.7120600446256	0.3
39375.12607971565	300	10.160934684394404	0.0	163442	2097.8501122794323	0.3
39377.30853768728	300	11.978476712764659	0.0	126289	2182.457971629745	0.3
39380.16315626661	300	13.12385813343574	0.0	153295	2854.61857932892	0.3
39386.32207710681	750	10.964937293234412	0.0	437162	6158.920840201326	0.3
39388.13454150129	300	13.152472898755025	0.0	150710	1812.4643944793863	-0.15000000000000002
39389.93909926707	300	15.347915132981392	0.0	139105	1804.5577657736342	0.3
39394.27166377778	750	15.015350622274232	0.0	353220	4332.56451070716	0.3
39398.41317470984	750	14.873839690209829	0.0	405134	4141.510932064404	0.75
39403.0098307805	750	14.277183619553412	0.0	386351	4596.656070656415	0.75
39406.385666529844	750	14.901347870207246	0.0	434409	3375.835749346166	0.75
39408.94207201361	750	16.344942386443552	0.0	337059	2556.4054837636945	0.75
39413.68760977239	750	15.599404627668534	0.0	366214	4745.53775877502	0.75
39416.934374668126	750	16.35263973192325	0.0	360831	3246.764895745283	0.75
39422.50757542184	750	14.779438978213525	0.0	372963	5573.200753709724	0.75
39427.81866032635	750	13.468354073695874	0.0	405596	5311.08490451765	0.75
39431.002103456725	750	14.284910943321254	0.0	350713	3183.44313037462	0.75
39434.47650017466	750	14.81051422539102	0.0	386472	3474.396717930235	0.75
39437.490795112404	750	15.796219287649645	0.0	399894	3014.2949377413743	0.75
39440.35991702631	750	16.9270973737429	0.0	401853	2869.1219139067416	0.75
39443.136848032846	750	18.150166367205056	0.0	343800	2776.931006537846	0.75
39448.47912538146	750	16.807889018590227	0.0	359903	5342.27734861483	0.75
39451.900175149975	750	17.386839250078037	0.0	379700	3421.0497685121923	0.75
39454.93795917178	750	18.349055228275326	0.0	425781	3037.784021802711	0.75
39458.573362197276	750	18.713652202779624	0.0	277716	3635.4030254957056	0.75
39463.41694019367	1200	17.87007420638408	0.0	622896	4843.5779963955465	0.75
39466.48326539957	750	18.803749000480646	0.0	400508	3066.3252059034294	0.3
39471.65967056656	1200	17.627343833487206	0.0	570392	5176.405166993441	0.75
39475.93689577022	750	17.350118629834597	0.0	400322	4277.225203652609	0.3
39479.81187064956	750	17.475143750485536	0.0	369834	3874.974879349061	0.75
39483.65504906731	750	17.63196533273696	0.0	412837	3843.1784177485774	0.75
39485.945018948274	750	19.34199545177813	0.0	401088	2289.96988095883	0.75
39489.743102802415	1200	19.543911597632956	0.0	598727	3798.083854145173	0.75
39493.037122911956	1200	20.249891488100026	0.0	487812	3294.0201095329294	1.2
39497.673610426646	1200	19.613403973408467	0.0	575591	4636.487514691563	1.2
39502.10513887158	1200	19.18187552846731	0.0	605884	4431.528444941154	1.2
39504.78351041689	1200	20.503503983153582	0.0	587506	2678.371545313728	1.2
39507.370765189655	1200	21.91624921039461	0.0	566904	2587.254772758973	1.2
39512.082967616596	1200	21.20404678345334	0.0	641452	4712.202426941268	1.2
39516.72596097741	1850	20.56105342263558	0.0	886255	4642.993360817758	1.2000000000000002
39520.30346262561	1200	20.983551774433394	0.0	634861	3577.5016482021842	0.5499999999999999
39525.96910248734	1200	19.3179119127084	0.0	630203	5665.639861724994	1.2
39530.100844977416	1200	19.18616942263071	0.0	638661	4131.742490077695	1.2
39534.42242927226	1200	18.864585127786953	0.0	538612	4321.584294843758	1.2
39536.963943495015	750	20.323070905032655	0.0	314107	2541.514222754297	0.3

