38848.68645890765	300	4.0	5.379805082393645	450283	5379.805082393645	0	-22.383161854292673
38850.597626583796	300	6.088832323852326	0.0	155580	1911.1676761476742	0	-0.15000000000000002
38852.3237354518	300	8.362723455855248	0.0	139857	1726.1088679970771	0	0.3
38854.23316117643	300	10.4532977312185	0.0	155432	1909.4257246367486	0	0.3
38860.72641586261	300	7.960043045032397	0.0	163442	6493.254686186102	0	0.3
38865.529689646144	300	7.156769261497523	0.0	126289	4803.273783534874	0	0.3
38872.12135583273	300	4.565103074920839	0.0	153295	6591.666186576684	0	0.3
38879.43456827936	300	4.0	2.7481093717128715	173849	7313.212446633711	0	-11.516870298365346
38885.1281596056	300	4.0	1.6935913262446238	150710	5693.591326244624	0	-6.982442702851882
38889.09205661832	300	4.036102987278844	0.0	139105	3963.897012721156	0	0.3
38893.132316510375	300	4.0	0.004156904776572446	141840	4040.2598920554165	0	0.2821253094607385
38897.57206454777	300	4.0	0.4397480373989647	156148	4439.748037398965	0	-1.590916560815548
38902.14019156841	300	4.0	0.5681270206453746	160746	4568.127020645375	0	-2.142946188775111
38907.240345889135	300	4.0	1.1001543207237454	179801	5100.1543207237455	0	-4.430663579112105
38911.23065580272	300	4.0096900864195355	0.0	140051	3990.3099135804646	0	0.3
38915.17243968914	300	4.067906199999197	0.0	138313	3941.7838864203386	0	0.3
38919.259299085985	300	4.0	0.0189531968492297	143509	4086.8593968484265	0	0.2185012535483123
38923.54459028664	300	4.0	0.2852912006614397	150616	4285.29120066144	0	-0.9267521628441906
38928.9969997552	300	4.0	1.4524094685619284	165384	5452.409468561928	0	-5.945360714816292
38934.97204624406	300	4.0	1.9750464888569021	140881	5975.046488856902	0	-8.192699902084678
38941.64965610589	300	4.0	2.6776098618305997	157671	6677.6098618306	0	-11.213722405871577
38948.33316599367	300	4.0	2.6835098877739747	157812	6683.509887773975	0	-11.239092517428091
38955.272552893104	300	4.0	2.9393868994317565	163927	6939.386899431756	0	-12.339363667556551
38960.28434417184	300	4.0	1.0117912787422392	137654	5011.791278742239	0	-4.050702498591629
38964.804959184046	300	4.0	0.5206150121981209	146754	4520.615012198121	0	-1.9386445524519196
38969.5429541535	300	4.0	0.7379949694574216	153938	4737.994969457422	0	-2.8733783686669128
38975.12707882018	300	4.0	1.584124666679274	181901	5584.124666679274	0	-6.511736066720879
38978.570507153854	300	4.556571666319951	0.0	111155	3443.4283336800495	0	0.3
38983.2984259087	300	4.0	0.17134708852620134	153605	4727.918754846152	0	-0.4367924806626658
38987.88787992462	300	4.0	0.5894540159237477	149029	4589.454015923748	0	-2.2346522684721153
38992.731266652314	300	4.0	0.8433867276887868	157421	4843.386727688787	0	-3.326562929061783
38997.57668072649	300	4.0	0.8454140741721358	157488	4845.414074172136	0	-3.3352805189401837
39002.010361911125	300	4.0	0.43368118463604244	143881	4433.681184636042	0	-1.5648290939349823
39007.03599801	300	4.0	1.0256360988709647	163444	5025.636098870965	0	-4.110235225145148
39012.54226651994	300	4.0	1.5062685099381588	179328	5506.268509938159	0	-6.1769545927340825
39017.461088692144	300	4.0	0.9188221722109802	159914	4918.82217221098	0	-3.650935340507215
39021.5234628813	300	4.0	0.06237418915596618	131610	4062.374189155966	0	0.03179098662934543
39025.35589966856	300	4.167563212738998	0.0	124011	3832.4367872610023	0	0.3
39029.72073608807	300	4.0	0.19727320677819898	144254	4364.836419517197	0	-0.5482747891462556
39034.234407706215	300	4.0	0.5136716181433776	149991	4513.671618143378	0	-1.9087879580165235
39038.6882802852	300	4.0	0.4538725789776672	147968	4453.872578977667	0	-1.6516520896039688
39043.55270593139	300	4.0	0.864425646190989	161857	4864.425646190989	0	-3.4170302786212527
39047.925053176696	300	4.0	0.3723472453053846	145210	4372.347245305385	0	-1.3010931548131537
39053.0985242774	300	4.0	1.1734711007028535	172312	5173.471100702854	0	-4.74592573302227
39058.11571385557	300	4.0	1.0171895781773428	167025	5017.189578177343	0	-4.073915186162574
39062.927139167004	300	4.0	0.8114253114286967	160064	4811.425311428697	0	-3.189128839143396
39067.071788933965	300	4.0	0.1446497669596265	137507	4144.6497669596265	0	-0.321993997926394
39070.65226447377	300	4.419524460186565	0.0	118421	3580.4755398134353	0	0.3

