48697.76567892609	750	4.0	3.2417827307762166	450283	3241.782730776217	1	-13.18966574233773
48699.78415586922	300	5.981523056866948	0.0	398865	2018.4769431330524	0	0.75
48700.524853914794	750	9.240825011290866	0.0	139857	740.698045576081	1	-0.15000000000000002
48702.27009473088	750	11.495584195208831	0.0	382355	1745.2408160820341	1	0.3
48704.533298181464	750	13.23238074461651	0.0	411561	2263.2034505923216	1	0.75
48706.43916523318	750	15.326513692903985	0.0	318564	1905.8670517125242	1	0.75
48708.5403522124	750	17.225326713678434	0.0	352642	2101.1869792255497	1	0.75
48710.75039397986	750	19.015284946219385	0.0	437162	2210.0417674590476	1	0.75
48712.40086578123	750	21.364813144846167	0.0	374758	1650.4718013732174	1	0.75
48716.60341131009	750	21.162267615990945	0.0	362795	4202.545528855223	1	0.75
48718.76485708136	1850	23.00082184472218	0.0	353220	2161.4457712687695	3	0.75
48722.79063964685	1850	22.975039279229776	0.0	917428	4025.7825654924022	3	0.75
48727.800568324325	1850	21.96511060175634	0.0	946851	5009.928677473435	3	1.85
48733.923413338285	1850	19.84226558779546	0.0	1036454	6122.845013960881	3	1.85
48738.183343766854	1850	19.582335159229682	0.0	821631	4259.930428565779	3	1.85
48742.84238883554	1850	18.923290090540686	0.0	923170	4659.045068688994	3	1.85
48747.31809447697	1850	18.447584449111687	0.0	966699	4475.705641428996	3	1.85
48751.45141688202	1850	18.314262044062097	0.0	885714	4133.322405049594	3	1.85
48756.051497817905	1850	17.71418110817678	0.0	987708	4600.080935885314	3	1.85
48760.862908814976	1850	16.902770111108044	0.0	923755	4811.410997068739	3	1.85
48765.53372565206	1850	16.231953274017847	0.0	891604	4670.816837090194	3	1.85
48770.53215418997	1850	15.233524736112562	0.0	955231	4998.428537905284	3	1.85
48775.59646343436	1850	14.169215491715866	0.0	968026	5064.309244396696	3	1.85
48780.17753937005	1850	13.588139556027691	0.0	874175	4581.075935688176	3	1.85
48784.88116526238	1850	12.884513663700037	0.0	897976	4703.625892327653	3	1.85
48789.625771580104	1850	12.139907345974564	0.0	905935	4744.6063177254755	3	1.85
48795.24911684998	1850	10.516562076107599	0.0	1076599	5623.345269866965	3	1.85
48799.409279380656	1850	10.35639954542416	0.0	758197	4160.162530683438	3	1.85
48804.975711770414	750	8.78996715566449	0.0	972798	5566.432389759672	1	1.85
48806.78475772863	750	10.980921197449833	0.0	400508	1809.0459582146584	1	-0.3500000000000001
48808.81762012915	750	12.948058796923524	0.0	358218	2032.862400526309	1	0.75
48811.1920876455	750	14.573591280582503	0.0	400322	2374.4675163410216	1	0.75
48813.37965201445	750	16.386026911618	0.0	369834	2187.564368964502	1	0.75
48815.382630538115	750	18.383048387960976	0.0	412837	2002.9785236570256	1	0.75
48817.09607223599	750	20.669606690089015	0.0	401088	1713.4416978719591	1	0.75
48821.80538141294	750	19.9602975131386	0.0	365161	4709.309176950419	1	0.75
48823.38100320948	750	22.384675716595144	0.0	321064	1575.6217965434557	1	0.75
48825.01877288913	1850	24.746906036945223	0.0	361565	1637.7696796499172	3	0.75
48829.28847526165	1850	24.47720366442517	0.0	908665	4269.702372520057	3	0.75
48833.98526367709	1850	23.780415248989325	0.0	930577	4696.788415435842	3	1.85
48839.578231296735	1850	22.18744762934825	0.0	858450	5592.9676196410755	3	1.85
48844.80043922628	1850	20.965239699796488	0.0	1025005	5222.2079295517615	3	1.85
48848.9917231167	1850	20.773955809382198	0.0	886255	4191.283890414289	3	1.85
48853.528943539415	1850	20.236735386660005	0.0	973972	4537.220422722193	3	1.85
48857.997619643116	1850	19.768059282964984	0.0	958994	4468.676103695021	3	1.85
48862.81648580265	1850	18.94919312342803	0.0	982064	4818.866159536953	3	1.85
48867.17386597487	1850	18.59181295120366	0.0	830730	4357.38017222437	3	1.85
48871.61177559216	1850	18.15390333392062	0.0	846370	4437.9096172830405	3	1.85

