16619.944744031316	300	4.0	1.9423451961949387	450283	1942.3451961949388	0	-7.602084343638236
16620.38215439304	750	7.562589638278367	0.0	155580	437.4103617216328	1	-0.15000000000000002
16621.26806674563	1850	10.6766772856862	0.0	350812	885.9123525921677	3	0.3
16623.50469175834	1850	12.44005227297736	0.0	933276	2236.625012708839	3	0.75
16626.009868528476	1850	13.934875502841543	0.0	996749	2505.176770135818	3	1.85
16627.946346330406	1850	15.998397700912019	0.0	801058	1936.4778019295225	3	1.85
16630.12490660546	1850	17.819837425858015	0.0	905515	2178.560275054005	3	1.85
16635.70443456543	1850	16.240309465886657	0.0	1060487	5579.527959971357	3	1.85
16638.354200600323	1850	17.590543430991957	0.0	852833	2649.766034894698	3	1.85
16640.775041467812	1850	19.169702563502018	0.0	913888	2420.84086748994	3	1.85
16643.267087414974	1850	20.67765661634158	0.0	939819	2492.045947160438	3	1.85
16645.701666849112	1850	22.243077182204257	0.0	917428	2434.579434137325	3	1.85
16648.117651130047	1850	23.827092901266944	0.0	946851	2415.9842809373126	3	1.85
16650.95467533168	1850	24.99006869963511	0.0	1036454	2837.0242016318334	3	1.85
16656.545919256605	1850	23.398824774711642	0.0	821631	5591.24392492347	3	1.85
16661.326357569495	1850	22.61838646181983	0.0	923170	4780.438312891808	3	1.85
16663.763831563545	1850	24.180912467768742	0.0	966699	2437.473994051089	3	1.85
16666.088690982368	1850	25.856053048947498	0.0	885714	2324.8594188212455	3	1.85
16669.57903415218	1850	26.36570987913316	0.0	987708	3490.3431698143386	3	1.85
16676.647241450293	1850	23.297502581018406	0.0	923755	7068.207298114755	3	1.85
16682.067047895245	1850	21.877696136069655	0.0	891604	5419.80644494875	3	1.85
16685.612049493237	1850	22.33269453807502	0.0	955231	3545.001597994634	3	1.85
16688.128568856453	1850	23.81617517486118	0.0	968026	2516.5193632138426	3	1.85
16690.867840629107	1850	25.076903402205417	0.0	874175	2739.2717726557617	3	1.85
16693.147931282103	1850	26.796812749213373	0.0	897976	2280.090652992045	3	1.85
16697.659814366398	1850	26.28492966491531	0.0	905935	4511.88308429806	3	1.85
16700.215172894124	1850	27.729571137186962	0.0	1076599	2555.3585277283482	3	1.85
16703.451988771063	1850	28.49275526024907	0.0	758197	3236.8158769378915	3	1.85
16707.769342389798	1850	28.175401641515304	0.0	972798	4317.353618733763	3	1.85
16712.11485410452	1850	27.829889926795445	0.0	975811	4345.511714719862	3	1.85
16714.488573906394	1850	29.456170124919236	0.0	873429	2373.7198018762056	3	1.85
16716.886386369068	4300	31.058357662246014	0.0	954453	2397.8124626732233	5	1.85
16723.910595862086	4300	28.03414816922821	0.0	2191074	7024.209493017802	5	1.8499999999999996
16730.108593630182	4300	25.83615040112971	0.0	2286761	6197.997768098499	5	4.3
16737.546904112158	4300	22.397839919154436	0.0	2307787	7438.310481975277	5	4.3
16746.943008964907	4300	17.001735066404937	0.0	2143948	9396.104852749499	5	4.3
16756.44088594719	1850	11.503858084122106	0.0	1919781	9497.87698228283	3	4.3
16760.040526143446	1850	11.904217887865064	0.0	938587	3599.6401962570417	3	-0.6000000000000001
16764.775554501768	1850	11.16918952954398	0.0	908665	4735.028358321087	3	1.85
16768.680130132085	1850	11.264613899228284	0.0	930577	3904.5756303156954	3	1.85
16771.55713603314	1850	12.387607998171875	0.0	858450	2877.0059010564073	3	1.85
16774.130122660343	1850	13.814621370970247	0.0	1025005	2572.9866272016284	3	1.85
16776.320792753344	1850	15.623951277972216	0.0	886255	2190.670092998033	3	1.85
16778.611807558522	1850	17.332936472793165	0.0	973972	2291.01480517905	3	1.85
16780.9519572949	1850	18.992786736413393	0.0	958994	2340.1497363797716	3	1.85
16787.54903810314	1850	16.395705928173776	0.0	982064	6597.080808239617	3	1.85
16791.15925533437	1850	16.785488696943617	0.0	830730	3610.21723123016	3	1.85
16793.687143010196	1850	18.257601021118983	0.0	846370	2527.887675824634	3	1.85

