72261.32979069787	750	4.0	2.62981700306393	450283	2629.81700306393	0.17122217989897673	-10.558213113174899
72262.26292951687	300	7.066861181001333	0.0	155580	933.1388189986661	0.16672760454543087	-0.15000000000000002
72264.26664294642	750	9.063147751443806	0.0	350812	2003.7134295575272	0.17508092465970473	0.3
72267.73375979214	1200	9.596030905718681	0.0	617681	3467.116845725126	0.17815407656698568	0.75
72271.39386104755	1200	9.935929650319945	0.0	652874	3660.1012553987352	0.17837593947353111	1.2
72276.08760431249	1200	9.24218638536932	0.0	520315	4693.743264950625	0.11085288875625653	1.2
72279.85963745113	1200	9.470153246738048	0.0	561791	3772.0331386312714	0.1489358601456648	1.2
72284.60262251316	1200	8.727168184703235	0.0	709534	4742.985062034815	0.14959650741459404	1.2
72287.14549385672	750	10.184296841148107	0.0	374758	2542.8713435551267	0.1473759185457098	0.3
72290.89763685384	1200	10.432153844016819	0.0	560821	3752.1429971312873	0.14946685145762764	0.75
72294.94088508488	1200	10.388905612980347	0.0	607410	4043.2482310364726	0.15022822376757525	1.2
72303.81529626525	1200	5.514494432605016	0.0	594078	8874.411180375331	0.06694280757620635	1.2
72305.62258834679	300	7.707202351091573	0.0	160746	1807.2920815134416	0.08894301128425791	-0.6000000000000001
72309.70021975109	750	7.629570946788505	0.0	434409	4077.6314043030684	0.1065346415425323	0.3
72311.95101396169	750	9.378776736191345	0.0	337059	2250.79421059716	0.149751140469912	0.75
72315.8171695527	1200	9.512621145184974	0.0	587876	3866.1555910063703	0.1520569946454158	0.75
72319.87245388018	1200	9.457336817701023	0.0	617242	4055.2843274839497	0.15220683684661884	1.2
72324.06684589386	1200	9.262944804012328	0.0	581493	4194.392013688695	0.1386358256696695	1.2
72331.02712879813	1200	6.302661899743378	0.0	639204	6960.28290426895	0.09183592230251977	1.2
72331.8851611649	300	9.444629532973417	0.0	140881	858.0323667699616	0.16419077584490488	-0.6000000000000001
72335.28833207024	1200	10.041458627631863	0.0	601738	3403.170905341552	0.1768168619023874	0.29999999999999993
72338.77140425595	1200	10.558386441901702	0.0	616206	3483.0721857301623	0.17691450740657666	1.2
72342.47684477559	1200	10.85294592227277	0.0	656471	3705.440519628931	0.17716409061822969	1.2
72345.2916902265	1200	12.038100471371775	0.0	536667	2814.845450900995	0.190655938082931	1.2
72349.51262121843	1850	11.817169479433204	0.0	897976	4220.930991938572	0.212743587070013	1.2000000000000002
72353.77025438254	1850	11.559536315315375	0.0	905935	4257.633164117828	0.21277901713914044	1.85
72358.81488836496	1850	10.514902332903736	0.0	1076599	5044.63398241164	0.21341469049164208	1.85
72361.14138041154	1200	12.188410286309178	0.0	487160	2326.4920465945584	0.2093968043918691	0.5499999999999999
72365.70734594637	1850	11.622444751488805	0.0	972798	4565.965534820373	0.21305417059795442	1.2000000000000002
72370.28720564437	1850	11.042585053485105	0.0	975811	4579.8596980037	0.21306569728005925	1.85
72374.39494047845	1850	10.934850219416138	0.0	873429	4107.734834068968	0.2126303267571958	1.85
72377.33531658925	1200	11.994474108615142	0.0	620283	2940.3761108009944	0.21095362519151584	0.5499999999999999
72382.24163704194	1850	11.08815365592857	0.0	885062	4906.320452686571	0.18039221215470413	1.2000000000000002
72390.56971965337	1850	6.760071044508668	0.0	1035329	8328.082611419903	0.12431781099052772	1.85
72391.60313725036	300	9.72665344750947	0.0	179328	1033.4175969991973	0.17352907529417586	-1.25
72394.92973885615	1200	10.400051841728553	0.0	598727	3326.601605780918	0.17998157608038823	0.29999999999999993
72397.6756280042	1200	11.65416269367768	0.0	487812	2745.8891480508737	0.1776517454633104	1.2
72402.71750970735	1850	10.61228099054608	0.0	938587	5041.8817031315975	0.18615807654055583	1.2000000000000002
72405.94662304448	1200	11.3831676534184	0.0	605884	3229.1133371276815	0.18763169227715557	0.5499999999999999
72410.3322641734	1850	10.997526524487782	0.0	930577	4385.641128930619	0.21218722021309322	1.2000000000000002
72412.2410269578	1200	13.088763740102621	0.0	566904	1908.7627843851606	0.2970007612457762	0.5499999999999999
72417.29165568032	2850	12.038135017563079	0.0	1527299	5050.628722539543	0.3023977971661413	1.2000000000000002
72419.9646597938	1850	13.365130904091313	0.0	886255	2673.004113471765	0.3315576641028471	0.8500000000000001
72424.7240878637	2850	12.60570283418365	0.0	1587250	4759.4280699076635	0.3334959530191605	1.85
72428.34896978988	1850	12.980820908011069	0.0	958994	3624.88192617258	0.26455868619493966	0.8500000000000001
72431.32393977651	1850	14.005850921380015	0.0	982064	2974.9699866310525	0.3301088765309258	1.85
72435.83206737066	2850	13.497723327217177	0.0	1231456	4508.12759416284	0.2731635195051931	1.85
72440.23566262299	2850	13.094128074896027	0.0	1364537	4403.59525232115	0.30986885074888476	2.85

