47405.12722586638	750	4.0	4.180229410885969	450283	4180.22941088597	1	-17.224986466809668
47411.77983171558	300	4.0	2.652605849200918	398865	6652.605849200918	0	-10.656205151563947
47412.882777589155	300	6.897054126424131	0.0	139857	1102.9458735758685	0	-0.15000000000000002
47414.10710507525	300	9.672726640335616	0.0	155432	1224.3274860885135	0	0.3
47415.39908837268	750	12.380743342905818	0.0	163442	1291.9832974297994	1	0.3
47417.96806475206	750	13.811766963522885	0.0	318564	2568.976379382934	1	0.3
47422.04220467031	750	13.73762704527157	0.0	352642	4074.1399182513155	1	0.75
47426.15595378424	750	13.623877931336276	0.0	437162	4113.749113935293	1	0.75
47429.78090099586	750	13.998930719721354	0.0	374758	3624.9472116149204	1	0.75
47432.483172930704	750	15.296658784878009	0.0	362795	2702.271934843345	1	0.75
47435.818377213516	750	15.961454502063846	0.0	353220	3335.2042828141616	1	0.75
47441.10047210689	750	14.679359608691717	0.0	405134	5282.094893372129	1	0.75
47446.48148563753	750	13.298346078052003	0.0	386351	5381.013530639715	1	0.75
47450.440903242365	750	13.338928473217024	0.0	434409	3959.4176048349786	1	0.75
47453.25460514208	750	14.525226573502211	0.0	337059	2813.701899714814	1	0.75
47459.15745303953	750	12.622378676054046	0.0	366214	5902.847897448163	1	0.75
47462.03016736816	750	13.74966434742036	0.0	360831	2872.714328633686	1	0.75
47464.963300170464	750	14.816531545113845	0.0	372963	2933.132802306514	1	0.75
47468.05098730623	750	15.728844409350422	0.0	405596	3087.6871357634222	1	0.75
47470.789090437436	750	16.990741278144007	0.0	350713	2738.103131206416	1	0.75
47481.86697797364	300	9.912853741935155	0.0	386472	11077.887536208851	0	0.75
47483.36493625196	750	12.414895463617505	0.0	157812	1497.9582783176515	1	-0.15000000000000002
47489.812789310905	300	9.967042404677064	0.0	401853	6447.85305894044	0	0.3
47490.88715912184	750	12.892672593741345	0.0	137654	1074.3698109357185	1	-0.15000000000000002
47494.806405019044	750	12.973426696535233	0.0	359903	3919.2458972061127	1	0.3
47497.64493597335	750	14.134895742223947	0.0	379700	2838.5309543112853	1	0.75
47500.8119482487	750	14.967883466875788	0.0	425781	3167.0122753481587	1	0.75
47502.90321871704	750	16.876612998539116	0.0	277716	2091.270468336672	1	0.75
47506.11057603667	750	17.66925567891138	0.0	400396	3207.357319627734	1	0.75
47509.835311524184	750	17.94452019139958	0.0	400508	3724.7354875118003	1	0.75
47516.193948814456	750	15.585882901125533	0.0	358218	6358.637290274049	1	0.75
47519.2220600878	750	16.557771627785765	0.0	400322	3028.1112733397686	1	0.75
47522.19737909414	750	17.582452621443732	0.0	369834	2975.3190063420334	1	0.75
47526.905515202976	750	16.874316512603706	0.0	412837	4708.136108840028	1	0.75
47530.532213294224	750	17.247618421358908	0.0	401088	3626.6980912448003	1	0.75
47534.08757139235	750	17.692260323230922	0.0	365161	3555.3580981279856	1	0.75
47536.488577334814	750	19.29125438076576	0.0	321064	2401.0059424651618	1	0.75
47539.85535909456	750	19.924472621018268	0.0	361565	3366.7817597474927	1	0.75
47544.13040654115	750	19.649425174422763	0.0	378327	4275.047446595506	1	0.75
47550.330924876325	750	17.448906839252885	0.0	390680	6200.518335169874	1	0.75
47553.510557125854	750	18.269274589726113	0.0	345516	3179.6322495267764	1	0.75
47556.58284182556	750	19.196989890020596	0.0	384505	3072.284699705518	1	0.75
47562.76935894882	750	17.010472766762476	0.0	372093	6186.517123258119	1	0.75
47566.24171568695	750	17.538116028637404	0.0	438281	3472.356738125073	1	0.75
47569.35641256609	750	18.423419149492297	0.0	398987	3114.6968791451077	1	0.75
47572.36981716568	750	19.410014549904506	0.0	393804	3013.404599587789	1	0.75
47574.957014085165	750	20.822817630419973	0.0	331053	2587.196919484535	1	0.75
47584.73115381303	750	15.048677902549915	0.0	314107	9774.139727870059	1	0.75

