10688.132677731393	300	4.0	10.178519156201638	450283	10178.519156201637	0	-43.01763237166704
10691.456010136613	300	4.676667594779929	0.0	155580	3323.3324052200705	0	-0.15000000000000002
10694.451569592822	300	5.6811081385717825	0.0	139857	2995.5594562081465	0	0.3
10697.374866973982	300	6.757810757413542	0.0	155432	2923.2973811582406	0	0.3
10700.126506124032	300	8.006171607361663	0.0	163442	2751.639150051879	0	0.3
10702.27083864946	300	9.861839081934283	0.0	126289	2144.332525427379	0	0.3
10704.593518013631	300	11.539159717760915	0.0	153295	2322.679364173369	0	0.3
10706.325748782028	750	13.806928949364663	0.0	173849	1732.230768396252	1	0.3
10708.13240063367	300	16.0002770977227	0.0	374758	1806.6518516419603	0	0.3
10708.853309982696	750	19.279367748695716	0.0	139105	720.9093490269851	1	-0.15000000000000002
10710.560728121967	750	21.57194960942458	0.0	353220	1707.4181392711382	1	0.3
10712.507333694799	1850	23.625344036593273	0.0	405134	1946.6055728313042	3	0.75
10716.949834381587	1850	23.182843349805953	0.0	946851	4442.500686787318	3	0.75
10721.805169980136	1850	22.327507751255116	0.0	1036454	4855.335598550841	3	1.85
10725.670734764653	1850	22.46194296673701	0.0	821631	3865.564784518104	3	1.85
10730.004128127519	1850	22.128549603872685	0.0	923170	4333.393362864324	3	1.85
10734.538076057464	1850	21.59460167392741	0.0	966699	4533.947929945275	3	1.85
10738.698895461253	1850	21.43378227013828	0.0	885714	4160.819403789131	3	1.85
10743.329639800486	1850	20.80303793090716	0.0	987708	4630.744339231123	3	1.85
10747.665728479617	1850	20.466949251776843	0.0	923755	4336.0886791303155	3	1.85
10751.853685341195	1850	20.278992390198496	0.0	891604	4187.956861578347	3	1.85
10756.334795857569	1850	19.797881873823123	0.0	955231	4481.110516375371	3	1.85
10760.874857778428	1850	19.257819952963366	0.0	968026	4540.061920859756	3	1.85
10764.982512644792	1850	19.150165086598644	0.0	874175	4107.654866364723	3	1.85
10769.199827720468	1850	18.932850010923033	0.0	897976	4217.315075675611	3	1.85
10773.453812919495	1850	18.678864811895238	0.0	905935	4253.9851990277975	3	1.85
10778.49411171719	1850	17.638566014202105	0.0	1076599	5040.298797693132	3	1.85
10782.06741207091	1850	18.06526566048216	0.0	758197	3573.3003537199456	3	1.85
10786.629460400694	1850	17.503217330697083	0.0	972798	4562.048329785076	3	1.85
10791.205390761093	1850	16.92728697029759	0.0	975811	4575.930360399493	3	1.85
10795.309608523297	1850	16.82306920809429	0.0	873429	4104.217762203303	3	1.85
10799.78713449941	1850	16.345543231983775	0.0	954453	4477.525976110514	3	1.85
10803.94494989259	1850	16.18772783880221	0.0	885062	4157.815393181565	3	1.85
10808.795102190628	1850	15.33757554076289	0.0	1035329	4850.152298039319	3	1.85
10813.602530270318	1850	14.530147461073215	0.0	1026056	4807.428079689675	3	1.85
10818.031628093828	1850	14.101049637564138	0.0	943942	4429.097823509078	3	1.85
10821.470231744921	1850	14.662445986470296	0.0	728962	3438.6036510938434	3	1.85
10825.874657057995	1850	14.258020673396066	0.0	938587	4404.42531307423	3	1.85
10832.412040853389	750	11.72063687800203	0.0	908665	6537.3837953940365	1	1.85
10836.529768982788	750	11.60290874860415	0.0	390680	4117.72812939788	1	-0.3500000000000001
10840.180721353927	750	11.95195637746399	0.0	345516	3650.9523711401607	1	0.75
10844.23463006283	750	11.898047668561226	0.0	384505	4053.908708902764	1	0.75
10848.160259152755	750	11.972418578635851	0.0	372093	3925.629089925375	1	0.75
10852.769949749358	750	11.362727982033434	0.0	438281	4609.690596602418	1	0.75
10856.973531793905	750	11.159145937485283	0.0	398987	4203.582044548152	1	0.75
10861.123546865754	750	11.009130865637726	0.0	393804	4150.015071847555	1	0.75
10864.625022268696	750	11.507655462695276	0.0	331053	3501.4754029424503	1	0.75
10867.951358578568	750	12.181319152823308	0.0	314107	3326.3363098719665	1	0.75

