22304.94436585347	300	4.0	0.7218803541186877	181801	721.8803541186877	-2.804085522710357
22305.34672079312	300	7.597645060347755	0.0	155580	402.35493965224447	0.3
22305.69855216764	300	11.245813685830472	0.0	139857	351.83137451728487	0.3
22306.070292538898	300	14.874073314574135	0.0	155432	371.7403712563368	0.3
22307.02176381054	750	17.922602042931278	0.0	411561	951.471271642858	0.3
22307.7775447485	750	21.16682110496846	0.0	318564	755.7809379628198	0.75
22310.464675734725	1200	22.47969011874442	0.0	561791	2687.1309862240364	0.75
22313.774719189205	1850	23.16964666426526	0.0	1060487	3310.043454479157	1.2000000000000002
22317.4927288424	1850	23.451637011070353	0.0	852833	3718.0096531949102	1.85
22319.67200880427	1850	25.272357049198575	0.0	913888	2179.2799618717795	1.85
22322.505525690172	2850	26.43884016329833	0.0	1354548	2833.516885900245	1.85
22326.985853327245	4300	25.958512526227484	0.0	2102452	4480.327637070845	2.8499999999999996
22330.127471359006	2850	26.81689449446589	0.0	1422919	3141.618031761598	1.4000000000000001
22335.306687344502	2850	25.637678508972108	0.0	1578343	5179.215985493776	2.85
22338.651360491276	2850	26.293005362197665	0.0	1231445	3344.6731467744444	2.85
22341.768428583866	2850	27.17593726960987	0.0	1471065	3117.0680925877937	2.85
22344.791834284577	2850	28.152531568896716	0.0	1491626	3023.405700713156	2.85
22347.681047139995	2850	29.263318713480423	0.0	1358801	2889.212855416292	2.85
22353.06712732201	4300	27.877238531464542	0.0	2220726	5386.0801820158795	2.8499999999999996
22355.925347054188	2850	29.019018799287757	0.0	1336050	2858.2197321767844	1.4000000000000001
22360.40163019111	4300	28.54273566236574	0.0	2039773	4476.283136922019	2.8499999999999996
22364.61651011481	4300	28.327855738665217	0.0	2176469	4214.879923700522	4.3
22370.70333420323	4300	26.241031650246953	0.0	2221506	6086.824088418263	4.3
22373.91249811384	2850	27.031867739634095	0.0	1323990	3209.163910612861	1.4000000000000001
22376.91395746957	2850	28.030408383906504	0.0	1383735	3001.4593557275884	2.85
22381.44557991476	4300	27.498785938709236	0.0	2105231	4531.622445197269	2.8499999999999996
22385.4416698903	2850	27.50269596317314	0.0	1547572	3996.089975536097	1.4000000000000001
22388.15112362036	2850	28.793242233114228	0.0	1141971	2709.4537300589113	2.85
22392.99677443885	4300	27.947591414626277	0.0	2134614	4845.650818487949	2.8499999999999996
22397.782043433806	4300	27.16232241966621	0.0	2164140	4785.268994960063	4.3
22400.8380228842	2850	28.106342969273964	0.0	1341201	3055.979450392249	1.4000000000000001
22405.99514568284	4300	26.949220170637954	0.0	2147852	5157.122798636009	2.8499999999999996
22408.87873848467	2850	28.06562736880473	0.0	1358081	2883.5928018332243	1.4000000000000001
22416.26994476639	4300	24.67442108708147	0.0	2286761	7391.206281723258	2.8499999999999996
22419.6611023614	2850	25.283263492071637	0.0	1492672	3391.1575950098327	1.4000000000000001
22422.442528367937	2850	26.501837485533034	0.0	1439896	2781.4260065386056	2.85
22424.94610813918	2850	27.998257714291277	0.0	1139291	2503.5797712417548	2.85
22433.4294918429	4300	23.5148740105701	0.0	2147467	8483.383703721178	2.8499999999999996
22435.6587856789	1850	25.28558017456974	0.0	908665	2229.2938360003573	-0.6000000000000001
22439.59062213354	2850	25.353743719932396	0.0	1402287	3931.8364546373436	1.85
22441.44827139563	1850	27.496094457839614	0.0	858450	1857.6492620927818	0.8500000000000001
22446.18988068429	4300	26.754485169181578	0.0	2184571	4741.609288658036	1.8499999999999996
22449.49324486159	2850	27.451120991879524	0.0	1343002	3303.3641773020545	1.4000000000000001
22453.98773818147	4300	26.95662767200215	0.0	2219102	4494.493319877375	2.8499999999999996
22457.135278346646	2850	27.80908750682321	0.0	1464921	3147.5401651789343	1.4000000000000001
22460.200838746856	2850	28.743527106614355	0.0	1483527	3065.5604002088594	2.85
22462.783405433544	2850	30.160960419929907	0.0	1231456	2582.5666866844495	2.85
22467.462759325164	4300	29.48160652830824	0.0	2155012	4679.353891621662	2.8499999999999996

