58475.38327110988	750	4.0	3.889496881149006	450283	3889.496881149006	1	-15.974836588940725
58480.6284146634	300	4.0	1.245143553520943	398865	5245.143553520943	0	-4.604117280140055
58482.22410175797	300	6.4043129054240895	0.0	139857	1595.68709457591	0	-0.15000000000000002
58483.63769699358	300	8.990717669814732	0.0	155432	1413.5952356093574	0	0.3
58485.63885106961	300	10.989563593784125	0.0	163442	2001.1540760306061	0	0.3
58487.01634469348	300	13.61206996991732	0.0	126289	1377.4936238668047	0	0.3
58488.4586126695	750	16.169801993900908	0.0	153295	1442.2679760164147	1	0.3
58492.508014734114	750	16.12039992928389	0.0	437162	4049.402064617013	1	0.3
58495.96123506483	750	16.66717959856258	0.0	374758	3453.220330721315	1	0.75
58498.85902950159	750	17.769385161809506	0.0	362795	2897.7944367530736	1	0.75
58501.94406945852	750	18.684345204873658	0.0	353220	3085.0399569358487	1	0.75
58506.22354983758	750	18.40486482581674	0.0	405134	4279.480379056918	1	0.75
58510.27459405691	750	18.353820606493382	0.0	386351	4051.0442193233553	1	0.75
58514.40010291415	750	18.228311749240326	0.0	434409	4125.50885725306	1	0.75
58517.44333824149	750	19.185076421896316	0.0	337059	3043.235327344011	1	0.75
58520.42996834793	750	20.198446315464196	0.0	366214	2986.6301064321206	1	0.75
58523.50996576876	750	21.118448894628177	0.0	360831	3079.9974208360195	1	0.75
58527.72284996796	750	20.905564695425554	0.0	372963	4212.8841992026255	1	0.75
58531.86142836076	750	20.76698630263192	0.0	405596	4138.57839279363	1	0.75
58535.276708647485	750	21.35170601591023	0.0	350713	3415.280286721689	1	0.75
58539.78567474631	750	20.842739917084298	0.0	386472	4508.966098825936	1	0.75
58544.04680564135	750	20.581609022035167	0.0	399894	4261.130895049134	1	0.75
58548.59874595958	750	20.0296687038104	0.0	401853	4551.940318224762	1	0.75
58551.80622025028	750	20.82219441311354	0.0	343800	3207.474290696863	1	0.75
58555.129126090585	750	21.49928857280404	0.0	359903	3322.905840309496	1	0.75
58558.86642251938	750	21.76199214401383	0.0	379700	3737.296428790212	1	0.75
58562.881058936975	750	21.747355726414067	0.0	425781	4014.6364175997624	1	0.75
58565.28309147511	750	23.345323188283945	0.0	277716	2402.032538130124	1	0.75
58569.117722372306	750	23.51069229108454	0.0	400396	3834.6308971994067	1	0.75
58572.77577502044	750	23.852639642947057	0.0	400508	3658.052648137481	1	0.75
58576.37826255057	750	24.250152112821073	0.0	358218	3602.487530125987	1	0.75
58579.75458137572	750	24.873833287675787	0.0	400322	3376.3188251452884	1	0.75
58582.772008526794	750	25.85640613659652	0.0	369834	3017.427151079269	1	0.75
58586.06208565975	1850	26.566329003641908	0.0	412837	3290.0771329546064	3	0.75
58594.39580112452	1850	22.232613538871046	0.0	1026056	8333.715464770865	3	0.75
58602.68974260534	1850	17.93867205804838	0.0	943942	8293.941480822668	3	1.85
58609.280654807124	1850	15.347759856270285	0.0	728962	6590.912201778093	3	1.85
58618.504394703275	750	10.124019960114333	0.0	938587	9223.73989615595	1	1.85
58621.96284068338	750	10.665573980015303	0.0	378327	3458.4459800990326	1	-0.3500000000000001
58625.372966277195	750	11.255448386200205	0.0	390680	3410.1255938150966	1	0.75
58628.80245565073	750	11.825959012663498	0.0	345516	3429.489373536707	1	0.75
58632.37464024838	750	12.25377441501561	0.0	384505	3572.184597647889	1	0.75
58635.58346377916	750	13.04495088422946	0.0	372093	3208.8235307861496	1	0.75
58638.694814768176	750	13.933599895221377	0.0	438281	3111.3509890080813	1	0.75
58642.342686083444	750	14.285728579948794	0.0	398987	3647.8713152725827	1	0.75
58645.75114491618	750	14.877269747205373	0.0	393804	3408.4588327434208	1	0.75
58648.36569040496	750	16.262724258430534	0.0	331053	2614.5454887748374	1	0.75
58650.9603673237	750	17.66804733969278	0.0	314107	2594.676918737755	1	0.75

