36680.29643882294	300	4.0	1.0615370157336348	181801	1061.5370157336347	-4.26460916765463
36681.210963661775	300	7.08547516116563	0.0	155580	914.5248388343697	0.3
36682.689691892905	300	9.606746930034484	0.0	139857	1478.728231131147	0.3
36683.558493204866	300	12.737945618068677	0.0	155432	868.8013119658061	0.3
36684.131417718054	300	16.16502110488185	0.0	163442	572.9245131868286	0.3
36684.59229254732	300	19.704146275609986	0.0	126289	460.87482927186034	0.3
36685.13461473653	300	23.161824086399285	0.0	153295	542.3221892106978	0.3
36685.721128762154	300	26.57531006077463	0.0	173849	586.5140256246576	0.3
36686.184084409	300	30.11235441393293	0.0	150710	462.95564684169983	0.3
36686.6175516325	300	33.67888719043141	0.0	139105	433.46722350152385	0.3
36687.05796851889	300	37.23847030404015	0.0	141840	440.4168863912594	0.3
36687.53474217919	300	40.761696643745296	0.0	156148	476.77366029485603	0.3
36688.016896366666	300	44.27954245626676	0.0	160746	482.15418747853516	0.3
36688.53725076549	300	47.759188057441925	0.0	179801	520.3543988248383	0.3
36688.96025260591	300	51.33618621701936	0.0	140051	423.001840422564	0.3
36689.37899787409	300	54.917440948835875	0.0	138313	418.74526818349096	0.3
36689.81046877481	300	58.485970048112556	0.0	143509	431.4709007233203	0.3
36690.63278938359	300	59.53709324468319	0.0	150616	448.8768034293572	0.3
36693.464382225255	750	59.97251868647965	0.0	405596	1064.5745582035393	0.3
36694.5826132263	750	59.5279123553308	0.0	350713	944.6063311488576	0.75
36701.601768455716	750	56.50875712592072	0.0	386472	7019.1552294100875	0.75
36704.53284294346	750	57.577682638175986	0.0	399894	2931.074487744726	0.75
36706.116723834704	750	59.99380174693639	0.0	401853	1083.8808912396012	0.75
36709.816261661006	750	59.852400494879895	0.0	343800	2141.4012520564957	0.75
36713.20302928074	750	59.947084877741986	0.0	359903	1905.31561713791	0.75
36717.66054747138	1200	59.48956668709868	0.0	590335	4457.518190643304	0.75
36721.61392577474	1200	59.536188383740416	0.0	696376	2953.3783033582695	1.2
36730.308686306744	1200	54.84142785173689	0.0	487160	8694.76053200353	1.2
36731.97179574974	1200	57.17831840874547	0.0	622896	1663.1094429914124	1.2
36734.96212779822	1200	58.187986360264034	0.0	641447	2990.332048481437	1.2
36737.33215872025	1200	59.809746360482535	0.0	570392	1378.2399997814994	1.2
36740.092351909836	1200	59.694545122865904	0.0	620283	1615.2012376166283	1.2
36742.20656653461	1200	59.85043369776473	0.0	584349	1344.1114251011777	1.2
36746.093912346536	1200	59.96308788584142	0.0	670129	3887.345811923311	1.2
36752.093397219935	1200	57.963603012439485	0.0	690253	5999.484873401934	1.2
36754.69805071596	1200	59.35894951641259	0.0	598727	2604.6534960268905	1.2
36756.844608882	1200	59.58046412490642	0.0	487812	1278.4853915061676	1.2
36758.68165933264	1200	59.72497543559959	0.0	575591	1355.4886893068326	1.2
36760.49997944267	1200	59.81659621354824	0.0	605884	1408.3792220513485	1.2
36762.35140023227	1200	59.73085621509177	0.0	587506	1585.739998456472	1.2
36765.23683585532	1200	59.68147883438906	0.0	566904	2549.377380702709	1.2
36770.98778172099	1200	57.930532968716385	0.0	641452	5750.945865672681	1.2
36773.371709617764	1200	59.5425710715804	0.0	599477	1887.9618971359896	1.2
36775.27035593182	1200	59.859730846660504	0.0	634861	1682.8402249198941	1.2
36778.63044387628	1200	59.663589927564374	0.0	630203	3196.140919096125	1.2
36781.8834254656	1200	59.631572655135535	0.0	638661	3032.017272428839	1.2
36789.47171946559	1200	56.04327865514804	0.0	538612	7588.293999987485	1.2
36792.487486030266	750	57.02751209047522	0.0	314107	3015.76656467283	0.3

