54000.96641982537	300	4.0	3.1507117458916682	181801	3150.711745891668	-13.248060507334172
54002.79433713234	300	6.172082693027148	0.0	155580	1827.917306972852	0.3
54004.37207497601	300	8.594344849356487	0.0	139857	1577.7378436706608	0.3
54005.65136593242	300	11.315053892948647	0.0	155432	1279.2909564078398	0.3
54006.16166094773	300	14.804758877645044	0.0	163442	510.2950153036009	0.3
54007.080346850096	750	17.88607297527493	0.0	318564	918.6859023701148	0.3
54008.08875016618	750	20.877669659195266	0.0	352642	1008.403316079664	0.75
54010.03674580615	1200	22.929674019222524	0.0	709534	1947.9956399727434	0.75
54012.362005829804	1850	24.60441399556633	0.0	852833	2325.2600236561952	1.2000000000000002
54014.848005823354	1850	26.118414002016465	0.0	913888	2485.999993549866	1.85
54029.09777514202	2850	15.868644683349991	0.0	1354548	14249.769318666471	1.85
54031.6944708573	750	17.271948968075193	0.0	405134	2596.6957152747996	-1.35
54033.56264651672	750	19.403773308650607	0.0	386351	1868.1756594245871	0.75
54036.46100436983	1200	20.505415455547805	0.0	687371	2898.3578531028006	0.75
54038.70815225649	1200	22.25826756888456	0.0	526950	2247.1478866632447	1.2
54042.58480452811	1850	22.38161529726314	0.0	923170	3876.6522716214204	1.2000000000000002
54046.64047526516	1850	22.32594456021129	0.0	966699	4055.670737051849	1.85
54050.36308504462	1850	22.60333478074825	0.0	885714	3722.60977946304	1.85
54054.54378805872	1850	22.422631766651453	0.0	987708	4180.703014096799	1.85
54057.6357408292	1850	23.330678996175116	0.0	923755	3091.9527704763345	1.85
54060.522149837874	1850	24.444269987504118	0.0	891604	2886.409008670997	1.85
54063.60883092473	1850	25.357588900651876	0.0	955231	3086.6810868522402	1.85
54068.32719907954	2850	24.639220745838088	0.0	1505760	4718.368154813788	1.85
54071.29444326413	1850	25.67197656125048	0.0	874175	2967.2441845876056	0.8500000000000001
54075.88593453646	2850	25.080485288918236	0.0	1383735	4591.491272332245	1.85
54078.80115116569	1850	26.16526865969703	0.0	905935	2915.2166292212078	0.8500000000000001
54083.61962193057	2850	25.34679789481364	0.0	1547572	4818.47076488339	1.85
54086.94762755065	2850	26.01879227473184	0.0	1141971	3328.005620081801	2.85
54090.85625400231	2850	26.1101658230729	0.0	1498470	3908.626451658938	2.85
54094.6851053306	2850	26.28131449478286	0.0	1561263	3828.8513282900435	2.85
54097.63757144698	2850	27.32884837839647	0.0	1341201	2952.466116386389	2.85
54102.20718845375	4300	26.75923137163578	0.0	2147852	4569.617006760689	2.8499999999999996
54104.621863272834	2850	28.344556552550117	0.0	1358081	2414.6748190856683	1.4000000000000001
54107.94117847594	4300	29.02524134943159	0.0	2286761	3319.3152031185273	2.8499999999999996
54111.68877352594	4300	29.27764629943807	0.0	2307787	3747.5950499935166	4.3
54114.733919778206	4300	30.232500047167704	0.0	2143948	3045.1462522703678	4.3
54124.489500856675	4300	24.476918968701213	0.0	1919781	9755.581078466492	4.3
54127.04052609822	1850	25.925893727155213	0.0	938587	2551.0252415459972	-0.6000000000000001
54130.8786584501	2850	26.087761375277765	0.0	1427478	3838.132351877447	1.85
54140.2978454114	2850	20.66857441397629	0.0	1402287	9419.186961301475	2.85
54146.38446760188	1200	18.581952223493442	0.0	566904	6086.622190482849	-0.44999999999999996
54148.95451317099	750	20.01190665438698	0.0	384505	2570.045569106459	0.3
54151.91852877691	1200	21.04789104846989	0.0	599477	2964.0156059170918	0.75
54154.60411918273	1200	22.362300642647632	0.0	634861	2685.590405822259	1.2
54158.628102142065	1850	22.338317683310443	0.0	958994	4023.9829593371883	1.2000000000000002
54162.746963366415	1850	22.21945645896648	0.0	982064	4118.861224343965	1.85
54166.243444557964	1850	22.72297526741556	0.0	830730	3496.4811915509194	1.85
54169.80424720876	1850	23.162172616622943	0.0	846370	3560.8026507926184	1.85

