16264.95735871824	750	4.0	1.1815076582324435	450283	1181.5076582324434	1	-4.330482930399507
16267.622232980433	750	5.335125737806682	0.0	398865	2664.8742621933175	1	0.75
16269.701392021578	750	7.255966696663591	0.0	350812	2079.1590411430916	1	0.75
16273.117213394007	750	7.840145324233978	0.0	382355	3415.8213724296133	1	0.75
16274.462555879003	750	10.494802839237742	0.0	411561	1345.3424849962348	1	0.75
16275.322922874822	1850	13.634435843416062	0.0	318564	860.3669958216805	3	0.75
16280.831173115199	1850	12.126185603039598	0.0	905515	5508.250240376465	3	0.75
16286.081096166607	1850	10.87626255163163	0.0	1060487	5249.923051407968	3	1.85
16291.42025285106	1850	9.537105867179664	0.0	852833	5339.156684451965	3	1.85
16299.587492183307	750	5.369866534931536	0.0	913888	8167.2393322481275	1	1.85
16300.961824516848	750	7.995534201391259	0.0	353220	1374.3323335402763	1	-0.3500000000000001
16301.990022102324	750	10.967336615915018	0.0	405134	1028.197585476241	1	0.75
16305.500214299407	750	11.457144418831827	0.0	386351	3510.1921970831904	1	0.75
16307.69331506398	750	13.264043654259517	0.0	434409	2193.1007645723116	1	0.75
16311.014604448312	750	13.942754269927217	0.0	337059	3321.289384332298	1	0.75
16312.04556509494	1850	16.911793623297402	0.0	366214	1030.9606466298171	3	0.75
16316.525094617584	1850	16.432264100652368	0.0	966699	4479.529522645031	3	0.75
16321.263371430283	1850	15.693987287953307	0.0	885714	4738.276812699064	3	1.85
16324.623578990551	1850	16.333779727685755	0.0	987708	3360.207560267551	3	1.85
16326.837748924572	1850	18.119609793665084	0.0	923755	2214.1699340206706	3	1.85
16328.81881953592	1850	20.138539182316475	0.0	891604	1981.0706113486087	3	1.85
16331.083668695333	1850	21.873690022902696	0.0	955231	2264.8491594137786	3	1.85
16333.324891418853	1850	23.63246729938384	0.0	968026	2241.2227235188593	3	1.85
16335.307114425412	1850	25.650244292827	0.0	874175	1982.2230065568403	3	1.85
16337.598093987881	1850	27.359264730357314	0.0	897976	2290.979562469684	3	1.85
16340.308145337978	1850	28.64921338025893	0.0	905935	2710.0513500983852	3	1.85
16344.83814307463	1850	28.119215643608	0.0	1076599	4529.997736650931	3	1.85
16348.253933867476	1850	28.703424850761284	0.0	758197	3415.790792846717	3	1.85
16351.89556839292	1850	29.061790325318064	0.0	972798	3641.634525443219	3	1.85
16354.245324510053	4300	30.712034208184587	0.0	975811	2349.7561171334733	5	1.85
16363.406408044384	4300	25.550950673853134	0.0	2113193	9161.083534331456	5	1.8499999999999996
16370.327400793354	4300	22.629957924883254	0.0	2147852	6920.992748969884	5	4.3
16379.427988141408	4300	17.529370576830352	0.0	2191074	9100.5873480529	5	4.3
16387.789828143814	1850	13.167530574426552	0.0	2286761	8361.8400024038	3	4.3
16397.940098869753	750	7.017259848485584	0.0	1026056	10150.270725940967	1	-0.6000000000000001
16398.97795036079	1850	9.979408357449246	0.0	365161	1037.8514910363383	3	-0.3500000000000001
16400.69042647481	1850	12.266932243431533	0.0	728962	1712.4761140177143	3	0.75
16404.875623699703	1850	12.081735018536234	0.0	938587	4185.197224895299	3	1.85
16411.440279564693	1850	9.517079153546907	0.0	908665	6564.655864989327	3	1.85
16414.55238874075	1850	10.4049699774881	0.0	930577	3112.109176058807	3	1.85
16419.74312488198	1850	9.21423383625604	0.0	858450	5190.7361412320615	3	1.85
16423.477183725576	1850	9.48017499266238	0.0	1025005	3734.05884359366	3	1.85
16430.794202445428	750	6.163156272812432	0.0	886255	7317.018719849948	1	1.85
16432.061924972848	750	8.895433745389996	0.0	438281	1267.7225274224368	1	-0.3500000000000001
16432.985407546286	1850	11.97195117195233	0.0	398987	923.4825734376649	3	0.75
16437.623124066744	1850	11.334234651496402	0.0	982064	4637.716520455928	3	0.75
16440.28777642021	1850	12.669582298033422	0.0	830730	2664.652353462981	3	1.85
16443.22528741566	1850	13.732071302582838	0.0	846370	2937.510995450582	3	1.85

