47216.61811289726	300	4.0	10.5668423568866	450283	10566.8423568866	0	-44.687422134612376
47220.40371045926	300	4.214402438005955	0.0	155580	3785.597561994046	0	-0.15000000000000002
47223.631119490354	300	4.98699340690871	0.0	139857	3227.409031097244	0	0.3
47227.057982055674	300	5.560130841592451	0.0	155432	3426.8625653162603	0	0.3
47230.623598830374	300	5.9945140668928305	0.0	163442	3565.6167746996202	0	0.3
47233.395025820915	300	7.223087076342917	0.0	126289	2771.4269905499136	0	0.3
47236.757621325676	300	7.860491571585333	0.0	153295	3362.595504757585	0	0.3
47240.69685237197	300	7.921260525297048	0.0	173849	3939.2310462882856	0	0.3
47244.017512581646	300	8.600600315619209	0.0	150710	3320.660209677838	0	0.3
47247.018135129685	300	9.599977767586358	0.0	139105	3000.622548032851	0	0.3
47250.1552338683	300	10.462879028970969	0.0	141840	3137.098738615391	0	0.3
47253.44453706301	300	11.173575834259706	0.0	156148	3289.303194711263	0	0.3
47256.747594832945	300	11.870518064330117	0.0	160746	3303.057769929588	0	0.3
47260.50739750001	300	12.110715397255495	0.0	179801	3759.8026670746217	0	0.3
47263.385186608975	300	13.232926288294772	0.0	140051	2877.7891089607233	0	0.3
47266.22131130493	300	14.396801592348526	0.0	138313	2836.124695946245	0	0.3
47269.16097524823	750	15.457137649042043	0.0	143509	2939.663943306483	1	0.3
47276.11204540743	750	12.506067489840941	0.0	372963	6951.070159201102	1	0.3
47281.69117670723	750	10.92693619004781	0.0	405596	5579.131299793132	1	0.75
47286.41073004606	300	10.207382851217863	0.0	350713	4719.553338829948	0	0.75
47288.57654669526	300	12.041566202029902	0.0	157671	2165.8166491879597	0	-0.15000000000000002
47290.744228621814	300	13.87388427547619	0.0	157812	2167.6819265537115	0	0.3
47292.9928053788	750	15.625307518485782	0.0	163927	2248.576756990408	1	0.3
47297.62090721104	750	14.997205686247638	0.0	343800	4628.101832238145	1	0.3
47302.462034301585	750	14.15607859570661	0.0	359903	4841.1270905410265	1	0.75
47307.56505427163	750	13.053058625663494	0.0	379700	5103.019970043117	1	0.75
47312.37598647427	750	12.24212642302853	0.0	425781	4810.932202634964	1	0.75
47315.17172196885	750	13.44639092844502	0.0	277716	2795.73549458351	1	0.75
47319.167123418854	750	13.450989478441207	0.0	400396	3995.401450003814	1	0.75
47323.16362009699	750	13.45449280030724	0.0	400508	3996.4966781339663	1	0.75
47326.74657036776	750	13.871542529531641	0.0	358218	3582.9502707755973	1	0.75
47330.74124818489	750	13.876864712399536	0.0	400322	3994.677817132106	1	0.75
47334.437789258875	750	14.180323638411009	0.0	369834	3696.5410739885274	1	0.75
47338.55484904073	750	14.063263856556983	0.0	412837	4117.059781854026	1	0.75
47342.707069817145	750	13.91104308014189	0.0	401088	4152.220776415092	1	0.75
47346.613459742985	750	14.004653154304451	0.0	365161	3906.38992583744	1	0.75
47350.05777316952	750	14.560339727763632	0.0	321064	3444.3134265408185	1	0.75
47353.926481913164	750	14.69163098412613	0.0	361565	3868.708743637502	1	0.75
47358.173343863724	750	14.444769033568125	0.0	378327	4246.8619505580045	1	0.75
47362.6069780166	750	14.011134880696705	0.0	390680	4433.63415287142	1	0.75
47366.53731654932	750	14.080796347975499	0.0	345516	3930.338532721208	1	0.75
47370.902138142315	750	13.715974754984238	0.0	384505	4364.82159299126	1	0.75
47375.12864370402	750	13.489469193285698	0.0	372093	4226.505561698539	1	0.75
47384.13650951014	300	8.481603387159458	0.0	438281	9007.865806126241	0	0.75
47390.485782256605	300	6.132330640702426	0.0	167025	6349.272746457032	0	-0.15000000000000002
47394.604165280165	300	6.0139476171426365	0.0	160064	4118.383023559789	0	0.3
47398.1534099477	300	6.464702949601502	0.0	137507	3549.244667541135	0	0.3
47400.946996455496	300	7.671116441800823	0.0	118421	2793.586507800679	0	0.3

