8820.693274075133	300	4.0	2.583900540861835	181801	2583.900540861835	-10.81077232570589
8822.709142522432	300	5.984131552700598	0.0	155580	2015.8684472994019	0.3
8824.25681031141	300	8.436463763721044	0.0	139857	1547.6677889795553	0.3
8825.241262815518	300	11.452011259613677	0.0	155432	984.4525041073671	0.3
8826.246933194765	300	14.44634088036666	0.0	163442	1005.6703792470165	0.3
8826.85887343652	300	17.834400638612355	0.0	126289	611.9402417543068	0.3
8827.584565296933	300	21.108708778199126	0.0	153295	725.6918604132304	0.3
8828.396832391365	300	24.296441683766954	0.0	173849	812.2670944321715	0.3
8829.111636007156	300	27.58163806797467	0.0	150710	714.8036157922827	0.3
8829.777558354543	300	30.91571572058707	0.0	139105	665.9223473876018	0.3
8830.455000759586	300	34.23827331554442	0.0	141840	677.4424050426472	0.3
8831.19270970391	300	37.50056437122266	0.0	156148	737.7089443217661	0.3
8831.94978582377	300	40.74348825136236	0.0	160746	757.0761198603029	0.3
8832.787123259395	300	43.9061508157372	0.0	179801	837.3374356251624	0.3
8833.457030240985	300	47.23624383414789	0.0	140051	669.9069815893105	0.3
8834.119616615553	300	50.573657459580325	0.0	138313	662.5863745675667	0.3
8834.804088993622	300	53.88918508151162	0.0	143509	684.472378068706	0.3
8835.518496673247	300	57.17477740188737	0.0	150616	714.4076796242482	0.3
8836.795108452121	300	59.89816562301277	0.0	165384	776.6117788745995	0.3
8838.810649342093	300	59.72476260930146	0.0	140881	673.4030137113168	0.3
8840.557035175176	300	59.980638656640146	0.0	157671	744.1239526613032	0.3
8842.218733007827	300	59.73592079972679	0.0	157812	744.7178569133548	0.3
8843.596662520102	300	59.965446031456736	0.0	163927	770.4747682700652	0.3
8845.68034821241	750	59.93733055730514	0.0	343800	1528.1154741515943	0.3
8847.847803849376	750	59.84138784789973	0.0	359903	1595.9427094054133	0.75
8850.19797556423	750	59.662058454254115	0.0	379700	1679.329393645609	0.75
8852.53567102505	750	59.78863188444685	0.0	425781	1873.4265698072713	0.75
8854.398308290318	750	59.549447697320964	0.0	277716	1239.1841871258769	0.75
8856.462030045213	750	59.78931335894379	0.0	400396	1760.1343383771812	0.75
8858.292851209028	750	59.98719637659468	0.0	400508	1802.1169823491105	0.75
8859.981109664976	750	59.86691927555516	0.0	358218	1620.2771010395138	0.75
8862.072725374797	750	59.565602061896605	0.0	400322	1801.3172136585551	0.75
8866.88086364095	750	58.75746379574323	0.0	369834	4808.13826615338	0.75
8875.672319570393	750	53.96600786630181	0.0	412837	8791.45592944142	0.75
8879.490395829273	300	54.147931607421036	0.0	179328	3818.0762588807706	-0.15000000000000002
8882.141070134463	300	55.49725730223229	0.0	159914	2650.6743051887497	0.3
8884.161375628271	300	57.47695180842262	0.0	131610	2020.305493809665	0.3
8886.03009487865	300	59.60823255804588	0.0	124011	1868.719250376742	0.3
8890.110501278	300	59.52782615869496	0.0	144254	3580.4063993509194	0.3
8893.864526452606	300	59.742350713825076	0.0	149991	2285.4754448698804	0.3
8897.439120756131	300	59.65032859308112	0.0	147968	2092.022120743959	0.3
8900.840429379692	300	59.650960372690314	0.0	161857	1999.3682203908063	0.3
8903.784907844287	300	59.58869117597974	0.0	145210	1562.2691967105773	0.3
8906.730338434361	300	59.76758071688351	0.0	172312	1821.1104590962266	0.3
8909.354150540941	300	59.97783472908314	0.0	167025	1789.745987800365	0.3
8911.998024681161	300	59.78293071836246	0.0	160064	1694.9040107206868	0.3
8914.113673072894	300	59.909591587245764	0.0	137507	1373.3391311166904	0.3
8915.914839967294	300	59.84016277035393	0.0	118421	1069.4288168918351	0.3

