75023.19047160487	750	4.0	2.9092481875363347	450283	2909.2481875363346	-11.75976720640624
75025.31893441154	750	5.871537193327799	0.0	398865	2128.4628066722007	0.75
75027.34083656916	750	7.849635035711226	0.0	350812	2021.9021576165737	0.75
75029.64763555829	750	9.542836046577783	0.0	382355	2306.798989133444	0.75
75032.1381328455	750	11.052338759358022	0.0	411561	2490.4972872197604	0.75
75034.06334881308	750	13.127122791773543	0.0	318564	1925.2159675844798	0.75
75035.79854476012	750	15.391926844737025	0.0	352642	1735.1959470365177	0.75
75036.86765086018	750	18.322820744681668	0.0	437162	1069.1061000553607	0.75
75038.55986405577	1850	20.630607549092414	0.0	852833	1692.2131955892537	0.75
75040.14990192639	1850	23.040569678476174	0.0	913888	1590.0378706162355	1.85
75041.61970355328	1850	25.57076805157728	0.0	939819	1469.801626898899	1.85
75042.93360310837	1850	28.256868496511046	0.0	917428	1313.8995550662296	1.85
75044.13843244458	1850	31.052039160277786	0.0	946851	1204.829336233264	1.85
75045.44970733879	1850	33.74076426606918	0.0	1036454	1311.2748942086046	1.85
75047.91205854934	4300	35.27841305552724	0.0	2005399	2462.351210541945	1.8499999999999996
75050.54914094576	4300	36.64133065909593	0.0	2152483	2637.082396431313	4.3
75053.34921977343	4300	37.84125183143391	0.0	2289689	2800.0788276620146	4.3
75055.87585553336	4300	39.31461607150501	0.0	2059512	2526.6357599289036	4.3
75058.59400847668	4300	40.59646312818452	0.0	2220726	2718.1529433204923	4.3
75061.35847614103	4300	41.831995463823894	0.0	2156729	2764.467664360624	4.3
75064.02322646034	4300	43.167245144515476	0.0	2039773	2664.7503193084203	4.3
75066.86119459831	4300	44.329277006534	0.0	2176469	2837.9681379814706	4.3
75069.75623251815	4300	45.43423908670391	0.0	2221506	2895.0379198300843	4.3
75072.42643422635	4300	46.76403737850385	0.0	2044075	2670.201708200059	4.3
75075.2774808824	4300	47.91299072244926	0.0	2186790	2851.0466560546	4.3
75080.75795335151	4300	46.43251825333739	0.0	2105231	5480.472469111861	4.3
75086.26495799382	4300	44.92551361103083	0.0	2395588	5507.004642306562	4.3
75089.81571253223	4300	45.3747590726104	0.0	1972048	3550.754538420427	4.3
75093.04329003248	4300	46.147181572378585	0.0	2134614	3227.577500231815	4.3
75097.44489817733	4300	45.74557342753002	0.0	2164140	4401.608144848563	4.3
75102.28342345689	4300	44.907048147970734	0.0	2113193	4838.52527955929	4.3
75107.19999448412	4300	43.990477120737545	0.0	2147852	4916.571027233187	4.3
75112.21389357351	4300	42.976578031357114	0.0	2191074	5013.899089380427	4.3
75122.0228118221	4300	37.16765978276315	0.0	2286761	9808.91824859396	4.3
75131.26005923298	4300	31.930412371887222	0.0	2307787	9237.247410875934	4.3
75139.67198569556	4300	27.518485909315515	0.0	2143948	8411.926462571708	4.3
75147.18298815198	4300	24.007483452885822	0.0	1919781	7511.00245642969	4.3
75155.57530739678	4300	19.615164208085663	0.0	2147467	8392.319244800161	4.3
75163.91499598195	4300	15.27547562292849	0.0	2133870	8339.688585157173	4.3
75172.30210131938	4300	10.888370285500475	0.0	2146120	8387.105337428013	4.3
75175.70495119585	1850	11.485520409018696	0.0	858450	3402.84987648178	-0.6000000000000001
75179.75249471923	1850	11.43797688564144	0.0	1025005	4047.5435233772573	1.85
75183.26297094648	1850	11.927500658393074	0.0	886255	3510.476227248366	1.85
75187.11297821527	1850	12.077493389598489	0.0	973972	3850.0072687945853	1.85
75190.90500931138	1850	12.285462293498812	0.0	958994	3792.031096099677	1.85
75194.78633873197	1850	12.40413287291846	0.0	982064	3881.3294205803513	1.85
75198.08189127187	1850	13.108580333003836	0.0	830730	3295.5525399146245	1.85
75201.43798242448	1850	13.752489180394035	0.0	846370	3356.091152609801	1.85

