57592.12005671672	750	4.0	4.210567089860903	450283	4210.567089860903	-17.35543848640188
57593.54232420884	300	6.577732507881231	0.0	155580	1422.267492118768	-0.15000000000000002
57594.93039642181	300	9.189660294905192	0.0	139857	1388.0722129760409	0.3
57596.482529007706	300	11.637527709017837	0.0	155432	1552.132585887355	0.3
57598.717824704814	300	13.40223201191323	0.0	163442	2235.2956971046083	0.3
57600.10704192908	300	16.013014787650146	0.0	126289	1389.2172242630847	0.3
57603.642089632216	750	16.477967084509974	0.0	352642	3535.0477031401715	0.3
57608.23520062333	750	15.88485609339513	0.0	437162	4593.110991114844	0.75
57611.54169450512	750	16.578362211605885	0.0	374758	3306.4938817892426	0.75
57615.01053349584	750	17.109523220877705	0.0	362795	3468.8389907281826	0.75
57618.2549516241	750	17.865105092624574	0.0	353220	3244.4181282531304	0.75
57624.9349071142	1200	15.18514960252	0.0	594078	6679.955490104573	0.75
57630.81401980558	1200	13.306036911137157	0.0	624282	5879.112691382841	1.2
57637.53754204105	1200	10.582514675670804	0.0	687371	6723.522235466355	1.2
57643.626524738065	1200	8.49353197865685	0.0	526950	6088.982697013954	1.2
57647.43095689405	750	8.689099822668668	0.0	366214	3804.4321559881832	0.3
57650.96847703587	750	9.151579680851908	0.0	360831	3537.520141816759	0.75
57655.2673718402	750	8.852684876524913	0.0	372963	4298.894804326997	0.75
57659.10379123598	750	9.016265480744575	0.0	405596	3836.4193957803373	0.75
57662.84634988162	750	9.27370683510897	0.0	350713	3742.5586456356077	0.75
57666.392894703225	750	9.7271620135059	0.0	386472	3546.544821603069	0.75
57671.997076749845	1200	8.122979966885886	0.0	616206	5604.182046620013	0.75
57678.15554080339	1200	5.964515913347998	0.0	656471	6158.464053537889	1.2
57681.50175688536	750	6.6182998313763495	0.0	343800	3346.216081971648	0.3
57686.463020550465	750	5.657036166263239	0.0	359903	4961.26366511311	0.75
57688.244045501626	300	7.876011215104081	0.0	153938	1781.0249511591585	-0.15000000000000002
57690.0821789294	300	10.037877787337502	0.0	181901	1838.1334277665792	0.3
57691.16681293885	300	12.953243777885753	0.0	111155	1084.634009451749	0.3
57695.09838604239	750	13.02167067434765	0.0	400396	3931.573103538103	0.3
57698.7659904288	750	13.354066287939391	0.0	400508	3667.604386408258	0.75
57702.29311387565	750	13.82694284108641	0.0	358218	3527.1234468529815	0.75
57706.29275980356	750	13.827296913169215	0.0	400322	3999.645927917193	0.75
57709.98774774814	750	14.132308968586003	0.0	369834	3694.987944583211	0.75
57713.83715044201	750	14.282906274729152	0.0	412837	3849.402693856851	0.75
57720.64892657767	1200	11.471130139064703	0.0	690253	6811.776135664448	0.75
57726.93577889381	1200	9.184277822932634	0.0	598727	6286.85231613207	1.2
57731.34869166594	1200	8.771365050801455	0.0	487812	4412.912772131181	1.2
57736.53644537791	1200	7.583611338833868	0.0	575591	5187.753711967586	1.2
57742.34458979476	1200	5.775466921981215	0.0	605884	5808.144416852653	1.2
57746.417349088064	750	5.702707628677168	0.0	390680	4072.7592933040464	0.3
57749.51886510216	750	6.601191614583286	0.0	345516	3101.516014093883	0.75
57753.06323027126	750	7.056826445476581	0.0	384505	3544.365169106704	0.75
57757.15550187919	750	6.964554837551313	0.0	372093	4092.2716079252677	0.75
57762.016837939635	750	6.103218777112051	0.0	438281	4861.336060439262	0.75
57765.794396634126	750	6.32566008262542	0.0	398987	3777.558694486631	0.75
57769.615127689496	750	6.504929027254417	0.0	393804	3820.731055371004	0.75
57772.530814299134	750	7.589242417616506	0.0	331053	2915.686609637911	0.75
57780.962438577204	1850	4.0	0.8423818604504341	846370	8431.62427806694	-2.8722419999368665

