39390.75700556464	300	4.0	2.7953533421377954	181801	2795.3533421377956	-11.72001937119252
39392.86756494163	300	5.889440623015502	0.0	155580	2110.5593769844977	0.3
39394.77291487598	300	7.984090688660695	0.0	139857	1905.3499343548071	0.3
39397.21580485816	300	9.54120070648255	0.0	155432	2442.8899821781442	0.3
39400.05381510149	300	10.703190463155039	0.0	163442	2838.0102433275124	0.3
39401.93069998075	300	12.82630558389598	0.0	126289	1876.8848792590584	0.3
39404.191835848214	300	14.56516971643312	0.0	153295	2261.135867462862	0.3
39406.7340512393	300	16.022954325351996	0.0	173849	2542.215391081125	0.3
39408.918682491116	300	17.83832307352948	0.0	150710	2184.6312518225127	0.3
39411.37144829691	300	19.385557267742705	0.0	139105	2452.765805786776	0.3
39414.60561535751	300	20.151390207138412	0.0	141840	3234.1670606042926	0.3
39416.96058968612	300	21.796415878530162	0.0	156148	2354.9743286082503	0.3
39419.29893633746	300	23.45806922719571	0.0	160746	2338.3466513344506	0.3
39422.35547014701	300	24.401535417638698	0.0	179801	3056.533809557014	0.3
39425.146616799044	300	25.61038876560863	0.0	140051	2791.1466520300673	0.3
39427.210890609	300	27.546114955653632	0.0	138313	2064.273809954998	0.3
39429.2972591805	300	29.459746384151387	0.0	143509	2086.3685715022484	0.3
39431.672956076196	300	31.08404948845529	0.0	150616	2375.6968956960936	0.3
39434.264622452654	300	32.49238311200061	0.0	165384	2591.666376454683	0.3
39439.63829201755	300	31.11871354710347	0.0	140881	5373.669564897136	0.3
39442.80649591148	300	31.95050965317366	0.0	157671	3168.203893929812	0.3
39447.08785143238	300	31.669154132274848	0.0	157812	4281.355520898812	0.3
39449.27540454723	300	33.481601017421646	0.0	163927	2187.553114853208	0.3
39451.142846074006	300	35.61415949064164	0.0	137654	1867.4415267800043	0.3
39453.14817123098	300	37.60883433366203	0.0	146754	2005.3251569796084	0.3
39455.92767985543	300	38.829325709221976	0.0	153938	2779.50862444005	0.3
39458.52131984372	300	40.23568572093167	0.0	181901	2593.6399882903033	0.3
39460.120558910945	300	42.636446653708276	0.0	111155	1599.2390672233967	0.3
39462.461336776934	300	44.29566878771625	0.0	153605	2340.7778659920214	0.3
39465.047834038945	300	45.70917152570509	0.0	149029	2586.497262011167	0.3
39467.753631152314	300	47.003374412330984	0.0	157421	2705.797113374099	0.3
39470.48987316735	300	48.267132397298326	0.0	157488	2736.2420150326616	0.3
39474.08521245735	300	48.671793107294654	0.0	143881	3595.3392900036724	0.3
39478.98356821381	300	47.77343735083839	0.0	163444	4898.355756456259	0.3
39483.28967910616	300	47.4673264584844	0.0	179328	4306.110892353998	0.3
39486.07285751114	300	48.68414805350505	0.0	159914	2783.1784049793528	0.3
39488.13691992696	300	50.620085637684134	0.0	131610	2064.0624158209203	0.3
39489.97134439703	300	52.78566116761774	0.0	124011	1834.424470066389	0.3
39492.459762903665	300	54.29724266098102	0.0	144254	2488.4185066367195	0.3
39494.582770987705	300	56.17423457694294	0.0	149991	2123.008084038074	0.3
39496.661038997554	300	58.09596656709346	0.0	147968	2078.2680098494793	0.3
39500.62057895076	300	58.13642661388894	0.0	161857	3959.5399532045226	0.3
39502.86065783269	300	59.61985049504564	0.0	145210	2016.5761188432994	0.3
39505.292144727835	300	59.71385846451908	0.0	172312	2405.9920305265637	0.3
39509.012825229715	300	59.99317796264432	0.0	167025	2720.68050187476	0.3
39513.1412171216	300	59.864786070757575	0.0	160064	3128.3918918867444	0.3
39517.2013384682	300	59.80466472415683	0.0	137507	2560.1213466007466	0.3
39520.65006762161	300	59.893144527943996	0.0	118421	1911.520196212831	0.3

