44885.45013762044	300	4.0	17.354236509842984	450283	17354.236509842984	0	-73.87321699232483
44896.20474436124	300	4.0	6.754606740792436	155580	10754.606740792437	0	-29.194808985407473
44901.18078846851	300	4.0	0.9760441072711837	139857	4976.044107271184	0	-3.8969896612660904
44906.38932959732	300	4.0	1.2085411288059467	155432	5208.541128805947	0	-4.89672685386557
44913.77527390925	300	4.0	3.385944311929058	163442	7385.944311929058	0	-14.259560541294949
44915.5926673376	300	6.18260657164741	0.0	126289	1817.3934283525896	0	0.3
44919.53044161449	300	6.244832294760785	0.0	153295	3937.774276886625	0	0.3
44931.06136662641	300	4.0	5.286092717158139	173849	11530.925011918924	0	-22.430198683779995
44946.30852622596	300	4.0	11.247159599551267	150710	15247.159599551267	0	-48.06278627807045
44952.56485307988	300	4.0	2.2563268539183237	139105	6256.326853918324	0	-9.40220547184879
44955.08709786888	300	5.47775521099791	0.0	141840	2522.244789002091	0	0.3
44956.93882114445	300	7.626031935425286	0.0	156148	1851.7232755726238	0	0.3
44959.727880212144	300	8.836972867740128	0.0	160746	2789.0590676851593	0	0.3
44962.16537637958	300	10.399476700302893	0.0	179801	2437.496167437234	0	0.3
44963.77078835121	300	12.79406472866822	0.0	140051	1605.411971634674	0	0.3
44965.35727031873	750	15.20758276115134	0.0	138313	1586.4819675168808	1	0.3
44970.49939663984	750	14.065456440047354	0.0	360831	5142.126321103985	1	0.3
44984.04876880854	300	4.516084271339052	0.0	372963	13549.372168708302	0	0.75
44990.25591890699	300	4.0	1.6910658271055017	165384	6207.150098444554	0	-7.421583056553657
45001.55649971002	300	4.0	7.300580803035749	140881	11300.58080303575	0	-31.09249745305372
45008.79402079237	300	4.0	3.2375210823440157	157671	7237.521082344016	0	-13.621340654079265
45011.68515022636	300	5.108870566002726	0.0	157812	2891.1294339972733	0	0.3
45013.80758548801	300	6.986435304357984	0.0	163927	2122.4352616447422	0	0.3
45015.36827075135	300	9.425750041012273	0.0	137654	1560.6852633457104	0	0.3
45017.90175149571	300	10.892269296654028	0.0	146754	2533.480744358245	0	0.3
45020.2148056034	300	12.579215188963378	0.0	153938	2313.0541076906497	0	0.3
45023.53676518125	300	13.257255611113171	0.0	181901	3321.959577850207	0	0.3
45024.54615471623	750	16.247866076141342	0.0	111155	1009.3895349718296	1	0.3
45028.20387411442	750	16.590146677939963	0.0	400396	3657.7193982013787	1	0.3
45036.154675353646	300	12.639345438715322	0.0	400508	7950.801239224643	0	0.75
45037.74083670362	750	15.053184088738467	0.0	157421	1586.1613499768546	1	-0.15000000000000002
45042.05604588711	750	14.737974905250383	0.0	400322	4315.209183488085	1	0.3
45049.908653145314	300	10.885367647047259	0.0	369834	7852.607258203125	0	0.75
45051.00610222839	750	13.7879185639717	0.0	163444	1097.4490830755574	1	-0.15000000000000002
45061.30227957462	300	7.491741217731635	0.0	401088	10296.177346240067	0	0.3
45071.118833738634	300	4.0	2.3248129462747076	159914	9816.554164006342	0	-10.146695668981241
45078.75618598441	300	4.0	3.637352245777901	131610	7637.352245777901	0	-15.340614656844973
45083.869208804696	300	4.0	1.1130228202862873	124011	5113.022820286287	0	-4.485998127231035
45089.43719761141	300	4.0	1.5679888067160281	144254	5567.988806716028	0	-6.442351868878921
45094.26659324455	300	4.0	0.8293956331393155	149991	4829.395633139316	0	-3.2664012224990566
45099.09846503181	300	4.0	0.8318717872609114	147968	4831.871787260911	0	-3.277048685221919
45102.918611075176	300	4.179853956633807	0.0	161857	3820.146043366192	0	0.3
45106.00647150012	300	5.091993531692374	0.0	145210	3087.860424941434	0	0.3
45110.34012684486	300	4.758338186950552	0.0	172312	4333.655344741822	0	0.3
45117.79692678703	300	4.0	2.6984617552147485	167025	7456.7999421653	0	-11.303385547423417
45121.03634972184	300	4.760577065186597	0.0	160064	3239.422934813403	0	0.3
45122.78448389275	300	7.012442894280242	0.0	137507	1748.1341709063552	0	0.3
45129.28475614916	300	4.5121706378692075	0.0	118421	6500.272256411034	0	0.3

