50292.2791543009	750	4.0	12.008116451169277	450283	12008.116451169277	0.03749822062694555	-50.88490074002789
50295.04034316219	300	5.238811138711066	0.0	155580	2761.1888612889347	0.056345294659552764	-0.15000000000000002
50300.32562576494	300	4.0	0.046471464045859646	139857	5285.282602756925	0.026461593544127113	0.10017270460280353
50303.67708393586	300	4.648541829086465	0.0	155432	3351.4581709135346	0.04637742501128475	0.3
50306.399740715984	300	5.925885048959261	0.0	163442	2722.6567801272054	0.06003033551381523	0.3
50309.89846502715	300	6.427160737788261	0.0	126289	3498.724311171	0.0360957276904541	0.3
50315.184764521495	300	5.140861243450219	0.0	153295	5286.299494338042	0.0289985461785108	0.3
50318.97023868263	300	5.355387082307534	0.0	173849	3785.474161142685	0.04592529035980049	0.3
50322.70145777468	300	5.62416799025873	0.0	150710	3731.2190920488038	0.040391624367800257	0.3
50325.01287798923	300	7.312747775711219	0.0	139105	2311.420214547512	0.060181614370466804	0.3
50332.33689747539	750	4.0	0.011271710449437705	353220	7324.019486160656	0.048227616088056376	0.2515316450674178
50335.322172112465	300	5.014725362927711	0.0	156148	2985.274637072289	0.05230607531410814	-0.15000000000000002
50337.78986179903	300	6.547035676360629	0.0	160746	2467.6896865670824	0.06514028116056246	0.3
50343.03417543574	300	5.302722039645138	0.0	179801	5244.313636715491	0.03428494412332844	0.3
50346.45835049687	300	5.878546978524238	0.0	140051	3424.1750611209	0.04090065417220651	0.3
50350.479805509065	300	5.857091966325373	0.0	138313	4021.4550121988646	0.03439377030961059	0.3
50353.0432624638	300	7.293635011595006	0.0	143509	2563.4569547303677	0.055982605729026066	0.3
50359.46688615572	750	4.870011319674626	0.0	372963	6423.62369192038	0.05806115331274963	0.3
50364.27389929773	300	4.062998177669702	0.0	165384	4807.013142004924	0.034404732234832446	-0.15000000000000002
50367.84992683473	300	4.48697064066444	0.0	140881	3576.027537005262	0.039395949427721844	0.3
50370.981527298994	300	5.355370176402394	0.0	157671	3131.600464262047	0.05034837674835853	0.3
50373.94861008717	300	6.388287388223518	0.0	157812	2967.082788178876	0.05318759578557672	0.3
50379.966425483646	300	4.370471991749356	0.0	163927	6017.815396474162	0.027240283923638604	0.3
50383.64399108307	300	4.692906392332618	0.0	137654	3677.5655994167378	0.03743073951470286	0.3
50387.41900466596	300	4.917892809436351	0.0	146754	3775.013582896267	0.0388750919109031	0.3
50392.47936353413	300	4.0	0.14246605873996576	153938	5060.358868176317	0.030420372153462927	-0.3126040525818528
50398.91711655029	300	4.0	2.4377530161582808	181901	6437.753016158281	0.028255355485592885	-10.182337969480606
50400.923172706425	300	5.993943843866511	0.0	111155	2006.0561561334887	0.05540971505715089	0.3
50406.13229551546	300	4.7848210348280755	0.0	153605	5209.122809038436	0.029487690275506157	0.3
50408.79967833629	300	6.117438213999204	0.0	149029	2667.3828208288714	0.05587087044134528	0.3
50412.44094166905	300	6.476174881248291	0.0	157421	3641.2633327509125	0.04323252278518157	0.3
50418.14252318938	300	4.774593360916042	0.0	157488	5701.581520332249	0.027621809744960497	0.3
50423.259757179774	300	4.0	0.34264062947695584	143881	5117.233990392998	0.028116947606875036	-1.17335470675091
50430.396082103114	300	4.0	3.136324923338215	163444	7136.324923338215	0.022903105135457385	-13.186197170354323
50435.39315676328	300	4.0	0.997074660175178	179328	4997.074660175178	0.035886596097748406	-3.987421038753265
50439.2530271947	300	4.1401295685846415	0.0	159914	3859.870431415358	0.0414298880860003	0.3
50442.39223429603	300	5.000922467252216	0.0	131610	3139.2071013324257	0.041924599349988274	0.3
50444.724884609364	300	6.668272153920721	0.0	124011	2332.6503133314955	0.05316313349294403	0.3
50450.212864966066	300	5.180291797221399	0.0	144254	5487.980356699321	0.026285443938206768	0.3
50453.13936579827	300	6.253790965012222	0.0	149991	2926.500832209177	0.05125267635299928	0.3
50455.582333486534	300	7.8108232767516235	0.0	147968	2442.9676882605977	0.060568955009533416	0.3
50466.47530597474	750	4.0	3.0821492114539413	384505	10892.972488205565	0.03529844589402252	-12.953241609251947
50470.448300993434	300	4.027004981304923	0.0	145210	3972.9950186950764	0.036549252973313316	-0.15000000000000002
50473.380146605705	300	5.095159369035103	0.0	172312	2931.845612269821	0.05877253538824539	0.3
50476.047328456974	300	6.427977517766769	0.0	167025	2667.181851268334	0.06262227673773876	0.3
50479.266975431245	300	7.208330543499416	0.0	160064	3219.6469742673526	0.04971476726463882	0.3
50486.01064429881	750	4.46466167592855	0.0	331053	6743.6688675708665	0.049090933511278474	0.3
50488.45116628766	300	6.024139687081488	0.0	118421	2440.521988847062	0.04852281624225144	-0.15000000000000002

