15308.403437707386	300	4.0	1.9210458181760928	181801	1921.0458181760928	-7.9604970181571995
15309.482230557142	300	6.921207150244136	0.0	155580	1078.7928497558642	0.3
15310.466033119352	300	9.937404588032747	0.0	139857	983.8025622113893	0.3
15311.538613646646	300	12.864824060741105	0.0	155432	1072.580527291642	0.3
15312.62335416421	300	15.780083543175968	0.0	163442	1084.740517565136	0.3
15313.37004192514	300	19.033395782247897	0.0	126289	746.6877609280675	0.3
15314.259296098595	300	22.144141608792822	0.0	153295	889.2541734550759	0.3
15316.847324377371	300	23.556113330016508	0.0	173849	2588.028278776312	0.3
15317.688577954312	300	26.714859753077146	0.0	150710	841.2535769393608	0.3
15318.471213338958	300	29.93222436843015	0.0	139105	782.6353846470028	0.3
15319.196994860798	300	33.206442846591045	0.0	141840	725.7815218391003	0.3
15319.906133171515	300	36.49730453587322	0.0	156148	709.1383107178247	0.3
15320.63379735482	300	39.769640352568615	0.0	160746	727.6641833046049	0.3
15321.446030382205	300	42.95740732518345	0.0	179801	812.233027385161	0.3
15322.106732153004	300	46.296705554384815	0.0	140051	660.7017707986373	0.3
15322.760227551284	300	49.64321015610511	0.0	138313	653.4953982797118	0.3
15323.449455554013	300	52.95398215337485	0.0	143509	689.2280027302572	0.3
15324.387903798639	300	56.01553390874994	0.0	150616	938.4482446249202	0.3
15325.410523470448	300	58.99291423694185	0.0	165384	1022.6196718080934	0.3
15327.248628273333	300	59.71042759271599	0.0	140881	782.4866442258561	0.3
15328.794377120854	300	59.92536224828627	0.0	157671	785.0653444297209	0.3
15330.558687523198	300	59.69054883970872	0.0	157812	734.8134085775539	0.3
15333.154194821835	300	59.560043682475026	0.0	163927	1630.5051572336895	0.3
15335.21707959704	300	59.72160232932335	0.0	137654	1338.4413531516734	0.3
15336.784793862958	300	59.759466943641016	0.0	146754	962.1353856823337	0.3
15340.82732102185	300	59.71693978474692	0.0	153938	1542.5271588940923	0.3
15342.398502268908	300	59.67590214453308	0.0	181901	1041.0376402138418	0.3
15343.444116491675	300	59.92816678892067	0.0	111155	747.7353556124042	0.3
15344.395064608569	300	59.76163221170166	0.0	153605	666.5345772190142	0.3
15345.869500320845	300	59.6266211254008	0.0	149029	1135.011086300856	0.3
15346.995515416156	300	59.6958258287821	0.0	157421	930.7952966186987	0.3
15348.016769855534	300	59.739808606639954	0.0	157488	956.0172221421462	0.3
15350.05041930194	300	59.71610245580522	0.0	143881	2023.7061508347358	0.3
15351.070914937905	300	59.71532639815729	0.0	163444	1000.7760576479365	0.3
15353.468221301413	300	59.942032893014144	0.0	179328	773.2935051431457	0.3
15356.535737265758	300	59.68478137152179	0.0	159914	1257.2515214923556	0.3
15359.028187461046	300	59.79918846380452	0.0	131610	885.5929077172667	0.3
15361.548536687085	300	59.55244249457067	0.0	124011	746.7459692338424	0.3
15363.871305877854	300	59.98235944938901	0.0	144254	1070.0830451816628	0.3
15366.720361446134	300	59.9021747542919	0.0	149991	1580.1846950971055	0.3
15369.973634600292	300	59.61997361365582	0.0	147968	1782.2011406360748	0.3
15373.696020037476	300	59.89758817647016	0.0	161857	2722.385437185663	0.3
15377.1370909799	300	59.68578141461028	0.0	145210	2211.8067618598734	0.3
15380.141713693782	300	59.51360222595347	0.0	172312	1672.1791886568103	0.3
15383.756103751428	300	59.89921216830505	0.0	167025	3114.39005764842	0.3
15386.127783375428	300	59.85678914774022	0.0	160064	1542.4230205648273	0.3
15388.070256671	300	59.76518079717287	0.0	137507	1091.60835056735	0.3
15390.139691461998	300	59.613395816675286	0.0	118421	1151.7849804975833	0.3

