26545.170810941145	300	4.0	2.8970917332480375	181801	2897.0917332480376	-12.15749445296656
26547.478100445027	300	5.692710496117892	0.0	155580	2307.2895038821075	0.3
26549.56029885192	300	7.610512089224719	0.0	139857	2082.1984068931733	0.3
26551.865469581884	300	9.305341359263261	0.0	155432	2305.1707299614586	0.3
26554.285311792282	300	10.885499148866684	0.0	163442	2419.842210396577	0.3
26556.173270168394	300	12.997540772752997	0.0	126289	1887.9583761136873	0.3
26561.30170714762	750	11.869103793526913	0.0	352642	5128.436979226084	0.3
26563.870536386345	300	13.300274554804707	0.0	173849	2568.829238722204	-0.15000000000000002
26568.439093904224	750	12.731717036924675	0.0	374758	4568.5575178800345	0.3
26570.10971608843	300	15.061094852716435	0.0	139105	1670.6221842082396	-0.15000000000000002
26574.22867635518	750	14.942134585968049	0.0	353220	4118.960266748387	0.3
26578.94125698116	750	14.229553959987523	0.0	405134	4712.580625980524	0.75
26583.439059874596	750	13.731751066554235	0.0	386351	4497.802893433288	0.75
26588.486390972826	750	12.684419968321123	0.0	434409	5047.331098233112	0.75
26591.96280323744	750	13.208007703709784	0.0	337059	3476.4122646113387	0.75
26593.372014209726	300	15.7987967314222	0.0	138313	1409.2109722875832	-0.15000000000000002
26596.919660232452	750	16.251150708694755	0.0	360831	3547.6460227274433	0.3
26600.582779673303	750	16.58803126784249	0.0	372963	3663.1194408522692	0.75
26604.555196612993	750	16.615614328152333	0.0	405596	3972.416939690155	0.75
26608.00091329208	750	17.16989764906883	0.0	350713	3445.716679083505	0.75
26611.789801346982	750	17.38100959416707	0.0	386472	3788.888054901758	0.75
26615.70749742801	750	17.46331351313951	0.0	399894	3917.6960810275614	0.75
26619.64399360762	750	17.52681733352899	0.0	401853	3936.4961796105185	0.75
26623.023367723406	750	18.147443217745117	0.0	343800	3379.3741157838717	0.75
26626.557278841476	750	18.61353209967367	0.0	359903	3533.9111180714453	0.75
26632.30259594049	1200	16.868215000658918	0.0	590335	5745.317099014753	0.75
26636.468723952108	750	16.70208698904585	0.0	425781	4166.128011613068	0.3
26639.172902697574	750	17.997908243579975	0.0	277716	2704.178745465874	0.75
26642.85272908783	750	18.318081853325317	0.0	400396	3679.8263902546587	0.75
26646.53356243259	750	18.63724850856635	0.0	400508	3680.8333447589703	0.75
26651.555307425628	1200	17.615503515523812	0.0	570392	5021.744993042539	0.75
26654.999906006764	750	18.17090493438943	0.0	400322	3444.598581134384	0.3
26658.188261160005	750	18.982549781149654	0.0	369834	3188.355153239777	0.75
26663.844708707456	1200	17.326102233700183	0.0	670129	5656.447547449467	0.75
26667.077197836556	750	18.09361310460136	0.0	401088	3232.4891290988235	0.3
26670.02730634858	750	19.14350459257693	0.0	365161	2950.1085120244315	0.75
26673.941432592805	1200	19.229378348351336	0.0	487812	3914.1262442255934	0.75
26678.545488087628	1200	18.62532285352945	0.0	575591	4604.055494821886	1.2
26683.387641838162	1200	17.78316910299363	0.0	605884	4842.153750535821	1.2
26688.085347374803	1200	17.08546356635246	0.0	587506	4697.70553664117	1.2
26690.88104925053	750	18.28976169063015	0.0	345516	2795.7018757223077	0.3
26693.983198585796	750	19.187612355361725	0.0	384505	3102.149335268427	0.75
26698.89525425611	1200	18.27555668505005	0.0	599477	4912.05567031168	0.75
26703.457379149626	1200	17.713431791534852	0.0	634861	4562.124893515196	1.2
26706.35423128716	750	18.81657965399774	0.0	398987	2896.8521375371106	0.3
26710.94318421799	1200	18.227626723171447	0.0	638661	4588.952930826289	0.75
26713.360421648504	750	19.810389292658492	0.0	331053	2417.2374305129565	0.3
26717.32982341769	1200	19.840987523472986	0.0	550906	3969.40176918551	0.75

