10658.377162328083	300	4.0	0.8737317090319563	181801	873.7317090319563	-3.457046348837412
10659.129658320413	300	7.247504007668462	0.0	155580	752.4959923315386	0.3
10659.895526094744	300	10.481636233337463	0.0	139857	765.867774330999	0.3
10660.692156797759	300	13.68500553032228	0.0	155432	796.6307030151834	0.3
10662.651536342122	750	15.725625985959704	0.0	411561	1959.379544362574	0.3
10664.10725232035	750	18.269910007731553	0.0	318564	1455.7159782281522	0.75
10665.740635624034	750	20.636526704046076	0.0	352642	1633.383303685479	0.75
10669.122865065354	1200	21.254297262726666	0.0	709534	3382.229441319407	0.75
10673.524385768034	1850	20.85277656004651	0.0	852833	4401.520702680157	1.2000000000000002
10676.16226434156	1200	22.214897986521375	0.0	560821	2637.8785735251317	0.5499999999999999
10680.72809490184	1850	21.649067426239682	0.0	939819	4565.8305602816945	1.2000000000000002
10683.495724543805	1200	22.881437784274084	0.0	594078	2767.629641965598	0.5499999999999999
10687.909635523338	1850	22.467526804741457	0.0	946851	4413.910979532625	1.2000000000000002
10692.525814013703	1850	21.85134831437704	0.0	1036454	4616.178490364417	1.85
10694.87120205546	1200	23.505960272619784	0.0	526950	2345.38804175726	0.5499999999999999
10699.074869361819	1850	23.302292966259024	0.0	923170	4203.667306360758	1.2000000000000002
10703.790802691765	1850	22.58635963631424	0.0	966699	4715.933329944786	1.85
10708.02141568028	1850	22.355746647800334	0.0	885714	4230.612988513906	1.85
10712.916367582571	1850	21.460794745509727	0.0	987708	4894.951902290605	1.85
10715.721533483633	1200	22.655628844449403	0.0	586839	2805.165901060325	0.5499999999999999
10720.148943928227	1850	22.22821839985499	0.0	891604	4427.410444594413	1.2000000000000002
10725.099844521646	1850	21.277317806434834	0.0	955231	4950.900593420158	1.85
10729.541195501168	1850	20.83596682691426	0.0	968026	4441.350979520571	1.85
10732.224754466293	1200	22.152407861788014	0.0	536667	2683.5589651262453	0.5499999999999999
10736.777298640767	1850	21.59986368731447	0.0	897976	4552.5441744735435	1.2000000000000002
10740.063648951933	1200	22.313513376147945	0.0	590335	3286.3503111665254	0.5499999999999999
10744.914260199057	1850	21.46290212902337	0.0	1076599	4850.611247124576	1.2000000000000002
10747.650774081747	1200	22.7263882463349	0.0	487160	2736.5138826884677	0.5499999999999999
10752.714375501135	1850	21.662786826945144	0.0	972798	5063.601419389755	1.2000000000000002
10756.303153412297	1200	22.07400891578261	0.0	641447	3588.777911162531	0.5499999999999999
10760.434951320081	1850	21.94221100799883	0.0	873429	4131.797907783785	1.2000000000000002
10765.096445420419	1850	21.280716907663063	0.0	954453	4661.494100335764	1.85
10768.38418572139	1200	21.99297660669118	0.0	584349	3287.7403009718837	0.5499999999999999
10775.055067129211	1850	19.322095198868983	0.0	1035329	6670.881407822199	1.2000000000000002
10777.059617193192	750	21.317545134888093	0.0	401088	2004.5500639808872	-0.3500000000000001
10779.771089444588	1200	22.606072883491173	0.0	598727	2711.472251396919	0.75
10783.947785066695	1850	22.42937726138465	0.0	728962	4176.69562210652	1.2000000000000002
10786.616470643856	1200	23.76069168422554	0.0	575591	2668.685577159112	0.5499999999999999
10790.853550111224	1850	23.52361221685836	0.0	908665	4237.079467367182	1.2000000000000002
10795.354382689828	1850	23.02277963825276	0.0	930577	4500.832578605601	1.85
10799.27127213169	1850	23.105890196391833	0.0	858450	3916.889441860926	1.85
10804.055588180443	1850	22.32157414763695	0.0	1025005	4784.316048754881	1.85
10808.630056331942	1850	21.747105996138274	0.0	886255	4574.468151498677	1.85
10811.690602416445	1200	22.68655991163632	0.0	634861	3060.546084501955	0.5499999999999999
10816.205476208075	1850	22.171686120005024	0.0	958994	4514.8737916312975	1.2000000000000002
10820.857766472023	1850	21.519395856056995	0.0	982064	4652.290263948027	1.85
10823.302728450755	1200	23.074433877325987	0.0	538612	2444.961978731008	0.5499999999999999
10827.081595425168	1850	23.29556690291264	0.0	846370	3778.866974413347	1.2000000000000002

