77932.21300148044	750	4.0	2.198009269399147	450283	2198.009269399147	0.20485946363779003	-8.70143985841633
77932.74008711048	300	7.472914369973596	0.0	155580	527.085630026404	0.29517025533821956	-0.15000000000000002
77934.21925975835	750	9.993741722094438	0.0	350812	1479.172647879159	0.23716771703627362	0.3
77936.7941419223	1200	11.41885955813357	0.0	617681	2574.882163960867	0.23988709411456685	0.75
77939.64672446938	1850	12.566277011059109	0.0	996749	2852.582547074463	0.34941986202020364	1.2000000000000002
77942.14025193967	1850	14.072749540768697	0.0	801058	2493.527470290412	0.3212549328388605	1.85
77946.56148731918	2850	13.651514161253495	0.0	1388403	4421.235379515201	0.3140305549966538	1.85
77951.30685248884	2850	12.906148991606509	0.0	1638769	4745.365169646986	0.3453409677472535	2.85
77953.7454105149	1850	14.467590965547192	0.0	852833	2438.558026059317	0.34972840132829186	0.8500000000000001
77958.76872562617	2850	13.444275854263655	0.0	1429765	5023.315111283538	0.28462578363607216	1.85
77962.68598744486	2850	13.52701403557434	0.0	1354548	3917.261818689316	0.3457894985567293	2.85
77967.15765688466	2850	13.055344595767524	0.0	1519951	4471.669439806814	0.33990683355737167	2.85
77971.04561112761	2850	13.167390352828557	0.0	1422919	3887.9542429389676	0.3659814162124482	2.85
77975.96211052073	2850	12.250890959703083	0.0	1578343	4916.499393125473	0.3210298372469909	2.85
77978.37206799396	1850	13.84093348648723	0.0	821631	2409.957473215852	0.34093174221187145	0.8500000000000001
77982.65720687252	2850	13.555794607913079	0.0	1471065	4285.138878574154	0.34329459130376777	1.85
77987.18998386875	2850	13.02301761168753	0.0	1491626	4532.776996225547	0.32907553167563286	2.85
77991.28419694165	2850	12.928804538794353	0.0	1358801	4094.2130728931775	0.33188331330294024	2.85
77994.33932750259	1850	13.873673977843477	0.0	987708	3055.130560950876	0.3232948577138997	0.8500000000000001
77998.46101269904	2850	13.751988781391905	0.0	1336050	4121.685196451571	0.3241513935004615	1.85
78003.11218888115	2850	13.100812599283563	0.0	1415116	4651.176182108341	0.3042490640203054	2.85
78007.61683034111	2850	12.596171139316345	0.0	1468126	4504.641459967218	0.3259140628720946	2.85
78010.75140458786	1850	13.461596892566847	0.0	968026	3134.5742467494983	0.30882216333010043	0.8500000000000001
78014.48820784828	2850	13.724793632155613	0.0	1323990	3736.8032604112336	0.35431086619590874	1.85
78018.86316068131	2850	13.34984079912225	0.0	1383735	4374.952833033363	0.31628569559699476	2.85
78023.36693012899	2850	12.846071351437967	0.0	1480464	4503.769447684283	0.32871664884205276	2.85
78026.50402864027	1850	13.70897284015748	0.0	1076599	3137.0985112804865	0.34318303876296147	0.8500000000000001
78029.74205511957	2850	14.470946360851258	0.0	1141971	3238.0264793062233	0.3526750035239606	1.85
78034.41531175976	2850	13.797689720677383	0.0	1498470	4673.256640173876	0.320647915442591	2.85
78040.93573338671	2850	11.277268093722055	0.0	1561263	6520.421626955327	0.23944203140879136	2.85
78043.8996953563	1850	12.313306124130188	0.0	873429	2963.961969591868	0.29468293080706076	0.8500000000000001
78046.90345649788	1850	13.309544982559915	0.0	954453	3003.761141570272	0.3177526291258439	1.85
78050.76082174153	2850	13.452179738911331	0.0	1358081	3857.3652436485845	0.3520747749350864	1.85
78055.31159000995	2850	12.901411470475173	0.0	1587293	4550.768268436158	0.3487967099993564	2.85
78058.40985053733	1850	13.803150943108223	0.0	1026056	3098.260527366951	0.3311716335462567	0.8500000000000001
78063.12107778415	2850	13.091923696283605	0.0	1439896	4711.227246824619	0.3056307676456265	1.85
78066.6575449403	2850	13.555456540120073	0.0	1139291	3536.467156163532	0.3221551196974604	2.85
78072.96447061806	2850	11.2485308623773	0.0	1499009	6306.925677742772	0.23767665525059595	2.85
78075.57251662515	1850	12.640484855282848	0.0	908665	2608.046007094453	0.34840834767800616	0.8500000000000001
78078.27807462019	1850	13.934926860253828	0.0	930577	2705.557995029019	0.3439501210876904	1.85
78082.07655035413	2850	14.136451126303708	0.0	1339500	3798.475733950121	0.35264145247204814	1.85
78086.75850860616	2850	13.454492874279241	0.0	1527299	4681.958252024466	0.3262094443793043	2.85
78091.38879650352	2850	12.82420497691435	0.0	1343002	4630.287897364891	0.29004719139911495	2.85
78094.35713478456	1850	13.85586669588488	0.0	973972	2968.3382810294715	0.3281202840742968	0.8500000000000001
78098.59724352996	2850	13.615757950481777	0.0	1464921	4240.108745403103	0.3454913748587671	1.85
78102.91043475218	2850	13.30256672825491	0.0	1483527	4313.1912222268675	0.3439511312076876	2.85
78106.43895233427	2850	13.774049146159374	0.0	1231456	3528.517582095535	0.34900095333198144	2.85
78114.37456847882	2850	9.83843300160965	0.0	1364537	7935.616144549724	0.1719509834075304	2.85

