20491.45249082273	300	4.0	2.744840879107145	450283	2744.8408791071447	0	-11.052815780160723
20492.315810207845	300	7.136680614884865	0.0	155580	863.3193851151356	0	-0.15000000000000002
20493.10023387441	750	10.35225694831927	0.0	139857	784.4236665655928	1	0.3
20495.32552910699	750	12.12696171573959	0.0	382355	2225.295232579681	1	0.3
20497.43880361713	750	14.013687205598158	0.0	411561	2113.274510141431	1	0.75
20499.16461401975	750	16.28787680297923	0.0	318564	1725.8104026189267	1	0.75
20501.28625805611	750	18.16623276662204	0.0	352642	2121.644036357192	1	0.75
20503.825407707984	750	19.627083114743705	0.0	437162	2539.149651878337	1	0.75
20505.58080880535	1850	21.871682017379683	0.0	374758	1755.4010973640225	3	0.75
20510.187154797622	1850	21.26533602510735	0.0	913888	4606.345992272335	3	0.75
20514.727340690508	1850	20.725150132221696	0.0	939819	4540.185892885652	3	1.85
20519.925029802238	1850	19.52746102049389	0.0	917428	5197.689111727806	3	1.85
20524.981755356734	1850	18.470735465999628	0.0	946851	5056.725554494263	3	1.85
20530.995482459017	1850	16.457008363715197	0.0	1036454	6013.727102284427	3	1.85
20535.31699491478	1850	16.135495907948304	0.0	821631	4321.512455766893	3	1.85
20539.62905657762	1850	15.823434245105757	0.0	923170	4312.061662842549	3	1.85
20544.47756693017	1850	14.974923892555918	0.0	966699	4848.510352549837	3	1.85
20548.811925998893	1850	14.640564823832857	0.0	885714	4334.35906872306	3	1.85
20555.0654262947	1850	12.387064528025958	0.0	987708	6253.5002958069	3	1.85
20560.03048005384	1200	11.422010768887455	0.0	923755	4965.053759138503	2	1.85
20563.48222833542	750	11.970262487309453	0.0	601738	3451.7482815780013	1	0.5499999999999999
20565.63187113261	750	13.820619690117812	0.0	399894	2149.6427971916423	1	0.3
20567.544396544443	750	15.908094278283743	0.0	401853	1912.5254118340688	1	0.75
20569.09503421212	750	18.35745661060409	0.0	343800	1550.6376676796533	1	0.75
20570.784268735893	1850	20.668222086829502	0.0	359903	1689.234523774587	3	0.75
20576.477360005018	1850	18.975130817704468	0.0	905935	5693.091269125035	3	0.75
20585.654643832913	750	13.797846989807944	0.0	1076599	9177.283827896523	1	1.85
20587.273863992807	750	16.178626829915302	0.0	277716	1619.220159892641	1	-0.3500000000000001
20589.23519278645	750	18.217298036271778	0.0	400396	1961.3287936435233	1	0.75
20591.195905589615	750	20.256585233108243	0.0	400508	1960.7128031635377	1	0.75
20592.840266419345	1850	22.612224403377056	0.0	358218	1644.3608297311882	3	0.75
20597.297042117396	1850	22.155448705325426	0.0	954453	4456.775698051628	3	0.75
20601.425486135708	1850	22.027004687014436	0.0	885062	4128.444018310991	3	1.85
20607.078637917082	1850	20.373852905637488	0.0	1035329	5653.151781376951	3	1.85
20612.007265673084	1850	19.445225149635107	0.0	1026056	4928.627756002382	3	1.85
20616.57716471156	1850	18.87532611115934	0.0	943942	4569.899038475765	3	1.85
20620.176253282043	1850	19.27623754067669	0.0	728962	3599.0885704826505	3	1.85
20624.735602958153	1850	18.716887864567127	0.0	938587	4559.3496761095585	3	1.85
20629.73126995726	1850	17.721220865458	0.0	908665	4995.666999109126	3	1.85
20634.049502216327	1850	17.402988606392885	0.0	930577	4318.2322590651165	3	1.85
20638.377380266254	1850	17.075110556468026	0.0	858450	4327.878049924859	3	1.85
20643.951244515978	1850	15.501246306743313	0.0	1025005	5573.864249724712	3	1.85
20647.900152910584	1850	15.552337912140088	0.0	886255	3948.908394603227	3	1.85
20652.23694124674	1850	15.215549575980802	0.0	973972	4336.788336159285	3	1.85
20656.861683112307	1850	14.590807710412243	0.0	958994	4624.741865568559	3	1.85
20661.847817996786	1850	13.604672825935307	0.0	982064	4986.134884476936	3	1.85
20666.29401160466	1850	13.158479218060481	0.0	830730	4446.193607874823	3	1.85
20670.262452455536	1850	13.190038367182524	0.0	846370	3968.4408508779575	3	1.85

