34971.37317743102	300	4.0	3.7271951511160117	181801	3727.195151116012	-15.726939149798849
34974.74639655546	300	4.62678087556271	0.0	155580	3373.2191244372907	0.3
34977.84554528215	300	5.527632148874569	0.0	139857	3099.1487266881404	0.3
34981.41290337589	300	5.960274055136997	0.0	155432	3567.3580937375723	0.3
34984.870974408426	300	6.50220302259914	0.0	163442	3458.071032537857	0.3
34987.82486617336	300	7.548311257668312	0.0	126289	2953.8917649308287	0.3
34990.98524877034	300	8.387928660686283	0.0	153295	3160.3825969820296	0.3
34994.51940276954	300	8.853774661482017	0.0	173849	3534.153999204265	0.3
34997.85453845817	300	9.518638972853573	0.0	150710	3335.1356886284443	0.3
35000.97152780242	300	10.401649628596337	0.0	139105	3116.989344257236	0.3
35004.45426039097	300	10.918917040047752	0.0	141840	3482.7325885485843	0.3
35008.2462216316	300	11.126955799417766	0.0	156148	3791.9612406299866	0.3
35011.690835872134	300	11.682341558886804	0.0	160746	3444.614240530963	0.3
35015.27434059175	300	12.098836839275195	0.0	179801	3583.504719611609	0.3
35018.15800193299	300	13.215175498029753	0.0	140051	2883.6613412454426	0.3
35021.00558962657	300	14.367587804447679	0.0	138313	2847.5876935820743	0.3
35030.09784677757	750	9.275330653448883	0.0	360831	9092.257150998797	0.3
35034.016846956816	300	9.356330474202842	0.0	150616	3919.0001792460407	-0.15000000000000002
35037.69386670637	300	9.679310724648284	0.0	165384	3677.0197495545585	0.3
35040.71262940926	300	10.660548021761294	0.0	140881	3018.7627028869892	0.3
35044.59887776021	300	10.774299670811235	0.0	157671	3886.248350950058	0.3
35047.87440478629	300	11.498772644721976	0.0	157812	3275.52702608926	0.3
35051.703254768014	300	11.669922663002708	0.0	163927	3828.849981719267	0.3
35054.876338530004	300	12.496838901013136	0.0	137654	3173.083761989573	0.3
35058.20659025262	300	13.166587178396146	0.0	146754	3330.251722616989	0.3
35068.004465951904	750	7.36871147911376	0.0	379700	9797.875699282387	0.3
35073.98019515002	300	5.392982281003832	0.0	181901	5975.729198109928	-0.15000000000000002
35077.85445158709	300	5.51872584393595	0.0	111155	3874.2564370678815	0.3
35082.98796150978	300	4.3852159212464406	0.0	153605	5133.50992268951	0.3
35086.93677608917	300	4.436401341855832	0.0	149029	3948.814579390609	0.3
35090.623886937785	300	4.749290493240808	0.0	157421	3687.1108486150233	0.3
35093.89116505701	300	5.482012374010328	0.0	157488	3267.2781192304797	0.3
35097.700836350086	300	5.672341080935859	0.0	143881	3809.6712930744684	0.3
35102.192790275214	300	5.180387155799867	0.0	163444	4491.953925135992	0.3
35106.80420083419	300	4.568976596828606	0.0	179328	4611.410558971261	0.3
35110.419336045634	300	4.953841385379575	0.0	159914	3615.135211449031	0.3
35113.4176502655	300	5.955527165506713	0.0	131610	2998.3142198728624	0.3
35116.2768223987	300	7.096355032304027	0.0	124011	2859.172133202686	0.3
35119.551624562075	300	7.821552868924122	0.0	144254	3274.8021633799053	0.3
35123.05925503652	300	8.313922394485358	0.0	149991	3507.630474438763	0.3
35126.07847025766	300	9.294707173348169	0.0	147968	3019.215221137191	0.3
35129.940940352804	300	9.43223707820166	0.0	161857	3862.4700951465084	0.3
35133.08070841362	300	10.29246901739376	0.0	145210	3139.7680608079	0.3
35137.39874179315	300	9.974435637859768	0.0	172312	4318.033379533992	0.3
35140.94865759563	300	10.424519835370019	0.0	167025	3549.9158024897506	0.3
35144.03091145357	300	11.342265977436007	0.0	160064	3082.2538579340107	0.3
35146.81997607267	300	12.55320135833667	0.0	137507	2789.0646190993375	0.3
35149.56330371558	300	13.809873715429118	0.0	118421	2743.3276429075518	0.3

