65973.0593965786	750	4.0	0.9954299952297705	450283	995.4299952297705	1	-3.5303489794880125
65973.96616439363	750	7.093232184968456	0.0	398865	906.7678150315443	1	0.75
65974.85841603101	1850	10.20098054757651	0.0	350812	892.2516373919452	3	0.75
65976.9763132363	1850	12.08308334229981	0.0	933276	2117.8972052767003	3	0.75
65982.59006975866	1850	10.46932681992914	0.0	996749	5613.75652237067	3	1.85
65984.25958331853	1850	12.799813260067415	0.0	801058	1669.5135598617258	3	1.85
65986.07243419181	1850	14.986962386781496	0.0	905515	1812.85087328592	3	1.85
65988.38446203456	1850	16.67493454403072	0.0	1060487	2312.027842750777	3	1.85
65990.0373682971	1850	19.022028281503676	0.0	852833	1652.9062625270415	3	1.85
65992.0111987977	1850	21.048197780893858	0.0	913888	1973.83050060982	3	1.85
65996.32093645202	1850	20.738460126580158	0.0	939819	4309.7376543137	3	1.85
65999.11874334984	1850	21.940653228752964	0.0	917428	2797.8068978271945	3	1.85
66001.57416391514	1850	23.485232663459787	0.0	946851	2455.4205652931796	3	1.85
66004.38170060904	1850	24.67769596955742	0.0	1036454	2807.5366939023666	3	1.85
66006.13830115637	1850	26.92109542221248	0.0	821631	1756.6005473449359	3	1.85
66008.09035079206	1850	28.969045786525136	0.0	923170	1952.0496356873452	3	1.85
66010.2841126352	4300	30.77528394339084	0.0	966699	2193.7618431343003	5	1.85
66014.5503165947	4300	30.509079983888558	0.0	2059512	4266.203959502282	5	1.8499999999999996
66019.87904648282	4300	29.18035009577303	0.0	2220726	5328.729888115531	5	4.3
66027.4451850523	4300	25.61421152629225	0.0	2156729	7566.138569480776	5	4.3
66033.20123030282	4300	23.858166275784907	0.0	2039773	5756.045250507344	5	4.3
66037.73269886186	4300	23.32669771674276	0.0	2176469	4531.468559042145	5	4.3
66043.27621694205	4300	21.783179636542243	0.0	2221506	5543.518080200517	5	4.3
66047.52368730016	4300	21.53570927843557	0.0	2044075	4247.470358106674	5	4.3
66052.41332588512	4300	20.646070693473064	0.0	2186790	4889.6385849625085	5	4.3
66057.64198992326	4300	19.417406655329177	0.0	2105231	5228.664038143885	5	4.3
66065.47215344153	4300	15.587243137062694	0.0	2395588	7830.163518266482	5	4.3
66069.57396157483	4300	15.485435003747417	0.0	1972048	4101.808133315277	5	4.3
66075.71503306624	4300	13.344363512352286	0.0	2134614	6141.071491395131	5	4.3
66081.02991951616	4300	12.029477062420202	0.0	2164140	5314.886449932083	5	4.3
66086.60060266663	4300	10.458793911958008	0.0	2113193	5570.683150462194	5	4.3
66092.27704980627	1850	8.782346772311223	0.0	2147852	5676.447139646784	3	4.3
66094.15434990489	1850	10.90504667370398	0.0	885062	1877.300098607242	3	-0.6000000000000001
66097.10850822013	1850	11.950888358457027	0.0	1035329	2954.1583152469543	3	1.85
66099.8004992585	1850	13.258897320075741	0.0	1026056	2691.9910383812853	3	1.85
66102.2834558659	1850	14.775940712686177	0.0	943942	2482.956607389565	3	1.85
66104.21914620962	1850	16.84025036896176	0.0	728962	1935.6903437244152	3	1.85
66106.68847080081	1850	18.37092577776871	0.0	938587	2469.3245911930494	3	1.85
66109.08162411494	1850	19.97777246363115	0.0	908665	2393.1533141375626	3	1.85
66111.35258062628	1850	21.706815952307906	0.0	930577	2270.956511323245	3	1.85
66113.2060420876	1850	23.853354490983907	0.0	858450	1853.461461323999	3	1.85
66115.87783340449	1850	25.181563174080154	0.0	1025005	2671.791316903751	3	1.85
66117.81817924097	1850	27.24121733760466	0.0	886255	1940.345836475496	3	1.85
66119.96232705268	1850	29.097069525892483	0.0	973972	2144.1478117121783	3	1.85
66122.07341337294	1850	30.985983205633826	0.0	958994	2111.086320258656	3	1.85
66124.32635851715	1850	32.73303806142462	0.0	982064	2252.945144209202	3	1.85
66126.32060932668	1850	34.73878725189703	0.0	830730	1994.2508095275934	3	1.85
66128.7465616981	1850	36.3128348804654	0.0	846370	2425.95237143163	3	1.85

