71543.2412491039	750	4.0	1.7469412006908054	450283	1746.9412006908053	-6.761847162970463
71544.58298089886	750	6.658268205051448	0.0	398865	1341.731794948551	0.75
71545.88780211845	750	9.35344698545291	0.0	350812	1304.821219598538	0.75
71547.30275222682	750	11.938496877076917	0.0	382355	1414.9501083759933	0.75
71548.81967184748	750	14.421577256427698	0.0	411561	1516.9196206492193	0.75
71550.09212567918	750	17.149123424725463	0.0	318564	1272.453831702235	0.75
71553.3804100346	1850	17.86083906931511	0.0	905515	3288.2843554103524	0.75
71557.87724762868	1850	17.364001475224715	0.0	1060487	4496.837594090395	1.85
71561.41837751366	1850	17.822871590252664	0.0	852833	3541.1298849720524	1.85
71564.71135074746	1850	18.529898356462034	0.0	913888	3292.9732337906294	1.85
71568.70462674924	1850	18.53662235465911	0.0	939819	3993.2760018029253	1.85
71572.1011639414	1850	19.14008516249987	0.0	917428	3396.537192159242	1.85
71575.20118630904	1850	20.04006279487037	0.0	946851	3100.022367629498	1.85
71579.29926852784	1850	19.941980576057833	0.0	1036454	4098.082218812536	1.85
71582.54545837591	1850	20.695790727987156	0.0	821631	3246.1898480706795	1.85
71588.11539890955	1850	19.125850194346594	0.0	923170	5569.940533640562	1.85
71592.11527073913	1850	19.125978364782252	0.0	966699	3999.871829564342	1.85
71595.71742089585	1850	19.523828208062863	0.0	885714	3602.1501567193895	1.85
71599.64266190288	1850	19.59858720102697	0.0	987708	3925.2410070358924	1.85
71602.99331783272	1850	20.247931271175943	0.0	923755	3350.655929851025	1.85
71606.24600364573	1850	20.9952454581672	0.0	891604	3252.685813008744	1.85
71613.37998740058	1850	17.86126170332511	0.0	955231	7133.98375484209	1.85
71617.98709684586	1850	17.25415225804737	0.0	968026	4607.109445277738	1.85
71621.7937527361	1850	17.447496367794297	0.0	874175	3806.6558902530714	1.85
71625.70866673243	1850	17.532582371467694	0.0	897976	3914.9139963266	1.85
71630.97644028351	1850	16.264808820387692	0.0	905935	5267.773551080001	1.85
71635.29130405265	1850	15.949945051248669	0.0	1076599	4314.863769139026	1.85
71638.16874263884	1850	17.0725064650601	0.0	758197	2877.438586188567	1.85
71641.8079476945	1850	17.433301409402098	0.0	972798	3639.2050556580048	1.85
71645.69564780901	1850	17.54560129487785	0.0	975811	3887.700114524248	1.85
71648.45986387618	1850	18.78138522771607	0.0	873429	2764.216067161783	1.85
71651.65054173654	1850	19.59070736735067	0.0	954453	3190.6778603653975	1.85
71654.19014970127	1850	21.05109940262488	0.0	885062	2539.6079647257907	1.85
71658.11559251914	1850	21.12565658475443	0.0	1035329	3925.4428178704525	1.85
71662.27411556675	1850	20.967133537149813	0.0	1026056	4158.5230476046145	1.85
71665.21255000353	1850	22.028699100372677	0.0	943942	2938.434436777137	1.85
71668.00491708181	1850	23.236332022097972	0.0	728962	2792.367078274705	1.85
71670.85321452697	1850	24.388034576934146	0.0	938587	2848.297445163826	1.85
71673.55188638596	1850	25.689362717940288	0.0	908665	2698.671858993861	1.85
71677.34984055733	1850	25.89140854656865	0.0	930577	3797.9541713716394	1.85
71681.28760718614	1850	25.953641917769787	0.0	858450	3937.7666287988623	1.85
71684.81496002211	1850	26.426289081804942	0.0	1025005	3527.3528359648435	1.85
71687.89460119548	1850	27.346647908426874	0.0	886255	3079.641173378066	1.85
71691.08766281123	1850	28.15358629267045	0.0	973972	3193.0616157564255	1.85
71695.18084531328	1850	28.060403790625276	0.0	958994	4093.182502045172	1.85
71698.32246300085	1850	28.918786103056178	0.0	982064	3141.6176875691026	1.85
71700.73717643146	1850	30.50407267244142	0.0	830730	2414.7134306147555	1.85
71703.47971516644	1850	31.761533937467902	0.0	846370	2742.538734973516	1.85

