73778.8100106774	750	4.0	2.288953280585714	450283	2288.953280585714	-9.09249910651857
73780.83657307639	750	5.973437601008516	0.0	398865	2026.5623989914843	0.75
73782.5858057493	750	8.224204928106392	0.0	350812	1749.2326729021247	0.75
73784.53784262815	750	10.272168049249155	0.0	382355	1952.0368788572373	0.75
73786.56628222261	750	12.243728454786277	0.0	411561	2028.4395944628775	0.75
73788.15899805739	750	14.651012620011462	0.0	318564	1592.7158347748139	0.75
73789.99829402602	750	16.811716651395177	0.0	352642	1839.2959686162844	0.75
73792.30252800732	750	18.507482670100067	0.0	437162	2304.2339812951113	0.75
73794.19564664252	750	20.6143640348974	0.0	374758	1893.1186352026655	0.75
73798.52418938519	1850	20.285821292231052	0.0	913888	4328.542742666347	0.75
73802.90256108399	1850	19.9074495934369	0.0	939819	4378.3716987941525	1.85
73807.04971116956	1850	19.76029950787379	0.0	917428	4147.150085563114	1.85
73811.5265824583	1850	19.283428219133686	0.0	946851	4476.8712887401025	1.85
73816.84893692844	1850	17.961073748994693	0.0	1036454	5322.354470138993	1.85
73821.03650526867	1850	17.77350540876181	0.0	821631	4187.5683402328805	1.85
73826.01401759936	1850	16.795993078064797	0.0	923170	4977.512330697015	1.85
73830.61350373675	1850	16.196506940669796	0.0	966699	4599.486137395002	1.85
73834.65350125564	1850	16.15650942177765	0.0	885714	4039.9975188921444	1.85
73839.39677149859	1850	15.41323917883423	0.0	987708	4743.270242943419	1.85
73843.88117507703	1850	14.92883560040897	0.0	923755	4484.403578425262	1.85
73848.62805610914	1850	14.181954568283796	0.0	891604	4746.881032125173	1.85
73853.04578913566	1850	13.764221541759834	0.0	955231	4417.733026523962	1.85
73857.89308841483	1850	12.91692226258789	0.0	968026	4847.299279171943	1.85
73861.9642592998	1850	12.845751377620415	0.0	874175	4071.1708849674756	1.85
73866.36170008486	1850	12.448310592555238	0.0	897976	4397.440785065177	1.85
73870.75490022077	1850	12.05511045665112	0.0	905935	4393.200135904118	1.85
73876.49978492556	1850	10.310225751854206	0.0	1076599	5744.884704796915	1.85
73880.13226345192	1850	10.677747225506588	0.0	758197	3632.4785263476197	1.85
73884.9723045482	1850	9.837706129230734	0.0	972798	4840.041096275854	1.85
73889.24255821075	1850	9.567452466660313	0.0	975811	4270.253662570421	1.85
73893.5765071848	1850	9.233503492611474	0.0	873429	4333.948974048838	1.85
73897.94792096254	1850	8.862089714877392	0.0	954453	4371.413777734082	1.85
73902.30529457837	1850	8.504716099039454	0.0	885062	4357.373615837938	1.85
73907.33620778105	1850	7.473802896359883	0.0	1035329	5030.913202679571	1.85
73911.95931829572	1850	6.850692381693731	0.0	1026056	4623.110514666152	1.85
73916.22557530882	1850	6.584435368587182	0.0	943942	4266.2570131065495	1.85
73919.56618673365	1850	7.243823943773577	0.0	728962	3340.6114248136046	1.85
73923.97328310214	1850	6.8367275752771555	0.0	938587	4407.096368496422	1.85
73928.0069408849	1850	6.803069792524606	0.0	908665	4033.65778275255	1.85
73932.62307710965	1850	6.186933567763036	0.0	930577	4616.13622476157	1.85
73937.21377324662	1850	5.596237430789374	0.0	858450	4590.696136973662	1.85
73939.14324050183	750	7.666770175583075	0.0	384505	1929.4672552062993	-0.3500000000000001
73941.00114501268	750	9.808865664728287	0.0	372093	1857.9045108547864	0.75
73943.23757898326	750	11.572431694146545	0.0	438281	2236.4339705817433	0.75
73945.32857566909	750	13.481435008315943	0.0	398987	2090.9966858306016	0.75
73947.25846681291	750	15.55154386450624	0.0	393804	1929.8911438097025	0.75
73948.82723527052	750	17.982775406877735	0.0	331053	1568.768457628505	0.75
73950.41100509882	750	20.399005578591698	0.0	314107	1583.7698282860351	0.75

