57879.77654608337	300	4.0	1.9582933944616088	450283	1958.2933944616088	0	-7.670661596184917
57880.29687417775	750	7.479671905616021	0.0	155580	520.3280943839789	1	-0.15000000000000002
57881.369754878666	1850	10.406791204709528	0.0	350812	1072.8807009064944	3	0.3
57883.783304470024	1850	11.99324161334848	0.0	933276	2413.5495913610457	3	0.75
57886.32352894984	1850	13.453017133528821	0.0	996749	2540.22447981966	3	1.85
57888.40859756772	1850	15.367948515651399	0.0	801058	2085.068617877422	3	1.85
57890.80772915681	1850	16.968816926561615	0.0	905515	2399.131589089782	3	1.85
57893.53709230326	1850	18.23945378011823	0.0	1060487	2729.3631464433856	3	1.85
57895.80641236626	1850	19.97013371711404	0.0	852833	2269.3200630041897	3	1.85
57898.134675988076	1850	21.64187009530236	0.0	913888	2328.2636218116813	3	1.85
57900.51435779855	1850	23.262188284827708	0.0	939819	2379.681810474649	3	1.85
57902.839250149125	1850	24.937295934257936	0.0	917428	2324.8923505697753	3	1.85
57905.236138849956	1850	26.540407233423274	0.0	946851	2396.8887008346624	3	1.85
57911.4723019053	1850	24.30424417808794	0.0	1036454	6236.1630553353325	3	1.85
57913.444153530276	1850	26.33239255310682	0.0	821631	1971.8516249811216	3	1.85
57915.8200506276	1850	27.95649545578514	0.0	923170	2375.8970973216788	3	1.85
57918.536989706656	1850	29.239556376722202	0.0	966699	2716.9390790629404	3	1.85
57921.46989737169	1850	30.30664871169481	0.0	885714	2932.907665027394	3	1.85
57924.64337322189	1850	31.133172861493335	0.0	987708	3173.4758502014733	3	1.85
57927.173707185844	1850	32.602838897536756	0.0	923755	2530.3339639565784	3	1.85
57929.60936275218	1850	34.16718333120003	0.0	891604	2435.6555663367267	3	1.85
57932.25928642738	1850	35.51725965599191	0.0	955231	2649.923675208128	3	1.85
57935.05854650596	4300	36.71799957741471	0.0	968026	2799.2600785771906	5	1.85
57941.764789761335	4300	34.01175632204191	0.0	2044075	6706.243255372801	5	1.8499999999999996
57950.422826208676	4300	29.35371987470241	0.0	2186790	8658.036447339504	5	4.3
57956.13889624502	4300	27.637649838351933	0.0	2105231	5716.070036350476	5	4.3
57960.71259747013	4300	27.06394861325291	0.0	2395588	4573.701225099021	5	4.3
57966.94092302298	4300	24.835623060402995	0.0	1972048	6228.325552849917	5	4.3
57978.282983740784	1850	17.49356234259518	0.0	2134614	11342.060717807815	3	4.3
57981.696381622816	1850	18.080164460562543	0.0	975811	3413.3978820326333	3	-0.6000000000000001
57984.73018396891	1850	19.046362114468824	0.0	873429	3033.802346093724	3	1.85
57987.88607528271	1850	19.890470800671086	0.0	954453	3155.891313797736	3	1.85
57990.864855940745	1850	20.91169014263772	0.0	885062	2978.780658033367	3	1.85
57994.39856209827	1850	21.377983985112404	0.0	1035329	3533.706157525312	3	1.85
57999.00469693334	1850	20.77184915004032	0.0	1026056	4606.134835072083	3	1.85
58001.97304234799	1850	21.80350373539694	0.0	943942	2968.345414643379	3	1.85
58004.34875490758	1850	23.427791175806448	0.0	728962	2375.7125595904945	3	1.85
58006.86250414384	1850	24.91404193954575	0.0	938587	2513.7492362606954	3	1.85
58009.54096585671	1850	26.235580226681193	0.0	908665	2678.4617128645536	3	1.85
58011.9625569361	1850	27.81398914729265	0.0	930577	2421.591079388544	3	1.85
58014.036839968176	1850	29.739706115215814	0.0	858450	2074.283032076839	3	1.85
58016.49805038147	1850	31.278495701919848	0.0	1025005	2461.2104132959635	3	1.85
58018.67556676524	4300	33.100979318155794	0.0	886255	2177.5163837640607	5	1.85
58024.59449201913	4300	31.182054064268783	0.0	2219102	5918.925253887004	5	1.8499999999999996
58032.733904872344	4300	27.04264121105438	0.0	2124950	8139.412853214404	5	4.3
58039.56696864162	4300	24.20957744177403	0.0	2246506	6833.063769280355	5	4.3
58045.564641305784	4300	22.21190477761857	0.0	1961140	5997.672664155456	5	4.3
58052.14870645662	4300	19.627839626785	0.0	2155012	6584.065150833573	5	4.3

