52915.1164117517	300	4.0	0.9858658642163988	181801	985.8658642163988	-3.9392232161305145
52915.87612010578	300	7.240291645912271	0.0	155580	759.7083540877278	0.3
52916.567136761376	300	10.549274990316132	0.0	139857	691.0166555961392	0.3
52917.32619852312	300	13.790213228569353	0.0	155432	759.0617617467778	0.3
52919.204253863885	750	15.912157887801264	0.0	411561	1878.0553407680895	0.3
52920.67601766458	750	18.44039408710964	0.0	318564	1471.7638006916247	0.75
52922.29666372064	750	20.819748031047137	0.0	352642	1620.646056062505	0.75
52925.47652351823	1200	21.639888233455657	0.0	709534	3179.8597975914768	0.75
52929.28243761221	1850	21.83397413947379	0.0	852833	3805.9140939818694	1.2000000000000002
52931.68248269278	1200	23.433929058898993	0.0	560821	2400.045080574796	0.5499999999999999
52935.46157583452	1850	23.654835917155236	0.0	939819	3779.0931417437573	1.2000000000000002
52939.15253882084	1850	23.963872930831602	0.0	917428	3690.962986323635	1.85
52942.95930965688	1850	24.157102094794855	0.0	946851	3806.7708360367455	1.85
52947.11875461717	1850	23.99765713450688	0.0	1036454	4159.444960287975	1.85
52950.432664122236	1850	24.683747629438283	0.0	821631	3313.9095050685983	1.85
52954.14622741013	1850	24.97018434154606	0.0	923170	3713.563287892227	1.85
52958.03111924678	1850	25.085292504893946	0.0	966699	3884.891836652109	1.85
52961.59725709135	1850	25.519154660323416	0.0	885714	3566.1378445705295	1.85
52967.727446774035	2850	23.388964977639553	0.0	1537156	6130.189682683865	1.85
52971.44331260049	1850	23.673099151186264	0.0	923755	3715.8658264532905	0.8500000000000001
52975.0326332692	1850	24.08377848247101	0.0	891604	3589.3206687152538	1.85
52978.87238747813	1850	24.24402427354245	0.0	955231	3839.7542089285607	1.85
52982.76250233815	1850	24.35390941352191	0.0	968026	3890.1148600205383	1.85
52986.2832231016	1850	24.83318865007294	0.0	874175	3520.720763448972	1.85
52989.89762372879	1850	25.218788022877185	0.0	897976	3614.4006271957605	1.85
52993.54335068831	1850	25.573061063360903	0.0	905935	3645.72695951628	1.85
52999.71453736528	2850	23.40187438640005	0.0	1547572	6171.186676960851	1.85
53002.77877297106	1850	24.337638780617773	0.0	758197	3064.235605782275	0.8500000000000001
53006.687670248204	1850	24.42874150348032	0.0	972798	3908.897277137453	1.85
53010.60842658292	1850	24.507985168762552	0.0	975811	3920.7563347177675	1.85
53014.126211117706	1850	24.990200633974357	0.0	873429	3517.784534788197	1.85
53017.96290314715	1850	25.153508604533844	0.0	954453	3836.692029440514	1.85
53023.38826019253	2850	23.728151559153293	0.0	1358081	5425.357045380551	1.85
53027.54327719405	1850	23.573134557636592	0.0	1035329	4155.017001516699	0.8500000000000001
53031.66179600739	1850	23.454615744285263	0.0	1026056	4118.518813351328	1.85
53035.45711712604	1850	23.6592946256402	0.0	943942	3795.3211186450644	1.85
53038.40628484322	1850	24.710126908460815	0.0	728962	2949.1677171793854	1.85
53042.18052887812	1850	24.93588287356702	0.0	938587	3774.244034893791	1.85
53045.837001017586	1850	25.27941073409911	0.0	908665	3656.4721394679095	1.85
53051.43635125892	2850	23.680060492769208	0.0	1402287	5599.350241329903	1.85
53054.89517899865	1850	24.221232753034293	0.0	858450	3458.8277397349157	0.8500000000000001
53059.00956111453	1850	24.106850637166172	0.0	1025005	4114.382115868119	1.85
53062.577828315276	1850	24.53858343642208	0.0	886255	3568.2672007440938	1.85
53066.491346413386	1850	24.625065338309092	0.0	973972	3913.518098112989	1.85
53070.34591165241	1850	24.77050009928603	0.0	958994	3854.5652390230593	1.85
53074.291279565965	1850	24.82513218572667	0.0	982064	3945.367913559358	1.85
53079.21824525187	2850	23.89816649982417	0.0	1231456	4926.965685902498	1.85
53082.62952655431	1850	24.486885197384378	0.0	846370	3411.281302439793	0.8500000000000001

