90269.56824142192	750	4.0	1.950485578016047	450283	1950.4855780160472	-7.637087985469002
90270.56736639187	750	7.000875030060979	0.0	398865	999.124969939021	0.75
90271.96091409457	1200	9.607327327366777	0.0	571051	1393.5477026942035	0.75
90275.53091983692	2850	10.03732158500505	0.0	1520281	3570.005742361727	1.2000000000000002
90278.99706413306	2850	10.571177288872326	0.0	1472558	3466.1442961327234	2.85
90281.84555568923	2850	11.722685732707674	0.0	1224260	2848.491556164652	2.85
90285.09224003763	2850	12.476001384309649	0.0	1388403	3246.6843483980247	2.85
90291.59137736999	4300	9.976864051953365	0.0	2290172	6499.137332356285	2.8499999999999996
90294.73726643268	2850	10.830974989245943	0.0	1348011	3145.8890627074225	1.4000000000000001
90298.08076084008	2850	11.487480581860016	0.0	1429765	3343.4944073859274	2.85
90301.26286283408	2850	12.30537858785033	0.0	1354548	3182.101994009687	2.85
90304.83634509322	2850	12.731896328715964	0.0	1519951	3573.482259134366	2.85
90308.19055855347	2850	13.377682868464234	0.0	1422919	3354.2134602517312	2.85
90311.86653666405	2850	13.701704757888274	0.0	1578343	3675.978110575959	2.85
90316.53992359505	4300	13.028317826908294	0.0	2005399	4673.386930979979	2.8499999999999996
90321.55705156083	4300	12.011189861118824	0.0	2152483	5017.12796578947	4.3
90326.86153399176	4300	10.706707430196042	0.0	2289689	5304.482430922783	4.3
90331.66962408285	4300	9.898617339105265	0.0	2059512	4808.090091090778	4.3
90336.854253903	4300	8.713987518947146	0.0	2220726	5184.629820158119	4.3
90341.86084624354	4300	7.70739517841338	0.0	2156729	5006.592340533766	4.3
90346.62974875742	4300	6.938492664527779	0.0	2039773	4768.902513885601	4.3
90351.83584434565	4300	5.732397076292774	0.0	2176469	5206.0955882350045	4.3
90357.02829682581	4300	4.539944596135775	0.0	2221506	5192.452480156999	4.3
90360.13916334932	2850	5.429078072632274	0.0	1323990	3110.8665235035014	1.4000000000000001
90365.27400281392	2850	4.294238608034808	0.0	1383735	5134.839464597466	2.85
90366.71525896003	1200	6.852982461934542	0.0	590335	1441.2561461002658	-0.44999999999999996
90368.43741812755	1200	9.130823294401434	0.0	696376	1722.1591675331085	1.2
90369.65697295494	1200	11.911268467013826	0.0	487160	1219.5548273876095	1.2
90371.9474265237	1850	13.620814898252972	0.0	972798	2290.4535687608554	1.2000000000000002
90375.58251093676	2850	13.985730485205362	0.0	1561263	3635.084413047609	1.85
90378.80389860235	2850	14.764342819604579	0.0	1341201	3221.387665600784	2.85
90383.8063420004	4300	13.761899421539834	0.0	2147852	5002.4433980647445	2.8499999999999996
90388.86598057818	4300	12.702260843761902	0.0	2191074	5059.6385777779315	4.3
90394.1502786438	4300	11.417962778142966	0.0	2286761	5284.298065618936	4.3
90399.65552482218	4300	9.912716599750247	0.0	2307787	5505.246178392719	4.3
90404.65244063117	4300	8.915800790775497	0.0	2143948	4996.91580897475	4.3
90409.23218779429	4300	8.33605362765253	0.0	1919781	4579.747163122966	4.3
90414.18022698119	4300	7.38801444073797	0.0	2147467	4948.0391869145615	4.3
90419.1710106953	4300	6.397230726636653	0.0	2133870	4990.783714101317	4.3
90425.55733505737	4300	4.010906364573155	0.0	2146120	6386.324362063498	4.3
90427.62940081515	1850	5.938840606786998	0.0	858450	2072.0657577861566	-0.6000000000000001
90431.26164432366	2850	6.30659709827146	0.0	1527299	3632.243508515538	1.85
90434.44992577414	2850	7.1183156477839304	0.0	1343002	3188.2814504875305	2.85
90438.16012979034	2850	7.408111631582789	0.0	1587250	3710.2040162011417	2.85
90441.57334611606	2850	7.994895305866327	0.0	1464921	3413.2163257164625	2.85
90446.87198337767	4300	6.696258044256672	0.0	2246506	5298.637261609654	2.8499999999999996
90451.45978281314	4300	6.108458608786589	0.0	1961140	4587.799435470083	4.3
90456.58482479918	4300	4.983416622733375	0.0	2155012	5125.041986053214	4.3

