22630.649033840324	300	4.0	1.0259637405164677	181801	1025.9637405164676	-4.111644084220811
22631.429424554735	300	7.219609285590385	0.0	155580	780.3907144096145	0.3
22632.13903339999	300	10.510000440332734	0.0	139857	709.6088452576516	0.3
22632.918757847365	300	13.730275992960866	0.0	155432	779.7244473718678	0.3
22633.734541747253	300	16.914492093073118	0.0	163442	815.7838998877504	0.3
22634.383070111642	300	20.26596372868132	0.0	126289	648.5283643917971	0.3
22635.153174203206	300	23.495859637117995	0.0	153295	770.1040915633233	0.3
22636.015808380536	300	26.63322545978545	0.0	173849	862.6341773325431	0.3
22636.774275307962	300	29.87475853236115	0.0	150710	758.4669274243026	0.3
22637.480498796376	300	33.16853504394393	0.0	139105	706.2234884172093	0.3
22638.19903471958	300	36.44999912074134	0.0	141840	718.5359232025949	0.3
22638.981982458838	300	39.66705138148416	0.0	156148	782.9477392571825	0.3
22639.78562949431	300	42.86340434601373	0.0	160746	803.6470354704196	0.3
22640.67505841089	300	45.97397542943344	0.0	179801	889.4289165803	0.3
22641.385540606185	300	49.263493234139816	0.0	140051	710.4821952936169	0.3
22642.088198665588	300	52.56083517473541	0.0	138313	702.6580594044029	0.3
22642.814248100185	300	55.83478574014093	0.0	143509	726.049434594481	0.3
22643.572291858003	300	59.07674198232168	0.0	150616	758.0437578192473	0.3
22644.890566671907	300	59.75221557846566	0.0	165384	824.5264038560206	0.3
22646.083926917487	300	59.61040956720295	0.0	140881	641.8060112627089	0.3
22648.73000388725	300	59.901648303428544	0.0	157671	708.7612637744096	0.3
22649.505966681903	300	59.69232475909403	0.0	157812	709.3235443345137	0.3
22651.954023600527	300	59.95861578479471	0.0	163927	733.7089742993171	0.3
22654.35324647928	300	59.82967842152814	0.0	137654	628.937363266565	0.3
22655.073984588613	300	59.66445202920521	0.0	146754	665.2263923229364	0.3
22657.227246078422	300	59.97057724295469	0.0	153938	693.8747862505156	0.3
22659.713404171875	300	59.665191454560954	0.0	181901	805.3857883937367	0.3
22661.86270558676	300	59.641926946345464	0.0	111155	523.2645082154897	0.3
22663.80583627154	300	59.94938009929009	0.0	153605	692.5468470553759	0.3
22665.82701726344	300	59.77508144970306	0.0	149029	674.2986495870291	0.3
22668.005428282104	300	59.567317137276355	0.0	157421	707.7643124267071	0.3
22669.805138009622	300	59.85928564188846	0.0	157488	708.0314953878913	0.3
22671.623355169122	300	59.705516214453326	0.0	143881	653.769427435139	0.3
22673.177368433273	300	59.973733350157765	0.0	163444	731.7828642955558	0.3
22675.010849090977	300	59.678608185034584	0.0	179328	795.1251651231825	0.3
22676.725428024358	300	59.54549658858566	0.0	159914	633.1115964489297	0.3
22678.610891937966	750	59.85499831074708	0.0	321064	1190.4982778385831	0.3
22680.895024277524	750	59.524414907354895	0.0	361565	1330.5834033921815	0.75
22683.239317616786	750	59.53954278875412	0.0	378327	1484.872118600779	0.75
22685.382710144517	750	59.60605700552118	0.0	390680	1433.485783232936	0.75
22688.093621959226	1200	59.56205448566379	0.0	566904	2044.0025198573883	0.75
22690.796069971697	1200	59.75978520485511	0.0	641452	2302.269280808676	1.2
22693.40594771151	1200	59.60293561727671	0.0	599477	2156.8495875784038	1.2
22695.85884614049	1200	59.82350043290831	0.0	634861	2279.435184368396	1.2
22698.150905239116	1200	59.5602025905546	0.0	630203	2263.2978423537065	1.2
22702.135140818053	1200	59.57596701161986	0.0	638661	2984.2355789347434	1.2
22705.57258934601	1200	59.57124118908746	0.0	538612	2504.7258225324026	1.2
22709.041454112354	1200	59.51117018437899	0.0	550906	2560.0710047084654	1.2

