59916.22850141933	300	4.0	1.1702315462371011	181801	1170.2315462371012	-4.7319956488195345
59916.84772395137	300	7.380777467963679	0.0	155580	619.2225320363209	0.3
59917.41245235903	300	10.81604906030843	0.0	139857	564.7284076552496	0.3
59918.03116193995	300	14.197339479388843	0.0	155432	618.7095809195874	0.3
59918.67763326712	300	17.550868152219024	0.0	163442	646.4713271698186	0.3
59919.19533653456	300	21.033164884778895	0.0	126289	517.7032674401268	0.3
59919.806639517265	300	24.42186190207863	0.0	153295	611.3029827002688	0.3
59920.489180319244	300	27.73932110009905	0.0	173849	682.5408019795755	0.3
59921.09152398683	300	31.136977432511998	0.0	150710	602.3436675870543	0.3
59921.65364604827	300	34.57485537107151	0.0	139105	562.1220614404963	0.3
59922.22524730771	300	38.00325411162921	0.0	141840	571.6012594422918	0.3
59922.84643846295	300	41.38206295638813	0.0	156148	621.1911552410813	0.3
59923.48356576167	300	44.744935657669075	0.0	160746	637.127298719054	0.3
59924.18673551667	300	48.041765902670605	0.0	179801	703.1697549984738	0.3
59924.75213630619	300	51.47636511314612	0.0	140051	565.4007895244811	0.3
59925.31151338598	300	54.91698803335734	0.0	138313	559.377079788788	0.3
59925.88889920903	300	58.3396022103081	0.0	143509	577.3858230492375	0.3
59927.02256432788	300	59.73758433599789	0.0	150616	602.0178743102102	0.3
59928.945710506785	750	59.75183486881828	0.0	405596	1485.7494671796092	0.3
59930.38916960415	750	59.95630361879865	0.0	350713	1295.531250019631	0.75
59932.19162313416	750	59.84054078796016	0.0	386472	1615.762830838494	0.75
59934.11518428889	750	59.68210556018339	0.0	399894	1658.4352277767719	0.75
59936.03973739262	750	59.56389198229627	0.0	401853	1618.2135778871154	0.75
59937.76166478744	750	59.56209798005548	0.0	343800	1501.7940022407831	0.75
59941.04459832839	750	59.99019794212096	0.0	359903	1571.9000379345275	0.75
59944.58341779145	750	59.78630496210435	0.0	379700	1703.8929800166009	0.75
59947.916284364925	750	59.74883492738302	0.0	425781	1537.4700347213322	0.75
59949.882565832326	750	59.99839246306198	0.0	277716	750.4424643210453	0.75
59952.25197680612	750	59.63410653490245	0.0	400396	864.2859281595287	0.75
59954.54857050121	750	59.696872199722414	0.0	400508	937.2343351800345	0.75
59957.22913449017	750	59.74326998340007	0.0	358218	1453.6022163223445	0.75
59959.0907439718	750	59.8889460307009	0.0	400322	854.3239526991661	0.75
59961.15907795975	750	59.56742175444203	0.0	369834	821.5242762588657	0.75
59963.3237791848	750	59.817976034016525	0.0	412837	1249.445720425511	0.75
59966.04798205672	1200	59.874502397067076	0.0	690253	1943.473636949446	0.75
59968.450932206164	1200	59.52339193983268	0.0	598727	1351.1104572343997	1.2
59970.22973534925	1200	59.86791024014348	0.0	487812	1155.4816996891961	1.2
59972.57276418663	1850	59.96755657939563	0.0	938587	1900.3536607478536	1.2000000000000002
59976.08255137953	1850	59.89650050926691	0.0	908665	3071.056070128721	1.85
59980.080656779144	1850	59.89839510965083	0.0	930577	3998.105399616086	1.85
59983.288186412065	1850	59.683548517985486	0.0	858450	2714.846591665337	1.85
59986.43457440818	1850	59.566696040553	0.0	1025005	2616.8524774324933	1.85
59988.950722062815	1850	59.52888994108037	0.0	886255	2037.8060994726222	1.85
59992.03171656479	1850	59.69406347367204	0.0	973972	2834.8264674083343	1.85
59994.36672954748	1850	59.60814098910775	0.0	958994	2085.9224845642902	1.85
59998.0532690079	1850	59.92160152868868	0.0	982064	2186.5394604190637	1.85
59999.83745993848	1850	59.66582103217622	0.0	830730	1755.780496512469	1.85
60001.55875226353	1850	59.529880169676176	0.0	846370	1635.9408625000433	1.85

