51168.512556966794	300	4.0	1.9896720982670182	181801	1989.672098267018	-8.255590022548176
51170.08909517611	300	6.423461790685209	0.0	155580	1576.5382093147912	0.3
51171.51439241444	300	8.99816455235034	0.0	139857	1425.297238334868	0.3
51173.0758882585	300	11.436668708289123	0.0	155432	1561.4958440612197	0.3
51174.70545743384	300	13.807099532951872	0.0	163442	1629.5691753372503	0.3
51175.982784568754	300	16.529772398040617	0.0	126289	1277.327134911259	0.3
51177.59086334966	300	18.921693617133215	0.0	153295	1608.0787809074	0.3
51179.1755815827	300	21.336975384099915	0.0	173849	1584.7182330333005	0.3
51180.38016054648	300	24.13239642031537	0.0	150710	1204.5789637845432	0.3
51181.49814446764	300	27.01441249916051	0.0	139105	1117.9839211548592	0.3
51182.636536612976	300	29.87602035382709	0.0	141840	1138.392145333419	0.3
51184.202171629906	300	32.31038533689684	0.0	156148	1565.6350169302473	0.3
51185.83147429384	300	34.68108267296968	0.0	160746	1629.302663927168	0.3
51187.540526022036	300	36.972030944764484	0.0	179801	1709.0517282051942	0.3
51188.77072462596	300	39.74183234084349	0.0	140051	1230.1986039209953	0.3
51189.98664953549	300	42.52590743131678	0.0	138313	1215.9249095267057	0.3
51191.245247699364	300	45.26730926743292	0.0	143509	1258.5981638838573	0.3
51192.562213611265	300	47.950343355528226	0.0	150616	1316.9659119046964	0.3
51193.879714053175	300	50.6328429136191	0.0	165384	1317.5004419091304	0.3
51194.903619402015	300	53.60893756478471	0.0	140881	1023.9053488343852	0.3
51196.04001806653	300	56.47253890026596	0.0	157671	1136.3986645187524	0.3
51197.1773614337	300	59.33519553309613	0.0	157812	1137.343367169824	0.3
51199.75547884122	300	59.551375161520824	0.0	163927	1283.8203715753104	0.3
51201.75347899984	300	59.90802347048639	0.0	137654	1143.351691034435	0.3
51204.00816708594	300	59.919003588725616	0.0	146754	1489.0198817607709	0.3
51206.100690685525	300	59.967575984555644	0.0	153938	1451.4276041699727	0.3
51208.15752895661	300	59.715204815269665	0.0	181901	1252.3711692859777	0.3
51209.457807543426	300	59.918799092805344	0.0	111155	796.4057224643232	0.3
51210.95922413472	300	59.888527209289045	0.0	153605	1030.2718835162968	0.3
51212.60294919722	300	59.76373704242681	0.0	149029	1124.7901668622346	0.3
51214.24600139702	300	59.666678385546895	0.0	157421	1097.0586568799138	0.3
51215.91274765152	300	59.55830201355972	0.0	157488	1108.3763719871786	0.3
51217.30154926426	300	59.85908619039428	0.0	143881	1199.21582316544	0.3
51219.11691850004	300	59.50769447778836	0.0	163444	1351.3917126059189	0.3
51220.28944094318	300	59.862922054056995	0.0	179328	1144.772423731366	0.3
51221.49637471588	300	59.731830166909994	0.0	159914	1131.0918871469996	0.3
51222.64226582512	300	59.659305493073525	0.0	131610	1072.5246738364717	0.3
51225.37498338794	300	59.78663002761075	0.0	124011	872.6754654627698	0.3
51228.44881865511	300	59.63723326625425	0.0	144254	1149.396761356504	0.3
51231.239732434224	300	59.919495707805396	0.0	149991	1217.7375584488484	0.3
51234.03528188691	300	59.76480922619516	0.0	147968	1154.6864816102395	0.3
51237.10926833232	300	59.50924741652017	0.0	161857	1255.5618096749872	0.3
51239.48994285396	300	59.9341224060778	0.0	145210	1075.1250104423727	0.3
51242.27801119962	300	59.65986307734362	0.0	172312	1274.2593287341767	0.3
51244.60124709817	300	59.958649511528215	0.0	167025	1201.2135658154089	0.3
51246.5932122637	300	59.85867821462954	0.0	160064	1099.971296898675	0.3
51249.12029788613	300	59.50663217723283	0.0	137507	1352.046037396712	0.3
51251.03953022555	300	59.58353588204269	0.0	118421	923.0962951901396	0.3

