12913.345889553071	300	4.0	2.140860266647988	450283	2140.8602666479883	0	-8.45569914658635
12913.904550156463	750	7.441339396609489	0.0	155580	558.6606033905109	1	-0.15000000000000002
12915.029389647094	750	10.316499905978736	0.0	350812	1124.8394906307537	1	0.3
12915.976639496785	1850	13.369250056288168	0.0	382355	947.2498496905665	3	0.75
12918.016091659569	1850	15.32979789350396	0.0	996749	2039.452162784209	3	0.75
12919.693222665552	1850	17.652666887520994	0.0	801058	1677.1310059829661	3	1.85
12922.108427502066	1850	19.23746205100691	0.0	905515	2415.204836514084	3	1.85
12923.93266076927	1850	21.41322878380374	0.0	1060487	1824.2332672031735	3	1.85
12926.227227578278	1850	23.118661974793646	0.0	852833	2294.566809010092	3	1.85
12930.765379415523	1850	22.58051013754929	0.0	913888	4538.151837244357	3	1.85
12932.655952964538	1850	24.689936588534344	0.0	939819	1890.5735490149457	3	1.85
12933.987454948725	4300	27.358434604347305	0.0	917428	1331.5019841870376	5	1.85
12936.998700418368	4300	28.34718913470501	0.0	2209463	3011.245469642298	5	1.8499999999999996
12939.975764979048	4300	29.370124574025127	0.0	2275376	2977.0645606798826	5	4.3
12943.850177666935	4300	29.49571188613924	0.0	2005399	3874.412687885883	5	4.3
12949.698551016376	4300	27.64733853669737	0.0	2152483	5848.373349441876	5	4.3
12956.308371358957	4300	25.037518194115293	0.0	2289689	6609.820342582077	5	4.3
12960.92143914303	4300	24.424450410042173	0.0	2059512	4613.067784073119	5	4.3
12968.180782206648	4300	21.165107346424914	0.0	2220726	7259.343063617258	5	4.3
12974.187512652123	4300	19.158376900948674	0.0	2156729	6006.730445476238	5	4.3
12982.684837368091	1850	14.661052184981212	0.0	2039773	8497.324715967463	3	4.3
12984.006281929824	1850	17.339607623248085	0.0	955231	1321.4445617331269	3	-0.6000000000000001
12987.68179113728	1850	17.664098415792665	0.0	968026	3675.5092074554195	3	1.85
12990.447356371356	1850	18.898533181715802	0.0	874175	2765.5652340768647	3	1.85
12993.076142352882	1850	20.269747200188586	0.0	897976	2628.7859815272127	3	1.85
12996.895653400463	1850	20.45023615261015	0.0	905935	3819.5110475784372	3	1.85
12998.35891052915	1850	22.986979023922036	0.0	1076599	1463.2571286881143	3	1.85
13000.881104164044	1850	24.46478538902741	0.0	758197	2522.1936348946256	3	1.85
13002.362168527556	4300	26.983721025514345	0.0	972798	1481.0643635130652	5	1.85
13011.773151169413	4300	21.57273838365761	0.0	2164140	9410.982641856732	5	1.8499999999999996
13018.275578312905	4300	19.07031124016646	0.0	2113193	6502.42714349115	5	4.3
13022.519904184648	4300	18.82598536842369	0.0	2147852	4244.325871742772	5	4.3
13025.711636611666	4300	19.634252941405904	0.0	2191074	3191.7324270177874	5	4.3
13031.652849627872	4300	17.693039925200566	0.0	2286761	5941.213016205336	5	4.3
13034.677367827719	4300	18.6685217253517	0.0	2307787	3024.518199848865	5	4.3
13038.544505487485	4300	18.80138406558617	0.0	2143948	3867.137659765527	5	4.3
13044.015536945395	4300	17.33035260767646	0.0	1919781	5471.03145790971	5	4.3
13050.706592985045	4300	14.639296568025824	0.0	2147467	6691.056039650636	5	4.3
13056.13944917134	4300	13.20644038173087	0.0	2133870	5432.856186294955	5	4.3
13061.009759827035	4300	12.33612972603643	0.0	2146120	4870.310655694441	5	4.3
13065.175878324439	4300	12.17001122863344	0.0	2108491	4166.118497402989	5	4.3
13072.549987136372	1850	8.79590241670045	0.0	2184571	7374.108811932991	3	4.3
13073.8389647248	1850	11.506924828273148	0.0	886255	1288.9775884273022	3	-0.6000000000000001
13075.247600749144	1850	14.09828880392833	0.0	973972	1408.6360243448175	3	1.85
13076.593573804692	1850	16.752315748380514	0.0	958994	1345.973055547814	3	1.85
13077.923271034128	4300	19.422618518944624	0.0	982064	1329.697229435893	5	1.85
13080.50980201042	4300	20.836087542652972	0.0	1961140	2586.5309762916527	5	1.8499999999999996
13084.691268263312	4300	20.654621289759312	0.0	2155012	4181.466252893661	5	4.3

