26167.740996455206	300	4.0	1.990026101971704	450283	1990.026101971704	0	-7.807112238478327
26168.950896401453	300	6.7901000537554115	0.0	155580	1209.8999462445886	0	-0.15000000000000002
26176.059528457845	300	4.0	0.31853200263602865	139857	7108.6320563914405	0	-1.0696876113349232
26179.055513345782	300	5.0040151120665435	0.0	155432	2995.9848879334572	0	0.3
26181.970502573073	300	6.089025884776744	0.0	163442	2914.9892272897996	0	0.3
26182.54822218933	300	9.511306268521096	0.0	126289	577.719616255646	0	0.3
26183.07621069541	750	12.983317762441686	0.0	153295	527.9885060794104	1	0.3
26186.904201157962	750	13.155327299890454	0.0	437162	3827.9904625512327	1	0.3
26189.271351433137	750	14.788177024714154	0.0	374758	2367.150275176301	1	0.75
26197.30345430998	750	10.756074147870525	0.0	362795	8032.102876843629	1	0.75
26205.439388764356	300	6.62013969349424	0.0	353220	8135.9344543762845	0	0.75
26205.946974797036	750	10.112553660812653	0.0	156148	507.5860326815872	1	-0.15000000000000002
26207.08493449753	1850	12.974593960319762	0.0	386351	1137.9597004928908	3	0.3
26210.003096074473	1850	14.056432383373776	0.0	1036454	2918.1615769459854	3	0.75
26212.33299962507	1850	15.726528832779435	0.0	821631	2329.903550594341	3	1.85
26217.011866787157	1850	15.047661670689154	0.0	923170	4678.8671620902805	3	1.85
26223.461487138797	1850	12.598041319050967	0.0	966699	6449.620351638186	3	1.85
26233.938040350233	300	6.12148810761524	0.0	885714	10476.553211435728	0	1.85
26234.504649283015	750	9.554879174833076	0.0	165384	566.608932782165	1	-1.25
26235.7352499309	750	12.324278526943312	0.0	350713	1230.6006478897643	1	0.3
26237.218711644175	1850	14.840816813671685	0.0	386472	1483.461713271626	3	0.75
26240.118241637163	1850	15.941286820685196	0.0	955231	2899.5299929864887	3	0.75
26243.294825522895	1850	16.764702934953757	0.0	968026	3176.5838857314393	3	1.85
26247.467948464935	1850	16.591579992917453	0.0	874175	4173.122942036302	3	1.85
26253.54147131844	1850	14.518057139411692	0.0	897976	6073.522853505762	3	1.85
26257.135477171625	1850	14.92405128622533	0.0	905935	3594.0058531863624	3	1.85
26261.29031159552	1850	14.769216862332053	0.0	1076599	4154.834423893279	3	1.85
26263.746464837423	1850	16.313063620428345	0.0	758197	2456.153241903707	3	1.85
26267.182879448683	1850	16.876649009165558	0.0	972798	3436.4146112627886	3	1.85
26270.414548877176	1850	17.64497958067289	0.0	975811	3231.669428492671	3	1.85
26273.350922769674	1850	18.70860568817678	0.0	873429	2936.373892496105	3	1.85
26277.75206920565	1850	18.307459252200996	0.0	954453	4401.146435975784	3	1.85
26280.655796730123	1850	19.40373172772641	0.0	885062	2903.7275244745865	3	1.85
26285.987951705058	1850	18.071576752792726	0.0	1035329	5332.154974933681	3	1.85
26294.803928484795	1850	13.25559997305631	0.0	1026056	8815.976779736418	3	1.85
26301.72376324198	750	10.335765215874918	0.0	943942	6919.834757181389	1	1.85
26306.659649682588	300	9.39987877526175	0.0	321064	4935.886440613169	0	-0.3500000000000001
26308.485938070793	300	11.573590387058255	0.0	124011	1826.2883882034955	0	-0.15000000000000002
26310.31573040307	300	13.743798054781998	0.0	144254	1829.7923322762576	0	0.3
26314.8374618073	300	13.222066650553819	0.0	149991	4521.731404228178	0	0.3
26315.317854188746	1850	16.74167426910477	0.0	147968	480.3923814490496	3	0.3
26329.658594793356	300	6.400933664494373	0.0	1025005	14340.740604610397	0	0.30000000000000004
26330.24720100467	750	9.812327453183103	0.0	145210	588.606211311269	1	-1.25
26331.82634322642	750	12.2331852314294	0.0	438281	1579.142221753701	1	0.3
26333.01723004926	1850	15.042298408591273	0.0	398987	1190.886822838127	3	0.75
26340.863463304162	750	11.196065153688956	0.0	982064	7846.233254902318	1	0.75
26342.38840524846	750	13.671123209392318	0.0	331053	1524.941944296637	1	-0.3500000000000001
26348.129025057005	750	11.93050340084669	0.0	314107	5740.61980854563	1	0.75

