80196.32660949927	300	4.0	6.1077040224842385	450283	6107.7040224842385	0	-25.513127296682224
80197.82398833387	300	6.502621165412802	0.0	155580	1497.3788345871976	0	-0.15000000000000002
80198.27219093758	750	10.054418561704356	0.0	139857	448.2026037084453	1	0.3
80199.35881989817	750	12.967789601116452	0.0	382355	1086.6289605879049	1	0.3
80200.52233972045	1850	15.804269778834755	0.0	411561	1163.5198222816982	3	0.75
80202.71129130188	1850	17.61531819742317	0.0	801058	2188.951581411583	3	0.75
80205.17524763368	1850	19.151361865619595	0.0	905515	2463.9563318035766	3	1.85
80208.04719994639	1850	20.279409552907623	0.0	1060487	2871.95231271197	3	1.85
80220.36750844514	750	11.959101054155262	0.0	852833	12320.30849875236	1	1.85
80222.88317166135	750	13.443437837956798	0.0	362795	2515.663216198464	1	-0.3500000000000001
80224.93366408865	750	15.392945410655535	0.0	353220	2050.492427301264	1	0.75
80226.66435268069	1850	17.662256818618587	0.0	405134	1730.6885920369468	3	0.75
80230.63715330836	1850	17.689456190946903	0.0	946851	3972.800627671687	3	0.75
80234.97970022121	1850	17.346909278101915	0.0	1036454	4342.546912844988	3	1.85
80238.43876063541	1850	17.88784886389372	0.0	821631	3459.0604142081947	3	1.85
80242.31541290705	1850	18.0111965922723	0.0	923170	3876.65227162142	3	1.85
80246.4002834768	1850	17.926326022522886	0.0	966699	4084.8705697494106	3	1.85
80249.47045583357	1850	18.856153665746277	0.0	885714	3070.1723567766107	3	1.85
80252.65936138932	1850	19.667248109987877	0.0	987708	3188.905555758401	3	1.85
80255.64696875068	1850	20.679640748642623	0.0	923755	2987.6073613452572	3	1.85
80258.461878165	1850	21.86473133430778	0.0	891604	2814.909414334841	3	1.85
80261.56173416799	1850	22.764875331326813	0.0	955231	3099.8560029809664	3	1.85
80264.83895147464	1850	23.487658024689583	0.0	968026	3277.2173066372316	3	1.85
80267.80126660361	1850	24.52534289572129	0.0	874175	2962.3151289682887	3	1.85
80270.61750973506	1850	25.70909976426705	0.0	897976	2816.243131454242	3	1.85
80273.59130693821	1850	26.73530256113181	0.0	905935	2973.797203135239	3	1.85
80276.87559989875	1850	27.451009600584918	0.0	1076599	3284.2929605468917	3	1.85
80279.09313226044	1850	29.233477238889385	0.0	758197	2217.5323616955316	3	1.85
80281.68542582562	1850	30.641183673707484	0.0	972798	2592.293565181902	3	1.85
80284.23390823863	4300	32.09270126070332	0.0	975811	2548.482413004162	5	1.85
80289.07836541694	4300	31.248244082407428	0.0	2113193	4844.457178295894	5	1.8499999999999996
80293.77084487196	4300	30.55576462736966	0.0	2147852	4692.479455037768	5	4.3
80297.73786193768	4300	30.588747561653975	0.0	2191074	3967.0170657156864	5	4.3
80300.96727226279	4300	31.359337236554676	0.0	2286761	3229.4103250992994	5	4.3
80304.63570186717	4300	31.69090763216855	0.0	2307787	3668.4296043861264	5	4.3
80307.72517636392	4300	32.60143313541825	0.0	2143948	3089.474496750301	5	4.3
80317.93869409319	4300	26.38791540615671	0.0	1919781	10213.517729261543	5	4.3
80323.67234704425	4300	24.65426245508552	0.0	2147467	5733.6529510711935	5	4.3
80340.87807953813	1850	11.448529961204764	0.0	2133870	17205.732493880754	3	4.3
80345.26896671444	1850	11.057642784898748	0.0	930577	4390.887176306015	3	-0.6000000000000001
80348.87944987851	1850	11.447159620829932	0.0	858450	3610.4831640688153	3	1.85
80353.17491134463	1850	11.15169815471501	0.0	1025005	4295.461466114923	3	1.85
80356.89974605436	1850	11.426863444980247	0.0	886255	3724.8347097347637	3	1.85
80360.98532791501	1850	11.3412815843309	0.0	973972	4085.5818606493467	3	1.85
80365.05726338958	1850	11.26934610976645	0.0	958994	4071.9354745644487	3	1.85
80368.22840391462	1850	12.09820558472229	0.0	982064	3171.1405250441608	3	1.85
80370.92320617636	1850	13.40340332298585	0.0	830730	2694.8022617364404	3	1.85
80373.66723683647	1850	14.65937266288465	0.0	846370	2744.0306601012016	3	1.85

