25108.100096961458	750	4.0	1.0836826808279219	450283	1083.6826808279218	0.41551185413057323	-3.9098355275600634
25108.59352562944	300	7.506571332018417	0.0	155580	493.42866798158235	0.31530393366971365	-0.15000000000000002
25109.35791892074	750	10.74217804071618	0.0	350812	764.3932913022377	0.4589417568047317	0.3
25110.41047165468	1200	13.689625306778499	0.0	617681	1052.5527339376818	0.5868409060030724	0.75
25114.3189955914	2850	13.781101370058437	0.0	1472558	3908.523936720062	0.37675552813314345	1.2000000000000002
25118.866457256507	2850	13.233639704948914	0.0	1224260	4547.461665109525	0.26921832225506265	2.85
25122.630800742376	2850	13.469296219078732	0.0	1388403	3764.3434858701826	0.36883005103320177	2.85
25129.68890725168	2850	10.411189709776698	0.0	1638769	7058.106509302033	0.2321825262682322	2.85
25131.822077003355	1200	12.278019958099007	0.0	584846	2133.169751677691	0.27416758536915853	-0.44999999999999996
25135.856436781367	1850	12.243660180087925	0.0	913888	4034.3597780110817	0.22652615291800823	1.2000000000000002
25138.13551942883	1850	13.964577532622686	0.0	939819	2279.08264746524	0.41236723075630977	1.85
25144.45952205731	2850	11.640574904144566	0.0	1519951	6324.002628478119	0.24034635804156496	1.85
25147.553486994922	1850	12.546609966532296	0.0	946851	3093.96493761227	0.3060315870065162	0.8500000000000001
25161.27063664617	1850	4.0	1.170539684714009	1036454	13717.149651246305	0.0755589919444985	-3.1833206442702386
25162.12989356885	300	7.14074307731806	0.0	140051	859.2569226819392	0.16299083115079074	-1.25
25163.875757547525	750	9.394879098645944	0.0	366214	1745.8639786721158	0.20976090031855643	0.3
25171.722699780923	1200	5.5479368652463075	0.0	617242	7846.942233399637	0.07866019420568411	0.75
25172.83406803825	300	8.436568607916353	0.0	150616	1111.368257329955	0.13552303568742607	-0.6000000000000001
25175.03289409508	750	10.23774255108971	0.0	405596	2198.8260568266433	0.18446024811319464	0.3
25178.066363697457	1200	11.204272948710962	0.0	586839	3033.4696023787483	0.19345471586061713	0.75
25184.125447060098	1850	9.145189586070899	0.0	891604	6059.083362640062	0.14715163113575494	1.2000000000000002
25187.536847723546	1200	9.733788922621487	0.0	616206	3411.400663449412	0.18063137719417804	0.5499999999999999
25190.18627333339	1200	11.08436331277858	0.0	656471	2649.425609842907	0.2477786119229535	1.2
25192.494736764536	1850	12.775899881630789	0.0	874175	2308.4634311477917	0.3786826285419437	1.2000000000000002
25194.501829267007	1850	14.768807379161359	0.0	897976	2007.0925024694297	0.4474014022249466	1.85
25199.756608098083	2850	13.514028548087019	0.0	1480464	5254.778831074339	0.28173669103735033	1.85
25203.256417579723	2850	14.014219066449074	0.0	1547572	3499.809481637946	0.4421874985251256	2.85
25206.266386824485	2850	15.004249821684455	0.0	1141971	3009.969244764617	0.37939623535565503	2.85
25212.747251952587	4300	12.5233846935798	0.0	2134614	6480.865128104656	0.32937176716471384	2.8499999999999996
25216.418877042182	1850	12.851759603986634	0.0	975811	3671.6250895931644	0.2657708715320183	-0.6000000000000001
25221.8453366384	1850	11.425300007768504	0.0	873429	5426.45959621813	0.16095743173112725	1.85
25226.202642064356	1850	11.067994581812963	0.0	954453	4357.30542595554	0.21904661406440015	1.85
25229.148635673064	1850	12.12200097310206	0.0	885062	2945.9936087109036	0.30042902923583803	1.85
25232.32114806063	1850	12.949488585537077	0.0	1035329	3172.512387564983	0.32634356419161287	1.85
25235.538525986456	1850	13.732110659714479	0.0	1026056	3217.3779258225986	0.3189106233883496	1.85
25243.499307595142	2850	9.771329051029491	0.0	1439896	7960.781608684987	0.18087369692808986	1.85
25246.710380425724	1200	10.560256220447393	0.0	487812	3211.0728305820994	0.15191558265328103	-0.44999999999999996
25248.423028062996	1200	12.847608583176152	0.0	575591	1712.6476372712411	0.33608255865000247	1.2
25250.57846923903	1850	14.69216740714207	0.0	908665	2155.44117603408	0.4215679880774593	1.2000000000000002
25254.341892268065	2850	14.92874437810604	0.0	1402287	3763.42302903603	0.3726094539946481	1.85
25257.960733757398	2850	15.309902888772111	0.0	1339500	3618.8414893339313	0.3701460823713897	2.85
25264.593647278787	4300	12.67698936738488	0.0	2184571	6632.9135213872305	0.32935315573707513	2.8499999999999996
25266.195174073597	1850	15.07546257257469	0.0	886255	1601.5267948101894	0.5533813126773427	-0.6000000000000001
25272.760567718185	4300	12.510068927985925	0.0	2219102	6565.393644588764	0.33799983978553927	1.8499999999999996
25275.10185383238	1850	14.168782813792113	0.0	958994	2341.286114193812	0.40960137002743713	-0.6000000000000001
25279.38744604382	2850	13.883190602353475	0.0	1483527	4285.592211438639	0.3461661601960938	1.85
25282.275140688344	2850	14.995495957829014	0.0	1231456	2887.6946445244585	0.42644952170931305	2.85
25286.110322778837	2850	15.160313867339632	0.0	1364537	3835.1820904893825	0.3557945797107851	2.85

