79452.260799689	750	4.0	6.055150027521798	450283	6055.150027521799	0.07436364052969437	-25.287145118343734
79453.38873733845	300	6.872062350538865	0.0	155580	1127.9376494611347	0.13793315621154006	-0.15000000000000002
79454.44115455844	300	9.819645130544648	0.0	139857	1052.4172199942163	0.13289121210005342	0.3
79458.35811000859	1200	9.902689680405974	0.0	617681	3916.9554501386738	0.15769416013606485	0.29999999999999993
79461.56863969046	1200	10.692159998527735	0.0	652874	3210.5296818782394	0.20335398351403888	1.2
79464.57635304518	1200	11.684446643809409	0.0	520315	3007.713354718326	0.17299354647069676	1.2
79471.34609982978	1850	8.914699859217148	0.0	905515	6769.746784592261	0.1337590649713701	1.2000000000000002
79474.65608634478	750	9.60471334421616	0.0	437162	3309.9865150009878	0.1320736498528815	-0.3500000000000001
79479.0572411875	1200	9.203558501498202	0.0	584846	4401.154842717957	0.13288466797928547	0.75
79483.49145251181	1200	8.769347177186424	0.0	560821	4434.211324311778	0.12647592976120584	1.2
79488.01770683339	750	8.243092855601661	0.0	353220	4526.254321584764	0.07803803650969576	0.3
79495.90077829763	750	4.360021391355963	0.0	405134	7883.071464245697	0.0513929122471511	0.75
79498.88662249057	300	5.3741771984239755	0.0	160746	2985.844192931988	0.053836030821874	-0.15000000000000002
79502.24619744388	300	6.014602245117948	0.0	179801	3359.574953306028	0.053518972637614404	0.3
79504.078204753	300	8.1825949359884	0.0	140051	1832.0073091295483	0.07644674740219416	0.3
79507.03194572427	750	9.228853964709485	0.0	366214	2953.740971278915	0.123983112791856	0.3
79511.27651502578	1200	8.984284663211074	0.0	617242	4244.569301498411	0.14541923011649313	0.75
79513.4948075035	750	10.765992185485453	0.0	372963	2218.2924777256217	0.16813066975838675	0.3
79516.86877671079	1200	11.392022978193086	0.0	639204	3373.969207292367	0.1894516401093552	0.75
79522.26149670205	1850	9.999302986945754	0.0	923755	5392.719991247333	0.17129667431264792	1.2000000000000002
79525.72818003841	1200	10.532619650579658	0.0	601738	3466.683336366096	0.1735774345720206	0.5499999999999999
79529.27629172815	1200	10.9845079608263	0.0	616206	3548.111689753359	0.17367153401048505	1.2
79533.05102165465	1200	11.209778034334057	0.0	656471	3774.72992649224	0.1739120447777417	1.2
79538.05102654976	1850	10.20977313923381	0.0	874175	5000.004895100247	0.17483482883319723	1.2000000000000002
79541.43609017498	1200	10.82470951401107	0.0	587236	3385.063625222739	0.1734785708677365	0.5499999999999999
79544.83859549685	1200	11.422204192137299	0.0	590335	3402.505321873771	0.17350009600422917	1.2
79550.9778769337	1850	9.282922755285373	0.0	1076599	6139.281436851924	0.17536237930673107	1.2000000000000002
79553.79969588836	1200	10.461103800617217	0.0	487160	2821.8189546681565	0.17264041663413152	0.5499999999999999
79558.46967011223	1200	9.791129576735617	0.0	622896	4669.974223881601	0.13338317732346278	1.2
79564.82087373584	1200	7.439925953144222	0.0	641447	6351.203623591395	0.100996132074456	1.2
79568.09673910691	750	8.164060582059665	0.0	358218	3275.8653710845574	0.10935064766761246	0.3
79570.82162143473	750	9.439178254231948	0.0	400322	2724.8823278277177	0.146913500047959	0.75
79575.51271983891	1200	8.748079850057689	0.0	584349	4691.098404174259	0.12456549610641965	0.75
79578.74527869136	750	9.515520997591647	0.0	412837	3232.5588524660425	0.12771213730109088	0.3
79583.01259383933	1200	9.248205849628631	0.0	690253	4267.315147963016	0.16175346232149954	0.75
79587.14682619332	1200	9.113973495646773	0.0	598727	4134.23235398186	0.14482180698512018	1.2
79590.99164393784	1200	9.269155751118836	0.0	487812	3844.817744527937	0.12687519472002776	1.2
79596.35387902301	1200	7.906920665944961	0.0	575591	5362.235085173876	0.10734161983898471	1.2
79598.57700109069	750	9.683798598275153	0.0	378327	2223.1220676698076	0.17017823964859835	0.3
79600.88787059991	1200	11.372929089057942	0.0	587506	2310.86950921721	0.25423590456174794	0.75
79604.2761087016	1850	11.984690987363441	0.0	858450	3388.238101694502	0.2533617692247419	1.2000000000000002
79608.41627683185	1850	11.844522857116457	0.0	1025005	4140.168130246984	0.24757569445346478	1.85
79612.00683951814	1850	12.253960170815375	0.0	886255	3590.562686301082	0.24682900075280406	1.85
79615.95866905927	1850	12.302130629688154	0.0	973972	3951.829541127221	0.24646103529105762	1.85
79620.38832162917	1850	11.872478059793924	0.0	958994	4429.652569894229	0.21649417981846347	1.85
79625.4395092142	1850	10.821290474760627	0.0	982064	5051.187585033297	0.19442239740014056	1.85
79629.34560203891	1200	10.91519765003436	0.0	538612	3906.092824726267	0.13789022027087774	0.5499999999999999
79633.0815951779	1200	11.179204511060737	0.0	550906	3735.9931389736216	0.14745905024636868	1.2

