31840.598996325352	750	4.0	10.703985705030451	450283	10703.98570503045	-45.27713853163094
31843.82308455601	300	4.775911769341483	0.0	155580	3224.088230658517	-0.15000000000000002
31846.888454974098	300	5.710541351255197	0.0	139857	3065.370418086286	0.3
31850.480960942776	300	6.118035382575956	0.0	155432	3592.5059686792406	0.3
31854.387493514238	300	6.211502811113438	0.0	163442	3906.532571462518	0.3
31857.394918985763	300	7.204077339587205	0.0	126289	3007.425471526232	0.3
31860.721464733706	300	7.877531591644741	0.0	153295	3326.545747942465	0.3
31864.789708269844	300	7.8092880555074045	0.0	173849	4068.243536137336	0.3
31868.183523387426	300	8.41547293792367	0.0	150710	3393.8151175837334	0.3
31872.725526450376	300	7.873469874972012	0.0	139105	4542.003062951659	0.3
31878.96121660832	300	5.637779717029188	0.0	141840	6235.690157942824	0.3
31882.3045425943	300	6.294453731049596	0.0	156148	3343.3259859795917	0.3
31886.323135843755	300	6.275860481593279	0.0	160746	4018.5932494563176	0.3
31890.828720220255	300	5.770276105089202	0.0	179801	4505.584376504076	0.3
31894.837743670516	300	5.7612526548295175	0.0	140051	4009.0234502596854	0.3
31898.716328851096	300	5.88266747424837	0.0	138313	3878.585180581147	0.3
31901.885258303293	300	6.713738022052514	0.0	143509	3168.929452195857	0.3
31905.49498617373	300	7.104010151613853	0.0	150616	3609.727870438661	0.3
31909.541710949405	300	7.057285375939445	0.0	165384	4046.724775674408	0.3
31913.26397916776	300	7.335017157584233	0.0	140881	3722.2682183552115	0.3
31916.74794536127	300	7.851050964075156	0.0	157671	3483.9661935090776	0.3
31920.74402423536	300	7.854972089981142	0.0	157812	3996.078874094013	0.3
31924.548702275966	300	8.050294049377282	0.0	163927	3804.6780406038597	0.3
31927.728530617864	300	8.870465707479859	0.0	137654	3179.828341897423	0.3
31931.156657057636	300	9.442339267706297	0.0	146754	3428.1264397735636	0.3
31934.981802562634	300	9.617193762705881	0.0	153938	3825.1455050004147	0.3
31939.11692931384	300	9.482067011498968	0.0	181901	4135.1267512069135	0.3
31941.39028667976	300	11.208709645576269	0.0	111155	2273.357365922699	0.3
31945.50791857744	300	11.091077747900233	0.0	153605	4117.631897676036	0.3
31948.888511007248	300	11.710485318089594	0.0	149029	3380.5924298106406	0.3
31952.553582422755	300	12.045413902582492	0.0	157421	3665.0714155071023	0.3
31956.34173128222	300	12.257265043120363	0.0	157488	3788.1488594621287	0.3
31959.68364658343	300	12.915349741909806	0.0	143881	3341.915301210556	0.3
31963.24321299898	300	13.355783326362092	0.0	163444	3559.5664155477125	0.3
31972.46932019406	750	8.129676131278186	0.0	401088	9226.107195083905	0.3
31980.757421785976	750	4.0	0.1584254606372524	365161	8288.10159191544	0.0687705192598147
31983.758405468827	300	4.9990163171531625	0.0	131610	3000.9836828468374	-0.15000000000000002
31986.643364410087	300	6.114057375889721	0.0	124011	2884.958941263442	0.3
31990.131721602615	300	6.6257001833619125	0.0	144254	3488.3571925278084	0.3
31993.92096528732	300	6.836456498658191	0.0	149991	3789.2436847037216	0.3
31998.04949085389	300	6.707930932087082	0.0	147968	4128.525566571108	0.3
32002.62880495527	300	6.1286168307086495	0.0	161857	4579.314101378433	0.3
32005.658610048184	300	7.098811737795298	0.0	145210	3029.8050929133506	0.3
32009.579379849863	300	7.178041936115718	0.0	172312	3920.769801679581	0.3
32013.34060534305	300	7.416816442925255	0.0	167025	3761.2254931904617	0.3
32016.571391992467	300	8.186029793506483	0.0	160064	3230.786649418772	0.3
32019.506485807153	300	9.250935978821435	0.0	137507	2935.0938146850494	0.3
32026.982613847187	750	5.774807938787181	0.0	314107	7476.128040034254	0.3

