58798.611736975734	750	4.0	1.591177121860175	450283	1591.1771218601748	1	-6.0920616239987515
58800.60603365873	750	6.005703317001333	0.0	398865	1994.296682998667	1	0.75
58801.50516707826	750	9.106569897474747	0.0	350812	899.1334195265867	1	0.75
58802.47795226983	1850	12.133784705910353	0.0	382355	972.7851915643935	3	0.75
58806.73910545013	1850	11.87263152560735	0.0	996749	4261.153180303004	3	0.75
58809.84492471086	1850	12.766812264882374	0.0	801058	3105.819260724977	3	1.85
58812.42707700816	1850	14.184659967577266	0.0	905515	2582.152297305107	3	1.85
58814.24522621037	1850	16.366510765366076	0.0	1060487	1818.1492022111902	3	1.85
58816.043713491476	1850	18.568023484257743	0.0	852833	1798.487281108332	3	1.85
58821.841324681	1850	16.77041229473368	0.0	913888	5797.611189524066	3	1.85
58823.6702686036	1850	18.941468372133233	0.0	939819	1828.943922600448	3	1.85
58826.39690142997	1850	20.214835545761815	0.0	917428	2726.632826371417	3	1.85
58831.61348504187	1850	18.998251933871902	0.0	946851	5216.583611889912	3	1.85
58839.625655278214	1850	14.98608169752338	0.0	1036454	8012.170236348523	3	1.85
58842.689347593914	1850	15.922389381825637	0.0	821631	3063.6923156977423	3	1.85
58846.626207182286	1850	15.985529793451777	0.0	923170	3936.85958837386	3	1.85
58849.04105300341	1850	17.570683972327675	0.0	966699	2414.8458211241023	3	1.85
58854.75398718276	1850	15.857749792985175	0.0	885714	5712.934179342502	3	1.85
58857.78752082584	1850	16.824216149901737	0.0	987708	3033.5336430834373	3	1.85
58864.36889654795	1850	14.242840427793311	0.0	923755	6581.375722108428	3	1.85
58865.47813671165	1850	17.133600264095396	0.0	891604	1109.2401636979164	3	1.85
58866.85187646324	1850	19.759860512503572	0.0	955231	1373.739751591823	3	1.85
58872.53790896112	1850	18.073828014623995	0.0	968026	5686.032497879576	3	1.85
58878.85953947158	1850	15.752197504168992	0.0	874175	6321.630510455004	3	1.85
58881.69251038773	1850	16.919226588022227	0.0	897976	2832.9709161467636	3	1.85
58885.02541388365	1850	17.586323092089877	0.0	905935	3332.903495932347	3	1.85
58889.571859484546	1850	17.039877491202475	0.0	1076599	4546.445600887403	3	1.85
58891.010329797595	1850	19.60140717814965	0.0	758197	1438.4703130528255	3	1.85
58895.014843667865	1850	19.59689330788127	0.0	972798	4004.5138702683817	3	1.85
58897.026188914606	1850	21.58554806114389	0.0	975811	2011.3452467373809	3	1.85
58898.439015511394	1850	24.172721464353685	0.0	873429	1412.826596790204	3	1.85
58900.118801340854	4300	26.492935634890976	0.0	954453	1679.7858294627117	5	1.85
58904.0621648909	4300	26.54957208484362	0.0	2191074	3943.363550047354	5	1.8499999999999996
58908.58639571063	4300	26.025341265117167	0.0	2286761	4524.230819726452	5	4.3
58921.98457479187	4300	16.62716218387452	0.0	2307787	13398.17908124265	5	4.3
58933.89426144121	1850	8.717475534538448	0.0	2143948	11909.686649336072	3	4.3
58936.38112482168	1850	10.230612154067149	0.0	728962	2486.8633804712995	3	-0.6000000000000001
58940.976528565145	1850	9.635208410599136	0.0	938587	4595.403743468012	3	1.85
58943.763185743104	1850	10.848551232644594	0.0	908665	2786.657177954542	3	1.85
58945.589004987996	1850	13.022731987747902	0.0	930577	1825.8192448966918	3	1.85
58949.25993704673	1850	13.35179992902045	0.0	858450	3670.932058727452	3	1.85
58951.792316200874	1850	14.819420774873372	0.0	1025005	2532.3791541470787	3	1.85
58954.79671983137	1850	15.815017144377544	0.0	886255	3004.403630495828	3	1.85
58958.38688332429	1850	16.224853651459284	0.0	973972	3590.1634929182574	3	1.85
58962.083869459326	1850	16.527867516427193	0.0	958994	3696.986135032095	3	1.85
58964.45695362553	1850	18.15478335022433	0.0	982064	2373.08416620286	3	1.85
58968.50617805308	1850	18.105558922671545	0.0	830730	4049.224427552785	3	1.85
58972.14458118889	1850	18.467155786860406	0.0	846370	3638.4031358111383	3	1.85

