58975.233007491646	300	4.0	3.088426302750708	450283	3088.426302750708	0	-12.530233101828044
58976.13412984273	750	7.098877648917764	0.0	155580	901.1223510822371	1	-0.15000000000000002
58976.94796469814	1850	10.28504279350357	0.0	350812	813.8348554141938	3	0.3
58978.98020823178	1850	12.25279925986864	0.0	933276	2032.24353363493	3	0.75
58981.14522572918	1850	14.08778176246478	0.0	996749	2165.0174974038578	3	1.85
58982.900893270795	1850	16.332114220851658	0.0	801058	1755.6675416131238	3	1.85
58984.875065845	1850	18.357941646651277	0.0	905515	1974.1725742003796	3	1.85
58987.17341163794	1850	20.059595853709098	0.0	1060487	2298.3457929421797	3	1.85
58989.037383056384	1850	22.19562443526431	0.0	852833	1863.9714184447882	3	1.85
58991.02907042268	1850	24.20393706896907	0.0	913888	1991.6873662952428	3	1.85
58993.07500072147	1850	26.158006770175092	0.0	939819	2045.9302987939757	3	1.85
58995.074093123476	1850	28.15891436816794	0.0	917428	1999.0924020071518	3	1.85
58997.13473308643	1850	30.09827440521404	0.0	946851	2060.6399629539033	3	1.85
58999.38280621743	4300	31.850201274210928	0.0	1036454	2248.073131003109	5	1.85
59003.65773593823	4300	31.575271553412414	0.0	2005399	4274.9297207985155	5	1.8499999999999996
59008.111027349434	4300	31.121980142207452	0.0	2152483	4453.291411204963	5	4.3
59012.37801648152	4300	30.854991010120074	0.0	2289689	4266.98913208738	5	4.3
59017.11223705068	4300	30.120770440964954	0.0	2059512	4734.22056915512	5	4.3
59024.14751525943	4300	27.085492232206835	0.0	2220726	7035.278208758118	5	4.3
59027.78947031142	4300	27.443537180220385	0.0	2156729	3641.95505198645	5	4.3
59031.632261691135	4300	27.600745800497307	0.0	2039773	3842.7913797230776	5	4.3
59036.04142549286	4300	27.191581998774492	0.0	2176469	4409.163801722816	5	4.3
59040.54017134245	4300	26.692836149185066	0.0	2221506	4498.745849589426	5	4.3
59044.685993322	4300	26.54701416963628	0.0	2044075	4145.821979548786	5	4.3
59049.094549917114	4300	26.138457574522633	0.0	2186790	4408.556595113649	5	4.3
59054.20030796498	4300	25.032699526656177	0.0	2105231	5105.758047866451	5	4.3
59059.74499081091	4300	23.488016680725494	0.0	2395588	5544.682845930686	5	4.3
59064.30775158905	4300	22.92525590259135	0.0	1972048	4562.760778134141	5	4.3
59070.56735389585	4300	20.66565359578903	0.0	2134614	6259.60230680232	5	4.3
59075.20512220176	4300	20.02788528987368	0.0	2164140	4637.768305915351	5	4.3
59079.73559401952	4300	19.497413472115966	0.0	2113193	4530.471817757714	5	4.3
59084.33905912408	4300	18.8939483675493	0.0	2147852	4603.465104566664	5	4.3
59089.03355154745	4300	18.19945594417781	0.0	2191074	4694.492423371488	5	4.3
59093.92956474854	4300	17.303442743089484	0.0	2286761	4896.013201088328	5	4.3
59098.87575731449	4300	16.357250177138344	0.0	2307787	4946.192565951139	5	4.3
59103.58875095086	4300	15.644256540772064	0.0	2143948	4712.99363636628	5	4.3
59107.39628345253	4300	15.836724039096909	0.0	1919781	3807.532501675154	5	4.3
59111.87485227622	4300	15.358155215408779	0.0	2147467	4478.568823688131	5	4.3
59116.23889254842	4300	14.994114943212836	0.0	2133870	4364.0402721959435	5	4.3
59121.085055969685	4300	14.147951521944979	0.0	2146120	4846.163421267856	5	4.3
59127.73930610883	1850	11.493701382801476	0.0	2108491	6654.250139143503	3	4.3
59131.018449304436	1850	12.214558187197607	0.0	1025005	3279.143195603868	3	-0.6000000000000001
59133.86453986285	1850	13.368467628790667	0.0	886255	2846.0905584069415	3	1.85
59136.984403957664	1850	14.248603533972894	0.0	973972	3119.8640948177726	3	1.85
59140.69573034264	1850	14.53727714899682	0.0	958994	3711.326384976073	3	1.85
59144.66730028482	1850	14.565707206820287	0.0	982064	3971.569942176534	3	1.85
59146.485036250066	1850	16.74797124157898	0.0	830730	1817.7359652413063	3	1.85
59148.33548824879	1850	18.89751924285342	0.0	846370	1850.45199872556	3	1.85

