91582.88287364175	750	4.0	3.599503647752503	450283	3599.503647752503	0.12509585878073845	-14.727865685335763
91584.14238324459	300	6.740490397151983	0.0	155580	1259.5096028480177	0.12352426662583652	-0.15000000000000002
91585.32629220521	300	9.55658143653014	0.0	139857	1183.9089606218433	0.11813154951250701	0.3
91590.31061882897	1200	8.57225481278315	0.0	617681	4984.32662374699	0.1239246635758504	0.29999999999999993
91593.63956225719	750	9.243311384566416	0.0	411561	3328.9434282167344	0.12363111866411833	0.3
91597.85310230494	1200	9.029771336806393	0.0	520315	4213.540047760024	0.12348642569010507	0.75
91602.66260933015	1200	8.220264311605417	0.0	561791	4809.507025200976	0.11680843734218774	1.2
91606.41887063817	750	8.464003003590161	0.0	437162	3756.2613080152546	0.11638221203279095	0.3
91609.77731383932	750	9.105559802420398	0.0	374758	3358.4432011697654	0.11158682090245552	0.75
91614.59203297526	1200	8.290840666490134	0.0	560821	4814.719135930263	0.1164805223662631	0.75
91617.50038406895	750	9.38248957278897	0.0	353220	2908.351093701165	0.12145026120298719	0.3
91622.4099339884	1200	8.472939653350059	0.0	594078	4909.54991943891	0.12100457470608517	0.75
91625.49140131076	750	9.391472330981987	0.0	386351	3081.4673223680707	0.12537890543103145	0.3
91631.03308046857	1200	7.8497931731667485	0.0	687371	5541.679157815239	0.12403659259678078	0.75
91633.79906830053	750	9.083805341205732	0.0	337059	2765.9878319610157	0.12185845364367842	0.3
91638.69723062939	1200	8.185643012351205	0.0	587876	4898.162328854528	0.12001970545910413	0.75
91641.64245255744	750	9.24042108429416	0.0	360831	2945.2219280570444	0.12251402740235583	0.3
91646.71964508436	1200	8.163228557368683	0.0	581493	5077.192526925479	0.11453042147135716	0.75
91650.08940166286	750	8.793471978883325	0.0	405596	3369.7565784853577	0.12036359023366244	0.3
91653.12888681176	750	9.7539868299963	0.0	350713	3039.485148887025	0.11538566001167053	0.75
91658.37789187975	1200	8.504981761986448	0.0	601738	5249.005068009852	0.11463848714250671	0.75
91661.75823617386	750	9.12463746788563	0.0	399894	3380.344294100819	0.11829978404799531	0.3
91667.37060166127	1200	7.512271980468356	0.0	656471	5612.3654874172735	0.11696868307521756	0.75
91670.42985661777	750	8.453017023948847	0.0	343800	3059.2549565195104	0.11238030333736503	0.3
91673.68444731778	750	9.19842632395181	0.0	359903	3254.5906999970366	0.11058318331713039	0.75
91678.85703150771	1200	8.025842134022138	0.0	590335	5172.584189929673	0.11412767358128321	0.75
91682.24808915616	750	8.634784485580354	0.0	425781	3391.0576484417843	0.12555994151135988	0.3
91684.57990132358	750	10.302972318145745	0.0	277716	2331.81216743461	0.11909878671983039	0.75
91689.77974137462	1200	9.1031322671177	0.0	622896	5199.840051028044	0.11979137702069301	0.75
91695.01276334935	1200	7.870110292381583	0.0	641447	5233.021974736117	0.12257678318508225	1.2
91698.20577985697	750	8.677093784751944	0.0	358218	3193.016507629639	0.11218795742021577	0.3
91701.4938194965	750	9.38905414522393	0.0	400322	3288.0396395280145	0.12175096528260368	0.75
91706.30720217466	1200	8.575671467075743	0.0	584349	4813.3826781481885	0.12140090224964445	0.75
91709.76795715671	750	9.114916485027551	0.0	412837	3460.7549820481913	0.11929102237560579	0.3
91715.71679945054	1200	7.166074191205125	0.0	690253	5948.842293822428	0.11603148409511425	0.75
91719.02922776181	750	7.853645879934604	0.0	365161	3312.42831127052	0.1102396688126175	0.3
91721.89409407623	750	8.98877956552957	0.0	321064	2864.8663144050324	0.11206945273000556	0.75
91724.979605338	750	9.903268303775002	0.0	361565	3085.5112617545683	0.11718155252961124	0.75
91730.04222893277	1200	8.840644708998868	0.0	605884	5062.623594776136	0.11967786833395651	0.75
91733.44550004085	750	9.437373600916665	0.0	390680	3403.2711080822023	0.11479543873898264	0.3
91738.47659611652	1200	8.406277525225496	0.0	566904	5031.096075691168	0.112680018721789	0.75
91741.82635913794	750	9.056514503821614	0.0	384505	3349.763021403881	0.1147857318691322	0.3
91746.88067762264	1200	8.002196019116363	0.0	599477	5054.318484705251	0.1186068906844835	0.75
91750.49216842279	750	8.390705218974837	0.0	438281	3611.490800141526	0.12135736299891024	0.3
91753.89092266577	750	8.99195097599091	0.0	398987	3398.7542429839264	0.11739213002047201	0.75
91757.1191793623	750	9.763694279466621	0.0	393804	3228.2566965242904	0.12198658192949462	0.75
91761.75531744484	1200	9.127556196924704	0.0	538612	4636.138082541916	0.1161768675588472	0.75
91766.4794751676	1200	8.403398474182119	0.0	550906	4724.157722742585	0.1166146501307273	1.2

