30751.93707140938	300	4.0	10.703985705030451	450283	10703.98570503045	0	-45.27713853163094
30755.161159640036	300	4.775911769341483	0.0	155580	3224.088230658517	0	-0.15000000000000002
30758.226530058124	300	5.710541351255197	0.0	139857	3065.370418086286	0	0.3
30761.8190360268	300	6.118035382575956	0.0	155432	3592.5059686792406	0	0.3
30765.725568598264	300	6.211502811113438	0.0	163442	3906.532571462518	0	0.3
30768.73299406979	300	7.204077339587205	0.0	126289	3007.425471526232	0	0.3
30772.059539817732	300	7.877531591644741	0.0	153295	3326.545747942465	0	0.3
30776.12778335387	300	7.8092880555074045	0.0	173849	4068.243536137336	0	0.3
30779.521598471452	300	8.41547293792367	0.0	150710	3393.8151175837334	0	0.3
30784.063601534403	300	7.873469874972012	0.0	139105	4542.003062951659	0	0.3
30790.299291692347	300	5.637779717029188	0.0	141840	6235.690157942824	0	0.3
30793.642617678324	300	6.294453731049596	0.0	156148	3343.3259859795917	0	0.3
30797.66121092778	300	6.275860481593279	0.0	160746	4018.5932494563176	0	0.3
30802.166795304285	300	5.770276105089202	0.0	179801	4505.584376504076	0	0.3
30806.175818754542	300	5.7612526548295175	0.0	140051	4009.0234502596854	0	0.3
30810.054403935123	300	5.88266747424837	0.0	138313	3878.585180581147	0	0.3
30813.22333338732	300	6.713738022052514	0.0	143509	3168.929452195857	0	0.3
30816.833061257756	300	7.104010151613853	0.0	150616	3609.727870438661	0	0.3
30820.879786033434	300	7.057285375939445	0.0	165384	4046.724775674408	0	0.3
30824.602054251787	300	7.335017157584233	0.0	140881	3722.2682183552115	0	0.3
30828.086020445295	300	7.851050964075156	0.0	157671	3483.9661935090776	0	0.3
30832.08209931939	300	7.854972089981142	0.0	157812	3996.078874094013	0	0.3
30835.886777359992	300	8.050294049377282	0.0	163927	3804.6780406038597	0	0.3
30839.06660570189	300	8.870465707479859	0.0	137654	3179.828341897423	0	0.3
30842.494732141662	300	9.442339267706297	0.0	146754	3428.1264397735636	0	0.3
30846.319877646663	300	9.617193762705881	0.0	153938	3825.1455050004147	0	0.3
30850.45500439787	300	9.482067011498968	0.0	181901	4135.1267512069135	0	0.3
30852.72836176379	300	11.208709645576269	0.0	111155	2273.357365922699	0	0.3
30856.845993661467	300	11.091077747900233	0.0	153605	4117.631897676036	0	0.3
30860.226586091278	300	11.710485318089594	0.0	149029	3380.5924298106406	0	0.3
30863.89165750678	300	12.045413902582492	0.0	157421	3665.0714155071023	0	0.3
30867.679806366246	300	12.257265043120363	0.0	157488	3788.1488594621287	0	0.3
30871.021721667457	300	12.915349741909806	0.0	143881	3341.915301210556	0	0.3
30874.581288083005	300	13.355783326362092	0.0	163444	3559.5664155477125	0	0.3
30878.898366823872	300	13.038704585497355	0.0	179328	4317.078740864737	0	0.3
30882.790854922663	300	13.146216486706125	0.0	159914	3892.4880987912284	0	0.3
30885.52550767888	300	14.411563730486883	0.0	131610	2734.6527562192414	0	0.3
30887.67429324644	750	16.262778162926327	0.0	124011	2148.7855675605556	1	0.3
30897.03920241341	300	10.897868995955994	0.0	378327	9364.909166970334	0	0.3
30900.32301961009	300	11.61405179927824	0.0	149991	3283.817196677754	0	-0.15000000000000002
30904.171394287514	300	11.765677121850738	0.0	147968	3848.3746774275023	0	0.3
30908.551790829853	300	11.385280579514289	0.0	161857	4380.396542336451	0	0.3
30912.910830101406	300	11.026241307961714	0.0	145210	4359.039271552574	0	0.3
30916.657768524357	300	11.279302885009153	0.0	172312	3746.93842295256	0	0.3
30920.478749355458	300	11.458322053905807	0.0	167025	3820.9808311033466	0	0.3
30924.00089934587	300	11.936172063494872	0.0	160064	3522.1499904109355	0	0.3
30926.940386721708	300	12.996684687655693	0.0	137507	2939.4873758391814	0	0.3
30929.46158448676	300	14.475486922602043	0.0	118421	2521.197765053648	0	0.3

