40818.13389973973	750	4.0	5.379805082393645	450283	5379.805082393645	-22.383161854292673
40820.045067415886	300	6.088832323852326	0.0	155580	1911.1676761476742	-0.15000000000000002
40821.77117628388	300	8.362723455855248	0.0	139857	1726.1088679970771	0.3
40823.68060200851	300	10.4532977312185	0.0	155432	1909.4257246367486	0.3
40830.173856694695	300	7.960043045032397	0.0	163442	6493.254686186102	0.3
40834.97713047823	300	7.156769261497523	0.0	126289	4803.273783534874	0.3
40841.56879666481	300	4.565103074920839	0.0	153295	6591.666186576684	0.3
40848.88200911144	300	4.0	2.7481093717128715	173849	7313.212446633711	-11.516870298365346
40854.57560043769	300	4.0	1.6935913262446238	150710	5693.591326244624	-6.982442702851882
40858.5394974504	300	4.036102987278844	0.0	139105	3963.897012721156	0.3
40862.57975734246	300	4.0	0.004156904776572446	141840	4040.2598920554165	0.2821253094607385
40867.01950537985	300	4.0	0.4397480373989647	156148	4439.748037398965	-1.590916560815548
40871.5876324005	300	4.0	0.5681270206453746	160746	4568.127020645375	-2.142946188775111
40876.687786721224	300	4.0	1.1001543207237454	179801	5100.1543207237455	-4.430663579112105
40880.67809663481	300	4.0096900864195355	0.0	140051	3990.3099135804646	0.3
40884.619880521226	300	4.067906199999197	0.0	138313	3941.7838864203386	0.3
40888.70673991807	300	4.0	0.0189531968492297	143509	4086.8593968484265	0.2185012535483123
40892.99203111873	300	4.0	0.2852912006614397	150616	4285.29120066144	-0.9267521628441906
40898.44444058729	300	4.0	1.4524094685619284	165384	5452.409468561928	-5.945360714816292
40904.41948707615	300	4.0	1.9750464888569021	140881	5975.046488856902	-8.192699902084678
40911.09709693798	300	4.0	2.6776098618305997	157671	6677.6098618306	-11.213722405871577
40917.780606825756	300	4.0	2.6835098877739747	157812	6683.509887773975	-11.239092517428091
40924.719993725186	300	4.0	2.9393868994317565	163927	6939.386899431756	-12.339363667556551
40929.73178500393	300	4.0	1.0117912787422392	137654	5011.791278742239	-4.050702498591629
40934.25240001613	300	4.0	0.5206150121981209	146754	4520.615012198121	-1.9386445524519196
40938.99039498559	300	4.0	0.7379949694574216	153938	4737.994969457422	-2.8733783686669128
40944.57451965226	300	4.0	1.584124666679274	181901	5584.124666679274	-6.511736066720879
40948.017947985936	300	4.556571666319951	0.0	111155	3443.4283336800495	0.3
40952.745866740785	300	4.0	0.17134708852620134	153605	4727.918754846152	-0.4367924806626658
40957.33532075671	300	4.0	0.5894540159237477	149029	4589.454015923748	-2.2346522684721153
40962.1787074844	300	4.0	0.8433867276887868	157421	4843.386727688787	-3.326562929061783
40967.02412155858	300	4.0	0.8454140741721358	157488	4845.414074172136	-3.3352805189401837
40971.457802743214	300	4.0	0.43368118463604244	143881	4433.681184636042	-1.5648290939349823
40976.48343884208	300	4.0	1.0256360988709647	163444	5025.636098870965	-4.110235225145148
40981.98970735202	300	4.0	1.5062685099381588	179328	5506.268509938159	-6.1769545927340825
40986.90852952423	300	4.0	0.9188221722109802	159914	4918.82217221098	-3.650935340507215
40990.97090371338	300	4.0	0.06237418915596618	131610	4062.374189155966	0.03179098662934543
40994.80334050064	300	4.167563212738998	0.0	124011	3832.4367872610023	0.3
40999.16817692016	300	4.0	0.19727320677819898	144254	4364.836419517197	-0.5482747891462556
41003.681848538305	300	4.0	0.5136716181433776	149991	4513.671618143378	-1.9087879580165235
41008.13572111728	300	4.0	0.4538725789776672	147968	4453.872578977667	-1.6516520896039688
41013.00014676347	300	4.0	0.864425646190989	161857	4864.425646190989	-3.4170302786212527
41017.37249400878	300	4.0	0.3723472453053846	145210	4372.347245305385	-1.3010931548131537
41022.54596510948	300	4.0	1.1734711007028535	172312	5173.471100702854	-4.74592573302227
41027.56315468766	300	4.0	1.0171895781773428	167025	5017.189578177343	-4.073915186162574
41032.37457999909	300	4.0	0.8114253114286967	160064	4811.425311428697	-3.189128839143396
41036.51922976605	300	4.0	0.1446497669596265	137507	4144.6497669596265	-0.321993997926394
41040.09970530586	300	4.419524460186565	0.0	118421	3580.4755398134353	0.3

