35354.1678206788	300	4.0	6.031834530305587	450283	6031.834530305587	0	-25.18688848031402
35355.96427288088	300	6.203547797920244	0.0	155580	1796.4522020797556	0	-0.15000000000000002
35357.54331799568	300	8.624502683121841	0.0	139857	1579.045114798403	0	0.3
35359.161782579686	300	11.006038099124519	0.0	155432	1618.4645839973236	0	0.3
35360.859530074005	750	13.308290604801016	0.0	163442	1697.7474943235022	1	0.3
35364.09267377503	750	14.0751469037837	0.0	318564	3233.1437010173163	1	0.3
35367.663121223624	750	14.504699455188918	0.0	352642	3570.447448594782	1	0.75
35372.07014689704	750	14.097673781779077	0.0	437162	4407.025673409839	1	0.75
35375.85949832126	750	14.30832235755711	0.0	374758	3789.3514242219685	1	0.75
35379.53044007554	750	14.637380603276725	0.0	362795	3670.9417542803862	1	0.75
35383.1066085631	750	15.061212115709592	0.0	353220	3576.168487567133	1	0.75
35386.333967642466	750	15.833853036349712	0.0	405134	3227.359079359879	1	0.75
35389.30608541614	750	16.86173526267203	0.0	386351	2972.1177736776795	1	0.75
35392.637952215875	750	17.529868462934107	0.0	434409	3331.8667997379243	1	0.75
35395.24108357746	750	18.926737101353513	0.0	337059	2603.131361580596	1	0.75
35398.06246128418	750	20.105359394631908	0.0	366214	2821.377706721602	1	0.75
35405.543850272516	750	16.623970406290187	0.0	360831	7481.388988341723	1	0.75
35411.106006390444	750	15.06181428835888	0.0	372963	5562.156117931308	1	0.75
35415.98678936656	750	14.18103131224815	0.0	405596	4880.782976110732	1	0.75
35422.47982740079	750	11.687993278016554	0.0	350713	6493.038034231596	1	0.75
35426.98183167465	750	11.185989004157825	0.0	386472	4502.00427385873	1	0.75
35431.41360502646	750	10.75421565235448	0.0	399894	4431.7733518033465	1	0.75
35436.408713028584	300	9.759107650223513	0.0	401853	4995.108002130967	0	0.75
35438.04615996747	300	12.121660711340745	0.0	137654	1637.446938882768	0	-0.15000000000000002
35439.77493542694	300	14.392885251865952	0.0	146754	1728.7754594747937	0	0.3
35441.57125392466	750	16.596566754149343	0.0	153938	1796.318497716609	1	0.3
35446.358661671686	750	15.809159007130178	0.0	425781	4787.407747019164	1	0.3
35449.53298773052	750	16.634832948296637	0.0	277716	3174.3260588335415	1	0.75
35453.899497737264	750	16.268322941547176	0.0	400396	4366.5100067494595	1	0.75
35458.14955992728	750	16.01826075153035	0.0	400508	4250.062190016827	1	0.75
35461.90403359675	750	16.263787082059896	0.0	358218	3754.473669470455	1	0.75
35465.93575687079	750	16.23206380801979	0.0	400322	4031.7232740401023	1	0.75
35469.73655257049	750	16.43126810832293	0.0	369834	3800.795699696864	1	0.75
35473.941101297125	750	16.226719381680248	0.0	412837	4204.548726642681	1	0.75
35477.71043298243	750	16.457387696377424	0.0	401088	3769.3316853028264	1	0.75
35481.17648487203	750	16.99133580677616	0.0	365161	3466.0518896012677	1	0.75
35484.49469618731	750	17.67312449149763	0.0	321064	3318.211315278528	1	0.75
35488.27886683692	750	17.888953841887915	0.0	361565	3784.170649609714	1	0.75
35492.22274085717	750	17.945079821637382	0.0	378327	3943.8740202505355	1	0.75
35495.87418519222	750	18.293635486588094	0.0	390680	3651.4443350492875	1	0.75
35498.94954168355	750	19.21827899525816	0.0	345516	3075.3564913299338	1	0.75
35502.36290265004	750	19.8049180287651	0.0	384505	3413.36096649306	1	0.75
35505.66866117621	750	20.499159502594303	0.0	372093	3305.758526170797	1	0.75
35509.04731329715	750	21.120507381656694	0.0	438281	3378.652120937608	1	0.75
35511.87758876448	750	22.290231914327276	0.0	398987	2830.27546732942	1	0.75
35514.67213705838	750	23.4956836204325	0.0	393804	2794.5482938947757	1	0.75
35517.03413357527	750	25.133687103538954	0.0	331053	2361.9965168935487	1	0.75
35519.27931884751	1850	26.888501831295894	0.0	314107	2245.185272243061	3	0.75

