38263.92111036681	300	4.0	1.3796292905694059	181801	1379.6292905694058	-5.6324059494484455
38264.95792204847	300	6.963188318346467	0.0	155580	1036.8116816535332	0.3
38265.9267979888	300	9.994312378011598	0.0	139857	968.875940334869	0.3
38266.65513172511	300	13.265978641702256	0.0	155432	728.3337363093417	0.3
38267.344986449585	300	16.57612391722482	0.0	163442	689.854724477437	0.3
38267.89621136913	300	20.024898997684367	0.0	126289	551.2249195404551	0.3
38268.54820436963	300	23.372905997177956	0.0	153295	651.9930005064103	0.3
38269.33031763802	300	26.590792728786735	0.0	173849	782.1132683912206	0.3
38270.040729752014	300	29.88038061480161	0.0	150710	710.4121139851277	0.3
38270.70259875285	300	33.21851161396622	0.0	139105	661.8690008353869	0.3
38271.35913809132	300	36.561972275498725	0.0	141840	656.5393384674959	0.3
38272.0568977773	300	39.86421258951773	0.0	156148	697.7596859809953	0.3
38272.77284827607	300	43.14826209074284	0.0	160746	715.9504987748869	0.3
38273.56418501621	300	46.35692535060484	0.0	179801	791.3367401380033	0.3
38274.198261032434	300	49.722849334380975	0.0	140051	634.0760162238669	0.3
38274.8254610955	300	53.095649271318436	0.0	138313	627.2000630625395	0.3
38275.47321780564	300	56.44789256117519	0.0	143509	647.7567101432402	0.3
38276.35684442011	300	59.56426594671231	0.0	150616	883.6266144628821	0.3
38277.99603820749	300	59.567350558046755	0.0	165384	996.9153886655536	0.3
38278.73416637808	300	59.97592580661492	0.0	140881	591.4247514318375	0.3
38279.85536272316	300	59.70117928165429	0.0	157671	774.7465249606305	0.3
38283.637255680645	300	59.91928632416907	0.0	157812	3781.8929574852123	0.3
38286.895143172726	300	59.89751399267828	0.0	163927	1521.7723314907917	0.3
38289.36395276976	300	59.75166672865746	0.0	137654	645.8472640208191	0.3
38292.01132695879	300	59.54046085694764	0.0	146754	711.2058717098164	0.3
38294.78346791786	300	59.590974516025774	0.0	153938	949.4863409218642	0.3
38297.13218599775	300	59.780442732705055	0.0	181901	810.5317833207158	0.3
38299.7018066619	750	59.97522563186195	0.0	277716	1305.2171008431064	0.3
38303.15570369511	750	59.58947885020606	0.0	400396	1885.7467816558913	0.75
38306.02618390729	750	59.89831386989725	0.0	400508	1691.1649803088058	0.75
38309.902484656835	750	59.760821157763196	0.0	358218	2637.492712134057	0.75
38313.1230124719	750	59.72996126893072	0.0	400322	2030.8598888324707	0.75
38316.08291968506	750	59.54984151106875	0.0	369834	1680.1197578619722	0.75
38318.52603157712	750	59.940179376588056	0.0	412837	1609.6621344806906	0.75
38321.06793637191	750	59.787951841789486	0.0	401088	1652.2275347985737	0.75
38323.17980533011	750	59.890855941177705	0.0	365161	1397.095900611788	0.75
38325.71933103997	750	59.68897957879761	0.0	321064	1701.8763623801005	0.75
38327.90324860775	750	59.97184552014316	0.0	361565	1717.1340586544395	0.75
38330.751773458665	750	59.74597484449782	0.0	378327	2225.8706756453425	0.75
38333.13757634117	750	59.56640059388329	0.0	390680	1679.5742506145368	0.75
38335.26396502606	750	59.56982055228077	0.0	345516	1496.5800416025154	0.75
38337.0724276305	750	59.9399934887017	0.0	384505	1629.8270635790716	0.75
38339.0223658019	750	59.51684223043366	0.0	372093	1423.1512582680339	0.75
38343.902347341806	750	58.63686069052552	0.0	438281	4879.981539908141	0.75
38346.03202746959	750	59.68640479015623	0.0	398987	1950.4559003692932	0.75
38347.993827967824	750	59.50861675874712	0.0	393804	1677.7880314091187	0.75
38351.4172251133	750	59.65692431642167	0.0	331053	3351.692442325441	0.75
38354.306706680894	750	59.95153599769478	0.0	314107	1205.388318726892	0.75

