64661.91920570156	750	4.0	18.87660394341256	450283	18876.603943412563	0.023854025933363766	-80.419396956674
64664.43769693437	300	5.481508767190393	0.0	155580	2518.491232809607	0.0617750810378785	-0.15000000000000002
64669.931575138784	300	4.0	0.012369437222366287	139857	5493.878204412759	0.025456880330485834	0.24681141994382494
64674.104969693784	300	4.0	0.17339455500509213	155432	4173.394555005092	0.03724354310416029	-0.4455965865218961
64679.3746020904	300	4.0	1.2696323966185392	163442	5269.632396618539	0.031015825715827693	-5.159419305459719
64682.75061608366	300	4.623986006746573	0.0	126289	3376.0139932534275	0.03740772409485681	0.3
64685.079419930895	300	6.295182159507403	0.0	153295	2328.803847239169	0.06582563842022739	0.3
64686.83424330002	300	8.54035879038477	0.0	173849	1754.8233691226328	0.09906923001995356	0.3
64690.524580179524	750	8.850021910876348	0.0	374758	3690.3368795084225	0.10155116246458243	0.3
64702.96995555852	750	4.0	3.595353468112822	362795	12445.37537898917	0.029150988937825566	-14.710019912885134
64716.44827467111	300	4.0	9.478319112590789	141840	13478.319112590789	0.010523567428189171	-40.906772184140394
64739.583126527854	300	4.0	19.134851856745673	156148	23134.851856745674	0.006749470494425071	-81.97986298400639
64745.44847697472	300	4.0	1.865350446861711	160746	5865.350446861711	0.027406035062407574	-7.721006921505357
64750.71913107275	300	4.0	1.2706540980328556	179801	5270.6540980328555	0.03411360272477497	-5.163812621541279
64752.2699624517	300	6.449168621055089	0.0	140051	1550.8313789449105	0.09030704556370403	0.3
64753.7883161562	300	8.930814916547515	0.0	138313	1518.3537045075755	0.09109405772145625	0.3
64757.61927510749	750	9.099855965254424	0.0	360831	3830.9589512930897	0.0941881666150994	0.3
64763.67601308038	1200	7.043117992367835	0.0	581493	6056.73797288659	0.0960076203730612	0.75
64770.2141922342	750	4.504938838552107	0.0	405596	6538.179153815728	0.06203500859460104	0.3
64774.60571918158	300	4.113411891176432	0.0	140881	4391.526947375674	0.03208018570492636	-0.15000000000000002
64778.10307702203	300	4.616054050722165	0.0	157671	3497.3578404542677	0.04508289033973152	0.3
64783.206398445	300	4.0	0.4872673722477066	157812	5103.3214229698715	0.03092339026299494	-1.7952497006651382
64785.485531966115	300	5.720866478891284	0.0	163927	2279.133521108716	0.07192514105986009	0.3
64787.209230182365	300	7.997168262636218	0.0	137654	1723.698216255066	0.07985968698109422	0.3
64792.495197251774	750	6.711201193222819	0.0	359903	5285.967069413399	0.06808650059182825	0.3
64794.76955431668	300	8.436844128320152	0.0	153938	2274.3570649026665	0.06768418309311865	-0.15000000000000002
64803.51575878932	750	4.0	0.3093603443171196	425781	8746.204472637271	0.04868180264159922	-1.0302494805636142
64805.04301464531	300	6.472744144006639	0.0	111155	1527.255855993361	0.07278086351006481	-0.15000000000000002
64807.443958955424	300	8.071799833894751	0.0	153605	2400.9443101118886	0.06397691081507914	0.3
64813.226217477146	750	6.289541312174029	0.0	400508	5782.2585217207225	0.06926497639209915	0.3
64818.17918863791	300	5.336570151409346	0.0	157421	4952.971160764682	0.03178314488221167	-0.15000000000000002
64819.78518358066	300	7.730575208651235	0.0	157488	1605.9949427581118	0.09806257529649032	0.3
64824.13390444208	750	7.3818543472312514	0.0	369834	4348.7208614199835	0.08504431803866999	0.3
64828.19755895614	750	7.31819983317365	0.0	412837	4063.654514057601	0.10159254399503023	0.75
64834.808895728245	750	4.706863061064523	0.0	401088	6611.336772109128	0.060666702336514944	0.75
64840.83493199868	300	4.0	1.3191732093678583	159914	6026.036270432381	0.026537178474122566	-5.822444800281791
64850.95083373857	300	4.0	6.115901739897543	131610	10115.901739897543	0.01301020940930304	-25.998377481559434
64854.75157196996	300	4.199261768614213	0.0	124011	3800.738231385787	0.03262813497018561	0.3
64857.77230727142	300	5.1785264671521904	0.0	144254	3020.7353014620226	0.04775459800472478	0.3
64860.781591587154	300	6.1692421514206774	0.0	149991	3009.2843157315137	0.049842748063351185	0.3
64862.214813042185	300	8.736020696393012	0.0	147968	1433.221455027665	0.10324154685302547	0.3
64865.78826598586	750	9.162567752716964	0.0	384505	3573.45294367605	0.1076004094808243	0.3
64879.06423882757	1200	4.0	4.113405088987992	599477	13275.972841704955	0.045155033619593686	-16.937641882648364
64881.18979943288	300	5.87443939468622	0.0	172312	2125.56060531378	0.08106661347092614	-0.6000000000000001
64882.65796585951	300	8.406272968055365	0.0	167025	1468.1664266308542	0.11376435053299011	0.3
64891.991782510726	750	4.0	0.9275436831603129	393804	9333.816651215679	0.04219110088783554	-3.6884378375893454
64894.09895890039	300	5.892823610343634	0.0	137507	2107.1763896563666	0.06525652084703944	-0.15000000000000002
64895.356756528425	300	8.63502598230479	0.0	118421	1257.797628038846	0.0941494858633512	0.3

