50770.497281641765	750	4.0	2.2203252991896347	450283	2220.3252991896347	-8.797398786515428
50772.40482063588	750	6.092461005892143	0.0	398865	1907.5389941078574	0.75
50774.09218806496	750	8.405093576809708	0.0	350812	1687.3674290824356	0.75
50775.92408074066	750	10.573200901112141	0.0	382355	1831.8926756975666	0.75
50777.88979088307	750	12.607490758697981	0.0	411561	1965.7101424141601	0.75
50779.42940286236	750	15.067878779409309	0.0	318564	1539.6119792886705	0.75
50781.125155074165	750	17.372126567607864	0.0	352642	1695.7522118014442	0.75
50783.22441301477	750	19.272868627005504	0.0	437162	2099.2579406023633	0.75
50785.11172450673	750	21.38555713504957	0.0	374758	1887.3114919559328	0.75
50789.59904945979	1850	20.898232181984863	0.0	913888	4487.324953064707	0.75
50794.21142949986	1850	20.285852141909583	0.0	939819	4612.380040075282	1.85
50798.90115342333	1850	19.5961282184425	0.0	917428	4689.7239234670815	1.85
50803.91515034125	1850	18.582131300526324	0.0	946851	5013.996917916175	1.85
50809.39606436211	1850	17.10121727966994	0.0	1036454	5480.914020856388	1.85
50813.75754563177	1850	16.739736010004084	0.0	821631	4361.4812696658555	1.85
50818.64814195021	1850	15.84913969156256	0.0	923170	4890.596318441524	1.85
50823.76556588127	1850	14.731715760497748	0.0	966699	5117.423931064813	1.85
50828.46098071017	1850	14.036300931601536	0.0	885714	4695.4148288962115	1.85
50833.687881571874	1850	12.809400069901912	0.0	987708	5226.9008616996225	1.85
50838.58152629835	1850	11.91575534342472	0.0	923755	4893.644726477192	1.85
50843.30763364576	1850	11.189647996015538	0.0	891604	4726.107347409184	1.85
50848.365298357414	1850	10.131983284357649	0.0	955231	5057.664711657891	1.85
50853.37839889929	1850	9.11888274247924	0.0	968026	5013.100541878407	1.85
50857.649052359055	1850	8.848229282716815	0.0	874175	4270.653459762425	1.85
50862.03380396049	1850	8.463477681282752	0.0	897976	4384.7516014340645	1.85
50866.45670971971	1850	8.040571922058485	0.0	905935	4422.905759224266	1.85
50871.69775107199	1850	6.799530569781461	0.0	1076599	5241.041352277024	1.85
50875.41242477146	1850	7.084856870314545	0.0	758197	3714.673699466917	1.85
50882.79125111861	1850	4.0	0.29396947683297187	972798	7378.826347147517	0.5859312496182212
50884.65380502671	750	6.137446091895383	0.0	400508	1862.5539081046168	-0.3500000000000001
50886.3561567171	750	8.435094401504116	0.0	358218	1702.3516903912653	0.75
50888.24933643459	750	10.541914684018273	0.0	400322	1893.179717485845	0.75
50890.00442675597	750	12.786824362635336	0.0	369834	1755.0903213829367	0.75
50891.95429070306	750	14.836960415543485	0.0	412837	1949.8639470918508	0.75
50893.8509398668	750	16.94031125180289	0.0	401088	1896.6491637405952	0.75
50895.58486475431	750	19.206386364295213	0.0	365161	1733.924887507678	0.75
50897.11906095841	750	21.67219016020232	0.0	321064	1534.1962040928938	0.75
50901.4519865283	1850	21.339264590313768	0.0	938587	4332.925569888554	0.75
50906.255399339	1850	20.535851779606528	0.0	908665	4803.41281070724	1.85
50910.96404345801	1850	19.827207660605353	0.0	930577	4708.644119001174	1.85
50915.19356622304	1850	19.597684895568957	0.0	858450	4229.522765036397	1.85
50920.08415546835	1850	18.70709565025526	0.0	1025005	4890.589245313699	1.85
50924.36460356411	1850	18.42664755449832	0.0	886255	4280.448095756939	1.85
50928.92263148446	1850	17.868619634138685	0.0	973972	4558.027920359634	1.85
50933.37096305748	1850	17.420288061121514	0.0	958994	4448.331573017173	1.85
50937.924381220604	1850	16.86686989800106	0.0	982064	4553.418163120455	1.85
50945.13679564572	1850	13.654455472883459	0.0	830730	7212.4144251176	1.85
50954.21608629168	1850	8.575164826927109	0.0	846370	9079.290645956351	1.85

