46994.47998753012	750	4.0	1.6196033280858848	450283	1619.6033280858849	-6.214294310769304
46996.26246239971	1200	6.217525130406091	0.0	611087	1782.47486959391	0.75
46997.599315545835	1200	8.880671984287547	0.0	571051	1336.853146118545	1.2
46999.70703851196	1850	10.772949018163574	0.0	933276	2107.7229661239735	1.2000000000000002
47001.92991893988	1850	12.55006859024158	0.0	996749	2222.880427921994	1.85
47004.65163918028	2850	13.82834834984411	0.0	1224260	2721.72024039747	1.85
47011.004852736674	4300	11.475134793449948	0.0	2157535	6353.213556394161	2.8499999999999996
47014.96526063929	2850	11.51472689082603	0.0	1638769	3960.4079026239174	1.4000000000000001
47017.93443529685	2850	12.545552233273687	0.0	1348011	2969.174657552343	2.85
47020.734045470585	2850	13.745942059531721	0.0	1429765	2799.610173741966	2.85
47027.339109261804	4300	11.140878268319396	0.0	2173522	6605.063791212325	2.8499999999999996
47030.3249832369	2850	12.15500429323011	0.0	1519951	2985.8739750892855	1.4000000000000001
47033.522097689	2850	12.957889841126763	0.0	1422919	3197.1144521033493	2.85
47038.85944207821	2850	11.620545451913898	0.0	1578343	5337.344389212864	2.85
47041.40308944561	2850	13.076898084515479	0.0	1231445	2543.6473673984206	2.85
47044.93534564766	2850	13.54464188245883	0.0	1471065	3532.2562020566484	2.85
47048.5413943602	2850	13.938593169911456	0.0	1491626	3606.048712547372	2.85
47051.3898184707	2850	15.090169059420361	0.0	1358801	2848.4241104910957	2.85
47054.589967754284	2850	15.89001977584313	0.0	1537156	3200.1492835772287	2.85
47061.09033832427	4300	13.389649205855076	0.0	2156729	6500.370569988056	2.8499999999999996
47065.74021960198	2850	12.739767928142783	0.0	1415116	4649.881277712293	1.4000000000000001
47070.69107007749	2850	11.788917452634427	0.0	1468126	4950.850475508356	2.85
47074.6397401927	2850	11.840247337414578	0.0	1505760	3948.6701152198502	2.85
47080.66289191993	2850	9.817095610192894	0.0	1323990	6023.151727221683	2.85
47082.04311508456	1200	12.436872445561631	0.0	587236	1380.2231646312603	-0.44999999999999996
47084.21709965965	1850	14.262887870479897	0.0	905935	2173.984575081735	1.2000000000000002
47093.01193885287	2850	9.468048677251625	0.0	1547572	8794.839193228272	1.85
47093.64609675381	750	12.833890776316533	0.0	277716	634.1579009350914	-1.35
47095.88839888625	1850	14.59158864387718	0.0	972798	2242.302132439353	0.75
47098.22813121161	1850	16.251856318518655	0.0	975811	2339.7323253585273	1.85
47100.07034771582	1850	18.40963981431214	0.0	873429	1842.2165042065137	1.85
47102.17884754074	1850	20.30113998939049	0.0	954453	2108.499824921649	1.85
47105.822105799656	2850	20.657881730470375	0.0	1358081	3643.2582589201124	1.85
47110.94867137736	4300	19.531316152759	0.0	2286761	5126.565577711375	2.8499999999999996
47115.84404181343	4300	18.635945716697826	0.0	2307787	4895.370436061177	4.3
47121.75222709056	4300	16.72776043956295	0.0	2143948	5908.185277134876	4.3
47126.11183717251	4300	16.368150357614113	0.0	1919781	4359.610081948838	4.3
47131.42264685687	4300	15.057340673255345	0.0	2147467	5310.8096843587655	4.3
47135.86875364	4300	14.611233890118793	0.0	2133870	4446.106783136552	4.3
47140.592280393415	4300	13.887707136706217	0.0	2146120	4723.526753412579	4.3
47144.921301260925	4300	13.558686269191316	0.0	2108491	4329.0208675149	4.3
47151.963134955164	4300	10.516852574954108	0.0	2184571	7041.833694237208	4.3
47155.034178366404	2850	11.44580916370346	0.0	1343002	3071.0434112506473	1.4000000000000001
47158.570454136294	2850	11.909533393811245	0.0	1587250	3536.2757698922146	2.85
47161.53933175962	2850	12.940655770494704	0.0	1464921	2968.8776233165404	2.85
47166.908234010574	4300	11.571753519537678	0.0	2246506	5368.902250957026	2.8499999999999996
47172.02123518688	4300	10.45875234323413	0.0	1961140	5113.001176303548	4.3
47177.02296961949	4300	9.457017910628222	0.0	2155012	5001.734432605907	4.3

