50088.52483711856	750	4.0	4.180229410885969	450283	4180.22941088597	0.10771729389477831	-17.224986466809668
50089.73417325431	300	6.79066386425609	0.0	155580	1209.3361357439098	0.1286490954843557	-0.15000000000000002
50092.48108973861	300	8.043747379946142	0.0	139857	2746.9164843099475	0.05091417988091234	0.3
50097.383386004054	750	7.1414511145065775	0.0	382355	4902.296265439565	0.07799508216089344	0.3
50100.487625462425	750	8.037211656128617	0.0	411561	3104.2394583779596	0.1325803004305121	0.75
50104.11220249533	750	8.412634623228278	0.0	318564	3624.5770329003394	0.08788997919161046	0.75
50107.88864666402	750	8.63619045454208	0.0	352642	3776.4441686861974	0.09337937600774383	0.75
50111.63229319427	750	8.89254392428283	0.0	437162	3743.6465302592514	0.11677437932948388	0.75
50114.86106169264	750	9.663775425910602	0.0	374758	3228.7684983722265	0.11606840198946845	0.75
50119.888536784914	1200	8.636300333635944	0.0	560821	5027.475092274658	0.11155122396563862	0.75
50124.85733544806	750	7.667501670489016	0.0	353220	4968.7986631469275	0.07108760566609322	0.3
50130.19201631999	750	6.332820798560288	0.0	405134	5334.680871928728	0.07594343686645416	0.75
50131.72337123326	300	8.801465885285207	0.0	160746	1531.354913275079	0.10496978760868415	-0.15000000000000002
50135.33328927692	750	9.191547841625296	0.0	434409	3609.9180436599117	0.12033763502275382	0.3
50142.690669977106	1200	5.834167141438408	0.0	526950	7357.380700186887	0.0716219564371074	0.75
50143.84118690896	300	8.683650209582169	0.0	138313	1150.516931856239	0.12021813514456187	-0.6000000000000001
50146.71598066744	750	9.808856451099341	0.0	360831	2874.793758482827	0.12551543878070356	0.3
50151.13252990973	1200	9.39230720881016	0.0	581493	4416.549242289182	0.13166229291232834	0.75
50160.20908117719	1200	4.3157559413497255	0.0	639204	9076.551267460434	0.07042366435934268	1.2
50165.41543895385	300	4.0	0.8906018353112122	140881	5206.357776660938	0.027059415822620066	-4.429587891838213
50166.7682903559	300	6.647148597951169	0.0	157671	1352.851402048831	0.1165471682708201	0.3
50167.98910908321	300	9.426329870645345	0.0	157812	1220.8187273058245	0.12926734859995875	0.3
50177.51459555635	1200	4.0	0.09915660249360735	656471	9525.486473138952	0.06891732006036556	-0.12637339072251164
50178.589284485504	300	6.925311070845184	0.0	137654	1074.688929154816	0.12808729695229795	-0.6000000000000001
50179.73211878	300	9.78247677635558	0.0	146754	1142.8342944896044	0.12841231726034358	0.3
50184.100561794745	1200	9.41403376160833	0.0	590335	4368.4430147472485	0.13513624831710339	0.29999999999999993
50189.45273170388	1200	8.06186385247396	0.0	696376	5352.16990913437	0.13011096654676793	1.2
50192.228367253156	750	9.286228303200314	0.0	277716	2775.6355492736466	0.10005492258256861	0.3
50200.57364738707	1200	4.940948169285144	0.0	622896	8345.28013391517	0.07464051415944137	0.75
50201.75412090128	300	7.760474655080783	0.0	149029	1180.4735142043608	0.1262451026700464	-0.6000000000000001
50204.462098444215	750	9.052497112143817	0.0	358218	2707.977542936965	0.13228248547862437	0.3
50211.2165029107	1200	6.298092645663066	0.0	620283	6754.404466480752	0.09183385494283053	0.75
50212.63382795749	300	8.880767598866765	0.0	143881	1417.3250467962998	0.10151588044339331	-0.6000000000000001
50216.32560508127	750	9.188990475086523	0.0	412837	3691.7771237802426	0.11182608975518822	0.3
50221.84847698867	1200	7.666118567680733	0.0	690253	5522.87190740579	0.12498080918270409	0.75
50225.3026018673	750	8.211993689054943	0.0	365161	3454.1248786257884	0.10571737063116203	0.3
50231.195433296554	750	6.319162259796567	0.0	321064	5892.831429258376	0.05448382562003924	0.75
50233.02577500259	300	8.488820553761569	0.0	124011	1830.3417060349996	0.06775292263248504	-0.15000000000000002
50236.507873481096	750	9.006722075256745	0.0	378327	3482.0984785048245	0.10864913853971457	0.3
50242.61254945721	1200	6.9020460991349095	0.0	587506	6104.675976121835	0.09623868691770099	0.75
50245.633052432146	300	7.881543124205517	0.0	147968	3020.5029749293926	0.04898786765917981	-0.6000000000000001
50248.68905564947	750	8.825539906877639	0.0	384505	3056.003217327877	0.1258195664912308	0.3
50251.65254673197	750	9.862048824375936	0.0	372093	2963.4910825017023	0.12555900781921325	0.75
50256.46189587536	1200	9.052699680985702	0.0	634861	4809.349143390233	0.1320055959905773	0.75
50269.64621700342	1200	4.0	4.131621447069707	630203	13184.32112805541	0.0477994273561016	-16.56597222239974
50270.883315378494	300	6.7629016249240905	0.0	160064	1237.0983750759099	0.12938663830204955	-0.6000000000000001
50271.95734980386	300	9.688867199559466	0.0	137507	1074.034425364624	0.128028484704592	0.3
50280.27103784973	1200	5.375179153682262	0.0	550906	8313.688045877205	0.06626493524413594	0.29999999999999993

