88169.75134120826	750	4.0	2.4242296337217857	450283	2424.229633721786	-9.674187425003678
88170.72163102355	750	7.029710184706287	0.0	398865	970.2898152937128	0.75
88171.58466375564	750	10.166677452621952	0.0	350812	863.0327320843342	0.75
88179.61984855046	1850	6.131492657808959	0.0	933276	8035.1847948129935	0.75
88181.31634140362	750	8.43499980464817	0.0	411561	1696.492853160789	-0.3500000000000001
88182.6217578994	750	11.129583308858845	0.0	318564	1305.4164957893254	0.75
88183.98423835616	750	13.76710285210506	0.0	352642	1362.4804567537844	0.75
88185.65409923896	750	16.097241969296437	0.0	437162	1669.8608828086215	0.75
88188.1585975409	1850	17.592743667360015	0.0	852833	2504.498301936425	0.75
88200.02277817982	1850	9.728563028445086	0.0	913888	11864.180638914928	1.85
88202.99231075138	750	10.759030456872871	0.0	353220	2969.532571572213	-0.3500000000000001
88206.24936434485	750	11.501976863404566	0.0	405134	3257.053593468305	0.75
88208.75625217725	750	12.995089030995542	0.0	386351	2506.8878324090238	0.75
88211.44820096357	750	14.303140244681606	0.0	434409	2691.9487863139366	0.75
88213.26318958815	750	16.488151620108635	0.0	337059	1814.9886245729706	0.75
88216.15525434318	750	17.596086865065946	0.0	366214	2892.0647550426884	0.75
88218.14739110124	750	19.603950107000657	0.0	360831	1992.1367580652905	0.75
88219.98143004654	750	21.76991116169362	0.0	372963	1834.0389453070345	0.75
88224.53267077178	1850	21.21867043645616	0.0	987708	4551.240725237457	0.75
88228.98087449904	1850	20.770466709189712	0.0	923755	4448.203727266451	1.85
88233.33118953102	1850	20.42015167721341	0.0	891604	4350.315031976302	1.85
88238.16947016842	1850	19.581871039808345	0.0	955231	4838.280637405067	1.85
88244.13291753785	1850	17.618423670370344	0.0	968026	5963.447369438003	1.85
88249.87043596481	1850	15.880905243414393	0.0	874175	5737.5184269559495	1.85
88255.4000336503	1850	14.351307557927008	0.0	897976	5529.597685487385	1.85
88259.6000702967	1850	14.151270911509215	0.0	905935	4200.036646417793	1.85
88265.17691423911	1850	12.57442696910985	0.0	1076599	5576.843942399365	1.85
88270.12184692893	1850	11.62949427929967	0.0	758197	4944.932689810179	1.85
88274.04488076584	1850	11.706460442387385	0.0	972798	3923.0338369122846	1.85
88278.25764398291	1850	11.493697225307903	0.0	975811	4212.763217079481	1.85
88281.37015261705	1850	12.381188591173963	0.0	873429	3112.508634133941	1.85
88284.99134132861	1850	12.75999987962059	0.0	954453	3621.188711553372	1.85
88290.78642451765	1850	10.964916690576942	0.0	885062	5795.08318904365	1.85
88294.846791878	1850	10.904549330216561	0.0	1035329	4060.36736036038	1.85
88298.9256695676	1850	10.825671640621895	0.0	1026056	4078.877689594666	1.85
88302.34627452077	1850	11.40506668744752	0.0	943942	3420.604953174374	1.85
88305.35870350442	1850	12.392637703797233	0.0	728962	3012.428983650289	1.85
88309.07265408213	1850	12.678687126082187	0.0	938587	3713.9505777150466	1.85
88312.92816142975	1850	12.82317977847261	0.0	908665	3855.507347609575	1.85
88317.45154772958	1850	12.299793478641186	0.0	930577	4523.386299831425	1.85
88321.40261237709	1850	12.348728831126001	0.0	858450	3951.0646475151843	1.85
88326.84763449349	1850	10.903706714729061	0.0	1025005	5445.022116396939	1.85
88334.5889486145	1850	7.162392593701031	0.0	886255	7741.314121028031	1.85
88336.15844500918	750	9.592896199038403	0.0	438281	1569.4963946626274	-0.3500000000000001
88337.59440088684	750	12.156940321377137	0.0	398987	1435.955877661267	0.75
88339.1160329454	750	14.635308262813796	0.0	393804	1521.6320585633405	0.75
88340.41359315458	750	17.337748053630165	0.0	331053	1297.560209183628	0.75
88345.56697894474	1850	16.184362263459395	0.0	846370	5153.385790170771	0.75

