56197.477462878654	300	4.0	0.4243068192292918	181801	424.3068192292918	-1.5245193226859546
56197.8468755294	300	7.630587349254116	0.0	155580	369.41265074588364	0.3
56198.15220402647	300	11.32525885218532	0.0	139857	305.32849706879676	0.3
56198.5877773352	300	14.88968554345782	0.0	155432	435.5733087274998	0.3
56199.630498795246	750	17.846964083408118	0.0	411561	1042.7214600497014	0.3
56201.19112263699	750	20.28634024167119	0.0	318564	1560.6238417369302	0.75
56203.45583565191	1200	22.021627226750045	0.0	561791	2264.713014921143	0.75
56205.57795068359	1850	23.899512195075992	0.0	1060487	2122.115031674055	1.2000000000000002
56207.618009575184	1850	25.85945330347921	0.0	852833	2040.0588915967828	1.85
56210.1563266895	2850	27.321136189156313	0.0	1429765	2538.3171143228988	1.85
56212.693520431596	2850	28.783942447066504	0.0	1354548	2537.193742089811	2.85
56218.71036361881	4300	26.767099259847264	0.0	2102452	6016.843187219242	2.8499999999999996
56221.63395988489	2850	27.843502993760865	0.0	1422919	2923.5962660863975	1.4000000000000001
56227.96644635859	4300	25.511016520076996	0.0	2275376	6332.486473683868	2.8499999999999996
56230.262902310315	2850	27.214560568348826	0.0	1231445	2296.455951728171	1.4000000000000001
56233.83774776558	2850	27.63971511308415	0.0	1471065	3574.845455264673	2.85
56238.76782145571	2850	26.709641422955453	0.0	1491626	4930.073690128697	2.85
56242.11341500717	2850	27.364047871498357	0.0	1358801	3345.593551457095	2.85
56248.12256040099	2850	25.354902477680113	0.0	1537156	6009.145393818247	2.85
56251.54692269174	2850	25.9305401869281	0.0	1336050	3424.3622907520157	2.85
56255.7017314648	2850	25.77573141386956	0.0	1415116	4154.808773058536	2.85
56259.09564177996	2850	26.38182109870798	0.0	1468126	3393.9103151615823	2.85
56262.888286566296	2850	26.589176312374807	0.0	1505760	3792.6447863331728	2.85
56265.864066076196	2850	27.613396802473034	0.0	1323990	2975.77950990177	2.85
56270.5321010803	2850	26.945361798373472	0.0	1383735	4668.035004099561	2.85
56273.75536906469	2850	27.722093813985136	0.0	1480464	3223.267984388337	2.85
56276.643235221265	2850	28.834227657403787	0.0	1547572	2887.8661565813477	2.85
56279.44299618699	2850	30.034466691685143	0.0	1141971	2799.7609657186454	2.85
56285.68100608224	4300	27.796456796436726	0.0	2134614	6238.009895248414	2.8499999999999996
56290.272832839255	4300	27.204630039415814	0.0	2164140	4591.826757020915	4.3
56293.083132920176	2850	28.39432995849907	0.0	1341201	2810.3000809167415	1.4000000000000001
56298.605744246124	4300	26.871718632552117	0.0	2147852	5522.611325946954	2.8499999999999996
56301.70674266509	2850	27.770720213589957	0.0	1358081	3100.9984189621614	1.4000000000000001
56306.529891926766	4300	26.94757095191331	0.0	2286761	4823.14926167665	2.8499999999999996
56309.37980376129	2850	28.097659117390894	0.0	1492672	2849.9118345224174	1.4000000000000001
56312.272161016386	2850	29.205301862286564	0.0	1439896	2892.3572551043285	2.85
56316.547374340844	2850	28.930088537828297	0.0	1139291	4275.213324458264	2.85
56321.50820850138	4300	27.969254377297773	0.0	2147467	4960.834160530524	2.8499999999999996
56324.88979013793	2850	28.58767274074578	0.0	1427478	3381.581636551995	1.4000000000000001
56327.96706982089	2850	29.51039305778674	0.0	1402287	3077.27968295904	2.85
56334.78491227519	4300	26.69255060348834	0.0	2108491	6817.8424542983985	2.8499999999999996
56340.00647425039	2850	25.470988628284555	0.0	1527299	5221.561975203786	1.4000000000000001
56341.97265936942	2850	27.504803509251776	0.0	1343002	1966.1851190327804	2.85
56348.1528260049	4300	25.324636873776292	0.0	2219102	6180.1666354754825	2.8499999999999996
56352.919453997834	2850	24.5580088808419	0.0	1464921	4766.6279929343955	1.4000000000000001
56355.283066625765	1850	26.194396252909726	0.0	982064	2363.6126279321734	0.8500000000000001
56357.570478416106	2850	27.906984462571934	0.0	1231456	2287.4117903377905	1.85
56360.05294302988	2850	29.42451984880175	0.0	1364537	2482.4646137701834	2.85

