80735.21705579205	750	4.0	2.2919890857297367	450283	2291.989085729737	1	-9.105553068637867
80736.40629950004	750	6.81075629200462	0.0	398865	1189.2437079953795	1	0.75
80737.46190779781	750	9.755147994236514	0.0	350812	1055.6082977681046	1	0.75
80738.60523718988	750	12.611818602160065	0.0	382355	1143.3293920764504	1	0.75
80739.82978847844	1850	15.387267313613096	0.0	411561	1224.5512885469682	3	0.75
80742.13753106362	1850	17.07952472842923	0.0	801058	2307.742585183866	3	0.75
80744.73576860325	1850	18.481287188796934	0.0	905515	2598.2375396322973	3	1.85
80747.76498333045	1850	19.452072461606292	0.0	1060487	3029.2147271906438	3	1.85
80750.21671220919	1850	21.00034358286079	0.0	852833	2451.728878745499	3	1.85
80752.83823506483	1850	22.378820727226724	0.0	913888	2621.5228556340653	3	1.85
80755.53187204077	1850	23.685183751296247	0.0	939819	2693.636975930477	3	1.85
80759.10476028945	1850	24.112295502605743	0.0	917428	3572.888248690505	3	1.85
80769.30337334168	1850	17.913682450379675	0.0	946851	10198.61305222607	3	1.85
80772.07882234444	1850	19.138233447623854	0.0	1036454	2775.4490027558227	3	1.85
80774.29559296771	1850	20.921462824341713	0.0	821631	2216.7706232821415	3	1.85
80776.77643049246	1850	22.440625299594746	0.0	923170	2480.8375247469667	3	1.85
80779.3704714972	1850	23.846584294866076	0.0	966699	2594.0410047286714	3	1.85
80781.75389925957	1850	25.463156532488902	0.0	885714	2383.427762377173	3	1.85
80784.40257721693	1850	26.814478575132426	0.0	987708	2648.677957356475	3	1.85
80786.88493611905	1850	28.332119673009704	0.0	923755	2482.358902122723	3	1.85
80789.28368168099	1850	29.933374111071497	0.0	891604	2398.7455619382067	3	1.85
80791.84789848786	1850	31.369157304197824	0.0	955231	2564.216806873674	3	1.85
80794.44539054863	4300	32.77166524343901	0.0	968026	2597.4920607588065	5	1.85
80799.84130415435	4300	31.375751637714007	0.0	2044075	5395.913605725009	5	1.8499999999999996
80805.60836882364	4300	29.60868696843162	0.0	2186790	5767.064669282386	5	4.3
80811.16332748029	4300	28.053728311780535	0.0	2105231	5554.958656651084	5	4.3
80822.57988326231	4300	20.637172529761635	0.0	2395588	11416.5557820189	5	4.3
80827.73106613835	4300	19.485989653707453	0.0	1972048	5151.182876054181	5	4.3
80832.6771712616	4300	18.539884530461016	0.0	2134614	4946.105123246439	5	4.3
80837.84019614161	4300	17.376859650455376	0.0	2164140	5163.024880005641	5	4.3
80842.88355923054	4300	16.3334965615361	0.0	2113193	5043.363088919275	5	4.3
80848.0083276626	4300	15.208728129470764	0.0	2147852	5124.768432065336	5	4.3
80853.40473094686	4300	13.812324845216772	0.0	2191074	5396.403284253994	5	4.3
80873.84285318812	300	4.0	6.625797396061735	2286761	20438.122241278506	0	-24.190928803065457
80875.4363057428	300	6.406547445326702	0.0	179328	1593.4525546732975	0	-3.7
80876.86591233981	300	8.976940848319957	0.0	159914	1429.6065970067455	0	0.3
80878.02756204696	750	11.815291141171267	0.0	131610	1161.6497071486913	1	0.3
80881.01624311527	750	12.826610072853533	0.0	361565	2988.681068317733	1	0.3
80884.13976940386	750	13.703083784265193	0.0	378327	3123.526288588341	1	0.75
80887.36267184123	1850	14.480181346887758	0.0	390680	3222.902437377435	3	0.75
80894.34864244983	1850	11.4942107382908	0.0	858450	6985.9706085969565	3	0.75
80902.67449765824	750	7.168355529874558	0.0	1025005	8325.855208416242	1	1.85
80905.74787330233	750	8.094979885789675	0.0	372093	3073.375644084883	1	-0.3500000000000001
80912.34310622925	300	5.49974695886753	0.0	438281	6595.2329269221445	0	0.75
80913.95525995786	300	7.887593230254129	0.0	167025	1612.153728613401	0	-0.15000000000000002
80915.16131968508	300	10.681533503032917	0.0	160064	1206.0597272212126	0	0.3
80916.18233078769	750	13.66052240043705	0.0	137507	1021.0111025958694	1	0.3
80919.45666961769	750	14.386183570427136	0.0	314107	3274.338830009913	1	0.3

