70274.18971359881	300	4.0	2.220738988003689	450283	2220.738988003689	0	-8.799177648415862
70274.75392253115	750	7.435791067670336	0.0	155580	564.2089323296641	1	-0.15000000000000002
70275.96395513549	750	10.22575846331305	0.0	350812	1210.0326043572848	1	0.3
70277.18085299185	750	13.008860606953737	0.0	382355	1216.8978563593114	1	0.75
70278.59751815961	1850	15.592195439197058	0.0	411561	1416.66516775668	3	0.75
70281.76148133494	1850	16.428232263863787	0.0	801058	3163.963175333268	3	0.75
70285.7135586234	1850	16.47615497540046	0.0	905515	3952.077288463332	3	1.85
70289.24094863252	1850	16.94876496628539	0.0	1060487	3527.39000911507	3	1.85
70293.8401489931	1850	16.349564605707883	0.0	852833	4599.200360577504	3	1.85
70298.22172588856	1850	15.967987710246904	0.0	913888	4381.57689546098	3	1.85
70302.41558228718	1850	15.774131311630859	0.0	939819	4193.856398616043	3	1.85
70306.7734147849	1850	15.416298813913372	0.0	917428	4357.832497717487	3	1.85
70311.26695004952	1850	14.922763549288726	0.0	946851	4493.5352646246465	3	1.85
70315.54365589975	1850	14.646057699054156	0.0	1036454	4276.705850234571	3	1.85
70319.22704340852	1850	14.962670190280763	0.0	821631	3683.3875087733923	3	1.85
70323.15967018125	1850	15.030043417548036	0.0	923170	3932.626772732726	3	1.85
70327.42032444973	1850	14.769389149079899	0.0	966699	4260.654268468137	3	1.85
70332.13248116439	1850	14.057232434432208	0.0	885714	4712.156714647691	3	1.85
70338.18371283682	1850	12.006000762001957	0.0	987708	6051.23167243025	3	1.85
70342.30352369101	1850	11.88618990780609	0.0	923755	4119.810854195866	3	1.85
70345.93239633739	1850	12.257317261422834	0.0	891604	3628.8726463832572	3	1.85
70349.67764519285	1850	12.512068405973569	0.0	955231	3745.248855449265	3	1.85
70353.95269911866	1850	12.23701448016637	0.0	968026	4275.053925807198	3	1.85
70357.69686367591	1850	12.492849922917717	0.0	874175	3744.1645572486514	3	1.85
70361.3322702406	1850	12.857443358223925	0.0	897976	3635.406564693792	3	1.85
70364.50384071248	1850	13.685872886344264	0.0	905935	3171.5704718796633	3	1.85
70368.24546768454	1850	13.94424591430082	0.0	1076599	3741.626972043443	3	1.85
70370.90417580643	1850	15.285537792407318	0.0	758197	2658.7081218935023	3	1.85
70374.46635910371	1850	15.723354495133878	0.0	972798	3562.1832972734414	3	1.85
70378.1504388091	1850	16.039274789748745	0.0	975811	3684.079705385133	3	1.85
70383.16030328693	1850	15.029410311914733	0.0	873429	5009.864477834012	3	1.85
70387.97056728123	1850	14.21914631760537	0.0	954453	4810.2639943093645	3	1.85
70391.31974884558	1850	14.86996475325548	0.0	885062	3349.181564349889	3	1.85
70395.24100102845	1850	14.948712570383636	0.0	1035329	3921.252182871846	3	1.85
70399.16989178622	1850	15.019821812619835	0.0	1026056	3928.8907577638	3	1.85
70402.8542624623	1850	15.33545113655409	0.0	943942	3684.3706760657456	3	1.85
70405.83440063703	1850	16.355312961805804	0.0	728962	2980.1381747482865	3	1.85
70410.06377106883	1850	16.125942530005712	0.0	938587	4229.370431800092	3	1.85
70413.86242229928	1850	16.3272912995519	0.0	908665	3798.651230453814	3	1.85
70417.60118348828	1850	16.58853011055098	0.0	930577	3738.7611890009193	3	1.85
70421.04900357049	1850	17.140710028347513	0.0	858450	3447.8200822034673	3	1.85
70424.81907581209	1850	17.37063778674324	0.0	1025005	3770.072241604269	3	1.85
70428.19303678171	1850	17.996676817109698	0.0	886255	3373.9609696335424	3	1.85
70431.99852309683	1850	18.191190501986743	0.0	973972	3805.486315122956	3	1.85
70435.46129339004	1850	18.728420208781404	0.0	958994	3462.7702932053376	3	1.85
70438.9606773526	1850	19.22903624621391	0.0	982064	3499.3839625674977	3	1.85
70441.93314142748	1850	20.256572171343333	0.0	830730	2972.464074870576	3	1.85
70445.00539949955	1850	21.184314099267684	0.0	846370	3072.258072075647	3	1.85

