63506.42577169693	750	4.0	3.9901588380951383	450283	3990.1588380951384	1	-16.407683003809094
63507.66131534253	750	6.764456354404291	0.0	398865	1235.5436455957088	1	0.75
63508.616208007086	1850	9.809563689843417	0.0	350812	954.8926645608735	3	0.75
63511.072606670445	1850	11.353165026489691	0.0	933276	2456.3986633537265	3	0.75
63513.49558608547	1850	12.930185611469234	0.0	996749	2422.9794150204566	3	1.85
63515.5056590677	1850	14.920112629243071	0.0	801058	2010.0729822261635	3	1.85
63517.64089893606	1850	16.784872760883527	0.0	905515	2135.2398683595434	3	1.85
63520.170240743806	1850	18.25553095313129	0.0	1060487	2529.3418077522333	3	1.85
63522.12285706449	1850	20.302914632456403	0.0	852833	1952.6163206748888	3	1.85
63526.390070904155	1850	20.035700792784308	0.0	913888	4267.213839672095	3	1.85
63531.13210482997	1850	19.29366686696964	0.0	939819	4742.033925814667	3	1.85
63533.20668356785	1850	21.219088129095155	0.0	917428	2074.5787378744863	3	1.85
63535.09705836627	1850	23.328713330681637	0.0	946851	1890.3747984135198	3	1.85
63540.69440256419	1850	21.731369132756612	0.0	1036454	5597.344197925023	3	1.85
63543.432678048695	1850	22.993093648253986	0.0	821631	2738.275484502625	3	1.85
63545.17041255458	1850	25.255359142372203	0.0	923170	1737.7345058817841	3	1.85
63546.765714942725	1850	27.66005675422389	0.0	966699	1595.302388148312	3	1.85
63548.157994536974	1850	30.26777715997034	0.0	885714	1392.2795942535488	3	1.85
63549.62057054692	1850	32.805201150027756	0.0	987708	1462.576009942584	3	1.85
63550.95014597431	4300	35.47562572263724	0.0	923755	1329.5754273905227	5	1.85
63553.61255549958	4300	36.81321619736567	0.0	2039773	2662.4095252715706	5	1.8499999999999996
63556.389542053825	4300	38.03622964312062	0.0	2176469	2776.9865542450484	5	4.3
63559.22344032759	4300	39.202331369361715	0.0	2221506	2833.8982737589	5	4.3
63561.83294894765	4300	40.59282274929687	0.0	2044075	2609.5086200648466	5	4.3
63568.347313987455	4300	38.07845770949629	0.0	2186790	6514.365039800583	5	4.3
63582.51017026856	1850	27.9156014283966	0.0	2105231	14162.85628109969	3	4.3
63585.82416642968	1850	28.601605267267885	0.0	1076599	3313.9961611287144	3	-0.6000000000000001
63587.580590859485	1850	30.84518083746288	0.0	758197	1756.4244298050019	3	1.85
63589.431312453344	1850	32.99445924360813	0.0	972798	1850.7215938547572	3	1.85
63591.87228084241	1850	34.55349085453527	0.0	975811	2440.968389072865	3	1.85
63593.378283706166	4300	37.04748799078753	0.0	873429	1506.0028637477383	5	1.85
63600.09667638717	4300	34.32909530978153	0.0	2147852	6718.392681005999	5	1.8499999999999996
63603.44254226254	4300	34.98322943441106	0.0	2191074	3345.8658753704735	5	4.3
63607.03805234958	4300	35.38771934737471	0.0	2286761	3595.5100870363467	5	4.3
63614.507366871796	4300	31.9184048251538	0.0	2307787	7469.31452222091	5	4.3
63619.92862528137	4300	30.497146415580524	0.0	2143948	5421.258409573276	5	4.3
63624.48799110949	4300	29.93778058745834	0.0	1919781	4559.36582812218	5	4.3
63629.40035161811	4300	29.025420078841204	0.0	2147467	4912.360508617139	5	4.3
63639.02086755428	4300	23.40490414266917	0.0	2133870	9620.515936172036	5	4.3
63643.16663790825	4300	23.25913378870156	0.0	2146120	4145.7703539676095	5	4.3
63651.897445361625	4300	18.52832633533182	0.0	2108491	8730.807453369742	5	4.3
63655.288926692156	4300	19.136845004792875	0.0	2184571	3391.4813305389443	5	4.3
63658.213997451116	4300	20.211774245828572	0.0	2121928	2925.070758964302	5	4.3
63661.07125742604	4300	21.35451427091116	0.0	2219102	2857.2599749174124	5	4.3
63663.7923154234	4300	22.633456273548965	0.0	2124950	2721.057997362193	5	4.3
63666.65232901979	4300	23.773442677165566	0.0	2246506	2860.0135963834	5	4.3
63669.15920696465	4300	25.266564732298587	0.0	1961140	2506.87794486698	5	4.3
63683.131671510804	4300	15.294100186144089	0.0	2155012	13972.464546154497	5	4.3

