47366.28396016897	300	4.0	0.6398659362289076	181801	639.8659362289077	-2.451423525784303
47366.846350007974	300	7.437610160999622	0.0	155580	562.3898390003774	0.3
47367.31270929563	300	10.971250873342267	0.0	139857	466.3592876573551	0.3
47367.82033230035	300	14.463627868622122	0.0	155432	507.6230047201445	0.3
47368.32681653204	300	17.95714363693588	0.0	163442	506.4842316862438	0.3
47368.720321508474	300	21.56363866050301	0.0	126289	393.50497643286997	0.3
47369.18086728334	300	25.103092885635235	0.0	153295	460.5457748677778	0.3
47369.692144421955	300	28.59181574702566	0.0	173849	511.2771386095734	0.3
47370.1453554202	300	32.1386047487791	0.0	150710	453.2109982465571	0.3
47370.56982835439	300	35.71413181459367	0.0	139105	424.4729341854378	0.3
47371.00107411108	300	39.28288605790008	0.0	141840	431.2457566935948	0.3
47372.08441758973	750	42.19954257925379	0.0	405134	1083.3434786462908	0.3
47373.121604490734	750	45.162355678248915	0.0	386351	1037.1869010048704	0.75
47374.2728008753	750	48.01115929368512	0.0	434409	1151.1963845638013	0.75
47375.169170533016	750	51.114789635970226	0.0	337059	896.3696577148854	0.75
47376.13615470442	750	54.14780546456285	0.0	366214	966.9841714073768	0.75
47377.0945274339	750	57.189432735085	0.0	360831	958.3727294778517	0.75
47378.29364297036	750	59.70109163322887	0.0	372963	988.34110185613	0.75
47381.344621865	750	59.99098940321057	0.0	405596	1210.1022300182988	0.75
47384.54349301093	750	59.521492198800594	0.0	350713	969.4972044099759	0.75
47386.406041759736	750	59.53990467596129	0.0	386472	981.5875228393083	0.75
47388.28232645142	750	59.50224294310368	0.0	399894	1037.6617328576103	0.75
47390.29863231451	750	59.62340149097098	0.0	401853	1378.841452132702	0.75
47392.134991761	750	59.98345400940886	0.0	343800	1639.9474815621195	0.75
47393.86255349947	750	59.67637911218064	0.0	359903	1307.0748972282197	0.75
47397.38236511788	750	59.58821673404852	0.0	379700	1088.1623781321164	0.75
47399.45209186501	750	59.97867801687359	0.0	425781	1109.5387171749355	0.75
47401.85174856406	750	59.718943682326426	0.0	277716	1259.7343345471631	0.75
47404.16644255214	750	59.59155787054558	0.0	400396	1127.3858117808502	0.75
47406.45385888818	750	59.75100382691447	0.0	400508	1340.5540436311082	0.75
47410.40700190933	750	59.79786080576155	0.0	358218	1453.1430211529257	0.75
47413.47578117292	750	59.633473830751164	0.0	400322	1164.3869750103852	0.75
47416.130850206246	750	59.9681354583783	0.0	369834	1165.3383723728682	0.75
47418.71018762808	750	59.883832041682915	0.0	412837	1084.3034166953794	0.75
47420.88729210143	750	59.62729684382694	0.0	401088	1256.535197855977	0.75
47422.53099918596	750	59.976227903063766	0.0	365161	1151.0689407631692	0.75
47423.98408969492	750	59.9545017099676	0.0	321064	1021.7261930961582	0.75
47426.400155337775	750	59.67315109321856	0.0	361565	1781.350616749051	0.75
47427.47131560317	750	59.664928473574776	0.0	378327	1008.2226196437778	0.75
47430.53809420682	750	59.86550794217696	0.0	390680	1299.4205313978139	0.75
47433.22365151882	750	59.74890825570344	0.0	345516	1116.599686473522	0.75
47437.11650952336	750	59.856050251163076	0.0	384505	2392.8580045403655	0.75
47439.37085691872	750	59.87928440451691	0.0	372093	976.765846646165	0.75
47441.76249525129	750	59.65725613209165	0.0	438281	1722.0282724252609	0.75
47443.499998117004	750	59.83330972929986	0.0	398987	1323.9464027917843	0.75
47445.11654703369	750	59.689813408922966	0.0	393804	1143.4963203769028	0.75
47446.5208631431	750	59.685681543367856	0.0	331053	1004.1318655551062	0.75
47447.7081946933	750	59.83160796969632	0.0	314107	854.0735736715376	0.75

