92315.26593259054	300	4.0	3.7103064296388837	450283	3710.306429638884	0	-15.2043176474472
92316.54014574585	300	6.725786844695872	0.0	155580	1274.213155304128	0	-0.15000000000000002
92317.69367106569	300	9.572261524851616	0.0	139857	1153.5253198442565	0	0.3
92318.966748191	750	12.29918439954482	0.0	155432	1273.0771253067953	1	0.3
92322.20584036486	750	13.060092225678499	0.0	411561	3239.0921738663205	1	0.3
92324.73109887885	750	14.53483371169017	0.0	318564	2525.258513988329	1	0.75
92327.5179359756	750	15.747996614937643	0.0	352642	2786.837096752528	1	0.75
92330.95353831137	750	16.312394279167858	0.0	437162	3435.602335769785	1	0.75
92333.91013513393	750	17.355797456597706	0.0	374758	2956.5968225701527	1	0.75
92336.77490542369	750	18.491027166852486	0.0	362795	2864.7702897452186	1	0.75
92339.56617917813	750	19.699753412407674	0.0	353220	2791.2737544448137	1	0.75
92342.75593848177	750	20.509994108763358	0.0	405134	3189.7593036443154	1	0.75
92345.80152176217	750	21.464410828361604	0.0	386351	3045.5832804017555	1	0.75
92349.21599240482	750	22.04994018571788	0.0	434409	3414.4706426437265	1	0.75
92351.88321628909	750	23.382716301454774	0.0	337059	2667.223884263106	1	0.75
92354.77423040694	750	24.4917021835955	0.0	366214	2891.0141178592744	1	0.75
92357.62392527159	1850	25.642007318950018	0.0	360831	2849.69486464548	3	0.75
92364.50255819765	1850	22.763374392886	0.0	885714	6878.6329260640205	3	0.75
92372.20780408432	1850	19.058128506221564	0.0	987708	7705.245886664433	3	1.85
92379.43347292836	1850	15.83245966218437	0.0	923755	7225.6688440371945	3	1.85
92386.42093944688	1850	12.844993143657899	0.0	891604	6987.466518526472	3	1.85
92393.93525698592	750	9.33067560462355	0.0	955231	7514.317539034348	1	1.85
92397.31371053425	750	9.952222056297384	0.0	401853	3378.4535483261675	1	-0.3500000000000001
92400.26904301155	750	10.996889578991565	0.0	343800	2955.3324773058184	1	0.75
92403.35905111097	750	11.906881479573894	0.0	359903	3090.0080994176724	1	0.75
92406.61462918436	750	12.651303406179423	0.0	379700	3255.5780733944716	1	0.75
92410.2556004977	750	13.010332092858455	0.0	425781	3640.971313320967	1	0.75
92412.44879229472	750	14.81714029584114	0.0	277716	2193.191797017314	1	0.75
92415.37882170106	750	15.887110889493462	0.0	400396	2930.029406347678	1	0.75
92418.3096483264	750	16.956284264158803	0.0	400508	2930.8266253346583	1	0.75
92420.93945360387	750	18.32647898667588	0.0	358218	2629.805277482924	1	0.75
92423.86895627626	750	19.396976314301742	0.0	400322	2929.5026723741375	1	0.75
92426.58144455153	750	20.684488039026295	0.0	369834	2712.4882752754456	1	0.75
92429.60002932767	750	21.665903262883784	0.0	412837	3018.5847761425102	1	0.75
92432.53498440848	750	22.730948182080837	0.0	401088	2934.955080802949	1	0.75
92435.21421014513	750	24.051722445431807	0.0	365161	2679.225736649029	1	0.75
92437.57955225975	750	25.686380330826236	0.0	321064	2365.342114605568	1	0.75
92440.23318157248	1850	27.03275101808061	0.0	361565	2653.6293127456274	3	0.75
92446.78108327609	1850	24.4848493144699	0.0	908665	6547.901703610707	3	0.75
92453.48495518007	1850	21.780977410477846	0.0	930577	6703.871903992057	3	1.85
92459.41094997557	1850	19.854982614984255	0.0	858450	5925.994795493587	3	1.85
92465.9746442867	1850	17.29128830383876	0.0	1025005	6563.694311145497	3	1.85
92469.89308935344	1850	17.372843237099637	0.0	886255	3918.445066739121	3	1.85
92474.07737113208	1850	17.188561458467056	0.0	973972	4184.281778632581	3	1.85
92478.19853617584	1850	17.067396414689643	0.0	958994	4121.1650437774115	3	1.85
92482.41691734147	1850	16.849015249059597	0.0	982064	4218.381165630046	3	1.85
92485.79240044515	1850	17.473532145383796	0.0	830730	3375.4831036757987	3	1.85
92488.84205292621	1850	18.423879664319006	0.0	846370	3049.6524810647907	3	1.85

