39989.66809136669	300	4.0	7.852146616966983	450283	7852.146616966983	0	-33.014230452958024
39992.517092542694	300	5.150998824002103	0.0	155580	2849.0011759978966	0	-0.15000000000000002
39995.08625694346	300	6.581834423233767	0.0	139857	2569.1644007683362	0	0.3
39997.93262402656	300	7.73546734014015	0.0	155432	2846.367083093617	0	0.3
40000.92155248913	300	8.746538877564959	0.0	163442	2988.928462575191	0	0.3
40003.24923464311	300	10.418856723588881	0.0	126289	2327.6821539760786	0	0.3
40006.05756756042	300	11.610523806282044	0.0	153295	2808.332917306836	0	0.3
40009.23171902877	300	12.436372337930981	0.0	173849	3174.1514683510622	0	0.3
40011.994044309875	300	13.674047056823879	0.0	150710	2762.3252811071025	0	0.3
40014.54982467102	750	15.118266695677283	0.0	139105	2555.7803611465956	1	0.3
40020.91640774973	750	12.751683616965515	0.0	353220	6366.583078711769	1	0.3
40031.95947678497	300	5.70861458173276	0.0	405134	11043.069035232755	0	0.75
40036.90716993755	300	4.760921429151998	0.0	160746	4947.693152580761	0	-0.15000000000000002
40042.33306444774	300	4.0	0.6649730810368747	179801	5425.894510188873	0	-2.5593842484585614
40046.402302220886	300	4.0	0.06923777315101051	140051	4069.2377731510105	0	0.002277575450654823
40050.252254149265	300	4.1500480716256245	0.0	138313	3849.9519283743753	0	0.3
40053.801441314085	300	4.6008609068030255	0.0	143509	3549.187164822599	0	0.3
40057.56657394321	300	4.835728277683018	0.0	150616	3765.132629120007	0	0.3
40061.75255050566	300	4.649751715227434	0.0	165384	4185.976562455584	0	0.3
40065.33115508131	300	5.071147139576591	0.0	140881	3578.604575650843	0	0.3
40069.31845801948	300	5.083844201404334	0.0	157671	3987.3029381722567	0	0.3
40073.29506925327	300	5.107232967616024	0.0	157812	3976.6112337883096	0	0.3
40077.222000953814	300	5.180301267067	0.0	163927	3926.9317005490248	0	0.3
40080.56084099672	300	5.841461224162226	0.0	137654	3338.8400429047733	0	0.3
40084.13190230808	300	6.27039991280776	0.0	146754	3571.061311354466	0	0.3
40087.86882335388	300	6.533478867005975	0.0	153938	3736.9210458017856	0	0.3
40092.2673301562	300	6.134972064682172	0.0	181901	4398.506802323804	0	0.3
40095.03521138266	300	7.367090838225024	0.0	111155	2767.8812264571484	0	0.3
40098.84352244379	300	7.558779777088702	0.0	153605	3808.3110611363218	0	0.3
40102.661902451895	300	7.74039976898798	0.0	149029	3818.380008100722	0	0.3
40105.777595111955	300	8.624707108931801	0.0	157421	3115.692660056179	0	0.3
40108.72092209176	300	9.681380129126836	0.0	157488	2943.3269798049655	0	0.3
40111.361705342846	300	11.040596878042162	0.0	143881	2640.7832510846724	0	0.3
40114.35066940127	300	12.051632819616914	0.0	163444	2988.964058425249	0	0.3
40117.62233570085	300	12.77996652003245	0.0	179328	3271.666299584463	0	0.3
40120.54847308392	300	13.853829136959257	0.0	159914	2926.137383073194	0	0.3
40122.97085799698	750	15.431444223904345	0.0	131610	2422.3849130549115	1	0.3
40129.48596476006	750	12.916337460826318	0.0	361565	6515.106763078027	1	0.3
40136.29940034247	300	10.102901878413693	0.0	378327	6813.435582412625	0	0.75
40139.04892891549	300	11.353373305402378	0.0	149991	2749.5285730113155	0	-0.15000000000000002
40141.76245228616	300	12.639849934724548	0.0	147968	2713.52337067783	0	0.3
40144.72317103756	300	13.67913118332018	0.0	161857	2960.718751404368	0	0.3
40147.387607731005	750	15.014694489872086	0.0	145210	2664.436693448094	1	0.3
40161.89482319924	300	4.507479021633833	0.0	438281	14507.215468238253	0	0.3
40166.866297413726	300	4.0	0.46399519285335467	167025	4971.474214487188	0	-2.145179329269425
40171.45801552718	300	4.0	0.5917181134535849	160064	4591.718113453585	0	-2.244387887850415
40174.97522902749	300	4.482786499689156	0.0	137507	3517.213500310844	0	0.3
40177.93475531995	300	5.523260207241843	0.0	118421	2959.5262924473127	0	0.3

