21514.769205438664	750	4.0	2.2049407451456746	450283	2204.9407451456746	-8.7312452041264
21516.8376994764	750	5.931505962268012	0.0	398865	2068.494037731987	0.75
21518.610083236465	750	8.159122202204246	0.0	350812	1772.3837600637673	0.75
21520.389467351113	750	10.379738087554543	0.0	382355	1779.3841146497045	0.75
21522.840718005013	750	11.928487433653038	0.0	411561	2451.250653901504	0.75
21524.37495507467	750	14.394250363997976	0.0	318564	1534.23706965506	0.75
21526.12662623747	750	16.642579201194202	0.0	352642	1751.6711628037758	0.75
21528.31113085817	750	18.458074580497165	0.0	437162	2184.5046206970346	0.75
21530.17564429896	750	20.593561139706726	0.0	374758	1864.513440790439	0.75
21534.36517015534	1850	20.404035283328625	0.0	913888	4189.525856378104	0.75
21538.94003679794	1850	19.829168640728504	0.0	939819	4574.866642600119	1.85
21543.18167649104	1850	19.587528947626904	0.0	917428	4241.639693101603	1.85
21547.378385627548	1850	19.390819811119226	0.0	946851	4196.709136507676	1.85
21553.120979691794	1850	17.648225746875898	0.0	1036454	5742.594064243325	1.85
21557.678001080436	1850	17.091204358232766	0.0	821631	4557.021388643133	1.85
21562.35700348559	1850	16.412201953076824	0.0	923170	4679.00240515594	1.85
21567.135820828076	1850	15.633384610589633	0.0	966699	4778.817342487188	1.85
21571.494552602544	1850	15.274652836121586	0.0	885714	4358.731774468048	1.85
21576.669454864517	1850	14.099750574149072	0.0	987708	5174.902261972514	1.85
21581.11106245515	1850	13.658142983513137	0.0	923755	4441.607590635935	1.85
21585.72526612179	1850	13.043939316876225	0.0	891604	4614.203666636911	1.85
21590.617086267896	1850	12.15211917076844	0.0	955231	4891.820146107786	1.85
21595.723765445066	1850	11.045439993600109	0.0	968026	5106.679177168331	1.85
21600.114684823468	1850	10.654520615197649	0.0	874175	4390.919378402458	1.85
21604.374076550866	1850	10.395128887800354	0.0	897976	4259.391727397295	1.85
21608.950896164555	1850	9.818309274112897	0.0	905935	4576.8196136874585	1.85
21614.389597217298	1850	8.379608221368319	0.0	1076599	5438.701052744577	1.85
21617.9050560223	1850	8.864149416364562	0.0	758197	3515.458805003756	1.85
21622.20983589429	1850	8.559369544374047	0.0	972798	4304.779871990516	1.85
21627.2915311526	1850	7.477674286062093	0.0	975811	5081.695258311955	1.85
21629.397844320167	750	9.371361118497887	0.0	358218	2106.3131675642057	-0.3500000000000001
21631.649141417944	750	11.120064020721523	0.0	400322	2251.297097776363	0.75
21633.395361547402	750	13.373843891259888	0.0	369834	1746.2201294616357	0.75
21635.434148525263	750	15.3350569134006	0.0	412837	2038.786977859289	0.75
21637.43459213417	750	17.33461330449464	0.0	401088	2000.4436089059577	0.75
21639.319112182577	750	19.450093256088905	0.0	365161	1884.5200484057325	0.75
21640.94923530167	750	21.81997013699625	0.0	321064	1630.123119092654	0.75
21645.76770988595	1850	21.001495552716246	0.0	938587	4818.474584280002	0.75
21650.144260682246	1850	20.624944756423726	0.0	908665	4376.550796292517	1.85
21654.56581695499	1850	20.203388483678975	0.0	930577	4421.556272744754	1.85
21658.61937897028	1850	20.149826468386614	0.0	858450	4053.562015292359	1.85
21663.5441751644	1850	19.225030274268942	0.0	1025005	4924.796194117672	1.85
21667.45835692851	1850	19.310848510158106	0.0	886255	3914.181764110836	1.85
21671.93679404139	1850	18.832411397275624	0.0	973972	4478.437112882483	1.85
21677.39121847076	1850	17.3779869679088	0.0	958994	5454.4244293668235	1.85
21682.75748671158	1850	16.011718727089374	0.0	982064	5366.268240819426	1.85
21687.071597584432	1850	15.697607854235136	0.0	830730	4314.110872854239	1.85
21691.117857126545	1850	15.651348312124988	0.0	846370	4046.2595421101473	1.85

