6884.460337449807	750	4.0	1.6216063576544122	450283	1621.6063576544122	0.27767713038034464	-6.2229073379139725
6884.792236791467	300	7.668100658340622	0.0	155580	331.8993416593786	0.4687565790945995	-0.15000000000000002
6889.370448665955	750	7.089888783852915	0.0	350812	4578.211874487706	0.07662642307030738	0.3
6890.013750103262	750	10.44658734654607	0.0	382355	643.3014373068459	0.5943636650350309	0.75
6891.055591487788	1200	13.404745962020511	0.0	652874	1041.8413845255582	0.6266539318720872	0.75
6896.793659663175	2850	11.666677786632594	0.0	1224260	5738.068175387919	0.21335752078568404	1.2000000000000002
6899.136940577252	1850	13.32339687255594	0.0	905515	2343.2809140766544	0.3864304081343183	0.8500000000000001
6904.9265760215785	2850	11.53376142822915	0.0	1638769	5789.635444326787	0.28305219141315974	1.85
6910.242561138907	1850	10.21777631090021	0.0	852833	5315.985117328941	0.16042802625988403	0.8500000000000001
6911.276560290475	1200	13.183777159333134	0.0	560821	1033.9991515670745	0.5423805224115023	0.5499999999999999
6917.441930070363	2850	11.01840737944478	0.0	1354548	6165.369779888354	0.2197026372073548	1.2000000000000002
6919.880069373292	1850	12.58026807651625	0.0	917428	2438.1393029285305	0.37628202740427774	0.8500000000000001
6923.440089437523	1850	13.02024801228515	0.0	946851	3560.0200642310992	0.26596788302217134	1.85
6932.571701647947	2850	7.888635801861356	0.0	1578343	9131.612210423795	0.17284384877823777	1.85
6932.9756431432525	750	11.484694306555193	0.0	337059	403.94149530616335	0.834425291574785	-1.35
6933.942885644481	1850	14.517451805326058	0.0	923170	967.2425012291344	0.9544349000657759	0.75
6936.5268442721335	2850	15.933493177673336	0.0	1491626	2583.9586276527234	0.5772638865177954	1.85
6940.58419310435	4300	15.876144345457568	0.0	2059512	4057.348832215766	0.5076004270688445	2.8499999999999996
6945.667696589791	4300	14.792640860016713	0.0	2220726	5083.503485440856	0.43684950868237915	4.3
6951.711210269086	2850	12.749127180722185	0.0	1336050	6043.513679294527	0.2210717259691816	1.4000000000000001
6954.859112620215	1850	13.60122482959332	0.0	891604	3147.902351128864	0.2832375024848732	0.8500000000000001
6962.281454410906	2850	10.17888303890255	0.0	1468126	7422.34179069077	0.19779822075040374	1.85
6964.55076548198	1200	11.909571967827754	0.0	656471	2269.311071074797	0.2892820681869236	-0.44999999999999996
6968.382428895062	1850	12.077908554746053	0.0	874175	3831.663413081699	0.2281450393099444	1.2000000000000002
6970.672388387257	1850	13.78794906255081	0.0	897976	2289.959492195243	0.39213619413816175	1.85
6979.294222925677	2850	9.166114524130997	0.0	1480464	8621.834538419813	0.17171101966790187	1.85
6981.679380973781	1200	10.78095647602623	0.0	696376	2385.158048104768	0.29196220374299137	-0.44999999999999996
6983.1219668578115	1200	13.338370591996158	0.0	487160	1442.5858840300712	0.3376991313952473	1.2
6987.574480077854	2850	12.88585737195453	0.0	1498470	4452.513220041626	0.3365447615641198	1.2000000000000002
6992.229964213166	1850	12.23037323664231	0.0	975811	4655.48413531222	0.20960462363052543	0.8500000000000001
6995.498030753767	1850	12.962306696040516	0.0	873429	3268.0665406017947	0.2672616940777355	1.85
6998.22931538096	1850	14.231022068848251	0.0	954453	2731.2846271922654	0.3494520455677183	1.85
7002.536346496215	2850	13.923990953593192	0.0	1358081	4307.031115255059	0.31531720195608	1.85
7009.617597068172	2850	10.842740381636045	0.0	1587293	7081.250571957147	0.22415433317469755	2.85
7012.487105469858	1200	11.973231979949848	0.0	690253	2869.508401686197	0.24054747481986447	-0.44999999999999996
7016.265937493512	1850	12.19439995629547	0.0	943942	3778.8320236543773	0.24979729029795467	1.2000000000000002
7018.167934679299	1850	14.29240277050932	0.0	728962	1901.9971857861506	0.3832613452047243	1.85
7023.3701997684	2850	13.090137681408235	0.0	1499009	5202.265089101084	0.2881454470938963	1.85
7029.978193711995	2850	10.482143737812843	0.0	1427478	6607.993943595392	0.2160228977484978	2.85
7031.057586077011	1200	13.402751372796972	0.0	587506	1079.3923650158706	0.5442932700300893	-0.44999999999999996
7037.971558779884	2850	10.488778669923617	0.0	1339500	6913.972702873357	0.19373810941476832	1.2000000000000002
7039.177763450375	1200	13.282573999432483	0.0	641452	1206.2046704911331	0.5317936629600502	-0.44999999999999996
7044.045814857076	2850	12.414522592731577	0.0	1343002	4868.051406700907	0.27588081714818136	1.2000000000000002
7051.4987887433945	1850	8.961548706412982	0.0	973972	7452.973886318597	0.13068233095354295	0.8500000000000001
7051.962248153728	750	12.498089296079122	0.0	398987	463.45941033385907	0.8608887663163091	-0.3500000000000001
7052.98609264578	1850	15.474244804027725	0.0	982064	1023.8444920513975	0.959192541078494	0.75
7058.080552410126	4300	14.379785039682117	0.0	1961140	5094.459764345607	0.38495543997134934	1.8499999999999996
7059.414831043441	2850	17.04550640636662	0.0	1364537	1334.2786333154947	1.0226776970933855	1.4000000000000001

