72384.40840676	300	4.0	3.0591871253817504	450283	3059.1871253817503	0	-12.404504639141527
72385.54873144778	300	6.859675312214498	0.0	155580	1140.324687785502	0	-0.15000000000000002
72386.54418733844	300	9.864219421553145	0.0	139857	995.4558906613528	0	0.3
72387.6492497646	750	12.759156995407542	0.0	155432	1105.0624261456041	1	0.3
72390.46755618692	750	13.94085057307674	0.0	411561	2818.306422330803	1	0.3
72392.66952587714	750	15.738880882872408	0.0	318564	2201.969690204331	1	0.75
72395.15956900896	750	17.24883775105118	0.0	352642	2490.043131821227	1	0.75
72398.1875293914	750	18.220877368608807	0.0	437162	3027.9603824423757	1	0.75
72400.67391678388	750	19.734489976127183	0.0	374758	2486.3873924816276	1	0.75
72403.07231017033	750	21.336096589674494	0.0	362795	2398.393386452689	1	0.75
72405.47711815189	750	22.931288608122365	0.0	353220	2404.8079815521282	1	0.75
72408.24717572576	750	24.161231034256463	0.0	405134	2770.057573865903	1	0.75
72410.70813677368	1850	25.700269986340196	0.0	386351	2460.9610479162675	3	0.75
72417.62544205209	1850	22.782964707928578	0.0	1036454	6917.3052784116135	3	0.75
72423.09451168694	1850	21.313895073068196	0.0	821631	5469.06963486038	3	1.85
72429.35885160233	1850	19.04955515767992	0.0	923170	6264.339915388277	3	1.85
72435.68204843847	1850	16.726358321549235	0.0	966699	6323.196836130684	3	1.85
72441.47141452218	1850	14.936992237827686	0.0	885714	5789.36608372155	3	1.85
72447.97285456782	1850	12.43555219218677	0.0	987708	6501.440045640915	3	1.85
72453.10413234452	1850	11.304274415485517	0.0	923755	5131.277776701255	3	1.85
72458.53895474198	750	9.869452018042868	0.0	891604	5434.822397442649	1	1.85
72460.6950816595	750	11.713325100497496	0.0	399894	2156.126917545373	1	-0.3500000000000001
72463.14424318307	750	13.264163576940124	0.0	401853	2449.161523557372	1	0.75
72465.50750874424	750	14.900898015763039	0.0	343800	2363.265561177084	1	0.75
72467.4561895953	750	16.952217164704823	0.0	359903	1948.6808510582177	1	0.75
72468.74537337317	1850	19.66303338684306	0.0	379700	1289.1837778617623	3	0.75
72475.55413074011	1850	16.854276019895	0.0	1076599	6808.757366948064	3	0.75
72480.29850058742	1850	16.109906172596936	0.0	758197	4744.36984729806	3	1.85
72486.66614464892	1850	13.742262111098627	0.0	972798	6367.644061498309	3	1.85
72492.13345761251	1850	12.274949147492158	0.0	975811	5467.31296360647	3	1.85
72497.60525176913	750	10.803154990886803	0.0	873429	5471.794156605355	1	1.85
72499.92707830342	750	12.481328456593529	0.0	400322	2321.8265342932746	1	-0.3500000000000001
72502.49817097018	750	13.910235789821531	0.0	369834	2571.0926667719987	1	0.75
72505.39556789993	750	15.012838860083292	0.0	412837	2897.3969297382396	1	0.75
72509.12622450746	750	15.282182252550692	0.0	401088	3730.6566075325995	1	0.75
72511.70621330521	750	16.702193454804625	0.0	365161	2579.988797746064	1	0.75
72513.36675880657	750	19.04164795344539	0.0	321064	1660.545501359235	1	0.75
72515.05873459205	1850	21.3496721679686	0.0	361565	1691.9757854767922	3	0.75
72520.59547047711	1850	19.812936282901262	0.0	908665	5536.735885067339	3	0.75
72525.72014710563	1850	18.688259654385003	0.0	930577	5124.676628516255	3	1.85
72531.4413284627	1850	16.96707829732648	0.0	858450	5721.181357058526	3	1.85
72538.3361237613	1850	14.072282998720155	0.0	1025005	6894.795298606324	3	1.85
72544.42574651286	750	11.982660247161526	0.0	886255	6089.622751558629	1	1.85
72547.33158087503	750	13.07682588497874	0.0	438281	2905.834362182786	1	-0.3500000000000001
72549.97022618822	750	14.438180571804486	0.0	398987	2638.6453131742555	1	0.75
72552.64561395984	750	15.762792800174832	0.0	393804	2675.387771629654	1	0.75
72554.92051446701	750	17.487892293014763	0.0	331053	2274.900507160068	1	0.75
72556.90929639428	750	19.499110365740975	0.0	314107	1988.781927273789	1	0.75

