37575.10060926118	300	4.0	2.6289505583655934	450283	2628.950558365593	0	-10.554487400972052
37576.338940826216	300	6.76166843496352	0.0	155580	1238.3315650364798	0	-0.15000000000000002
37576.87734452425	750	10.22326473692721	0.0	139857	538.4036980363109	1	0.3
37578.210574222896	750	12.890035038287358	0.0	382355	1333.229698639851	1	0.3
37580.16729250111	750	14.933316760070076	0.0	411561	1956.7182782172817	1	0.75
37581.45307744387	750	17.64753181730917	0.0	318564	1285.784942760907	1	0.75
37582.563697701225	1850	20.536911559952205	0.0	352642	1110.6202573569626	3	0.75
37588.21182910276	1850	18.888780158423092	0.0	1060487	5648.1314015291155	3	0.75
37593.16170015903	1850	17.938909102149328	0.0	852833	4949.871056273763	3	1.85
37595.59948829916	1850	19.501120962017833	0.0	913888	2437.7881401314958	3	1.85
37598.03651751039	1850	21.064091750792187	0.0	939819	2437.029211225648	3	1.85
37601.19215435848	1850	21.90845490269581	0.0	917428	3155.6368480963793	3	1.85
37603.499285915044	1850	23.601323346133224	0.0	946851	2307.131556562586	3	1.85
37606.01080291114	1850	25.089806350038348	0.0	1036454	2511.516996094878	3	1.85
37608.55336749264	1850	26.547241768538665	0.0	821631	2542.5645814996824	3	1.85
37610.9141672536	1850	28.18644200758085	0.0	923170	2360.7997609578115	3	1.85
37615.596779614796	1850	27.503829646379916	0.0	966699	4682.612361200936	3	1.85
37621.7946531244	1850	25.305956136778775	0.0	885714	6197.873509601139	3	1.85
37623.98471963695	1850	27.115889624224966	0.0	987708	2190.0665125538094	3	1.85
37626.30617558888	1850	28.79443367230551	0.0	923755	2321.455951919457	3	1.85
37630.060827362824	1850	29.039781898362087	0.0	891604	3754.6517739434244	3	1.85
37631.92546258565	1850	31.17514667552906	0.0	955231	1864.635222833024	3	1.85
37633.81400240085	1850	33.286606860323985	0.0	968026	1888.5398152050768	3	1.85
37636.72875437516	1850	34.3718548860137	0.0	874175	2914.751974310281	3	1.85
37638.426702220575	4300	36.673907040596085	0.0	897976	1697.9478454176178	5	1.85
37645.77070857088	4300	33.329900690286536	0.0	2105231	7344.006350309545	5	1.8499999999999996
37657.849801619595	4300	25.250807641571786	0.0	2395588	12079.093048714753	5	4.3
37664.41427130306	4300	22.686337958107746	0.0	1972048	6564.469683464038	5	4.3
37673.37683059843	4300	17.723778662738084	0.0	2134614	8962.559295369663	5	4.3
37678.826571192985	4300	16.27403806817685	0.0	2164140	5449.740594561233	5	4.3
37686.39261019838	4300	12.707999062785941	0.0	2113193	7566.0390053909105	5	4.3
37691.56334222551	4300	11.53726703564998	0.0	2147852	5170.732027135961	5	4.3
37698.2501476171	1850	8.85046164406584	0.0	2191074	6686.80539158414	3	4.3
37701.58268425741	1850	9.517925003759142	0.0	1035329	3332.5366403066964	3	-0.6000000000000001
37704.72583219138	1850	10.374777069782107	0.0	1026056	3143.1479339770367	3	1.85
37707.68239479953	1850	11.418214461634781	0.0	943942	2956.562608147326	3	1.85
37711.93651434144	1850	11.164094919730237	0.0	728962	4254.119541904543	3	1.85
37717.7134971924	750	9.38711206875967	0.0	938587	5776.9828509705685	1	1.85
37723.48860391889	300	7.612005342270497	0.0	378327	5775.1067264891735	0	-0.3500000000000001
37724.30172129341	750	10.798887967760585	0.0	149991	813.1173745099117	1	-0.15000000000000002
37725.68010297129	300	13.420506289877263	0.0	345516	1378.3816778833225	0	0.3
37727.34108520199	750	15.759524059176197	0.0	161857	1660.9822307010652	1	-0.15000000000000002
37729.63945602651	750	17.461153234656113	0.0	372093	2298.370824520083	1	0.3
37731.66256479038	750	19.438044470793255	0.0	438281	2023.10876386286	1	0.75
37734.32592367405	750	20.77468558711987	0.0	398987	2663.3588836733857	1	0.75
37735.830719137084	1850	23.26989012407769	0.0	393804	1504.7954630421764	3	0.75
37738.057294237304	1850	25.043315023863922	0.0	830730	2226.575100213768	3	0.75
37745.37695746184	1850	21.723651799324475	0.0	846370	7319.663224539447	3	1.85

