18224.63141738055	300	4.0	3.7841141587819003	181801	3784.1141587819	-15.971690882762172
18228.858021006545	300	4.0	0.22660362599146538	155580	4226.603625991465	-0.6743955917633011
18232.540547400964	300	4.3174736055808305	0.0	139857	3682.5263944191693	0.3
18235.454644485664	300	5.403376520880456	0.0	155432	2914.097084700374	0.3
18238.797784162613	300	6.0602368439330565	0.0	163442	3343.1396769474	0.3
18241.478193577772	300	7.379827428773704	0.0	126289	2680.409415159352	0.3
18244.605601471754	300	8.252419534786515	0.0	153295	3127.4078939871893	0.3
18248.833418655056	300	8.024602351483898	0.0	173849	4227.817183302617	0.3
18251.657661797148	300	9.200359209394646	0.0	150710	2824.2431420892517	0.3
18253.966672950453	300	10.891348056088013	0.0	139105	2309.0111533066347	0.3
18256.342229484908	300	12.5157915216339	0.0	141840	2375.5565344541124	0.3
18262.552339025046	300	10.305681981497099	0.0	156148	6210.109540136801	0.3
18267.208426336638	300	9.649594669904952	0.0	160746	4656.087311592148	0.3
18271.294041098725	300	9.56397990781856	0.0	179801	4085.6147620863917	0.3
18274.432863837566	300	10.425157168975893	0.0	140051	3138.8227388426653	0.3
18276.74409053559	300	12.113930470949532	0.0	138313	2311.2266980263616	0.3
18279.15537221182	300	13.70264879472429	0.0	143509	2411.2816762252432	0.3
18281.569509755947	300	15.288511250595421	0.0	150616	2414.137544128867	0.3
18284.32250746762	300	16.535513538923514	0.0	165384	2752.997711671908	0.3
18286.72867568553	300	18.12934532101448	0.0	140881	2406.168217909035	0.3
18291.005432087422	300	17.85258891912302	0.0	157671	4276.75640189146	0.3
18296.72786214568	300	16.130158860869063	0.0	157812	5722.430058253959	0.3
18299.809288477278	300	17.04873252926835	0.0	163927	3081.4263316007123	0.3
18302.14527576378	300	18.712745242768595	0.0	137654	2335.9872864997546	0.3
18304.54639458811	300	20.311626418439573	0.0	146754	2401.1188243290208	0.3
18307.069184107815	300	21.788836898736253	0.0	153938	2522.78951970332	0.3
18310.710064067614	300	22.147956938936122	0.0	181901	3640.8799598001287	0.3
18312.505156935706	300	24.352864070844102	0.0	111155	1795.0928680920224	0.3
18318.35291433013	300	22.50510667641731	0.0	153605	5847.7573944267915	0.3
18321.57113211292	300	23.286888893628507	0.0	149029	3218.2177827887995	0.3
18331.869924742434	300	16.988096264113928	0.0	157421	10298.792629514583	0.3
18335.580327931282	300	17.277693075267933	0.0	157488	3710.403188845993	0.3
18337.82955324107	300	19.02846776547835	0.0	143881	2249.2253097895828	0.3
18340.37372058445	300	20.484300422095636	0.0	163444	2544.167343382716	0.3
18343.183594143138	300	21.674426863408765	0.0	179328	2809.8735586868697	0.3
18345.909194686305	300	22.94882632023969	0.0	159914	2725.6005431690755	0.3
18348.10270662074	300	24.755314385808294	0.0	131610	2193.511934431394	0.3
18350.265989640866	300	26.592031365682228	0.0	124011	2163.2830201260645	0.3
18353.12721687758	300	27.730804128968156	0.0	144254	2861.227236714074	0.3
18355.8455008883	300	29.01252011824976	0.0	149991	2718.284010718394	0.3
18359.143994517388	300	29.7140264891577	0.0	147968	3298.493629092062	0.3
18363.253262709208	300	29.604758297337803	0.0	161857	4109.2681918199	0.3
18365.88994292248	300	30.968078084064988	0.0	145210	2636.680213272812	0.3
18370.35379036094	300	30.50423064560495	0.0	172312	4463.847438460043	0.3
18374.77873980374	300	30.079281202806065	0.0	167025	4424.949442798881	0.3
18382.416886814153	300	26.441134192389598	0.0	160064	7638.147010416467	0.3
18387.95669405406	300	24.901326952485164	0.0	137507	5539.807239904432	0.3
18392.3059510064	300	24.552070000142557	0.0	118421	4349.256952342607	0.3

