21876.07977809987	750	4.0	7.221932488135849	450283	7221.932488135849	-30.30430969898415
21877.79012272473	300	6.289655375138751	0.0	155580	1710.3446248612495	-0.15000000000000002
21879.63301891987	300	8.44675917999813	0.0	139857	1842.8961951406188	0.3
21881.459012076943	300	10.62076602292256	0.0	155432	1825.9931570755707	0.3
21882.8651438257	300	13.214634274169077	0.0	163442	1406.1317487534832	0.3
21883.89899087575	300	16.180787224115594	0.0	126289	1033.847050053484	0.3
21888.260791681172	750	15.818986418695589	0.0	352642	4361.800805420004	0.3
21892.057267283646	750	16.02251081622311	0.0	437162	3796.4756024724775	0.75
21901.399849758298	750	10.679928341569235	0.0	374758	9342.582474653876	0.75
21904.237799455103	300	11.841978644762593	0.0	139105	2837.9496968066437	-0.15000000000000002
21905.963528419907	300	14.116249679957468	0.0	141840	1725.728964805125	0.3
21909.221490770946	300	14.858287328917005	0.0	156148	3257.962351040463	0.3
21911.390044308562	300	16.689733791302828	0.0	160746	2168.5535376141765	0.3
21915.141058302033	750	16.938719797831464	0.0	434409	3751.0139934713625	0.3
21917.964755501274	750	18.11502259859235	0.0	337059	2823.697199239115	0.75
21921.750558470587	750	18.329219629277606	0.0	366214	3785.8029693147423	0.75
21924.05298547136	750	20.026792628506414	0.0	360831	2302.4270007711934	0.75
21927.0444944915	750	21.03528360836965	0.0	372963	2991.509020136765	0.75
21930.03249904525	750	22.047279054618194	0.0	405596	2988.004553751457	0.75
21932.465763411834	750	23.614014688030633	0.0	350713	2433.2643665875607	0.75
21935.13083728671	750	24.948940813153257	0.0	386472	2665.073874877372	0.75
21941.293605046165	1850	22.78617305369943	0.0	955231	6162.76775945383	0.75
21946.839122772817	1850	21.240655327048334	0.0	968026	5545.517726651096	1.85
21951.83646771464	1850	20.243310385227886	0.0	874175	4997.3449418204455	1.85
21960.619067160926	1850	15.460710938939323	0.0	897976	8782.599446288565	1.85
21966.53090656571	1850	13.548871534154664	0.0	905935	5911.83940478466	1.85
21977.565915255524	1850	6.513862844340685	0.0	1076599	11035.008689813978	1.85
21979.824294650447	750	8.255483449418778	0.0	277716	2258.379394921907	-0.3500000000000001
21983.173841175812	750	8.905936924052858	0.0	400396	3349.546525365921	0.75
21987.528175779164	750	8.551602320703347	0.0	400508	4354.334603349512	0.75
21989.370342198963	300	10.70943590090337	0.0	157421	1842.1664197999764	-0.15000000000000002
21991.902658149156	300	12.177119950712425	0.0	157488	2532.3159501909445	0.3
21994.933925465735	300	13.145852634133172	0.0	143881	3031.2673165792535	0.3
21996.96756989316	300	15.112208206710198	0.0	163444	2033.6444274229739	0.3
22001.609905829442	750	14.46987227042925	0.0	401088	4642.335936280949	0.3
22004.77624924522	750	15.303528854651839	0.0	365161	3166.3434157774095	0.75
22008.898615055838	750	15.181163044033768	0.0	321064	4122.36581061807	0.75
22012.003650542774	750	16.076127557098943	0.0	361565	3105.035486934825	0.75
22016.520831236478	750	15.558946863395496	0.0	378327	4517.180693703446	0.75
22027.09497065978	750	8.984807440094267	0.0	390680	10574.13942330123	0.75
22030.013335263557	300	10.066442836314513	0.0	147968	2918.3646037797535	-0.15000000000000002
22032.21349607368	300	11.866282026190875	0.0	161857	2200.160810123637	0.3
22033.819529319928	300	14.260248779945174	0.0	145210	1606.0332462457002	0.3
22037.154704400567	750	14.925073699302931	0.0	438281	3335.1750806422415	0.3
22041.622446531805	750	14.457331568066053	0.0	398987	4467.74213123688	0.75
22044.068937487693	750	16.010840612178978	0.0	393804	2446.4909558870754	0.75
22046.471480240492	750	17.608297859375877	0.0	331053	2402.5427528030987	0.75
22049.20927688916	750	18.87050121071051	0.0	314107	2737.7966486653686	0.75

