7429.863725497913	300	4.0	3.7714371207382373	450283	3771.4371207382374	0	-15.46717961917442
7430.305474778202	750	7.558250719711446	0.0	155580	441.74928028855305	1	-0.15000000000000002
7431.201170809289	750	10.662554688623981	0.0	350812	895.6960310874656	1	0.3
7432.202865195849	1850	13.660860302063563	0.0	382355	1001.6943865604163	3	0.75
7437.099642032214	1850	12.764083465698448	0.0	996749	4896.776836365117	3	0.75
7438.897130924742	1850	14.96659457317108	0.0	801058	1797.4888925273679	3	1.85
7441.566893942101	1850	16.29683155581164	0.0	905515	2669.76301735944	3	1.85
7447.85337592622	1850	14.01034957169311	0.0	1060487	6286.481984118531	3	1.85
7451.828981370487	1850	14.034744127426013	0.0	852833	3975.6054442670975	3	1.85
7455.380297286495	1850	14.483428211418842	0.0	913888	3551.315916007172	3	1.85
7458.655559122623	1850	15.208166375290281	0.0	939819	3275.2618361285604	3	1.85
7465.348680579546	1850	12.515044918365955	0.0	917428	6693.121456924326	3	1.85
7467.721905341309	1850	14.141820156603158	0.0	946851	2373.224761762796	3	1.85
7477.144052249968	750	8.719673247944783	0.0	1036454	9422.146908658375	1	1.85
7481.483115055181	750	8.38061044273158	0.0	337059	4339.062805213202	1	-0.3500000000000001
7482.724776283807	750	11.138949214105695	0.0	366214	1241.6612286258849	1	0.75
7487.375129241656	750	10.488596256256624	0.0	360831	4650.35295784907	1	0.75
7488.320303546267	1850	13.543421951646751	0.0	372963	945.174304609872	3	0.75
7493.579219203573	1850	12.28450629434019	0.0	987708	5258.915657306561	3	0.75
7497.187271887693	1850	12.676453610221168	0.0	923755	3608.0526841190226	3	1.85
7502.493810889167	1850	11.369914608746246	0.0	891604	5306.539001474922	3	1.85
7507.939922472633	1850	9.923803025280304	0.0	955231	5446.111583465942	3	1.85
7510.609729140669	1850	11.253996357245853	0.0	968026	2669.806668034451	3	1.85
7515.30296640648	1850	10.560759091434935	0.0	874175	4693.237265810917	3	1.85
7518.2950046767955	1850	11.568720821118802	0.0	897976	2992.0382703161326	3	1.85
7522.145872606766	1850	11.717852891148631	0.0	905935	3850.867929970171	3	1.85
7527.704562849971	1850	10.159162647943878	0.0	1076599	5558.690243204755	3	1.85
7534.998130173341	750	6.865595324572645	0.0	758197	7293.567323371233	1	1.85
7536.087749134195	750	9.775976363718968	0.0	400396	1089.618960853676	1	-0.3500000000000001
7538.162035420663	750	11.701690077249983	0.0	400508	2074.2862864689855	1	0.75
7539.217312064568	1850	14.646413433345527	0.0	358218	1055.2766439044556	3	0.75
7541.872642198716	1850	15.991083299198674	0.0	954453	2655.3301341468537	3	0.75
7545.768241119957	1850	16.095484377957497	0.0	885062	3895.598921241175	3	1.85
7549.083199233655	1850	16.78052626425928	0.0	1035329	3314.9581136982197	3	1.85
7552.468884192009	1850	17.39484130590558	0.0	1026056	3385.6849583537	3	1.85
7558.5179896326845	1850	15.345735865229484	0.0	943942	6049.105440676094	3	1.85
7564.950070331822	750	12.913655166091935	0.0	728962	6432.0806991375475	1	1.85
7567.41202935025	750	14.451696147664025	0.0	361565	2461.9590184279123	1	-0.3500000000000001
7568.3426353447985	1850	17.52109015311559	0.0	378327	930.6059945484332	3	0.75
7570.401973251095	1850	19.461752246818904	0.0	930577	2059.3379062966837	3	0.75
7576.002934205369	1850	17.860791292546146	0.0	858450	5600.9609542727585	3	1.85
7580.788010046094	1850	17.07571545181991	0.0	1025005	4785.0758407262365	3	1.85
7583.661805449214	1850	18.201920048700334	0.0	886255	2873.795403119578	3	1.85
7586.2126535159605	1850	19.651071981953727	0.0	973972	2550.8480667466047	3	1.85
7591.971492067672	1850	17.892233430241166	0.0	958994	5758.83855171256	3	1.85
7596.2481462779115	1850	17.615579220002687	0.0	982064	4276.6542102384765	3	1.85
7598.60170319793	1850	19.26202229998375	0.0	830730	2353.5569200189357	3	1.85
7601.190341270264	1850	20.67338422764967	0.0	846370	2588.638072334084	3	1.85

