8038.743471265632	750	4.0	11.50647103493801	450283	11506.47103493801	-48.72782545023344
8042.9031880503635	300	4.0	0.15971678473031353	155580	4159.7167847303135	-0.8367821743403482
8046.7722869964355	300	4.130901053927818	0.0	139857	3869.0989460721817	0.3
8051.065748979025	300	4.0	0.1625609286609615	155432	4293.46198258878	-0.3990119932421345
8055.10422765494	300	4.0	0.038478675915182066	163442	4038.478675915182	0.13454169356471712
8058.187314142924	300	4.916913512015497	0.0	126289	3083.086487984503	0.3
8061.92489153623	300	5.179336118709717	0.0	153295	3737.57739330578	0.3
8066.162142369906	300	4.942085285032798	0.0	173849	4237.250833676919	0.3
8069.881662573708	300	5.222565081230761	0.0	150710	3719.5202038020366	0.3
8073.559673860442	300	5.544553794496645	0.0	139105	3678.0112867341154	0.3
8077.127462866233	300	5.976764788706121	0.0	141840	3567.7890057905247	0.3
8081.246202586285	300	5.858025068653766	0.0	156148	4118.739720052356	0.3
8085.35035425609	300	5.753873398848522	0.0	160746	4104.151669805244	0.3
8090.297682101839	300	4.806545553099337	0.0	179801	4947.327845749185	0.3
8094.177268381048	300	4.926959273890632	0.0	140051	3879.586279208704	0.3
8097.811244495511	300	5.292983159428022	0.0	138313	3633.97611446261	0.3
8101.591775354618	300	5.512452300320486	0.0	143509	3780.530859107536	0.3
8106.005599745267	300	5.098627909671876	0.0	150616	4413.8243906486105	0.3
8110.605945085908	300	4.498282569030635	0.0	165384	4600.345340641242	0.3
8114.601446729019	300	4.502780925920299	0.0	140881	3995.501643110335	0.3
8118.860677365426	300	4.243550289511313	0.0	157671	4259.230636408987	0.3
8122.716986991607	300	4.387240663331228	0.0	157812	3856.309626180084	0.3
8126.845232446256	300	4.2589952086815535	0.0	163927	4128.245454649675	0.3
8130.579698759751	300	4.524528895186613	0.0	137654	3734.466313494941	0.3
8134.41040976725	300	4.693817887688565	0.0	146754	3830.7110074980483	0.3
8138.409380723346	300	4.6948469315920685	0.0	153938	3998.970956096496	0.3
8143.199118625092	300	4.0	0.09489097015328207	181901	4789.73790174535	-0.10803117165911291
8145.941212219396	300	5.2579064056952305	0.0	111155	2742.0935943047702	0.3
8149.8286810951095	300	5.370437529982752	0.0	153605	3887.4688757124786	0.3
8153.586597419964	300	5.612521205128154	0.0	149029	3757.9163248545983	0.3
8158.758617452692	300	4.440501172400061	0.0	157421	5172.020032728093	0.3
8163.942635740795	300	4.0	0.7435171157018458	157488	5184.018288101906	-2.8971235975179366
8167.875605845427	300	4.067029895367273	0.0	143881	3932.970104632727	0.3
8172.404051379056	300	4.0	0.46141563826114224	163444	4528.445533628415	-1.6840872445229116
8177.059992702186	300	4.0	0.6559413231300442	179328	4655.941323130044	-2.52054768945919
8181.487981581266	300	4.0	0.42798887907871175	159914	4427.988879078712	-1.5403521800384603
8185.089125931657	300	4.398855649608372	0.0	131610	3601.144350391628	0.3
8188.228760394311	300	5.259221186953621	0.0	124011	3139.634462654751	0.3
8192.21674957737	300	5.2712320038944105	0.0	144254	3987.989183059209	0.3
8196.116611827898	300	5.371369753366084	0.0	149991	3899.862250528327	0.3
8199.964920657942	300	5.523060923322318	0.0	147968	3848.3088300437653	0.3
8204.40225457292	300	5.085727008344028	0.0	161857	4437.3339149782905	0.3
8207.970049931253	300	5.517931650010945	0.0	145210	3567.795358333083	0.3
8212.310495221069	300	5.177486360196524	0.0	172312	4340.445289814421	0.3
8216.938182641965	300	4.549798939299996	0.0	167025	4627.687420896528	0.3
8221.06590618409	300	4.422075397173715	0.0	160064	4127.723542126281	0.3
8224.386950416223	300	5.101031165040583	0.0	137507	3321.044232133132	0.3
8227.456065776527	300	6.031915804736859	0.0	118421	3069.1153603037237	0.3

