18800.473381563	300	4.0	0.8351675916086098	181801	835.1675916086098	-3.291220643917022
18801.19963199013	300	7.273749572871065	0.0	155580	726.2504271289351	0.3
18801.85270534815	300	10.6206762148549	0.0	139857	653.0733580161644	0.3
18802.547127248108	300	13.926254314896415	0.0	155432	694.421899958486	0.3
18804.033119851552	750	16.440261711451306	0.0	411561	1485.9926034451066	0.3
18806.766648893983	750	17.706732669019505	0.0	318564	2733.5290424318023	0.75
18810.520079425416	750	17.95330213758475	0.0	352642	3753.430531434754	0.75
18812.021363925807	750	20.452017637192956	0.0	437162	1501.2845003917955	0.75
18814.03980212952	1200	22.43357943348338	0.0	584846	2018.4382037095745	0.75
18817.520953854022	1200	22.952427708979393	0.0	560821	3481.1517245039863	1.2
18822.04880304707	1850	22.42457851593214	0.0	939819	4527.849193047256	1.2000000000000002
18827.291464055386	1850	21.181917507616056	0.0	917428	5242.661008316081	1.85
18829.2149933341	1200	23.258388228901755	0.0	624282	1923.529278714305	0.5499999999999999
18836.220976698005	1850	20.2524048649965	0.0	1036454	7005.983363905253	1.2000000000000002
18841.69921328789	1200	18.774168275108764	0.0	526950	5478.236589887734	0.5499999999999999
18849.31180292661	1200	15.161578636385745	0.0	587876	7612.5896387230205	1.2
18850.2780962352	750	18.195285327795098	0.0	360831	966.2933085906479	0.3
18853.62535285891	1200	18.848028704083095	0.0	581493	3347.256623711999	0.75
18855.265641324957	1200	21.2077402380382	0.0	639204	1640.2884660448985	1.2
18856.77105467991	1200	23.702326883081046	0.0	586839	1505.4133549571538	1.2
18858.996227309533	1850	25.477154253459766	0.0	891604	2225.1726296212814	1.2000000000000002
18878.907613916	2850	9.565767646994736	0.0	1468126	19911.38660646503	1.85
18881.40899567723	300	11.064385885764299	0.0	163927	2501.381761230438	-2.25
18885.311906999937	300	11.161474563054435	0.0	137654	3902.9113227098637	0.3
18889.160463164666	300	11.312918398328845	0.0	146754	3848.556164725589	0.3
18893.4744312286	300	10.998950334396934	0.0	153938	4313.968063931912	0.3
18900.09992983034	300	8.373451732653137	0.0	181901	6625.498601743797	0.3
18900.452816946814	300	12.020564616175474	0.0	111155	352.8871164776633	0.3
18900.909919421076	300	15.563462141913844	0.0	153605	457.1024742616299	0.3
18901.973172295406	750	18.500209267583077	0.0	400508	1063.252874330763	0.3
18903.459420585288	1200	21.013960977701117	0.0	570392	1486.2482898819633	0.75
18907.324642462212	1200	21.14873910077708	0.0	620283	3865.221876924036	1.2
18915.54491146091	1200	16.928470102079558	0.0	584349	8220.268998697524	1.2
18928.886564929508	750	7.586816633482911	0.0	412837	13341.653468596647	0.3
18929.480494632833	300	10.992886930159505	0.0	179328	593.9297033234049	-0.15000000000000002
18930.018786447705	300	14.454595115288102	0.0	159914	538.291814871403	0.3
18931.020759278086	750	17.45262228490622	0.0	321064	1001.9728303818843	0.3
18932.146491422543	750	20.326890140446725	0.0	361565	1125.7321444594947	0.75
18946.991923101774	1200	9.481458461216997	0.0	605884	14845.431679229729	0.75
18947.74665065667	300	12.72673090632351	0.0	149991	754.7275548934863	-0.6000000000000001
18948.92805872614	750	15.545322836854815	0.0	345516	1181.4080694686947	0.3
18952.968353241882	750	15.505028321112293	0.0	384505	4040.2945157425215	0.75
18958.25555828429	750	14.217823278705378	0.0	372093	5287.205042406914	0.75
18959.547329117515	750	16.926052445480046	0.0	438281	1291.7708332253324	0.75
18974.87437031504	750	5.599011247957416	0.0	398987	15327.04119752263	0.75
18979.768417078838	300	4.704964484157523	0.0	160064	4894.046763799893	-0.15000000000000002
18980.359120304827	300	8.114261258170014	0.0	137507	590.70322598751	0.3
18980.87893781757	300	11.59444374542763	0.0	118421	519.8175127423833	0.3

