59147.26568825479	300	4.0	6.688240914189053	181801	6688.240914189053	-28.459435931012926
59150.77255455891	300	4.493133695874661	0.0	155580	3506.8663041253385	0.3
59153.75877868507	300	5.506909569711915	0.0	139857	2986.224126162746	0.3
59159.55058515671	300	4.0	0.2848969019244278	155432	5791.806471636343	-0.9250566782750393
59164.74732712983	300	4.0	1.196741973116954	163442	5196.741973116954	-4.845990484402902
59170.62348619925	300	4.0	1.8761590694261694	126289	5876.1590694261695	-7.767483998532529
59174.60351620466	300	4.01996999458682	0.0	153295	3980.03000541318	0.3
59178.27726240948	300	4.3462237897731155	0.0	173849	3673.746204813705	0.3
59181.16517670449	300	5.458309494764299	0.0	150710	2887.9142950088167	0.3
59183.70068084199	300	6.922805357262774	0.0	139105	2535.5041375015244	0.3
59186.28446364536	300	8.339022553889667	0.0	141840	2583.782803373108	0.3
59189.120813597285	300	9.50267260196423	0.0	156148	2836.3499519254374	0.3
59194.97054174171	300	7.652944457532436	0.0	160746	5849.728144431794	0.3
59201.91478716259	300	4.708699036657204	0.0	179801	6944.245420875232	0.3
59205.11745653297	300	5.506029666272616	0.0	140051	3202.669370384588	0.3
59207.50916621421	300	7.114319985038784	0.0	138313	2391.7096812338323	0.3
59212.25834730757	300	6.365138891671659	0.0	143509	4749.181093367125	0.3
59215.006637750084	300	7.616848449159069	0.0	150616	2748.29044251259	0.3
59217.24147077101	300	9.38201542822966	0.0	165384	2234.8330209294077	0.3
59219.35563979866	300	11.267846400580536	0.0	140881	2114.1690276491245	0.3
59221.93998414423	300	12.683502055019899	0.0	157671	2584.3443455606375	0.3
59225.542326004645	300	13.081160194600617	0.0	157812	3602.3418604192816	0.3
59229.47525202887	300	13.14823417037719	0.0	163927	3932.926024223427	0.3
59232.79065973436	300	13.832826464883576	0.0	137654	3315.4077054936142	0.3
59236.31995305247	300	14.303533146767068	0.0	146754	3529.293318116508	0.3
59243.8852966941	300	10.738189505146199	0.0	153938	7565.343641620868	0.3
59252.438280595685	300	6.185205603564985	0.0	181901	8552.983901581214	0.3
59255.67878486384	300	6.944701335399766	0.0	111155	3240.504268165219	0.3
59260.04446312246	300	6.579023076786507	0.0	153605	4365.6782586132595	0.3
59264.26123264879	300	6.3622535504536275	0.0	149029	4216.76952633288	0.3
59267.80337479222	300	6.820111407015039	0.0	157421	3542.1421434385884	0.3
59270.854119568714	300	7.76936663053051	0.0	157488	3050.744776484528	0.3
59274.383298376495	300	8.240187822753073	0.0	143881	3529.1788077774368	0.3
59277.24297449067	300	9.38051170857511	0.0	163444	2859.676114177964	0.3
59280.476299037364	300	10.147187161881343	0.0	179328	3233.3245466937674	0.3
59286.435887181375	300	8.187599017878059	0.0	159914	5959.588144003284	0.3
59289.90138450457	300	8.722101694678114	0.0	131610	3465.4973231999434	0.3
59292.226244355006	300	10.397241844243583	0.0	124011	2324.859850434532	0.3
59294.95254379475	300	11.670942404502838	0.0	144254	2726.2994397407433	0.3
59298.465302460565	300	12.158183738688054	0.0	149991	3512.758665814785	0.3
59301.361370525185	300	13.262115674073366	0.0	147968	2896.068064614688	0.3
59304.484683786926	300	14.138802412326447	0.0	161857	3123.313261746919	0.3
59307.60327959744	300	15.020206601819332	0.0	145210	3118.5958105071154	0.3
59312.08811115408	300	14.535375045175781	0.0	172312	4484.83155664355	0.3
59319.13277924877	300	11.490706950482696	0.0	167025	7044.6680946930865	0.3
59323.19980968409	300	11.423676515166008	0.0	160064	4067.030435316688	0.3
59326.73873449729	300	11.884751701972077	0.0	137507	3538.924813193932	0.3
59330.28018338203	300	12.343302817233822	0.0	118421	3541.448884738255	0.3

