20333.620851769876	300	4.0	0.7434555438781273	181801	743.4555438781273	-2.8968588386759473
20334.383631561243	300	7.237220208635088	0.0	155580	762.7797913649123	0.3
20334.842810912087	300	10.778040857789195	0.0	139857	459.1793508458927	0.3
20335.449135519346	300	14.171716250532993	0.0	155432	606.3246072562022	0.3
20336.103254210495	300	17.517597559383066	0.0	163442	654.1186911499265	0.3
20336.626866472867	300	20.99398529701089	0.0	126289	523.6122623721751	0.3
20337.25735843646	300	24.363493333416553	0.0	153295	630.4919635943363	0.3
20337.993345644165	300	27.627506125712348	0.0	173849	735.9872077042057	0.3
20338.64202209369	300	30.97882967618948	0.0	150710	648.6764495228665	0.3
20339.2469092114	300	34.37394255847414	0.0	139105	604.8871177153364	0.3
20339.71554798288	300	37.90530378699595	0.0	141840	468.638771478188	0.3
20340.196075100248	300	41.424776669628976	0.0	156148	480.52711736697825	0.3
20340.688396308386	300	44.932455461491365	0.0	160746	492.3212081376148	0.3
20341.22959450644	300	48.391257263437595	0.0	179801	541.1981980537698	0.3
20341.668832045918	300	51.95201972395991	0.0	140051	439.2375394776921	0.3
20342.46728967888	300	55.153562090996544	0.0	138313	798.4576329633621	0.3
20343.376684327024	300	58.244167442850035	0.0	143509	909.3946481465114	0.3
20345.726038625224	300	59.89481314464786	0.0	150616	849.354298202166	0.3
20348.29651819912	300	59.69589460786479	0.0	165384	698.9185367830794	0.3
20350.63573746168	300	59.67156553139042	0.0	140881	524.3290764743674	0.3
20354.701923751643	750	59.60537924142259	0.0	386472	2566.1862899678326	0.3
20357.51120981027	750	59.816774409139995	0.0	399894	1288.6048322825943	0.75
20360.448385040825	750	59.56852740703175	0.0	401853	1248.247002108243	0.75
20363.000590407708	750	59.58688884731249	0.0	343800	981.6385597192665	0.75
20366.4221080259	750	59.871413441798154	0.0	359903	2215.4754055143358	0.75
20376.953745656727	750	53.33977581097378	0.0	379700	10531.637630824374	0.75
20379.256133387342	750	55.037388080355605	0.0	425781	2302.3877306181744	0.75
20382.42268601006	750	55.87083545763699	0.0	277716	3166.552622718612	0.75
20387.290006113253	750	55.00351535444215	0.0	400396	4867.320103194843	0.75
20389.677946632182	750	56.61557483551048	0.0	400508	2387.940518931666	0.75
20393.091150875953	750	57.202370591742714	0.0	358218	3413.2042437677646	0.75
20395.316316384957	750	58.97720508273904	0.0	400322	2225.1655090036725	0.75
20397.723931641358	750	59.51352273090635	0.0	369834	1463.6823518326855	0.75
20400.115652326236	750	59.74462884550167	0.0	412837	1768.893885404683	0.75
20401.98966601903	750	59.574035403594486	0.0	401088	1170.5934419071843	0.75
20404.611889891832	750	59.58963357833518	0.0	365161	1984.4018252593005	0.75
20406.565401097272	1200	59.87628893073618	0.0	487812	1713.344647598996	0.75
20408.76071789246	1200	59.8642138902629	0.0	575591	2012.075040473281	1.2
20412.544858235287	1200	59.52376459620581	0.0	605884	3340.4492940570935	1.2
20415.399746807052	1200	59.77416576700935	0.0	587506	2749.5988291964622	1.2
20418.39766985453	1200	59.79684917770435	0.0	566904	2977.3165893049954	1.2
20422.26885743879	1200	59.92566159344023	0.0	641452	2371.187584264127	1.2
20423.77782717753	1200	59.532573832788984	0.0	599477	1393.0877606512413	1.2
20427.05350225038	1200	59.908177134909046	0.0	634861	1624.3966978799397	1.2
20431.28439576625	1200	59.67728361903898	0.0	630203	4230.893515870069	1.2
20436.392044577915	1200	58.569634807373674	0.0	638661	5107.648811665302	1.2
20439.015347320666	1200	59.94633206462407	0.0	538612	2123.302742749599	1.2
20442.407466754245	1200	59.89783411696232	0.0	550906	2048.49794766175	1.2

