77439.23784214121	750	4.0	1.9878414130356665	450283	1987.8414130356666	-7.797718076053366
77442.4998397997	1850	4.738002341514485	0.0	957685	3261.997658485515	0.75
77445.49631574606	1850	5.741526395157918	0.0	877771	2996.475946356567	1.85
77448.67721222738	1850	6.560629913829791	0.0	933276	3180.8964813281273	1.85
77452.06900366623	1850	7.168838474997838	0.0	996749	3391.7914388319523	1.85
77454.81059352125	1850	8.427248619971301	0.0	801058	2741.5898550265374	1.85
77458.69156449678	1850	8.546277644433339	0.0	905515	3880.970975537963	1.85
77462.1068333542	1850	9.131008787014547	0.0	1060487	3415.268857418792	1.85
77464.83880507549	1850	10.399037065740668	0.0	852833	2731.97172127388	1.85
77468.67839076943	1850	10.559451371780565	0.0	913888	3839.585693960103	1.85
77472.96686695317	1850	10.270975188050393	0.0	939819	4288.476183730169	1.85
77477.09258212401	1850	10.14526001720823	0.0	917428	4125.715170842164	1.85
77480.8491682125	1850	10.38867392870937	0.0	946851	3756.5860884988597	1.85
77483.95797655653	1850	11.279865584689663	0.0	1036454	3108.8083440197056	1.85
77486.24990694823	1850	12.987935192988019	0.0	821631	2291.9303917016437	1.85
77488.81519265399	1850	14.422649487230562	0.0	923170	2565.2857057574583	1.85
77491.49766371184	1850	15.740178429386361	0.0	966699	2682.471057844199	1.85
77493.96211331872	1850	17.275728822500025	0.0	885714	2464.4496068863386	1.85
77496.70114315489	1850	18.536698986324357	0.0	987708	2739.0298361756636	1.85
77499.26800375167	1850	19.969838389552386	0.0	923755	2566.8605967719714	1.85
77503.69071616173	1850	19.547125979491188	0.0	891604	4422.7124100612	1.85
77507.05501058545	1850	20.18283155578231	0.0	955231	3364.294423708877	1.85
77509.84184685604	1850	21.395995285178454	0.0	968026	2786.8362706038574	1.85
77512.32460088065	1850	22.91324126056804	0.0	874175	2482.7540246104145	1.85
77514.86017999233	1850	24.37766214888783	0.0	897976	2535.5791116802093	1.85
77517.3148380824	1850	25.92300405882069	0.0	905935	2454.6580900671393	1.85
77525.58652551576	1850	21.651316625480387	0.0	1076599	8271.687433340303	1.85
77528.81440572276	1850	22.42343641846793	0.0	758197	3227.880207012459	1.85
77532.95476212664	1850	22.283080014602728	0.0	972798	4140.3564038652	1.85
77537.36862808799	1850	21.869214053244857	0.0	975811	4413.865961357871	1.85
77541.07684951769	1850	22.160992623560784	0.0	873429	3708.2214296840725	1.85
77544.2444422963	1850	22.993399844951394	0.0	954453	3167.592778609394	1.85
77553.65191437818	1850	17.585927763060006	0.0	885062	9407.472081891388	1.85
77560.04828475576	1850	15.189557385490591	0.0	1035329	6396.370377569414	1.85
77569.17952758235	1850	10.058314558894574	0.0	1026056	9131.242826596017	1.85
77571.84780313555	750	11.390039005702581	0.0	365161	2668.275553191992	-0.3500000000000001
77574.0997038308	750	13.138138310457652	0.0	321064	2251.900695244929	0.75
77576.47469389188	750	14.763148249374577	0.0	361565	2374.990061083075	0.75
77578.95722074682	750	16.280621394436352	0.0	378327	2482.526854938226	0.75
77581.88142994461	750	17.356412196650307	0.0	390680	2924.209197786042	0.75
77584.3730291615	750	18.864812979740517	0.0	345516	2491.5992169097913	0.75
77586.37306674858	750	20.864775392680855	0.0	384505	2000.0375870596602	0.75
77590.12519006687	1850	21.112652074382567	0.0	886255	3752.1233182982883	0.75
77593.44130280064	1850	21.79653934062308	0.0	973972	3316.112733759486	1.85
77596.70764973362	1850	22.530192407652784	0.0	958994	3266.346932970296	1.85
77600.05064889147	1850	23.187193249805556	0.0	982064	3342.999157847224	1.85
77602.8908267316	1850	24.347015409666398	0.0	830730	2840.1778401391603	1.85
77605.78296992923	1850	25.454872212046734	0.0	846370	2892.1431976196614	1.85

