75093.69595814343	300	4.0	6.055150027521798	450283	6055.150027521799	0	-25.287145118343734
75094.82389579288	300	6.872062350538865	0.0	155580	1127.9376494611347	0	-0.15000000000000002
75095.87631301288	300	9.819645130544648	0.0	139857	1052.4172199942163	0	0.3
75097.35236542975	750	12.343592713685823	0.0	155432	1476.0524168588252	1	0.3
75099.63021959217	750	14.0657385512678	0.0	411561	2277.854162418022	1	0.3
75101.23773341195	750	16.458224731483497	0.0	318564	1607.5138197843066	1	0.75
75103.00865118181	750	18.68730696162759	0.0	352642	1770.917769855908	1	0.75
75105.4643656744	750	20.23159246902791	0.0	437162	2455.714492599679	1	0.75
75108.16629965308	750	21.529658490350755	0.0	374758	2701.9339786771548	1	0.75
75110.92682302362	750	22.76913511981584	0.0	362795	2760.5233705349124	1	0.75
75113.61660117641	750	24.07935696702889	0.0	353220	2689.778152786951	1	0.75
75116.68994770874	750	25.0060104346944	0.0	405134	3073.34653233449	1	0.75
75119.62451539774	750	26.071442745697766	0.0	386351	2934.5676889966344	1	0.75
75122.9141612773	1850	26.78179686614953	0.0	434409	3289.6458795482317	3	0.75
75133.43169713201	750	20.26426101144312	0.0	821631	10517.535854706408	1	0.75
75140.22504328852	750	17.470914854937323	0.0	366214	6793.3461565058	1	-0.3500000000000001
75145.8786894081	750	15.81726873535214	0.0	360831	5653.646119585184	1	0.75
75148.83583412132	750	16.86012402212412	0.0	372963	2957.1447132280246	1	0.75
75151.43170737126	300	18.264250772179977	0.0	405596	2595.8732499441403	0	0.75
75152.62414967133	750	21.07180847211446	0.0	140881	1192.44230006552	1	-0.15000000000000002
75155.0195120181	750	22.676446125339652	0.0	386472	2395.3623467748075	1	0.3
75157.02415417835	1850	24.67180396509483	0.0	399894	2004.6421602448222	3	0.75
75162.68152837793	1850	23.014429765504413	0.0	968026	5657.374199590417	3	0.75
75167.68153327305	1850	22.014424870404167	0.0	874175	5000.004895100247	3	1.85
75172.81549422558	1850	20.880463917868873	0.0	897976	5133.960952535293	3	1.85
75177.99424977753	1850	19.701708365899716	0.0	905935	5178.755551969161	3	1.85
75184.1335312144	1850	17.56242692904779	0.0	1076599	6139.281436851924	3	1.85
75188.48079229078	1850	17.215165852661112	0.0	758197	4347.261076386675	3	1.85
75194.03586412645	1850	15.660094016994652	0.0	972798	5555.071835666462	3	1.85
75201.21291950888	1850	12.483038634562307	0.0	975811	7177.055382432345	3	1.85
75209.52813824252	750	8.167819900919323	0.0	873429	8315.218733642983	1	1.85
75212.25302057034	750	9.442937573091605	0.0	400322	2724.8823278277177	1	-0.3500000000000001
75215.25875950747	750	10.437198635957252	0.0	369834	3005.738937134355	1	0.75
75218.53798511701	750	11.157973026416117	0.0	412837	3279.2256095411335	1	0.75
75221.42165948186	750	12.274298661585009	0.0	401088	2883.674364831108	1	0.75
75223.68094137554	750	14.015016767902246	0.0	365161	2259.281893682765	1	0.75
75225.71567866894	750	15.980279474500973	0.0	321064	2034.7372934012724	1	0.75
75228.31607214043	750	17.379886003025675	0.0	361565	2600.3934714752936	1	0.75
75231.3159105266	750	18.380047616856373	0.0	378327	2999.8383861693046	1	0.75
75235.00544073393	750	18.690517409509226	0.0	390680	3689.5302073471466	1	0.75
75237.99570674002	750	19.70025140342646	0.0	345516	2990.266006082767	1	0.75
75240.26152199872	750	21.434436144733848	0.0	384505	2265.815258692612	1	0.75
75241.82142355555	1850	23.874534587899632	0.0	372093	1559.9015568342165	3	0.75
75245.56395277265	1850	24.132005370812738	0.0	973972	3742.529217086894	3	0.75
75249.44264338967	1850	24.253314753793234	0.0	958994	3878.6906170195034	3	1.85
75253.4127170524	1850	24.283241091066834	0.0	982064	3970.0736627264	3	1.85
75256.78333853312	1850	24.91261961035203	0.0	830730	3370.621480714803	3	1.85
75260.59462633089	1850	25.101331812583368	0.0	846370	3811.287797768663	3	1.85

