27311.11048262247	750	4.0	2.313753447479667	450283	2313.7534474796666	-9.199139824162566
27312.86063838015	750	6.249844242322157	0.0	398865	1750.1557576778425	0.75
27314.390942240894	750	8.719540381575793	0.0	350812	1530.303860746366	0.75
27317.335405399193	1200	9.775077223278219	0.0	617681	2944.463158297575	0.75
27320.074893781228	1200	11.035588841245856	0.0	652874	2739.4883820323635	1.2
27324.690303812313	1850	10.420178810156488	0.0	801058	4615.410031089368	1.2000000000000002
27325.86692768583	1200	13.243554936637816	0.0	561791	1176.62387351867	0.5499999999999999
27329.37111086298	2850	13.739371759490904	0.0	1638769	3504.183177146911	1.2000000000000002
27332.810232166306	2850	14.300250456161805	0.0	1348011	3439.121303329099	2.85
27336.29831978681	2850	14.81216283565718	0.0	1429765	3488.087620504626	2.85
27339.192644020524	2850	15.917838601942162	0.0	1354548	2894.3242337150186	2.85
27342.001779148453	2850	17.108703474013527	0.0	1519951	2809.135127928633	2.85
27347.06992218497	4300	16.040560437496843	0.0	2209463	5068.143036516684	2.8499999999999996
27352.814552715405	4300	14.295929907062431	0.0	2275376	5744.630530434411	4.3
27357.60800683048	4300	13.502475791989863	0.0	2005399	4793.454115072569	4.3
27362.4258394582	4300	12.684643164268909	0.0	2152483	4817.832627720953	4.3
27366.152430002625	4300	12.958052619844572	0.0	2289689	3726.5905444243367	4.3
27370.3879163697	4300	12.722566252773126	0.0	2059512	4235.4863670714485	4.3
27376.408173673502	4300	10.70230894896872	0.0	2220726	6020.257303804405	4.3
27379.148824315307	2850	11.961658307164441	0.0	1336050	2740.650641804279	1.4000000000000001
27383.152794784517	2850	11.957687837953682	0.0	1415116	4003.970469210761	2.85
27386.060480784945	2850	13.05000183752381	0.0	1468126	2907.6860004298705	2.85
27389.923066702548	4300	13.187415919920138	0.0	2221506	3862.5859176036724	2.8499999999999996
27393.601224063692	4300	13.509258558779452	0.0	2044075	3678.1573611406866	4.3
27397.18086721675	4300	13.92961540572039	0.0	2186790	3579.643153059061	4.3
27402.19309633048	4300	12.91738629199263	0.0	2105231	5012.229113727761	4.3
27407.2358596844	4300	11.874622938072008	0.0	2395588	5042.763353920622	4.3
27412.135989322658	4300	10.974493299812478	0.0	1972048	4900.12963825953	4.3
27414.997391629466	2850	12.113090993008	0.0	1498470	2861.4023068044767	1.4000000000000001
27418.35345888995	2850	12.757023732524535	0.0	1561263	3356.0672604834645	2.85
27420.889187516284	2850	14.221295106192807	0.0	1341201	2535.7286263317296	2.85
27426.495119887	4300	12.615362735475115	0.0	2147852	5605.932370717692	2.8499999999999996
27432.97675231463	4300	10.133730307847044	0.0	2191074	6481.632427628073	4.3
27436.642531307232	2850	10.467951315245427	0.0	1587293	3665.7789926016153	1.4000000000000001
27439.287277749736	2850	11.823204872740487	0.0	1492672	2644.7464425049393	2.85
27442.61495936125	4300	12.495523261225424	0.0	2143948	3327.6816115150627	2.8499999999999996
27445.643502117935	4300	13.46698050454013	0.0	1919781	3028.5427566852945	4.3
27450.231731044834	4300	12.878751577644259	0.0	2147467	4588.22892689587	4.3
27454.341291090586	4300	12.7691915318915	0.0	2133870	4109.560045752759	4.3
27457.7544562157	4300	13.356026406775085	0.0	2146120	3413.165125116417	4.3
27460.72904913287	4300	14.381433489605167	0.0	2108491	2974.59291716992	4.3
27464.567989353163	4300	14.54249326931257	0.0	2184571	3838.940220292595	4.3
27470.15906022288	4300	12.951422399600292	0.0	2121928	5591.070869712279	4.3
27475.3951838338	4300	11.715298788679323	0.0	2219102	5236.1236109209685	4.3
27480.16145238149	4300	10.949030240991448	0.0	2124950	4766.268547687875	4.3
27483.92900009986	4300	11.18148252261934	0.0	2246506	3767.547718372107	4.3
27487.978689498203	4300	11.131793124278618	0.0	1961140	4049.689398340722	4.3
27491.445421068995	4300	11.665061553483769	0.0	2155012	3466.7315707948487	4.3

