81263.03070349053	750	4.0	6.1077040224842385	450283	6107.7040224842385	-25.513127296682224
81264.52808232511	300	6.502621165412802	0.0	155580	1497.3788345871976	-0.15000000000000002
81264.97628492882	300	10.054418561704356	0.0	139857	448.2026037084453	0.3
81266.06291388943	750	12.967789601116452	0.0	382355	1086.6289605879049	0.3
81267.86174030993	1200	15.168963180604447	0.0	652874	1798.8264205120051	0.75
81269.31157762768	1200	17.71912586285446	0.0	520315	1449.8373177499855	1.2
81273.04683692538	2850	17.983866565167418	0.0	1388403	3735.2592976870415	1.2000000000000002
81288.16775492656	2850	6.862948563974414	0.0	1638769	15120.918001193002	2.85
81289.25541345059	300	9.775290039931557	0.0	150710	1087.658524042858	-2.25
81290.14634449867	300	12.884358991852826	0.0	139105	890.9310480787298	0.3
81291.05301210562	300	15.977691384908095	0.0	141840	906.6676069447307	0.3
81291.88356685489	300	19.14713663565037	0.0	156148	830.5547492577281	0.3
81293.53772549923	750	21.492977991295497	0.0	386351	1654.1586443548713	0.3
81300.1084531023	2850	18.922250388238275	0.0	1578343	6570.727603057221	0.75
81305.2529249294	2850	17.7777785611351	0.0	1231445	5144.471827103176	2.85
81311.38286402398	2850	15.647839466544974	0.0	1471065	6129.939094590124	2.85
81316.76773243444	2850	14.262971056087187	0.0	1491626	5384.868410457789	2.85
81321.12468875965	2850	13.906014730867515	0.0	1358801	4356.956325219671	2.85
81325.90374974425	2850	13.126953746272905	0.0	1537156	4779.060984594609	2.85
81330.37678562615	2850	12.65391786436318	0.0	1336050	4473.0358819097255	2.85
81335.0254533611	2850	12.005250129424407	0.0	1415116	4648.667734938773	2.85
81339.74636551357	2850	11.284337976952475	0.0	1468126	4720.912152471932	2.85
81344.31036625078	2850	10.720337239728046	0.0	1505760	4564.000737224429	2.85
81347.85511071909	2850	11.175592771422254	0.0	1323990	3544.7444683057906	2.85
81351.43550732432	2850	11.59519616617973	0.0	1383735	3580.3966052425253	2.85
81354.76851014703	2850	12.262193343478641	0.0	1480464	3333.0028227010876	2.85
81360.01407222878	4300	11.016631261723218	0.0	2395588	5245.562081755424	2.8499999999999996
81363.59482162927	4300	11.435881861224265	0.0	1972048	3580.749400498952	4.3
81366.6435595945	4300	12.387143895994294	0.0	2134614	3048.7379652299705	4.3
81370.19391274879	4300	12.83679074170976	0.0	2164140	3550.3531542845317	4.3
81373.17705757485	4300	13.85364591564417	0.0	2113193	2983.1448260655907	4.3
81383.32737981356	4300	7.703323676926464	0.0	2147852	10150.322238717707	4.3
81384.38104464077	750	10.649658849710743	0.0	369834	1053.6648272157213	-2.8
81385.54792379812	750	13.4827796923773	0.0	412837	1166.8791573334438	0.75
81387.44515820051	1200	15.585545289969373	0.0	690253	1897.2344024079273	0.75
81390.01028159191	1850	17.02042189857847	0.0	943942	2565.1233913909014	1.2000000000000002
81392.00942547747	1850	19.02127801300595	0.0	728962	1999.1438855725182	1.85
81403.49260399412	1850	11.538099496361543	0.0	938587	11483.178516644408	1.85
81404.84524267385	300	14.185460816640141	0.0	144254	1352.6386797214013	-1.25
81406.03360418108	300	16.997099309407677	0.0	149991	1188.3615072324635	0.3
81407.10292948455	300	19.927774005940265	0.0	147968	1069.3253034674117	0.3
81408.16861159958	300	22.86209189090009	0.0	161857	1065.6821150401754	0.3
81409.0949201388	300	25.93578335166966	0.0	145210	926.308539230431	0.3
81410.03168325558	300	28.99902023489995	0.0	172312	936.763116769707	0.3
81414.04024085066	1850	28.990462639830994	0.0	958994	4008.5575950689554	0.30000000000000004
81423.35927819819	4300	23.67142529230979	0.0	2246506	9319.037347521204	1.8499999999999996
81431.54424868364	4300	19.48645480683923	0.0	1961140	8184.970485470563	4.3
81438.50228529195	4300	16.528418198523582	0.0	2155012	6958.036608315648	4.3

