4995.277869825129	750	4.0	1.679567035007093	450283	1679.567035007093	1	-6.4721382505305
4996.0362919432555	750	7.241577881872438	0.0	398865	758.422118127563	1	0.75
4996.697127628948	1850	10.58074219618049	0.0	350812	660.8356856919474	3	0.75
4999.059734385162	1850	12.218135439965602	0.0	933276	2362.6067562148883	3	0.75
5000.644883730268	1850	14.632986094860529	0.0	996749	1585.1493451050715	3	1.85
5001.866955819062	1850	17.410914006066932	0.0	801058	1222.0720887935963	3	1.85
5006.618854374382	1850	16.659015450746935	0.0	905515	4751.898555319995	3	1.85
5008.084009775531	1850	19.193860049597934	0.0	1060487	1465.1554011489993	3	1.85
5011.181536328302	1850	20.096333496826286	0.0	852833	3097.526552771645	3	1.85
5012.506777449268	1850	22.7710923758602	0.0	913888	1325.2411209660877	3	1.85
5013.8727934424105	1850	25.405076382717695	0.0	939819	1366.0159931425042	3	1.85
5015.687076995119	1850	27.590792830009025	0.0	917428	1814.2835527086709	3	1.85
5017.447482163085	1850	29.830387662043883	0.0	946851	1760.4051679651402	3	1.85
5022.134076705618	1850	29.143793119511024	0.0	1036454	4686.594542532857	3	1.85
5024.881121666495	1850	30.39674815863314	0.0	821631	2747.044960877884	3	1.85
5027.394277381131	1850	31.88359244399722	0.0	923170	2513.1557146359237	3	1.85
5029.293705002151	1850	33.98416482297717	0.0	966699	1899.4276210200524	3	1.85
5034.957297302245	1850	32.32057252288335	0.0	885714	5663.592300093812	3	1.85
5037.155149438166	1850	34.1227203869625	0.0	987708	2197.852135920852	3	1.85
5038.789401132055	4300	36.488468693074246	0.0	923755	1634.2516938882557	5	1.85
5042.968626795709	4300	36.30924302942031	0.0	2039773	4179.2256636539405	5	1.8499999999999996
5047.924702240878	4300	35.35316758425088	0.0	2176469	4956.075445169422	5	4.3
5051.7328242715885	4300	35.54504555354045	0.0	2221506	3808.122030710436	5	4.3
5060.175916690715	4300	31.1019531344147	0.0	2044075	8443.092419125747	5	4.3
5065.080700925327	4300	30.197168899802232	0.0	2186790	4904.784234612466	5	4.3
5068.833733700826	4300	30.444136124303487	0.0	2105231	3753.0327754987447	5	4.3
5073.517722823113	4300	29.760147002015803	0.0	2395588	4683.989122287688	5	4.3
5077.6602555445825	4300	29.61761428054655	0.0	1972048	4142.53272146925	5	4.3
5083.7651284791455	4300	27.512741345983915	0.0	2134614	6104.872934562633	5	4.3
5087.914456288501	4300	27.363413536627895	0.0	2164140	4149.327809356018	5	4.3
5095.652237470932	4300	23.625632354197215	0.0	2113193	7737.781182430683	5	4.3
5100.11555853234	4300	23.162311292788804	0.0	2147852	4463.321061408413	5	4.3
5104.659084208666	4300	22.618785616462738	0.0	2191074	4543.525676326067	5	4.3
5108.813156447977	4300	22.46471337715196	0.0	2286761	4154.072239310777	5	4.3
5113.348334204691	4300	21.92953562043754	0.0	2307787	4535.177756714418	5	4.3
5118.543930078125	4300	20.73393974700374	0.0	2143948	5195.595873433807	5	4.3
5122.530383717233	4300	20.74748610789567	0.0	1919781	3986.453639108064	5	4.3
5134.360046657407	4300	12.917823167722343	0.0	2147467	11829.662940173328	5	4.3
5138.9114901757575	4300	12.36637964937177	0.0	2133870	4551.443518350572	5	4.3
5149.604658619427	1850	5.673211205702186	0.0	2146120	10693.168443669585	3	4.3
5152.001611608047	1850	7.2762582170819154	0.0	858450	2396.952988620271	3	-0.6000000000000001
5153.887280144258	1850	9.390589680871134	0.0	1025005	1885.668536210783	3	1.85
5157.634416164365	1850	9.643453660764138	0.0	886255	3747.1360201069942	3	1.85
5162.534994105783	1850	8.742875719345124	0.0	973972	4900.577941419016	3	1.85
5165.209476632788	1850	10.068393192340453	0.0	958994	2674.482527004672	3	1.85
5168.062432234994	1850	11.215437590134458	0.0	982064	2852.955602205996	3	1.85
5170.084128945829	1850	13.19374087929965	0.0	830730	2021.6967108348067	3	1.85
5171.822167254115	1850	15.455702571014603	0.0	846370	1738.0383082850478	3	1.85

