44327.79055338942	300	4.0	1.3732779427588298	181801	1373.2779427588298	-5.605095153862968
44329.098154637584	300	6.6923987518429895	0.0	155580	1307.6012481570103	0.3
44330.19143310476	300	9.599120284662018	0.0	139857	1093.2784671809723	0.3
44332.177653730345	300	11.612899659076858	0.0	155432	1986.2206255851609	0.3
44333.42279029329	300	14.367763096133304	0.0	163442	1245.1365629435556	0.3
44335.814304500775	750	15.976248888653226	0.0	318564	2391.5142074800765	0.3
44338.553103450125	750	17.237449939301904	0.0	352642	2738.7989493513237	0.75
44343.727774349565	750	16.062779039864633	0.0	437162	5174.670899437271	0.75
44346.70651091937	750	17.084042470061117	0.0	374758	2978.736569803514	0.75
44349.434087995694	750	18.356465393738134	0.0	362795	2727.5770763229843	0.75
44351.96396323663	750	19.82659015280346	0.0	353220	2529.8752409346753	0.75
44356.39161448861	1200	19.39893890082449	0.0	594078	4427.65125197897	0.75
44361.068681916484	1200	18.721871472951022	0.0	624282	4677.067427873469	1.2
44368.130001428886	1200	15.660551960545272	0.0	687371	7061.319512405749	1.2
44370.65653968115	750	17.13401370828076	0.0	337059	2526.5382522645064	0.3
44373.67300542454	750	18.117547964887223	0.0	366214	3016.46574339354	0.75
44377.675312261905	750	18.115241127529817	0.0	360831	4002.306837357406	0.75
44383.55776744466	1200	16.23278594476715	0.0	581493	5882.455182762666	0.75
44386.529355322054	750	17.261198067374856	0.0	405596	2971.5878773922996	0.3
44389.22751176341	750	18.56304162601325	0.0	350713	2698.156441361608	0.75
44394.437703984404	1200	17.352849405025868	0.0	601738	5210.19222098738	0.75
44397.35015594885	750	18.440397440578682	0.0	399894	2912.451964447184	0.3
44400.45674651036	750	19.333806879059335	0.0	401853	3106.590561519348	0.75
44405.05374893225	1200	18.736804457171406	0.0	536667	4597.002421887932	0.75
44407.69946688137	750	20.09108650804647	0.0	359903	2645.7179491249362	0.3
44412.04363772923	1200	19.746915660190304	0.0	590335	4344.170847856162	0.75
44417.10271970343	1200	18.68783368599258	0.0	696376	5059.081974197724	1.2
44419.15954273088	750	20.631010658542593	0.0	277716	2056.8230274499883	0.3
44423.924764094445	1200	19.865789294972377	0.0	622896	4765.221363570217	0.75
44429.11574908743	1200	18.6748043019834	0.0	641447	5190.984992988976	1.2
44433.126960386704	1200	18.663593002711256	0.0	570392	4011.211299272144	1.2
44437.91356604417	1200	17.87698734524766	0.0	620283	4786.605657463595	1.2
44440.672727553625	750	19.117825835784615	0.0	369834	2759.1615094630483	0.3
44445.75972647783	1200	18.030826911579293	0.0	670129	5086.998924205321	0.75
44448.70736933139	750	19.08318405802064	0.0	401088	2947.642853558653	0.3
44453.3511224092	1200	18.439430980210645	0.0	598727	4643.753077809995	0.75
44457.2786407099	1200	18.511912679517074	0.0	487812	3927.5183006935704	1.2
44461.391586425976	1200	18.39896696344139	0.0	575591	4112.9457160756865	1.2
44464.43380688727	750	19.356746502150788	0.0	378327	3042.220461290599	0.3
44469.86809678486	1200	17.922456604561873	0.0	587506	5434.289897588915	0.75
44473.96285197072	750	17.827701418705	0.0	345516	4094.7551858568722	0.3
44476.77082254576	750	19.019730843666522	0.0	384505	2807.970575038478	0.75
44481.69589408559	1200	18.094659303834035	0.0	599477	4925.071539832486	0.75
44486.25278014646	1200	17.537773242970637	0.0	634861	4556.8860608634	1.2
44489.2965293187	750	18.49402407073041	0.0	398987	3043.749172240228	0.3
44492.14165688008	750	19.648896509349253	0.0	393804	2845.127561381157	0.75
44496.26166867307	1200	19.52888471636093	0.0	538612	4120.011792988318	0.75
44500.18753802874	750	19.603015360691433	0.0	314107	3925.8693556695016	0.3

