7622.178803829337	300	4.0	11.50647103493801	450283	11506.47103493801	0	-48.72782545023344
7626.338520614068	300	4.0	0.15971678473031353	155580	4159.7167847303135	0	-0.8367821743403482
7630.20761956014	300	4.130901053927818	0.0	139857	3869.0989460721817	0	0.3
7634.5010815427295	300	4.0	0.1625609286609615	155432	4293.46198258878	0	-0.3990119932421345
7638.5395602186445	300	4.0	0.038478675915182066	163442	4038.478675915182	0	0.13454169356471712
7641.622646706629	300	4.916913512015497	0.0	126289	3083.086487984503	0	0.3
7645.360224099934	300	5.179336118709717	0.0	153295	3737.57739330578	0	0.3
7649.597474933611	300	4.942085285032798	0.0	173849	4237.250833676919	0	0.3
7653.316995137413	300	5.222565081230761	0.0	150710	3719.5202038020366	0	0.3
7656.995006424147	300	5.544553794496645	0.0	139105	3678.0112867341154	0	0.3
7660.562795429938	300	5.976764788706121	0.0	141840	3567.7890057905247	0	0.3
7664.68153514999	300	5.858025068653766	0.0	156148	4118.739720052356	0	0.3
7668.785686819794	300	5.753873398848522	0.0	160746	4104.151669805244	0	0.3
7673.733014665544	300	4.806545553099337	0.0	179801	4947.327845749185	0	0.3
7677.612600944753	300	4.926959273890632	0.0	140051	3879.586279208704	0	0.3
7681.246577059216	300	5.292983159428022	0.0	138313	3633.97611446261	0	0.3
7685.027107918323	300	5.512452300320486	0.0	143509	3780.530859107536	0	0.3
7689.440932308972	300	5.098627909671876	0.0	150616	4413.8243906486105	0	0.3
7694.041277649613	300	4.498282569030635	0.0	165384	4600.345340641242	0	0.3
7698.036779292723	300	4.502780925920299	0.0	140881	3995.501643110335	0	0.3
7702.296009929131	300	4.243550289511313	0.0	157671	4259.230636408987	0	0.3
7706.152319555312	300	4.387240663331228	0.0	157812	3856.309626180084	0	0.3
7710.280565009961	300	4.2589952086815535	0.0	163927	4128.245454649675	0	0.3
7714.015031323456	300	4.524528895186613	0.0	137654	3734.466313494941	0	0.3
7717.845742330955	300	4.693817887688565	0.0	146754	3830.7110074980483	0	0.3
7721.844713287051	300	4.6948469315920685	0.0	153938	3998.970956096496	0	0.3
7726.634451188796	300	4.0	0.09489097015328207	181901	4789.73790174535	0	-0.10803117165911291
7729.376544783101	300	5.2579064056952305	0.0	111155	2742.0935943047702	0	0.3
7733.264013658814	300	5.370437529982752	0.0	153605	3887.4688757124786	0	0.3
7737.021929983669	300	5.612521205128154	0.0	149029	3757.9163248545983	0	0.3
7742.193950016397	300	4.440501172400061	0.0	157421	5172.020032728093	0	0.3
7747.377968304499	300	4.0	0.7435171157018458	157488	5184.018288101906	0	-2.8971235975179366
7751.310938409132	300	4.067029895367273	0.0	143881	3932.970104632727	0	0.3
7755.839383942761	300	4.0	0.46141563826114224	163444	4528.445533628415	0	-1.6840872445229116
7760.495325265891	300	4.0	0.6559413231300442	179328	4655.941323130044	0	-2.52054768945919
7764.9233141449695	300	4.0	0.42798887907871175	159914	4427.988879078712	0	-1.5403521800384603
7768.524458495362	300	4.398855649608372	0.0	131610	3601.144350391628	0	0.3
7771.664092958016	300	5.259221186953621	0.0	124011	3139.634462654751	0	0.3
7775.652082141075	300	5.2712320038944105	0.0	144254	3987.989183059209	0	0.3
7779.551944391604	300	5.371369753366084	0.0	149991	3899.862250528327	0	0.3
7783.400253221647	300	5.523060923322318	0.0	147968	3848.3088300437653	0	0.3
7787.837587136625	300	5.085727008344028	0.0	161857	4437.3339149782905	0	0.3
7791.405382494958	300	5.517931650010945	0.0	145210	3567.795358333083	0	0.3
7795.745827784773	300	5.177486360196524	0.0	172312	4340.445289814421	0	0.3
7800.373515205669	300	4.549798939299996	0.0	167025	4627.687420896528	0	0.3
7804.5012387477955	300	4.422075397173715	0.0	160064	4127.723542126281	0	0.3
7807.822282979928	300	5.101031165040583	0.0	137507	3321.044232133132	0	0.3
7810.891398340232	300	6.031915804736859	0.0	118421	3069.1153603037237	0	0.3

