71373.99578137066	750	4.0	3.155304986620114	450283	3155.304986620114	-12.81781144246649
71374.84946044358	300	7.146320927069726	0.0	155580	853.6790729302737	-0.15000000000000002
71375.91576126183	300	10.080020108822973	0.0	139857	1066.3008182467524	0.3
71377.43303582526	300	12.56274554538741	0.0	155432	1517.2745634355629	0.3
71382.89068720445	300	11.105094166209238	0.0	163442	5457.651379178173	0.3
71386.23564932239	300	11.760132048271597	0.0	126289	3344.9621179376404	0.3
71388.96486148442	300	13.030919886234507	0.0	153295	2729.212162037088	0.3
71390.58980053666	300	15.4059808339972	0.0	173849	1624.9390522373076	0.3
71391.71649192799	300	18.279289442666407	0.0	150710	1126.6913913307935	0.3
71392.75332264164	300	21.242458729023	0.0	139105	1036.8307136434057	0.3
71397.07565494016	1200	20.920126430505267	0.0	607410	4322.332298517731	0.29999999999999993
71401.4222956634	1200	20.57348570725771	0.0	594078	4346.6407232475585	1.2
71406.181207558	1200	19.814573812671487	0.0	624282	4758.911894586224	1.2
71410.77593787712	1200	19.219843493545753	0.0	687371	4594.730319125734	1.2
71418.40918245069	1850	15.586598919970012	0.0	821631	7633.244573575738	1.2000000000000002
71421.77384489075	1200	16.221936479919002	0.0	587876	3364.662440051011	0.5499999999999999
71425.06205438216	1200	16.933726988508003	0.0	617242	3288.209491410999	1.2
71427.95299925389	1200	18.042782116783577	0.0	581493	2890.9448717244254	1.2
71433.86982365976	1850	16.125957710902984	0.0	987708	5916.824405880593	1.2000000000000002
71439.85674945342	1850	14.139031917246724	0.0	923755	5986.925793656261	1.85
71445.4135399047	1850	12.582241465966671	0.0	891604	5556.790451280053	1.85
71453.03025065934	1850	8.96553071132094	0.0	955231	7616.710754645732	1.85
71464.86669910833	1850	4.0	2.870917737664229	968026	11836.44844898517	-10.494946271956186
71465.60572385545	300	7.260975252879634	0.0	137654	739.0247471203664	-1.25
71467.42904442543	750	9.437654682907104	0.0	359903	1823.3205699725308	0.3
71471.32659857828	1200	9.540100530060387	0.0	590335	3897.554152846717	0.75
71475.56487967446	1200	9.301819433868557	0.0	696376	4238.281096191829	1.2
71478.36116976148	1200	10.505529346849245	0.0	487160	2796.2900870193116	1.2
71482.14259586278	1200	10.724103245557366	0.0	622896	3781.4261012918796	1.2
71485.77057883667	1200	11.096120271659746	0.0	641447	3627.982973897621	1.2
71489.62549381136	1200	11.241205296978704	0.0	570392	3854.9149746810413	1.2
71494.2617376396	1200	10.604961468734947	0.0	620283	4636.243828243756	1.2
71498.3412917666	1200	10.525407341730487	0.0	584349	4079.5541270044614	1.2
71504.06966936593	1200	8.797029742407853	0.0	670129	5728.377599322633	1.2
71508.391441775	1200	8.475257333324254	0.0	690253	4321.772409083597	1.2
71515.19924847351	1200	5.667450634821059	0.0	598727	6807.806698503195	1.2
71516.91825090777	300	7.948448200561029	0.0	131610	1719.0024342600307	-0.6000000000000001
71519.16108470179	300	9.705614406536137	0.0	124011	2242.8337940248916	0.3
71525.24436234258	300	7.622336765749952	0.0	144254	6083.277640786185	0.3
71528.40342315314	300	8.463275955179235	0.0	149991	3159.0608105707174	0.3
71532.30378034865	300	8.562918759662862	0.0	147968	3900.3571955163743	0.3
71533.89669133886	300	10.970007769470335	0.0	161857	1592.910990192527	0.3
71535.21436037621	300	13.652338732120338	0.0	145210	1317.6690373499994	0.3
71536.4844310572	300	16.38226805112685	0.0	172312	1270.0706809934845	0.3
71540.61224190639	1200	16.254457201932244	0.0	630203	4127.81084919461	0.29999999999999993
71546.28452075938	1850	14.582178348950123	0.0	982064	5672.278852982119	1.2000000000000002
71552.91753229832	1850	11.949166809996687	0.0	830730	6633.011538953437	1.85
71560.11906123816	2850	8.747637870161295	0.0	1364537	7201.528939835391	1.85

