9257.917268510428	300	4.0	5.609660151198939	181801	5609.660151198938	-23.821538650155436
9262.399998040515	300	4.0	0.48272953008891545	155580	4482.729530088915	-1.775736979382336
9266.539822609271	300	4.0	0.13982456875539628	139857	4139.824568755396	-0.30124564564820405
9273.147303346546	300	4.0	2.6074807372737907	155432	6607.4807372737905	-10.912167170277298
9278.176265290895	300	4.0	1.028961944348627	163442	5028.961944348627	-4.124536360699096
9281.125540381818	300	5.0507249090781245	0.0	126289	2949.2750909218753	0.3
9286.339148045063	300	4.0	0.1628827541679475	153295	5213.607663246072	-0.4003958429221743
9291.605906137278	300	4.0	1.2667580922158677	173849	5266.758092215868	-5.1470597965282305
9296.13584074743	300	4.0	0.5299346101522642	150710	4529.934610152264	-1.978718823654736
9299.033468297037	300	5.1023724503945616	0.0	139105	2897.627549605439	0.3
9302.855102924073	300	5.280737823357809	0.0	141840	3821.6346270367517	0.3
9306.340926555493	300	5.794914191938545	0.0	156148	3485.823631419264	0.3
9310.150273160269	300	5.985567587160261	0.0	160746	3809.346604778284	0.3
9313.81457456108	300	6.321266186350335	0.0	179801	3664.3014008099276	0.3
9317.2673449538	300	6.868495793631573	0.0	140051	3452.7703927187617	0.3
9320.293001588372	300	7.842839159058962	0.0	138313	3025.656634572611	0.3
9323.442571988042	300	8.693268759389044	0.0	143509	3149.5703996699176	0.3
9326.42313859523	300	9.712702152201588	0.0	150616	2980.566607187456	0.3
9330.455041126103	300	9.680799621329108	0.0	165384	4031.90253087248	0.3
9332.924029928634	300	11.211810818797943	0.0	140881	2468.988802531165	0.3
9336.53601199424	300	11.599828753192348	0.0	157671	3611.982065605594	0.3
9343.252605718519	300	8.883235028911388	0.0	157812	6716.593724280961	0.3
9346.903032007072	300	9.232808740358356	0.0	163927	3650.4262885530325	0.3
9353.106661402797	300	7.029179344633132	0.0	137654	6203.629395725224	0.3
9356.67512048421	300	7.460720263221023	0.0	146754	3568.459081412109	0.3
9359.521248302524	300	8.61459244490495	0.0	153938	2846.1278183160725	0.3
9363.716803158073	300	8.419037589357425	0.0	181901	4195.554855547528	0.3
9366.229495020807	300	9.906345726624274	0.0	111155	2512.6918627331515	0.3
9369.388853740804	300	10.746987006626991	0.0	153605	3159.3587199972826	0.3
9372.134762172063	300	12.001078575366838	0.0	149029	2745.908431260151	0.3
9375.53279349929	300	12.603047248140918	0.0	157421	3398.0313272259204	0.3
9378.615277561319	300	13.520563186109207	0.0	157488	3082.4840620317095	0.3
9387.687447392282	750	8.448393355148653	0.0	369834	9072.169830960554	0.3
9390.396986200563	300	9.73885454686677	0.0	163444	2709.5388082818827	-0.15000000000000002
9394.132379011644	300	10.00346173578658	0.0	179328	3735.3928110801917	0.3
9398.818456709965	300	9.317384037465184	0.0	159914	4686.077698321396	0.3
9402.102791511315	300	10.033049236115152	0.0	131610	3284.33480135003	0.3
9404.56159691444	300	11.57424383299099	0.0	124011	2458.8054031241627	0.3
9407.884842311467	300	12.25099843596545	0.0	144254	3323.245397025539	0.3
9410.704153995855	300	13.431686751577091	0.0	149991	2819.3116843883577	0.3
9416.63229284139	750	11.503547906041227	0.0	345516	5928.138845535865	0.3
9419.7333026987	300	12.402538048730705	0.0	161857	3101.009857310522	-0.15000000000000002
9422.790217623087	300	13.345623124344424	0.0	145210	3056.9149243862807	0.3
9432.093831349232	750	8.042009398199216	0.0	438281	9303.613726145208	0.3
9436.26074721632	300	7.8750935311116805	0.0	167025	4166.915867087535	-0.15000000000000002
9441.970458601294	300	6.165382146136711	0.0	160064	5709.71138497497	0.3
9445.589040055043	300	6.546800692387513	0.0	137507	3618.5814537491983	0.3
9449.318688751951	300	6.8171519954810575	0.0	118421	3729.6486969064554	0.3

