1999.195672506532	750	4.0	3.888220918863058	450283	3888.220918863058	1	-15.969349951111148
2002.000197932396	750	5.195474574135748	0.0	398865	2804.5254258642526	1	0.75
2004.4695085518188	750	6.726163954712991	0.0	350812	2469.310619422756	1	0.75
2008.8592801614705	300	6.336392345061279	0.0	382355	4389.7716096517115	0	0.75
2010.0745917469874	300	9.121080759544363	0.0	163442	1215.3115855169167	0	-0.15000000000000002
2011.085730636689	750	12.109941869842642	0.0	126289	1011.1388897017199	1	0.3
2013.6494660234703	750	13.54620648306153	0.0	352642	2563.73538678111	1	0.3
2016.8651860979203	750	14.330486408611575	0.0	437162	3215.7200744499555	1	0.75
2019.79078178141	750	15.404890725121735	0.0	374758	2925.5956834898416	1	0.75
2022.6582399079955	750	16.537432598536302	0.0	362795	2867.4581265854335	1	0.75
2025.4187428072441	750	17.776929699287603	0.0	353220	2760.5028992487	1	0.75
2028.7223162856408	750	18.47335622089101	0.0	405134	3303.5734783965986	1	0.75
2032.5363542084256	750	18.659318298106154	0.0	386351	3814.0379227848553	1	0.75
2035.6941074589881	750	19.501565047543505	0.0	434409	3157.7532505626496	1	0.75
2038.1989698449836	750	20.996702661548028	0.0	337059	2504.8623859954737	1	0.75
2042.5611244467407	750	20.63454805979119	0.0	366214	4362.15460175684	1	0.75
2045.252500547749	750	21.943171958782877	0.0	360831	2691.37610100831	1	0.75
2047.9775671288924	750	23.218105377639546	0.0	372963	2725.0665811433305	1	0.75
2052.696141295988	750	22.49953121054373	0.0	405596	4718.574167095817	1	0.75
2055.508041840879	750	23.687630665652904	0.0	350713	2811.9005448908247	1	0.75
2058.4080859397354	750	24.787586566796293	0.0	386472	2900.044098856613	1	0.75
2061.256178839139	750	25.939493667392703	0.0	399894	2848.0928994035885	1	0.75
2065.643955256536	750	25.551717249995754	0.0	401853	4387.776417396953	1	0.75
2068.18943516668	1850	27.006237339851612	0.0	343800	2545.479910144139	3	0.75
2074.7734436550218	1850	24.422228851510088	0.0	897976	6584.008488341527	3	0.75
2081.337756544428	1850	21.857915962103586	0.0	905935	6564.312889406502	3	1.85
2089.397448996278	1850	17.79822351025402	0.0	1076599	8059.692451849569	3	1.85
2095.005083374703	1850	16.190589131828744	0.0	758197	5607.634378425273	3	1.85
2102.983741969657	1850	12.211930536875057	0.0	972798	7978.658594953688	3	1.85
2110.257528434798	750	8.938144071733596	0.0	975811	7273.786465141462	1	1.85
2112.8325603408152	750	10.363112165716593	0.0	358218	2575.031906017003	1	-0.3500000000000001
2117.753801123856	300	9.441871382675778	0.0	400322	4921.2407830408165	0	0.75
2118.8562864678725	750	12.339386038659425	0.0	143881	1102.4853440163515	1	-0.15000000000000002
2122.2798247455585	750	12.91584776097325	0.0	412837	3423.538277686175	1	0.3
2125.1868586431874	750	14.008813863344766	0.0	401088	2907.0338976284847	1	0.75
2128.1624847022813	750	15.033187804251016	0.0	365161	2975.626059093751	1	0.75
2130.6829096064193	750	16.512762900112904	0.0	321064	2520.4249041381136	1	0.75
2133.4796663265306	750	17.71600618000143	0.0	361565	2796.7567201114703	1	0.75
2136.300823844518	750	18.894848662014034	0.0	378327	2821.157517987395	1	0.75
2140.23279721503	750	18.96287529150192	0.0	390680	3931.9733705121153	1	0.75
2144.6915790878907	750	18.50409341864114	0.0	345516	4458.781872860781	1	0.75
2149.035838008893	750	18.1598344976389	0.0	384505	4344.258921002238	1	0.75
2151.7470845238217	750	19.448587982709924	0.0	372093	2711.2465149289787	1	0.75
2154.9064341590106	750	20.289238347521216	0.0	438281	3159.349635188709	1	0.75
2157.796753067696	750	21.398919438835723	0.0	398987	2890.3189086854954	1	0.75
2162.086595909747	750	21.109076596784668	0.0	393804	4289.842842051052	1	0.75
2164.7338126198065	750	22.46185988672506	0.0	331053	2647.2167100596075	1	0.75
2168.6346579805113	750	22.56101452601993	0.0	314107	3900.845360705128	1	0.75

