72135.68200535781	300	4.0	1.802334509593895	450283	1802.334509593895	0	-7.000038391253748
72136.02528811006	750	7.65671724775857	0.0	155580	343.2827522414302	1	-0.15000000000000002
72136.698955348	1850	10.983050009814615	0.0	350812	673.6672379439556	3	0.3
72142.0180158904	750	9.663989467423118	0.0	933276	5319.060542391496	1	0.75
72149.26719773574	300	6.414807622077587	0.0	411561	7249.181845345531	0	-0.3500000000000001
72152.64241307296	300	7.03959228485351	0.0	126289	3375.215337224077	0	-0.15000000000000002
72153.84847461902	300	9.833530738802652	0.0	153295	1206.0615460508584	0	0.3
72154.26879927269	1850	13.413206085127435	0.0	173849	420.32465367521786	3	0.3
72156.0182946127	1850	15.663710745103637	0.0	852833	1749.495340023797	3	0.30000000000000004
72162.6008165858	1850	13.081188772016908	0.0	913888	6582.521973086728	3	1.85
72176.38361099246	300	4.0	0.7016056346493842	939819	13782.794406666293	0	-1.166904228992352
72176.72359989368	750	7.6600110987877965	0.0	156148	339.98890121220336	1	-1.25
72177.44688044785	1850	10.936730544619724	0.0	386351	723.2805541680711	3	0.3
72179.1836960419	1850	13.199914950569047	0.0	1036454	1736.8155940506767	3	0.75
72180.52904411052	1850	15.854566881951492	0.0	821631	1345.3480686175556	3	1.85
72185.38370492798	1850	14.999906064499092	0.0	923170	4854.660817452401	3	1.85
72186.82302855665	1850	17.560582435822145	0.0	966699	1439.3236286769488	3	1.85
72188.10662525565	1850	20.276985736838093	0.0	885714	1283.596698984053	3	1.85
72190.26444903866	1850	22.119161953829238	0.0	987708	2157.8237830088565	3	1.85
72193.98202195087	1850	22.401589041618816	0.0	923755	3717.5729122104212	3	1.85
72195.41982369502	1850	24.96378729747072	0.0	891604	1437.8017441480958	3	1.85
72197.51046171364	1850	26.873149278849993	0.0	955231	2090.638018620728	3	1.85
72200.91965730058	1850	27.46395369190906	0.0	968026	3409.1955869409317	3	1.85
72202.75015855615	1850	29.633452436335592	0.0	874175	1830.501255573468	3	1.85
72205.53112095062	1850	30.852490041859422	0.0	897976	2780.9623944761684	3	1.85
72208.52649776985	1850	31.857113222641882	0.0	905935	2995.3768192175403	3	1.85
72211.76618306227	1850	32.61742793021775	0.0	1076599	3239.68529242413	3	1.85
72213.03651746394	4300	35.34709352854709	0.0	758197	1270.3344016706665	5	1.85
72216.94903655673	4300	35.434574435755785	0.0	2134614	3912.5190927913086	5	1.8499999999999996
72221.73228631637	4300	34.65132467612753	0.0	2164140	4783.249759628255	5	4.3
72230.26903686435	4300	30.114574128132727	0.0	2113193	8536.750547994801	5	4.3
72234.47391199609	4300	29.90969899640278	0.0	2147852	4204.8751317299475	5	4.3
72239.64909510472	4300	28.73451588777891	0.0	2191074	5175.18310862387	5	4.3
72246.31746051388	4300	26.06615047861934	0.0	2286761	6668.365409159572	5	4.3
72257.67106109337	4300	18.71254989913335	0.0	2307787	11353.600579485988	5	4.3
72268.34070281289	4300	12.042908179606629	0.0	2143948	10669.641719526722	5	4.3
72274.12284676434	4300	10.260764228149801	0.0	1919781	5782.143951456829	5	4.3
72281.11806189078	1850	7.265549101712777	0.0	2147467	6995.215126437024	3	4.3
72282.40895022443	1850	9.974660768070807	0.0	908665	1290.8883336419694	3	-0.6000000000000001
72283.74684797337	1850	12.636763019132658	0.0	930577	1337.8977489381493	3	1.85
72284.99312674793	1850	15.39048424456721	0.0	858450	1246.2787745654502	3	1.85
72286.47925685366	1850	17.904354138812597	0.0	1025005	1486.1301057546152	3	1.85
72288.40282215839	1850	19.98078883409478	0.0	886255	1923.5653047178128	3	1.85
72290.04107260806	1850	22.342538384427222	0.0	973972	1638.2504496675615	3	1.85
72293.66475981458	1850	22.718851177911638	0.0	958994	3623.6872065155826	3	1.85
72295.62644556389	1850	24.757165428603912	0.0	982064	1961.6857493077243	3	1.85
72297.29816749088	1850	27.08544350159874	0.0	830730	1671.7219270051708	3	1.85
72298.99985647209	1850	29.383754520390205	0.0	846370	1701.688981208535	3	1.85

