96329.95074253641	750	4.0	4.248624343348808	450283	4248.624343348808	0.10598324624885108	-17.51908467639987
96331.44702160975	300	6.503720926660073	0.0	155580	1496.2790733399268	0.10397792949995707	-0.15000000000000002
96332.33684248228	300	9.613900054136735	0.0	139857	889.8208725233384	0.15717433060813238	0.3
96337.22144924798	1200	8.72929328844134	0.0	617681	4884.606765695395	0.12645460108231746	0.29999999999999993
96344.26354386049	750	5.687198675928364	0.0	411561	7042.094612512976	0.0584429807672144	0.3
96345.04491966676	300	8.905822869656017	0.0	126289	781.3758062723482	0.16162389337657843	-0.15000000000000002
96347.08340035056	750	10.86734218586334	0.0	352642	2038.4806837926772	0.17299256392456713	0.3
96357.43610251803	1200	4.51464001839162	0.0	709534	10352.70216747172	0.06853611632230298	0.75
96359.10899901665	300	6.841743519755199	0.0	150710	1672.8964986364208	0.09008925544577553	-0.6000000000000001
96360.70987420272	300	9.240868333692251	0.0	139105	1600.875186062946	0.0868930952338032	0.3
96367.08667054088	1200	6.86407199551902	0.0	607410	6376.796338173232	0.09525315970401611	0.29999999999999993
96368.7051461952	300	9.245596341204346	0.0	156148	1618.4756543146748	0.09647843610358112	-0.6000000000000001
96374.87273943784	1200	7.078003098576633	0.0	624282	6167.593242627713	0.10121971009456902	0.29999999999999993
96379.13914973961	750	6.811592796806372	0.0	434409	4266.41030177026	0.10182072732661246	0.3
96380.57381171311	300	9.376930823301409	0.0	140051	1434.6619735049646	0.09761951078820823	-0.15000000000000002
96387.45526635525	1200	6.495476181176696	0.0	587876	6881.454642124713	0.08542903071704151	0.29999999999999993
96390.50651716563	300	7.444225370798156	0.0	143509	3051.250810378539	0.04703284289572913	-0.6000000000000001
96394.35130480322	750	7.5994377332120875	0.0	372963	3844.787637586069	0.0970048374984276	0.3
96398.29545183816	750	7.655290698270509	0.0	405596	3944.1470349415786	0.10283490863976062	0.75
96401.74445553022	750	8.206287006209356	0.0	350713	3449.0036920611515	0.10168530721125764	0.75
96405.5854322775	750	8.365310258928446	0.0	386472	3840.9767472809103	0.10061815663778485	0.75
96409.43120736684	750	8.51953516958471	0.0	399894	3845.775089343736	0.10398267987851575	0.75
96413.26086298111	750	8.689879555307769	0.0	401853	3829.65561427694	0.10493188956779657	0.75
96416.85540066945	750	9.0953418669725	0.0	343800	3594.5376883352687	0.09564512318668258	0.75
96423.43741790185	1200	6.513324634570121	0.0	587236	6582.017232402379	0.08921824104457168	0.75
96425.03842752783	300	8.91231500858042	0.0	153938	1601.009625989703	0.09615057742381748	-0.6000000000000001
96434.18893799654	750	4.0	0.23819546013020954	425781	9150.510468710629	0.046530846716794756	-0.7242404785599008
96435.86767493533	300	6.32126306120751	0.0	111155	1678.7369387924898	0.06621347123031286	-0.15000000000000002
96437.40649058486	300	8.782447411668963	0.0	153605	1538.8156495385467	0.09982027414788926	0.3
96443.22860501254	750	6.960332983998318	0.0	400508	5822.1144276706455	0.0687908156006886	0.3
96445.34936402758	300	8.839573968938305	0.0	157421	2120.7590150600145	0.07422861290798059	-0.15000000000000002
96449.35497147158	750	8.833966524950531	0.0	400322	4005.6074439877734	0.09994039745478912	0.3
96452.93576322815	750	9.253174768387103	0.0	369834	3580.7917565634266	0.10328274447183679	0.75
96459.29725399367	1200	6.891684002861401	0.0	670129	6361.490765525703	0.10534150322618942	0.75
96461.03757838282	300	9.15135961372132	0.0	179328	1740.3243891400798	0.10304285862971135	-0.6000000000000001
96466.76310146804	1200	7.42583652850274	0.0	598727	5725.523085218581	0.10457158081254031	0.29999999999999993
96471.52496374087	750	6.663974255674894	0.0	321064	4761.862272827845	0.06742404160491086	0.3
96472.81241255239	300	9.37652544416406	0.0	124011	1287.4488115108347	0.09632305291770923	-0.15000000000000002
96480.91406790946	1200	5.274870087106436	0.0	605884	8101.655357057623	0.07478521034250045	0.29999999999999993
96482.45642378792	300	7.73251420864062	0.0	149991	1542.3558784658164	0.09724798413528028	-0.6000000000000001
96485.84273830375	750	8.346199692805365	0.0	345516	3386.314515835254	0.1020330504990841	0.3
96489.45265524703	750	8.736282749516919	0.0	384505	3609.9169432884473	0.10651353093174933	0.75
96496.39426796178	750	5.7946700347853435	0.0	372093	6941.612714731575	0.05360324974776246	0.75
96498.07187088983	300	8.117067106730532	0.0	172312	1677.6029280548119	0.10271322082144703	-0.15000000000000002
96502.4126013692	750	7.776336627359795	0.0	398987	4340.730479370737	0.09191701763013858	0.3
96506.66867905455	750	7.5202589420180885	0.0	393804	4256.0776853417065	0.09252744642239366	0.75
96509.88802217106	750	8.300915825512032	0.0	331053	3219.3431165060574	0.10283246861840895	0.75
96512.77446194012	750	9.41447605643953	0.0	314107	2886.439769072501	0.10882160208765829	0.75

