88133.38920809698	750	4.0	5.095223073152945	450283	5095.223073152945	0.08837355961362511	-21.15945921455766
88134.79458785754	300	6.594620239435471	0.0	155580	1405.3797605645282	0.11070317387914064	-0.15000000000000002
88136.03576336331	300	9.353444733657179	0.0	139857	1241.1755057782923	0.11268108285161588	0.3
88141.24411623506	1200	8.145091861905023	0.0	617681	5208.352871752157	0.11859430710811347	0.29999999999999993
88146.58113172877	750	6.808076368197977	0.0	411561	5337.015493707046	0.07711444729461207	0.3
88148.38978187829	300	8.99942621867314	0.0	126289	1808.6501495248365	0.06982500182977802	-0.15000000000000002
88153.29676321498	750	8.092444881987147	0.0	352642	4906.981336685993	0.07186536401994191	0.3
88159.3606585397	750	6.028549557243293	0.0	437162	6063.895324743854	0.07209260328359415	0.75
88161.50358455889	300	7.8856235380738635	0.0	150710	2142.9260191694298	0.07032907279664896	-0.15000000000000002
88165.63127462567	750	7.757933471295904	0.0	362795	4127.690066777959	0.08789298472770142	0.3
88168.22238385087	750	9.16682424609577	0.0	353220	2591.1092252001354	0.13631999630301866	0.75
88172.37670002742	1200	9.012508069551139	0.0	594078	4154.31617654463	0.1430025965173712	0.75
88178.42982888498	1200	6.959379211986271	0.0	624282	6053.128857564868	0.10313377010301154	1.2
88180.28457879087	300	9.104629306096598	0.0	179801	1854.7499058896717	0.0969408325235927	-0.6000000000000001
88185.53436540293	1200	7.85484269404362	0.0	526950	5249.786612052979	0.10037550836641172	0.29999999999999993
88189.18252704522	750	8.206681051741391	0.0	366214	3648.161642302228	0.10038316168712719	0.3
88193.72836975307	750	7.660838343897116	0.0	360831	4545.842707844275	0.079376041625319	0.75
88198.02932621386	750	7.359881883114288	0.0	372963	4300.956460782828	0.08671629285271026	0.75
88202.94776965537	750	6.441438441608444	0.0	405596	4918.443441505844	0.08246430091627151	0.75
88204.33654462881	300	9.052663468160079	0.0	140881	1388.7749734483652	0.10144264023579624	-0.15000000000000002
88212.37561937072	1200	5.013588726247008	0.0	601738	8039.074741913071	0.07485164889222108	0.29999999999999993
88214.78746887814	300	6.601739218823192	0.0	157812	2411.849507423816	0.06543194320965935	-0.6000000000000001
88219.31017427059	300	6.079033826387197	0.0	163927	4522.705392435994	0.0362453411787909	0.3
88221.90057284356	300	7.488635253413784	0.0	137654	2590.3985729734136	0.05314008486423483	0.3
88235.02659492976	750	4.0	5.637386832786509	359903	13126.022086200293	0.027419045742607333	-23.940763380981988
88241.05252531247	300	4.0	2.0259303827088706	153938	6025.930382708871	0.025545930706686884	-8.861500645648142
88244.7480340055	300	4.304491306963919	0.0	181901	3695.5086930360817	0.04922218160189401	0.3
88246.73702558213	300	6.315499730331164	0.0	111155	1988.9915766327542	0.055885103439291026	0.3
88249.00689017867	300	8.045635133798534	0.0	153605	2269.8645965326314	0.06767143742170428	0.3
88255.33633414863	750	5.716191163834481	0.0	400508	6329.4439699640525	0.06327696428005107	0.3
88257.66044405707	300	7.392081255403209	0.0	157421	2324.1099084312723	0.06773388789786454	-0.15000000000000002
88262.80353766496	750	6.248987647494835	0.0	400322	5143.093607908374	0.07783681000564278	0.3
88264.44255723289	300	8.60996807956769	0.0	143881	1639.0195679271444	0.08778479696979165	-0.15000000000000002
88269.05478839009	750	7.997736922374323	0.0	412837	4612.231157193367	0.08950917374471305	0.3
88275.69979774136	750	5.352727571102552	0.0	401088	6645.009351271772	0.06035928300435525	0.75
88278.0818122861	300	6.970713026361295	0.0	159914	2382.014544741256	0.06713393096320094	-0.15000000000000002
88279.793288964	300	9.259236348444988	0.0	131610	1711.4766779163065	0.07689850624212591	0.3
88287.27787064949	1200	5.7746546629601205	0.0	575591	7484.581685484868	0.07690356310978146	0.29999999999999993
88289.60165188443	300	7.450873428028917	0.0	144254	2323.781234931203	0.062077272090662494	-0.6000000000000001
88301.01413725705	750	4.0	3.9616119446072697	390680	11412.485372636187	0.0342326835254253	-16.73493136181126
88304.47793025529	300	4.536207001757322	0.0	147968	3463.7929982426776	0.04271848810684419	-0.15000000000000002
88307.7820188314	300	5.232118425648907	0.0	161857	3304.088576108415	0.04898688284883592	0.3
88310.55564119908	300	6.458496057972747	0.0	145210	2773.6223676761606	0.05235391872097646	0.3
88313.83200134935	300	7.182135907714399	0.0	172312	3276.360150258347	0.05259250878949095	0.3
88327.19777765413	750	4.0	6.183640397074057	398987	13365.776304788456	0.029851389915680236	-26.28965370741844
88330.03039891418	300	5.167378739937915	0.0	160064	2832.6212600620856	0.056507377903564734	-0.15000000000000002
88332.24893728559	300	6.948840368537233	0.0	137507	2218.538371400681	0.06198089777152897	0.3
88334.55325210364	300	8.644525550481518	0.0	118421	2304.3148180557164	0.051390981419769124	0.3

