13802.664749930795	300	4.0	2.5751962071633208	450283	2575.1962071633207	0	-10.323343690802279
13803.656431674495	300	7.008318256300703	0.0	155580	991.6817436992973	0	-0.15000000000000002
13804.353251891798	750	10.31149803899926	0.0	139857	696.8202173014421	1	0.3
13805.699076143328	750	12.965673787467859	0.0	382355	1345.8242515314007	1	0.3
13807.683258048291	750	14.981491882503212	0.0	411561	1984.181904964645	1	0.75
13810.408350548943	750	16.256399381852358	0.0	318564	2725.0925006508533	1	0.75
13811.734297799598	1850	18.930452131196574	0.0	352642	1325.9472506557856	3	0.75
13815.988949646426	1850	18.675800284369224	0.0	1060487	4254.651846827349	3	0.75
13818.915858916649	1850	19.74889101414623	0.0	852833	2926.90927022299	3	1.85
13822.187477378717	1850	20.477272552079434	0.0	913888	3271.6184620668005	3	1.85
13825.048329594332	1850	21.61642033646281	0.0	939819	2860.852215616624	3	1.85
13828.036815362286	1850	22.62793456851006	0.0	917428	2988.485767952747	3	1.85
13830.609523643576	1850	24.055226287220624	0.0	946851	2572.7082812894364	3	1.85
13833.500273931455	1850	25.164475999340876	0.0	1036454	2890.750287879745	3	1.85
13836.158949528486	1850	26.505800402310772	0.0	821631	2658.675597030105	3	1.85
13839.113200548065	1850	27.551549382729704	0.0	923170	2954.2510195810664	3	1.85
13841.892137930963	1850	28.772611999832588	0.0	966699	2778.937382897113	3	1.85
13845.199154264981	1850	29.4655956658152	0.0	885714	3307.016334017391	3	1.85
13847.940633574948	1850	30.72411635584876	0.0	987708	2741.47930996644	3	1.85
13850.557430557124	1850	32.107319373672695	0.0	923755	2616.7969821760685	3	1.85
13853.075186473305	1850	33.58956345749193	0.0	891604	2517.7559161807653	3	1.85
13855.9578134416	1850	34.70693648919524	0.0	955231	2882.626968296683	3	1.85
13859.093873789592	4300	35.57087614120508	0.0	968026	3136.0603479901615	5	1.85
13865.312395498984	4300	33.352354431813175	0.0	2044075	6218.521709391902	5	1.8499999999999996
13873.485445177013	4300	29.1793047537845	0.0	2186790	8173.049678028674	5	4.3
13880.160225680356	4300	26.50452425044062	0.0	2105231	6674.7805033438835	5	4.3
13888.211288781162	4300	22.45346114963589	0.0	2395588	8051.063100804732	5	4.3
13895.237918054758	4300	19.426831876040733	0.0	1972048	7026.629273595152	5	4.3
13901.3230816497	4300	17.341668281097412	0.0	2134614	6085.163594943323	5	4.3
13912.27308308877	4300	10.391666842026194	0.0	2164140	10950.001439071219	5	4.3
13920.079670888923	1850	6.5850790418744305	0.0	2113193	7806.587800151763	3	4.3
13923.49510009112	1850	7.1696498396767385	0.0	954453	3415.429202197692	3	-0.6000000000000001
13926.171488339936	1850	8.493261590860754	0.0	885062	2676.388248815983	3	1.85
13929.531084286285	1850	9.133665644512153	0.0	1035329	3359.595946348601	3	1.85
13932.280215003268	1850	10.384534927530712	0.0	1026056	2749.1307169814413	3	1.85
13934.9589292887	1850	11.705820642097835	0.0	943942	2678.714285432878	3	1.85
13937.328109864278	1850	13.336640066521117	0.0	728962	2369.1805755767186	3	1.85
13940.339777737092	1850	14.324972193706571	0.0	938587	3011.667872814545	3	1.85
13942.957364052423	1850	15.707385878376897	0.0	908665	2617.5863153296737	3	1.85
13946.393466140713	1850	16.271283790085274	0.0	930577	3436.1020882916237	3	1.85
13948.772463404172	1850	17.892286526628123	0.0	858450	2378.997263457153	3	1.85
13951.673430252074	1850	18.991319678724672	0.0	1025005	2900.9668479034513	3	1.85
13954.17552714602	1850	20.489222784779425	0.0	886255	2502.0968939452464	3	1.85
13957.068794499408	1850	21.595955431392643	0.0	973972	2893.26735338678	3	1.85
13960.213362752556	1850	22.45138717824383	0.0	958994	3144.5682531488114	3	1.85
13963.161726023314	1850	23.503023907486707	0.0	982064	2948.363270757122	3	1.85
13965.831812901593	1850	24.832937029208363	0.0	830730	2670.0868782783423	3	1.85
13968.665785806377	1850	25.99896412442604	0.0	846370	2833.972904782324	3	1.85

