38859.7633453172	750	4.0	5.379805082393645	450283	5379.805082393645	-22.383161854292673
38861.67451299335	300	6.088832323852326	0.0	155580	1911.1676761476742	-0.15000000000000002
38863.40062186134	300	8.362723455855248	0.0	139857	1726.1088679970771	0.3
38865.310047585976	300	10.4532977312185	0.0	155432	1909.4257246367486	0.3
38871.803302272165	300	7.960043045032397	0.0	163442	6493.254686186102	0.3
38876.606576055696	300	7.156769261497523	0.0	126289	4803.273783534874	0.3
38883.19824224227	300	4.565103074920839	0.0	153295	6591.666186576684	0.3
38890.51145468891	300	4.0	2.7481093717128715	173849	7313.212446633711	-11.516870298365346
38896.20504601515	300	4.0	1.6935913262446238	150710	5693.591326244624	-6.982442702851882
38900.16894302787	300	4.036102987278844	0.0	139105	3963.897012721156	0.3
38904.20920291992	300	4.0	0.004156904776572446	141840	4040.2598920554165	0.2821253094607385
38908.64895095732	300	4.0	0.4397480373989647	156148	4439.748037398965	-1.590916560815548
38913.21707797796	300	4.0	0.5681270206453746	160746	4568.127020645375	-2.142946188775111
38918.31723229869	300	4.0	1.1001543207237454	179801	5100.1543207237455	-4.430663579112105
38922.30754221227	300	4.0096900864195355	0.0	140051	3990.3099135804646	0.3
38926.24932609869	300	4.067906199999197	0.0	138313	3941.7838864203386	0.3
38930.33618549554	300	4.0	0.0189531968492297	143509	4086.8593968484265	0.2185012535483123
38934.62147669619	300	4.0	0.2852912006614397	150616	4285.29120066144	-0.9267521628441906
38940.073886164755	300	4.0	1.4524094685619284	165384	5452.409468561928	-5.945360714816292
38946.04893265361	300	4.0	1.9750464888569021	140881	5975.046488856902	-8.192699902084678
38952.72654251544	300	4.0	2.6776098618305997	157671	6677.6098618306	-11.213722405871577
38959.41005240322	300	4.0	2.6835098877739747	157812	6683.509887773975	-11.239092517428091
38966.349439302656	300	4.0	2.9393868994317565	163927	6939.386899431756	-12.339363667556551
38971.361230581395	300	4.0	1.0117912787422392	137654	5011.791278742239	-4.050702498591629
38975.88184559359	300	4.0	0.5206150121981209	146754	4520.615012198121	-1.9386445524519196
38980.61984056305	300	4.0	0.7379949694574216	153938	4737.994969457422	-2.8733783686669128
38986.203965229724	300	4.0	1.584124666679274	181901	5584.124666679274	-6.511736066720879
38989.647393563406	300	4.556571666319951	0.0	111155	3443.4283336800495	0.3
38994.375312318254	300	4.0	0.17134708852620134	153605	4727.918754846152	-0.4367924806626658
38998.964766334175	300	4.0	0.5894540159237477	149029	4589.454015923748	-2.2346522684721153
39003.808153061866	300	4.0	0.8433867276887868	157421	4843.386727688787	-3.326562929061783
39008.65356713604	300	4.0	0.8454140741721358	157488	4845.414074172136	-3.3352805189401837
39013.08724832068	300	4.0	0.43368118463604244	143881	4433.681184636042	-1.5648290939349823
39018.11288441955	300	4.0	1.0256360988709647	163444	5025.636098870965	-4.110235225145148
39023.61915292949	300	4.0	1.5062685099381588	179328	5506.268509938159	-6.1769545927340825
39028.537975101695	300	4.0	0.9188221722109802	159914	4918.82217221098	-3.650935340507215
39032.60034929085	300	4.0	0.06237418915596618	131610	4062.374189155966	0.03179098662934543
39036.43278607811	300	4.167563212738998	0.0	124011	3832.4367872610023	0.3
39040.79762249762	300	4.0	0.19727320677819898	144254	4364.836419517197	-0.5482747891462556
39045.31129411577	300	4.0	0.5136716181433776	149991	4513.671618143378	-1.9087879580165235
39049.76516669474	300	4.0	0.4538725789776672	147968	4453.872578977667	-1.6516520896039688
39054.62959234094	300	4.0	0.864425646190989	161857	4864.425646190989	-3.4170302786212527
39059.00193958625	300	4.0	0.3723472453053846	145210	4372.347245305385	-1.3010931548131537
39064.17541068695	300	4.0	1.1734711007028535	172312	5173.471100702854	-4.74592573302227
39069.19260026512	300	4.0	1.0171895781773428	167025	5017.189578177343	-4.073915186162574
39074.004025576556	300	4.0	0.8114253114286967	160064	4811.425311428697	-3.189128839143396
39078.14867534352	300	4.0	0.1446497669596265	137507	4144.6497669596265	-0.321993997926394
39081.72915088332	300	4.419524460186565	0.0	118421	3580.4755398134353	0.3

