76884.31331009412	750	4.0	8.691236998399367	450283	8691.236998399367	-36.62231909311728
76889.87386496438	300	4.0	1.5605548702606056	155580	5560.554870260606	-6.860385942120604
76898.77692947722	300	4.0	4.903064512826711	139857	8903.064512826712	-20.78317740515486
76908.67684659154	300	4.0	5.899917114318261	155432	9899.917114318261	-25.06964359156852
76911.76532084453	300	4.91152574700401	0.0	163442	3088.4742529959904	0.3
76913.79350714255	300	6.883339448989622	0.0	126289	2028.1862980143878	0.3
76916.53409528451	300	8.142751307004422	0.0	153295	2740.588141985199	0.3
76919.48602850098	300	9.1908180905525	0.0	173849	2951.9332164519224	0.3
76923.96281928754	300	8.714027303985832	0.0	150710	4476.790786566669	0.3
76930.38224383416	300	6.294602757370319	0.0	139105	6419.424546615513	0.3
76935.67902410765	300	4.997822483875574	0.0	141840	5296.780273494745	0.3
76938.65806189991	300	6.018784691609373	0.0	156148	2979.037792266201	0.3
76941.3563047757	300	7.320541815830447	0.0	160746	2698.242875778925	0.3
76944.58335354312	300	8.093493048418889	0.0	179801	3227.048767411559	0.3
76946.9038122653	300	9.773034326222394	0.0	140051	2320.458722196495	0.3
76949.33574086071	300	11.341105730809284	0.0	138313	2431.92859541311	0.3
76953.85372951513	300	10.823117076390973	0.0	143509	4517.98865441831	0.3
76956.32819017977	300	12.348656411750628	0.0	150616	2474.460664640346	0.3
76959.05538346682	300	13.62146312470252	0.0	165384	2727.1932870481064	0.3
76961.44778646904	300	15.229060122488727	0.0	140881	2392.403002213794	0.3
76967.75260549688	750	12.924241094641983	0.0	386472	6304.819027846742	0.3
76974.30725095954	750	10.369595631995828	0.0	399894	6554.6454626461555	0.75
76977.05043364482	300	11.626412946705997	0.0	163927	2743.1826852898294	-0.15000000000000002
76979.3447562156	300	13.332090375924748	0.0	137654	2294.32257078125	0.3
76981.75370878953	300	14.923137802005535	0.0	146754	2408.9525739192136	0.3
76984.46970146932	300	16.20714512221049	0.0	153938	2715.9926797950448	0.3
76991.5266928467	750	13.15015374482132	0.0	425781	7056.9913773891685	0.3
76996.17225328901	750	12.504593302511298	0.0	277716	4645.560442310023	0.75
77002.82232501896	750	9.854521572568682	0.0	400396	6650.071729942614	0.75
77005.22949513742	300	11.447351454095319	0.0	149029	2407.170118473364	-0.15000000000000002
77007.89433373959	300	12.782512851928935	0.0	157421	2664.838602166382	0.3
77010.57550724743	300	14.10133934408878	0.0	157488	2681.173507840156	0.3
77013.36357697712	300	15.313269614407258	0.0	143881	2788.0697296815206	0.3
77016.0337125389	300	16.643134052631627	0.0	163444	2670.135561775633	0.3
77023.98042961843	750	12.696416973103577	0.0	401088	7946.717079528049	0.3
77029.90572225668	750	10.77112433486238	0.0	365161	5925.2926382412	0.75
77035.04445863383	750	9.632387957713716	0.0	321064	5138.736377148664	0.75
77037.22346083821	300	11.453385753329808	0.0	124011	2179.0022043839076	-0.15000000000000002
77039.54456804563	300	13.132278545909667	0.0	144254	2321.107207420142	0.3
77042.02338863694	300	14.653457954606518	0.0	149991	2478.820591303148	0.3
77044.44424896095	300	16.232597630583292	0.0	147968	2420.860324023225	0.3
77051.49973147595	750	13.177115115583506	0.0	384505	7055.482514999784	0.3
77062.50311395824	750	6.173732633295653	0.0	372093	11003.382482287854	0.75
77065.50649534186	300	7.170351249675013	0.0	172312	3003.381383620639	-0.15000000000000002
77068.37238283631	300	8.304463755223429	0.0	167025	2865.887494451585	0.3
77071.47689350821	300	9.199953083331625	0.0	160064	3104.5106718918037	0.3
77073.93442158964	300	10.742425001902594	0.0	137507	2457.5280814290304	0.3
77077.24747596512	300	11.429370626413943	0.0	118421	3313.054375488651	0.3

