53310.603894381355	300	4.0	2.2203252991896347	450283	2220.3252991896347	0	-8.797398786515428
53311.39673836792	750	7.207156013429856	0.0	155580	792.8439865701439	1	-0.15000000000000002
53313.08410579701	750	9.519788584347422	0.0	350812	1687.3674290824358	1	0.3
53314.91599847271	750	11.687895908649855	0.0	382355	1831.8926756975666	1	0.75
53316.88170861512	750	13.722185766235695	0.0	411561	1965.71014241416	1	0.75
53318.42132059441	750	16.182573786947025	0.0	318564	1539.6119792886705	1	0.75
53320.117072806206	750	18.48682157514558	0.0	352642	1695.7522118014442	1	0.75
53322.20008285157	1850	20.403811529786424	0.0	437162	2083.0100453591544	3	0.75
53326.350637731404	1850	20.25325664994629	0.0	852833	4150.5548798401305	3	0.75
53330.83796268447	1850	19.765931696881584	0.0	913888	4487.324953064707	3	1.85
53335.456686293044	1850	19.147208088304854	0.0	939819	4618.723608576728	3	1.85
53340.231246030766	1850	18.372648350588378	0.0	917428	4774.559737716478	3	1.85
53345.24524294868	1850	17.358651432672204	0.0	946851	5013.996917916175	3	1.85
53350.72615696954	1850	15.877737411815815	0.0	1036454	5480.914020856387	3	1.85
53355.0876382392	1850	15.51625614214996	0.0	821631	4361.4812696658555	3	1.85
53359.978234557646	1850	14.625659823708435	0.0	923170	4890.596318441524	3	1.85
53365.0956584887	1850	13.508235892643624	0.0	966699	5117.423931064813	3	1.85
53369.7910733176	1850	12.812821063747412	0.0	885714	4695.4148288962115	3	1.85
53375.0179741793	1850	11.58592020204779	0.0	987708	5226.9008616996225	3	1.85
53379.91161890578	1850	10.692275475570597	0.0	923755	4893.644726477193	3	1.85
53384.63772625319	1850	9.966168128161415	0.0	891604	4726.107347409184	3	1.85
53389.695390964844	750	8.908503416503525	0.0	955231	5057.664711657891	1	1.85
53391.869428425285	750	10.734465956063213	0.0	401853	2174.037460440311	1	-0.3500000000000001
53393.624536727104	750	12.979357654241904	0.0	343800	1755.1083018213105	1	0.75
53395.429853456735	750	15.174040924606674	0.0	359903	1805.3167296352287	1	0.75
53397.33007380011	750	17.27382058122944	0.0	379700	1900.2203433772333	1	0.75
53399.45119899901	1850	19.152695382326353	0.0	425781	2121.125198903086	3	0.75
53403.165872698475	1850	19.438021682859436	0.0	758197	3714.673699466917	3	0.75
53407.90930885755	1850	18.69458552379521	0.0	972798	4743.436159064224	3	1.85
53412.66718885094	1850	17.93670553040232	0.0	975811	4757.879993392893	3	1.85
53416.92898594274	1850	17.67490843860864	0.0	873429	4261.797091793681	3	1.85
53424.147330009524	1850	14.456564371820978	0.0	954453	7218.344066787662	3	1.85
53428.22227023688	1850	14.38162414447035	0.0	885062	4074.940227350627	3	1.85
53432.99158919443	1850	13.612305186918922	0.0	1035329	4769.318957551427	3	1.85
53437.718907923365	1850	12.884986457984073	0.0	1026056	4727.318728934848	3	1.85
53442.08411617137	1850	12.519778209977394	0.0	943942	4365.208248006679	3	1.85
53446.05266126644	1850	12.551233114904838	0.0	728962	3968.545095072558	3	1.85
53450.80054681265	1850	11.803347568687919	0.0	938587	4747.885546216918	3	1.85
53455.27027084715	1850	11.333623534195816	0.0	908665	4469.724034492103	3	1.85
53459.71209545134	1850	10.891798930002333	0.0	930577	4441.824604193483	3	1.85
53463.8687017244	1850	10.735192656936952	0.0	858450	4156.606273065381	3	1.85
53468.67292316002	1850	9.930971221322226	0.0	1025005	4804.221435614726	3	1.85
53472.78991994857	1850	9.81397443276637	0.0	886255	4116.996788555856	3	1.85
53477.30647809058	750	9.2974162907606	0.0	973972	4516.558142005771	1	1.85
53479.20391126464	750	11.39998311670174	0.0	398987	1897.4331740588607	1	-0.3500000000000001
53483.14904239004	750	11.454851991296536	0.0	393804	3945.1311254052034	1	0.75
53487.34880532071	750	11.25508906062915	0.0	331053	4199.762930667386	1	0.75
53491.03069213563	750	11.573202245710622	0.0	314107	3681.8868149185296	1	0.75

