42201.21765626007	300	4.0	1.5833322636380165	181801	1583.3322636380165	-6.508328733643471
42202.73223151306	300	6.485424747010941	0.0	155580	1514.5752529890588	0.3
42204.38341310414	300	8.834243155931537	0.0	139857	1651.1815910794044	0.3
42206.359697832944	300	10.857958427130056	0.0	155432	1976.2847288014818	0.3
42208.349778308155	300	12.867877951921749	0.0	163442	1990.0804752083084	0.3
42211.0740371796	300	14.143619080481047	0.0	126289	2724.2588714407007	0.3
42216.53601401934	750	12.681642240741118	0.0	352642	5461.976839739929	0.3
42218.33569297199	300	14.881963288091102	0.0	173849	1799.6789526500158	-0.15000000000000002
42220.25669889318	750	16.960957366897844	0.0	374758	1921.0059211932573	0.3
42221.66411381236	750	19.5535424477221	0.0	362795	1407.414919175741	0.75
42223.966539965026	1200	21.251116295055894	0.0	607410	2302.4261526662076	0.75
42228.9835191304	1200	20.234137129679038	0.0	594078	5016.979165376855	1.2
42234.56977474055	1200	18.647881519530916	0.0	624282	5586.255610148126	1.2
42238.17712626118	1200	19.04052999889487	0.0	687371	3607.3515206360457	1.2
42240.26282707964	1200	20.954829180436395	0.0	526950	2085.700818458474	1.2
42242.11716541141	1200	23.100490848668077	0.0	587876	1854.3383317683174	1.2
42244.47607675476	1850	24.74157950530616	0.0	966699	2358.911343361917	1.2000000000000002
42246.55622805658	1850	26.66142820348952	0.0	885714	2080.151301816638	1.85
42261.73782491216	2850	15.479831347906973	0.0	1537156	15181.59685558255	1.85
42262.6800799374	750	18.5375763226633	0.0	350713	942.2550252436731	-1.35
42264.239499332696	1200	20.97815692737405	0.0	601738	1559.419395289246	0.75
42265.83448942455	1200	23.383166835517454	0.0	616206	1594.9900918565972	1.2
42268.29445618674	1850	24.923200073331476	0.0	968026	2459.966762185981	1.2000000000000002
42279.717157485444	2850	17.5004987746356	0.0	1323990	11422.701298695878	1.85
42280.72292391596	750	20.494732344118535	0.0	359903	1005.766430517061	-1.35
42283.083500014036	1200	22.134156246038412	0.0	590335	2360.576098080123	0.75
42296.666684442	1850	12.550971818065593	0.0	1076599	13583.18442797282	1.2000000000000002
42297.817412702796	300	15.400243557273303	0.0	111155	1150.7282607922898	-1.25
42301.51566947113	750	15.701986788943623	0.0	400396	3698.2567683296807	0.3
42305.21493834937	750	16.002717910707617	0.0	400508	3699.2688782360055	0.75
42308.23276174112	750	16.984894518948987	0.0	358218	3017.8233917586313	0.75
42312.193821549	750	17.02383471107702	0.0	400322	3961.059807871969	0.75
42316.64678306463	750	16.570873195451146	0.0	369834	4452.961515625874	0.75
42323.95850681642	750	13.259149443649632	0.0	412837	7311.723751801513	0.75
42327.187438535584	750	14.030217724489395	0.0	401088	3228.9317191602363	0.75
42328.721279072284	750	16.496377187792806	0.0	365161	1533.840536696591	0.75
42329.9760062422	750	19.241650017875248	0.0	321064	1254.727169917557	0.75
42334.381539662	1200	18.836116598077936	0.0	575591	4405.53341979731	0.75
42337.409993938	1200	19.807662322064598	0.0	605884	3028.4542760133418	1.2
42342.92436795954	1200	18.29328830053361	0.0	587506	5514.374021530983	1.2
42344.85603914256	750	20.361617117508302	0.0	345516	1931.6711830253084	0.3
42347.52191965314	1200	21.695736606934425	0.0	641452	2665.8805105738807	0.75
42350.34390507285	1850	22.873751187229626	0.0	886255	2821.9854197047966	1.2000000000000002
42352.62336377366	1850	24.59429248641542	0.0	973972	2279.458700814207	1.85
42358.442592109626	1850	22.775064150446575	0.0	958994	5819.228335968843	1.85
42368.73534195823	1850	16.482314301845335	0.0	982064	10292.74984860124	1.85
42369.6292613535	750	19.58839490657914	0.0	331053	893.919395266197	-0.3500000000000001
42370.48151769762	750	22.736138562462397	0.0	314107	852.2563441167406	0.75

