2721.3954185268544	300	4.0	1.6965476224197604	181801	1696.5476224197605	-6.99515477640497
2722.7886034326307	300	6.606815094223903	0.0	155580	1393.1849057760976	0.3
2723.3742776283802	300	10.021140898474348	0.0	139857	585.6741957495545	0.3
2724.0730040816024	300	13.322414445251969	0.0	155432	698.7264532223797	0.3
2725.432383826878	750	15.963034699976507	0.0	411561	1359.3797452754602	0.3
2726.4223587222577	750	18.97305980459635	0.0	318564	989.9748953801594	0.75
2736.701777164671	1200	12.693641362183028	0.0	561791	10279.41844241332	0.75
2739.230838571002	300	14.164579955851796	0.0	173849	2529.0614063312332	-0.6000000000000001
2741.4554271043685	750	15.939991422485742	0.0	374758	2224.5885333660535	0.3
2742.5742217366637	750	18.821196790190253	0.0	362795	1118.7946322954908	0.75
2751.204884568484	750	14.190533958369976	0.0	353220	8630.662831820278	0.75
2752.802793316048	750	16.59262521080608	0.0	405134	1597.908747563895	0.75
2755.9949312276003	750	17.400487299254173	0.0	386351	3192.1379115519044	0.75
2757.7642540988963	750	19.631164427958197	0.0	434409	1769.322871295977	0.75
2763.5275619922204	1200	17.867856534634136	0.0	526950	5763.307893324062	0.75
2764.732864944048	750	20.66255358280685	0.0	366214	1205.3029518272867	0.3
2768.8774625783867	1200	20.517955948467847	0.0	617242	4144.597634339005	0.75
2772.342609393477	1200	21.052809133377522	0.0	581493	3465.146815090322	1.2
2774.3897517908135	1200	23.005666736041086	0.0	639204	2047.1423973364379	1.2
2777.1645852202114	1850	24.230833306643465	0.0	923755	2774.833429397624	1.2000000000000002
2791.7922182527645	1850	13.603200274090048	0.0	891604	14627.633032553416	1.85
2798.3309732893385	750	11.064445237516368	0.0	399894	6538.755036573679	-0.3500000000000001
2799.0375254519763	300	14.357893074878332	0.0	163927	706.5521626380381	-0.15000000000000002
2800.399313632562	750	16.996104894292497	0.0	343800	1361.7881805858367	0.3
2801.7364682188254	750	19.65895030802955	0.0	359903	1337.1545862629457	0.75
2803.59104304316	1200	21.804375483695193	0.0	590335	1854.5748243343598	0.75
2811.8337915472066	1200	17.561626979648594	0.0	696376	8242.748504046598	1.2
2812.9904826105803	750	20.404935916274866	0.0	277716	1156.6910633737289	0.3
2818.551141933193	1200	18.844276593662283	0.0	622896	5560.659322612585	0.75
2824.0273133495602	1200	17.368105177295107	0.0	641447	5476.171416367175	1.2
2830.733449224526	750	14.661969302329515	0.0	358218	6706.135874965591	0.3
2839.290447635329	750	10.104970891526273	0.0	400322	8556.998410803242	0.75
2839.781974549059	300	13.613443977796326	0.0	143881	491.5269137299478	-0.15000000000000002
2841.0427665680436	750	16.352651958811677	0.0	412837	1260.7920189846504	0.3
2845.7515481139994	750	15.643870412856101	0.0	401088	4708.781545955574	0.75
2846.8237679212243	750	18.571650605631415	0.0	365161	1072.219807224686	0.75
2848.459912531702	1200	20.93550599515389	0.0	487812	1636.1446104775232	0.75
2850.4495532262367	1200	22.945865300618866	0.0	575591	1989.640694535023	1.2
2856.708271478086	1850	20.687147048769898	0.0	908665	6258.718251848968	1.2000000000000002
2859.344808005957	1200	22.050610520898513	0.0	587506	2636.5365278713825	0.5499999999999999
2862.4969321789326	1850	22.898486347922525	0.0	858450	3152.1241729759895	1.2000000000000002
2870.1602195261635	1850	19.23519900069208	0.0	1025005	7663.28734723044	1.85
2871.916785502674	1200	21.478633024181335	0.0	599477	1756.5659765107494	0.5499999999999999
2873.7657329532926	1200	23.629685573562842	0.0	634861	1848.9474506184938	1.2
2881.7591006716107	1850	19.6363178552447	0.0	958994	7993.36771831814	1.2000000000000002
2885.181961468317	1200	20.213457058538772	0.0	638661	3422.8607967059297	0.5499999999999999
2891.837907343077	1200	17.55751118377844	0.0	538612	6655.945874760331	1.2
2894.062592446472	750	19.332826080383477	0.0	314107	2224.685103394962	0.3

