40833.25661867832	750	4.0	5.580368783853117	450283	5580.368783853117	0.08069054527415837	-23.2455857705684
40834.8136632174	300	6.442955460931434	0.0	155580	1557.0445390685663	0.09992007042590376	-0.15000000000000002
40836.31386117084	300	8.942757507483488	0.0	139857	1500.197953447946	0.09322569710121442	0.3
40840.19459295963	750	9.062025718694967	0.0	382355	3880.7317887885206	0.09852652046313226	0.3
40847.4970227138	1200	5.759595964531226	0.0	652874	7302.429754163742	0.08940503667669525	0.75
40848.85740280456	300	8.399215873766847	0.0	126289	1360.3800907643797	0.0928336138240893	-0.6000000000000001
40852.40500517869	750	8.851613499635691	0.0	352642	3547.6023741311546	0.0994029101376858	0.3
40856.884263695196	750	8.372354983129771	0.0	437162	4479.258516505921	0.09759695681530153	0.75
40860.68763424056	750	8.56898443776309	0.0	374758	3803.3705453666817	0.09853312884713149	0.75
40864.47984592349	750	8.776772754833496	0.0	362795	3792.2116829295933	0.09566844636682581	0.75
40870.22551322372	750	7.031105454612724	0.0	353220	5745.6673002207735	0.061475888098572594	0.75
40874.62534893483	750	6.63126974349651	0.0	405134	4399.835711116213	0.0920793471848111	0.75
40880.989556915265	300	4.267061763056394	0.0	160746	6364.207980440116	0.02525781691830939	-0.15000000000000002
40885.14892580527	300	4.107692873051673	0.0	179801	4159.368890004721	0.043227952305955705	0.3
40886.63740267864	300	6.6192159996770386	0.0	140051	1488.4768733746346	0.09409014174501762	0.3
40889.96400600693	300	7.292612671396573	0.0	138313	3326.603328280465	0.041577845733562276	0.3
40897.86677382225	750	4.0	0.610155143926424	360831	7902.767815322997	0.04565881327050633	-2.3236671188836233
40901.35214673272	300	4.514627089520876	0.0	150616	3485.372910479124	0.04321374035678014	-0.15000000000000002
40903.103802975005	300	6.762970847240622	0.0	165384	1751.656242280255	0.09441578547666861	0.3
40905.74274427874	300	8.124029543511124	0.0	140881	2638.9413037294985	0.053385423844364836	0.3
40912.95652674383	750	4.91024707842003	0.0	386472	7213.782465091094	0.05357411342388181	0.3
40914.9182685535	300	6.948505268751337	0.0	157812	1961.7418096686927	0.08044483694143827	-0.15000000000000002
40917.23402259913	300	8.632751223117168	0.0	163927	2315.75404563417	0.07078774203549261	0.3
40922.79887664984	750	7.067897172404797	0.0	343800	5564.85405071237	0.06178059601688734	0.3
40926.853157168436	750	7.013616653814042	0.0	359903	4054.2805185907564	0.08877111446770342	0.75
40932.54215215779	750	5.32462166445303	0.0	379700	5688.994989361012	0.06674289583838215	0.75
40939.383026587755	300	4.0	1.5162527655078857	181901	6840.874429960915	0.026590314127581387	-6.669886891683909
40944.695098776945	300	4.0	1.3120721891878466	111155	5312.072189187847	0.020924979187264076	-5.34191041350774
40946.47650867603	300	6.218590100917364	0.0	153605	1781.4098990826358	0.08622664557949367	0.3
40948.079298144025	300	8.615800632916958	0.0	149029	1602.7894680004065	0.0929810202620836	0.3
40953.496312789146	750	7.19878598779545	0.0	358218	5417.014645121509	0.06612830561988721	0.3
40957.637145143446	750	7.05795363349929	0.0	400322	4140.83235429616	0.0966766982451394	0.75
40963.12835953692	750	5.566739240031125	0.0	369834	5491.214393468165	0.06735012940669735	0.75
40964.91388656541	300	7.781212211536133	0.0	163444	1785.527028494992	0.09153823906982006	-0.15000000000000002
40972.29021370115	750	4.404885075793908	0.0	401088	7376.3271357422245	0.05437502873977965	0.3
40979.86133990017	300	4.0	3.1662411232274037	159914	7571.126199021312	0.021121560491313886	-13.764836829877835
40981.288504711374	300	6.57283518879877	0.0	131610	1427.16481120123	0.09221780061212778	0.3
40982.67088817677	300	9.190451723400765	0.0	124011	1382.3834653980057	0.08970810423017876	0.3
40994.283121079716	1200	4.0	2.421781179544776	605884	11612.232902945541	0.05217635618092989	-10.113659072042537
40996.20085446907	300	6.082266610641524	0.0	149991	1917.7333893584764	0.0782126445898589	-0.6000000000000001
40999.90076651212	300	6.3823545675942315	0.0	147968	3699.9120430472917	0.03999230205432986	0.3
41002.34584076585	300	7.937280313866179	0.0	161857	2445.074253728053	0.06619717162094911	0.3
41010.81282871367	750	4.0	0.5297076339539126	372093	8466.987947820091	0.043946324512697456	-1.9777428260018242
41014.91239300378	300	4.0	0.09956429011688306	172312	4099.564290116883	0.04203178382039405	-0.5781264475025971
41016.73215096814	300	6.180242035645348	0.0	167025	1819.7579643546524	0.09178418409023571	0.3
41020.37316733922	300	6.539225664563344	0.0	160064	3641.016371082004	0.04396135136092059	0.3
41023.68317046396	300	7.229222539820911	0.0	137507	3310.0031247424345	0.04154286108436831	0.3
41030.84121559687	750	4.071177406916279	0.0	314107	7158.045132904631	0.04388167358097391	0.3

