22710.067199692523	300	4.0	1.0257455801677509	181801	1025.7455801677509	-4.110705994721329
22710.837043578096	300	7.230156114424828	0.0	155580	769.8438855751717	0.3
22711.537171462816	300	10.530028229703868	0.0	139857	700.1278847209591	0.3
22712.30635911433	300	13.760840578188763	0.0	155432	769.1876515151055	0.3
22713.111063217337	300	16.956136475179527	0.0	163442	804.7041030092378	0.3
22713.7510304012	300	20.316169291316545	0.0	126289	639.9671838629827	0.3
22714.51074256497	300	23.556457127547127	0.0	153295	759.7121637694173	0.3
22715.361591450837	300	26.705608241679034	0.0	173849	850.8488858680937	0.3
22716.168315682324	300	29.89888401018896	0.0	150710	806.7242314900733	0.3
22716.98557629117	300	33.08162340134343	0.0	139105	817.2606088455307	0.3
22717.817332480798	300	36.24986721171222	0.0	141840	831.7561896312144	0.3
22718.724921493056	300	39.34227819945521	0.0	156148	907.589012257014	0.3
22719.65688004113	300	42.41031965138372	0.0	160746	931.9585480714832	0.3
22720.692897432953	300	45.37430225956177	0.0	179801	1036.0173918219548	0.3
22721.519861820096	300	48.54733787242137	0.0	140051	826.9643871403972	0.3
22722.337556554718	300	51.72964313779935	0.0	138313	817.6947346220288	0.3
22723.182964243588	300	54.88423544892793	0.0	143509	845.4076888714202	0.3
22724.066277237664	300	58.0009224548505	0.0	150616	883.3129940774294	0.3
22726.52628940602	300	59.54091028649589	0.0	165384	960.0121683546187	0.3
22728.997565079106	300	59.71319021314017	0.0	140881	827.720073355712	0.3
22732.849018229746	750	59.58224144913377	0.0	386472	2130.9487640064017	0.3
22736.770781045605	750	59.66047863327518	0.0	399894	2421.762815858584	0.75
22740.68930296113	750	59.69335120425862	0.0	401853	2467.1274290165693	0.75
22743.770261838214	750	59.588069045221275	0.0	343800	1605.2821590373399	0.75
22746.514385939732	750	59.9113452962858	0.0	359903	1676.7237489354734	0.75
22749.711572960263	750	59.558952019512176	0.0	379700	1852.393276773628	0.75
22753.246990159005	750	59.66014031681703	0.0	425781	2398.811702695147	0.75
22756.064900541427	750	59.54248788508088	0.0	277716	1617.6524317361452	0.75
22760.073748760475	750	59.53363966603804	0.0	400396	4008.8482190428394	0.75
22762.9892315939	750	59.59945128743973	0.0	400508	1934.1883785983134	0.75
22765.60052717377	750	59.74795070966886	0.0	358218	1851.500577770874	0.75
22768.161759556948	750	59.79323208017665	0.0	400322	1954.7186294922064	0.75
22771.016657819968	750	59.64153975396244	0.0	369834	2151.6923262142045	0.75
22773.379600416698	750	59.767671475500975	0.0	412837	1873.8682784614668	0.75
22775.442307170088	750	59.94485520643703	0.0	401088	1822.8162690639472	0.75
22777.365204316415	750	59.81285191169046	0.0	365161	1632.0032947465752	0.75
22778.939263558837	750	59.86826920481728	0.0	321064	1444.582706873172	0.75
22782.79291818952	750	59.979680132452614	0.0	361565	1888.5890723646655	0.75
22785.109852725305	750	59.507245638017295	0.0	378327	1972.4344944353213	0.75
22788.690957624345	750	59.92614073897644	0.0	390680	2081.1048990408503	0.75
22792.5939528418	750	59.85194564134531	0.0	345516	2074.1950976311336	0.75
22794.954204368143	750	59.55271994408481	0.0	384505	2299.2256972605005	0.75
22798.6564063511	750	59.825131883147364	0.0	372093	2227.5880609374426	0.75
22802.765223569102	750	59.71553029715751	0.0	438281	2609.6015859898557	0.75
22806.44706021244	750	59.83271966199574	0.0	398987	2382.810635161767	0.75
22809.47882743487	750	59.93034912236632	0.0	393804	1902.3705396294179	0.75
22812.252191138097	750	59.81836561215328	0.0	331053	1611.9835102130442	0.75
22815.41783565154	750	59.52423347793989	0.0	314107	1794.1321342133913	0.75

