63140.574793264306	750	4.0	4.36447848176708	450283	4364.47848176708	0.10316994387326903	-18.01725747159844
63142.09890192889	300	6.475891335417629	0.0	155580	1524.1086645823718	0.10207933569003835	-0.15000000000000002
63143.47706818099	300	9.097725083312623	0.0	139857	1378.1662521050055	0.10148049974840334	0.3
63149.29044319094	1200	7.284350073363376	0.0	617681	5813.375009949248	0.10625170386270891	0.29999999999999993
63153.190592349594	750	7.384200914704257	0.0	411561	3900.1491586591183	0.10552442567132375	0.3
63156.22753432558	750	8.347258938717507	0.0	318564	3036.941975986751	0.10489630770653544	0.75
63159.58079160605	750	8.994001658246646	0.0	352642	3353.2572804708625	0.10516401531542555	0.75
63163.7185717322	750	8.856221532098305	0.0	437162	4137.78012614834	0.10565133638624076	0.75
63167.277111871816	750	9.29768139248164	0.0	374758	3558.540139616664	0.10531228686389639	0.75
63172.562706841476	1200	8.012086422821335	0.0	560821	5285.594969660306	0.10610366538093684	0.75
63175.92132917407	750	8.653464090234978	0.0	353220	3358.6223325863566	0.10516812103967574	0.3
63179.76182229476	750	8.812970969545207	0.0	405134	3840.4931206897713	0.10549009912748808	0.75
63183.42796978589	750	9.146823478414833	0.0	386351	3666.147491130376	0.1053833761284048	0.75
63189.888214141734	1200	6.686579122568004	0.0	687371	6460.244355846828	0.10640015487616913	0.75
63191.26818112067	300	9.306612143628387	0.0	140051	1379.966978939618	0.10148866033563843	-0.6000000000000001
63196.804903226985	1200	7.769890037316351	0.0	587876	5536.722106312035	0.106177624361859	0.29999999999999993
63200.23417160049	750	8.340621663811262	0.0	360831	3429.2683735050896	0.10522098614031512	0.3
63203.77605037584	750	8.798742888463305	0.0	372963	3541.878775347957	0.10530089358107968	0.75
63207.620831825385	750	8.953961438919972	0.0	405596	3844.7814495433327	0.10549260219932008	0.75
63210.95618394057	750	9.618609323727291	0.0	350713	3335.3521151926816	0.10515021739458519	0.75
63216.62157447669	1200	7.953218787614248	0.0	601738	5665.390536113043	0.10621297793405877	0.75
63220.41342940865	750	8.16136385565318	0.0	399894	3791.854931961068	0.10546131304479604	0.3
63224.2234679688	750	8.351325295501363	0.0	401853	3810.038560151818	0.1054721608864734	0.75
63227.494652946836	750	9.080140317461645	0.0	343800	3271.1849780397188	0.1050995288582013	0.75
63233.025434511015	1200	7.549358753284413	0.0	587236	5530.781564177231	0.10617595238320685	0.75
63236.62984677443	750	7.944946489870564	0.0	379700	3604.412263413849	0.10534311067967972	0.3
63240.66198735365	750	7.912805910653784	0.0	425781	4032.140579216781	0.10559676470474286	0.75
63243.31977422788	750	9.255019036420862	0.0	277716	2657.786874232922	0.10449144838980105	0.75
63249.18155537413	1200	7.3932378901700515	0.0	622896	5861.78114625081	0.10626394682073789	0.75
63252.9791095137	750	7.595683750598406	0.0	400508	3797.5541395716455	0.10546472420935026	0.3
63256.384123767515	750	8.190669496778067	0.0	358218	3405.0142538203377	0.10520308383381617	0.75
63260.179951437036	750	8.39484182726435	0.0	400322	3795.8276695137183	0.10546369194133755	0.75
63263.6927865306	750	8.88200673369733	0.0	369834	3512.8350935670196	0.10528077468745092	0.75
63267.60477964514	750	8.970013619156948	0.0	412837	3911.993114540382	0.10553111621427382	0.75
63271.40771740102	750	9.167075863275636	0.0	401088	3802.937755881311	0.10546793709145258	0.75
63277.04515954281	1200	7.529633721487427	0.0	598727	5637.44214178821	0.10620543589474114	0.75
63279.994327147804	750	8.580466116488243	0.0	321064	2949.167604999185	0.10886597270896331	0.3
63282.72498751048	750	9.849805753813515	0.0	361565	2730.6603626747265	0.1324093632962252	0.75
63287.2467689417	1200	9.328024322594192	0.0	605884	4521.781431219322	0.1339923234274108	0.75
63291.63381986486	1200	8.940973399430783	0.0	587506	4387.050923163409	0.13391820844795713	1.2
63294.24682379464	750	10.327969469653507	0.0	345516	2613.0039297772764	0.13222942226093423	0.3
63299.02935692412	1200	9.545436340179059	0.0	641452	4782.533129474448	0.13412390100274937	0.75
63303.50416815373	1200	9.07062511056569	0.0	599477	4474.811229613368	0.1339669919555011	1.2
63308.23838216368	1200	8.336411100614397	0.0	634861	4734.2140099512935	0.13410061282940006	1.2
63311.24338603884	750	9.331407225453635	0.0	398987	3005.003875160762	0.13277420481817348	0.3
63316.005458136206	1200	8.569335128081923	0.0	638661	4762.072097371713	0.13411409717053427	0.75
63318.51243271905	750	10.06236054524189	0.0	331053	2506.9745828400323	0.13205279473753812	0.3
63322.6311662739	1200	9.943626990390943	0.0	550906	4118.733554850947	0.1337561637972808	0.75

