36222.26230319161	300	4.0	1.862897639637223	450283	1862.897639637223	0	-7.260459850440059
36222.58230823052	750	7.679994961091203	0.0	155580	320.005038908797	1	-0.15000000000000002
36223.9534813316	750	10.30882186001015	0.0	350812	1371.1731010810522	1	0.3
36226.63131464732	750	11.630988544291409	0.0	382355	2677.8333157187403	1	0.75
36228.11534376743	750	14.146959424179432	0.0	411561	1484.0291201119778	1	0.75
36229.07348267076	1850	17.188820520842505	0.0	318564	958.1389033369245	3	0.75
36230.79229900799	1850	19.47000418361643	0.0	905515	1718.816337226076	3	0.75
36241.40102858632	1850	12.861274605287925	0.0	1060487	10608.729578328506	3	1.85
36242.70336908323	1850	15.55893410837837	0.0	852833	1302.340496909555	3	1.85
36248.445776048444	1850	13.816527143164132	0.0	913888	5742.406965214237	3	1.85
36252.72339697634	1850	13.538906215274626	0.0	939819	4277.620927889506	3	1.85
36256.83450497799	1850	13.42779821362314	0.0	917428	4111.108001651486	3	1.85
36259.3746099412	1850	14.887693250407766	0.0	946851	2540.1049632153736	3	1.85
36260.49835545608	1850	17.76394773552555	0.0	1036454	1123.745514882217	3	1.85
36261.38319818131	1850	20.879105010294353	0.0	821631	884.8427252311981	3	1.85
36267.52750533881	1850	18.734797852801886	0.0	923170	6144.307157492463	3	1.85
36270.153525277274	1850	20.108777914342202	0.0	966699	2626.019938459685	3	1.85
36270.85366447565	1850	23.408638715964905	0.0	885714	700.1391983772943	3	1.85
36271.62521552639	1850	26.63708766522975	0.0	987708	771.551050735159	3	1.85
36274.6063431952	1850	27.655959996414843	0.0	923755	2981.1276688149046	3	1.85
36278.35005032791	1850	27.912252863708957	0.0	891604	3743.7071327058857	3	1.85
36282.2141927824	1850	28.048110409216854	0.0	955231	3864.1424544921038	3	1.85
36283.8119858459	1850	30.450317345707436	0.0	968026	1597.7930635094178	3	1.85
36288.82323871064	1850	29.43906448096701	0.0	874175	5011.252864740428	3	1.85
36290.25579119121	1850	32.00651200040108	0.0	897976	1432.5524805659288	3	1.85
36291.88527525648	1850	34.37702793512913	0.0	905935	1629.484065271959	3	1.85
36295.52380996175	1850	34.73849322985455	0.0	1076599	3638.5347052745774	3	1.85
36298.207527842795	4300	36.05477534880676	0.0	758197	2683.7178810477917	5	1.85
36306.703203814206	4300	31.55909937739406	0.0	2134614	8495.675971412698	5	1.8499999999999996
36321.25755136842	1850	21.004751823181373	0.0	2164140	14554.347554212683	3	4.3
36329.803243449256	1850	16.459059742348035	0.0	873429	8545.692080833338	3	-0.6000000000000001
36333.050027495476	1850	17.21227569613321	0.0	954453	3246.7840462148247	3	1.85
36334.084262259814	1850	20.17804093179598	0.0	885062	1034.2347643372354	3	1.85
36336.28130156265	1850	21.98100162895552	0.0	1035329	2197.0393028404596	3	1.85
36338.97009198986	1850	23.29221120174516	0.0	1026056	2688.7904272103588	3	1.85
36341.80788562373	1850	24.454417567873502	0.0	943942	2837.7936338716595	3	1.85
36348.036720977856	1850	22.22558221374554	0.0	728962	6228.835354127963	3	1.85
36350.23982634502	1850	24.022476846579128	0.0	938587	2203.1053671664117	3	1.85
36351.175700245796	1850	27.086602945811073	0.0	908665	935.8739007680562	3	1.85
36352.54884826961	1850	29.71345492199424	0.0	930577	1373.148023816828	3	1.85
36358.09457865484	1850	28.167724536765174	0.0	858450	5545.730385229067	3	1.85
36366.64460233687	1850	23.61770085473561	0.0	1025005	8550.023682029565	3	1.85
36371.171392531985	1850	23.090910659624274	0.0	886255	4526.790195111334	3	1.85
36373.008595329404	1850	25.253707862200635	0.0	973972	1837.2027974236419	3	1.85
36378.00889343623	1850	24.253409755372523	0.0	958994	5000.29810682811	3	1.85
36379.6347731183	1850	26.627530073307533	0.0	982064	1625.8796820649907	3	1.85
36384.723855631535	1850	25.538447560062245	0.0	830730	5089.0825132452865	3	1.85
36386.43668726953	1850	27.82561592206764	0.0	846370	1712.831637994606	3	1.85

