20963.82517821903	750	4.0	2.1545193483574305	450283	2154.5193483574303	-8.51443319793695
20965.97908482705	750	5.846093391980237	0.0	398865	2153.906608019763	0.75
20967.86842544121	750	7.956752777821528	0.0	350812	1889.3406141587088	0.75
20970.493191077436	750	9.33198714159445	0.0	382355	2624.7656362270786	0.75
20972.54636015932	750	11.278818059713169	0.0	411561	2053.1690818812813	0.75
20974.065964020163	750	13.759214198870266	0.0	318564	1519.6038608429033	0.75
20975.82726600696	750	15.997912212070762	0.0	352642	1761.3019867995051	0.75
20978.6361241042	750	17.189054114835997	0.0	437162	2808.8580972347613	0.75
20983.374788713423	750	16.450389505612165	0.0	374758	4738.6646092238325	0.75
20985.284020109004	750	18.54115811002809	0.0	362795	1909.2313955840762	0.75
20986.914635142653	750	20.9105430763808	0.0	353220	1630.61503364729	0.75
20991.524858968733	1850	20.30031925030399	0.0	917428	4610.223826076809	0.75
20996.26506188355	1850	19.56011633548329	0.0	946851	4740.202914820699	1.85
21001.374252536833	1850	18.450925682199074	0.0	1036454	5109.190653284214	1.85
21005.887003032174	1850	17.93817518685858	0.0	821631	4512.750495340499	1.85
21010.24756838702	1850	17.57760983201353	0.0	923170	4360.565354845048	1.85
21015.091906160906	1850	16.733272058126452	0.0	966699	4844.337773887079	1.85
21019.450371361174	1850	16.37480685785844	0.0	885714	4358.465200268008	1.85
21024.069270992037	1850	15.75590722699566	0.0	987708	4618.899630862784	1.85
21028.40432802152	1850	15.420850197515446	0.0	923755	4335.057029480215	1.85
21032.50367520483	1850	15.321503014205122	0.0	891604	4099.347183310322	1.85
21037.751907770657	1850	14.073270448377913	0.0	955231	5248.23256582721	1.85
21042.70376204106	1850	13.12141617797724	0.0	968026	4951.854270400671	1.85
21047.30816257065	1850	12.517015648384003	0.0	874175	4604.400529593236	1.85
21051.745064244045	1850	12.080113974989123	0.0	897976	4436.901673394881	1.85
21055.949026742386	1850	11.87615147664959	0.0	905935	4203.962498339532	1.85
21061.852228743264	1850	9.972949475774545	0.0	1076599	5903.202000875044	1.85
21065.733440668504	1850	10.091737550530834	0.0	758197	3881.2119252437114	1.85
21070.10207472847	1850	9.7231034905648	0.0	972798	4368.634059966034	1.85
21076.21589947414	1850	7.609278744894928	0.0	975811	6113.824745669872	1.85
21077.831093910412	750	9.99408430862371	0.0	358218	1615.1944362712175	-0.3500000000000001
21079.803390148067	750	12.021788070969876	0.0	400322	1972.296237653835	0.75
21081.611730579167	750	14.213447639866798	0.0	369834	1808.3404311030783	0.75
21083.71129317908	750	16.113885039956262	0.0	412837	2099.562599910536	0.75
21085.63835683023	750	18.186821388807505	0.0	401088	1927.063651148758	0.75
21087.30472640366	750	20.5204518153748	0.0	365161	1666.3695734327043	0.75
21090.754080311173	1850	21.071097907863138	0.0	728962	3449.353907511662	0.75
21095.215792360268	1850	20.60938585876758	0.0	938587	4461.712049095558	1.85
21100.58437841567	1850	19.240799803366126	0.0	908665	5368.586055401456	1.85
21105.742748455606	1850	18.082429763429484	0.0	930577	5158.370039936641	1.85
21110.506131816834	1850	17.31904640220263	0.0	858450	4763.383361226854	1.85
21115.85281933538	1850	15.972358883653014	0.0	1025005	5346.687518549618	1.85
21120.11587490886	1850	15.709303310176358	0.0	886255	4263.055573476656	1.85
21125.082811255023	1850	14.742366964012545	0.0	973972	4966.936346163812	1.85
21130.435854140473	1850	13.389324078562352	0.0	958994	5353.042885450193	1.85
21135.914084862827	1850	11.911093356206388	0.0	982064	5478.230722355964	1.85
21142.75056095898	1850	9.074617260056515	0.0	830730	6836.476096149873	1.85
21144.275859456222	750	11.54931876281145	0.0	314107	1525.2984972450645	-0.3500000000000001

