54272.6207432673	300	4.0	1.5396684993046443	181801	1539.6684993046442	-6.32057454700997
54273.94988504938	300	6.670858217931603	0.0	155580	1329.1417820683967	0.3
54275.15278787888	300	9.467955388424343	0.0	139857	1202.9028295072615	0.3
54276.480741378495	300	12.140001888807074	0.0	155432	1327.9534996172708	0.3
54277.83238581619	300	14.788357451112178	0.0	163442	1351.6444376948955	0.3
54278.8844060043	300	17.736337263003538	0.0	126289	1052.0201881086389	0.3
54280.777864633965	300	19.84287863333802	0.0	153295	1893.4586296655198	0.3
54281.66896492838	300	22.95177833892115	0.0	173849	891.1002944168673	0.3
54282.287974040904	300	26.332769226400046	0.0	150710	619.0091125211028	0.3
54282.86547827153	300	29.755264995776677	0.0	139105	577.5042306233695	0.3
54283.44875917207	300	33.17198409523541	0.0	141840	583.2809005412721	0.3
54284.06080758832	300	36.55993567897604	0.0	156148	612.0484162593643	0.3
54284.68852292711	300	39.932220340194704	0.0	160746	627.7153387813341	0.3
54285.38116501853	300	43.23957824876958	0.0	179801	692.642091425122	0.3
54285.9516564503	300	46.66908681699862	0.0	140051	570.4914317709606	0.3
54286.527374896505	300	50.09336837079727	0.0	138313	575.7184462013478	0.3
54287.12171598155	300	53.499027285751694	0.0	143509	594.3410850455793	0.3
54287.74152879375	300	56.87921447355716	0.0	150616	619.8128121945311	0.3
54288.84027173404	300	59.78047153325672	0.0	165384	598.7429403004418	0.3
54290.80271850206	750	59.675346599873116	0.0	350713	1105.1249333835988	0.3
54293.19368569435	750	59.62402399924285	0.0	386472	1551.322600630265	0.75
54295.34034020695	750	59.67451899677525	0.0	399894	1449.505002467609	0.75
54297.008289490266	750	59.899119110182696	0.0	401853	1275.3998865925441	0.75
54298.520255855845	750	59.796410604807555	0.0	343800	1102.7085053751412	0.75
54300.15773450701	750	59.64580019407449	0.0	359903	1150.61041073307	0.75
54301.475604708925	750	59.93629926478147	0.0	379700	1209.5009292930226	0.75
54302.70632656826	750	59.84012296667459	0.0	425781	1096.1762981068769	0.75
54307.822487104706	750	58.72396243022599	0.0	277716	5116.1605364486	0.75
54310.80943202292	750	59.73701751201433	0.0	400396	2986.9449182116614	0.75
54313.703847317214	750	59.78663527936632	0.0	400508	950.3822326480075	0.75
54316.46826087031	750	59.83494514233845	0.0	358218	951.6901370278777	0.75
54320.33823572988	750	59.96497028276195	0.0	400322	3869.9748595764872	0.75
54324.40436219654	750	59.89884381609959	0.0	369834	3066.126466662363	0.75
54327.1007870937	750	59.80704371292294	0.0	412837	1091.8001031766566	0.75
54330.18627964618	750	59.52610975072913	0.0	401088	1280.9339621938116	0.75
54332.743850353494	750	59.60810380091048	0.0	365161	918.0059498186557	0.75
54335.295558539525	1200	59.86153212289065	0.0	487812	1246.5716780198206	0.75
54338.03766958744	1200	59.85404478044269	0.0	575591	1507.4873424479626	1.2
54342.263045210515	1200	59.62866915735823	0.0	605884	3225.375623084466	1.2
54346.69693441015	1200	59.194779957723384	0.0	587506	4433.889199634846	1.2
54349.698463905916	1200	59.52295944813621	0.0	566904	1671.820509587168	1.2
54352.83026593326	1200	59.829912953546454	0.0	641452	2193.046494589762	1.2
54355.280885783926	1200	59.787480898593756	0.0	599477	1542.4320549526942	1.2
54357.659993985115	1200	59.76152061285322	0.0	634861	1525.9602857405414	1.2
54364.78622418411	1200	56.63529041386401	0.0	630203	7126.230198989201	1.2
54367.93149025571	1200	57.49002434225814	0.0	638661	3145.2660716058745	1.2
54369.68539332862	1200	59.736121269342526	0.0	538612	1753.9030729156132	1.2
54371.05806602853	1200	59.9555585593725	0.0	550906	1280.562709970028	1.2

