75708.9475775328	750	4.0	1.0966317216181454	450283	1096.6317216181453	-3.965516402958025
75712.50102702802	1850	4.446550504780356	0.0	957685	3553.4494952196437	0.75
75713.39849853443	1200	7.549078998378536	0.0	571051	897.4715064018202	0.5499999999999999
75717.69646664486	1850	7.251110887937463	0.0	933276	4297.968110441074	1.2000000000000002
75718.94973120364	750	9.997846329165922	0.0	411561	1253.2645587715401	-0.3500000000000001
75719.47230119698	750	13.47527633583978	0.0	318564	522.5699933261419	0.75
75720.04221458199	750	16.905362950816624	0.0	352642	569.9133850231581	0.75
75722.35170248296	1850	18.595875049841215	0.0	1060487	2309.487900975408	0.75
75727.51770606493	1850	17.42987146788277	0.0	852833	5166.0035819584455	1.85
75728.11272617767	750	20.834851355133264	0.0	362795	595.0201127495071	-0.3500000000000001
75731.78023858104	1850	21.167338951771853	0.0	939819	3667.512403361411	0.75
75734.78390690975	1850	22.163670623058483	0.0	917428	3003.6683287133696	1.85
75737.37798216226	1850	23.569595370556442	0.0	946851	2594.0752525020393	1.85
75745.22092203067	1850	19.726655502132502	0.0	1036454	7842.939868423941	1.85
75746.16005057665	1200	22.787526956144692	0.0	526950	939.1285459878076	0.5499999999999999
75749.34728677243	2850	23.60029076037214	0.0	1471065	3187.2361957725516	1.2000000000000002
75752.26860045102	2850	24.678977081782044	0.0	1491626	2921.313678590096	2.85
75756.31356489418	2850	24.634012638626054	0.0	1358801	4044.96444315599	2.85
75759.26061907985	2850	25.686958452953967	0.0	1537156	2947.054185672085	2.85
75764.35851477833	4300	24.589062754486463	0.0	2156729	5097.895698467508	2.8499999999999996
75767.56153736931	4300	25.38604016350396	0.0	2039773	3203.022590982501	4.3
75770.90254705335	4300	26.045030479466025	0.0	2176469	3341.009684037932	4.3
75780.53657234777	4300	20.41100518504213	0.0	2221506	9634.025294423896	4.3
75781.87108901319	1850	23.07648851963475	0.0	874175	1334.5166654073785	-0.6000000000000001
75785.05966192414	1850	23.887915608685535	0.0	897976	3188.5729109492127	1.85
75787.73264798043	1850	25.21492955238793	0.0	905935	2672.9860562976073	1.85
75794.82619326329	1850	22.1213842695362	0.0	1076599	7093.545282851729	1.85
75795.47520570543	750	25.472371827396028	0.0	277716	649.0124421401713	-0.3500000000000001
75799.56306544006	2850	25.384512092767498	0.0	1498470	4087.859734628532	0.75
75803.27465093556	2850	25.67292659726688	0.0	1561263	3711.5854955006193	2.85
75806.60665373632	2850	26.340923796504537	0.0	1341201	3332.002800762343	2.85
75809.80337653503	2850	27.144200997803775	0.0	1497683	3196.72279870076	2.85
75813.94840825579	4300	26.999169277040746	0.0	2191074	4145.0317207630305	2.8499999999999996
75820.33804208452	4300	24.609535448314436	0.0	2286761	6389.633828726309	4.3
75830.8235690017	4300	18.124008531121923	0.0	2307787	10485.526917192512	4.3
75836.07819084116	1850	16.869386691676134	0.0	943942	5254.621839445792	-0.6000000000000001
75838.20281451894	1850	18.744763013879435	0.0	728962	2124.6236777967006	1.85
75846.8642900204	2850	14.083287512421453	0.0	1499009	8661.47550145798	1.85
75848.1815469807	1200	16.766030552118558	0.0	605884	1317.2569603028935	-0.44999999999999996
75850.5087525035	2850	18.43882502932883	0.0	1402287	2327.205522789728	1.2000000000000002
75855.98812574956	2850	16.959451783270264	0.0	1339500	5479.373246058563	2.85
75857.32033086123	1200	19.627246671609537	0.0	641452	1332.2051116607286	-0.44999999999999996
75863.26298549115	1850	17.684592041677572	0.0	886255	5942.654629931964	1.2000000000000002
75865.9413653829	750	19.006212149943618	0.0	438281	2678.3798917339573	-0.3500000000000001
75866.6690935808	750	22.27848395204468	0.0	398987	727.7281978989383	0.75
75869.15749854197	2850	23.790078990869457	0.0	1483527	2488.404961175222	0.75
75872.48700415618	4300	24.46057337665577	0.0	1961140	3329.505614213685	2.8499999999999996
75880.4503116322	4300	20.497265900645292	0.0	2155012	7963.30747601048	4.3

