16089.203114991615	750	4.0	1.6667672586650426	450283	1666.7672586650426	1	-6.417099212259683
16090.247093094587	750	6.956021897027893	0.0	398865	1043.978102972107	1	0.75
16091.157157395013	1850	10.0459575966034	0.0	350812	910.0643004244929	3	0.75
16093.52803478891	1850	11.675080202707992	0.0	933276	2370.8773938954064	3	0.75
16096.603549678473	1850	12.59956531314281	0.0	996749	3075.5148895651823	3	1.85
16098.80167615777	1850	14.401438833847074	0.0	801058	2198.1264792957354	3	1.85
16101.169303749364	1850	16.03381124225227	0.0	905515	2367.6275915948067	3	1.85
16106.644976431817	1850	14.558138559799092	0.0	1060487	5475.672682453176	3	1.85
16109.870609091591	1850	15.332505900024627	0.0	852833	3225.632659774464	3	1.85
16114.398419668461	1850	14.804695323153286	0.0	913888	4527.81057687134	3	1.85
16116.916608316804	1850	16.286506674812195	0.0	939819	2518.188648341091	3	1.85
16119.376707607486	1850	17.82640738412934	0.0	917428	2460.099290682855	3	1.85
16121.913139494764	1850	19.28997549685061	0.0	946851	2536.4318872787317	3	1.85
16124.546419331195	1850	20.656695660419814	0.0	1036454	2633.2798364307973	3	1.85
16129.111936632822	1850	20.09117835879414	0.0	821631	4565.517301625675	3	1.85
16131.437654346366	1850	21.765460645249224	0.0	923170	2325.717713544918	3	1.85
16134.15122534894	1850	23.051889642674528	0.0	966699	2713.5710025746957	3	1.85
16137.656384576661	1850	23.546730414952794	0.0	885714	3505.1592277217314	3	1.85
16141.480439486751	1850	23.722675504863762	0.0	987708	3824.054910089034	3	1.85
16148.400606397929	1850	20.802508593686074	0.0	923755	6920.166911177686	3	1.85
16152.57819403706	1850	20.62492095455502	0.0	891604	4177.587639131055	3	1.85
16161.223896311296	1850	15.979218680317373	0.0	955231	8645.702274237645	3	1.85
16166.715195009578	1850	14.48791998203607	0.0	968026	5491.298698281304	3	1.85
16174.179049935445	1850	11.024065056168135	0.0	874175	7463.854925867933	3	1.85
16176.443945504947	1850	12.75916948666744	0.0	897976	2264.895569500696	3	1.85
16188.138753514973	300	5.064361476639935	0.0	905935	11694.808010027506	0	1.85
16188.745828836383	750	8.457286155230612	0.0	181901	607.0753214093219	1	-1.25
16190.11114526754	750	11.091969724074934	0.0	277716	1365.3164311556795	1	0.3
16193.493146379165	750	11.70996861244835	0.0	400396	3382.0011116265828	1	0.75
16196.940303337891	750	12.262811653723151	0.0	400508	3447.1569587252	1	0.75
16200.348587455854	750	12.854527535759468	0.0	358218	3408.2841179636835	1	0.75
16204.174159477003	750	13.028955514609528	0.0	400322	3825.5720211499397	1	0.75
16205.198943169959	1850	16.004171821653117	0.0	369834	1024.7836929564123	3	0.75
16208.071864566034	1850	17.1312504255784	0.0	1035329	2872.9213960747134	3	0.75
16210.406993517596	1850	18.79612147401646	0.0	1026056	2335.1289515619405	3	1.85
16212.668880619374	1850	20.534234372237012	0.0	943942	2261.887101779446	3	1.85
16214.478044279513	1850	22.725070712100436	0.0	728962	1809.1636601365792	3	1.85
16217.746000351855	1850	23.45711463975714	0.0	938587	3267.9560723432965	3	1.85
16220.246592038839	1850	24.956522952774815	0.0	908665	2500.5916869823245	3	1.85
16222.672492783438	1850	26.53062220817371	0.0	930577	2425.900744601105	3	1.85
16224.831076703944	1850	28.372038287669294	0.0	858450	2158.5839205044176	3	1.85
16230.108459665451	1850	27.094655326160673	0.0	1025005	5277.382961508622	3	1.85
16232.569701906134	1850	28.633413085477788	0.0	886255	2461.2422406828855	3	1.85
16238.622137662514	1850	26.580977329096825	0.0	973972	6052.43575638096	3	1.85
16242.975631565794	1850	26.227483425816747	0.0	958994	4353.4939032800785	3	1.85
16248.636194942312	1850	24.566920049299334	0.0	982064	5660.563376517414	3	1.85
16259.555628191354	1850	17.647486800257298	0.0	830730	10919.433249042037	3	1.85
16263.775851060009	1850	17.427263931602962	0.0	846370	4220.222868654335	3	1.85

