51366.418509601564	750	4.0	3.6644071869921913	450283	3664.4071869921913	1	-15.006950904066422
51370.02727012563	750	4.391239475925262	0.0	398865	3608.7605240747375	1	0.75
51373.278829265815	750	5.1396803357429395	0.0	350812	3251.559140182322	1	0.75
51376.27805257242	750	6.140457029138512	0.0	382355	2999.2233066044287	1	0.75
51380.373664025254	750	6.044845576309048	0.0	411561	4095.6114528294634	1	0.75
51382.71542999379	750	7.7030796077729065	0.0	318564	2341.7659685361414	1	0.75
51385.702494179066	750	8.716015422504178	0.0	352642	2987.064185268727	1	0.75
51389.75232292989	750	8.666186671678068	0.0	437162	4049.82875082611	1	0.75
51394.02671226381	300	8.391797337758272	0.0	374758	4274.3893339197975	0	0.75
51395.151626515704	300	11.266883085862707	0.0	139105	1124.9142518955643	0	-0.15000000000000002
51396.448618656665	750	13.969890944896912	0.0	141840	1296.9921409657966	1	0.3
51400.10371806211	750	14.314791539451635	0.0	405134	3655.0994054452767	1	0.3
51403.648906734845	750	14.76960286671215	0.0	386351	3545.1886727394854	1	0.75
51408.26520545793	750	14.153304143627738	0.0	434409	4616.298723084413	1	0.75
51411.62725243194	750	14.791257169617303	0.0	337059	3362.0469740104336	1	0.75
51415.804129183816	750	14.614380417748471	0.0	366214	4176.876751868834	1	0.75
51419.18084804182	750	15.237661559741897	0.0	360831	3376.7188580065745	1	0.75
51422.51802374883	750	15.900485852727744	0.0	372963	3337.1757070141525	1	0.75
51426.74331547579	750	15.675194125768884	0.0	405596	4225.291726958859	1	0.75
51431.390552976474	750	15.02795662508342	0.0	350713	4647.237500685465	1	0.75
51434.843890774	750	15.57461882756396	0.0	386472	3453.3377975194603	1	0.75
51438.83681964526	750	15.58168995630495	0.0	399894	3992.9288712590096	1	0.75
51442.63796431875	750	15.780545282818089	0.0	401853	3801.1446734868605	1	0.75
51446.2914257593	750	16.12708384226421	0.0	343800	3653.4614405538805	1	0.75
51449.46803416394	750	16.950475437629244	0.0	359903	3176.608404634964	1	0.75
51453.5482994697	750	16.870210131865136	0.0	379700	4080.265305764108	1	0.75
51458.74257069356	750	15.675938908006577	0.0	425781	5194.271223858558	1	0.75
51461.02324879311	750	17.39526080845313	0.0	277716	2280.6780995534477	1	0.75
51464.565105782756	750	17.853403818810474	0.0	400396	3541.856989642655	1	0.75
51468.882326467974	750	17.536183133586444	0.0	400508	4317.220685224031	1	0.75
51473.519506606215	750	16.89900299534593	0.0	358218	4637.180138240516	1	0.75
51477.69380514746	750	16.72470445410396	0.0	400322	4174.298541241969	1	0.75
51482.75838962268	750	15.660119978877592	0.0	369834	5064.584475226368	1	0.75
51487.46016332373	750	14.958346277830056	0.0	412837	4701.773701047536	1	0.75
51491.53848588737	750	14.88002371418928	0.0	401088	4078.3225636407774	1	0.75
51495.95641450839	750	14.462095093162468	0.0	365161	4417.92862102681	1	0.75
51499.914909680956	750	14.50359992060307	0.0	321064	3958.4951725593987	1	0.75
51503.69518120196	750	14.72332839959467	0.0	361565	3780.2715210083984	1	0.75
51507.22871655615	750	15.18979304541387	0.0	378327	3533.5353541808017	1	0.75
51510.8811612884	750	15.537348313161106	0.0	390680	3652.444732252762	1	0.75
51514.53679754885	750	15.881712052717374	0.0	345516	3655.636260443733	1	0.75
51518.85113558682	750	15.567374014744322	0.0	384505	4314.3380379730515	1	0.75
51523.81746300972	750	14.601046591839916	0.0	372093	4966.3274229044055	1	0.75
51528.920041398895	750	13.498468202665828	0.0	438281	5102.578389174088	1	0.75
51533.610481519965	750	12.808028081596687	0.0	398987	4690.440121069141	1	0.75
51537.94443202934	750	12.474077572219073	0.0	393804	4333.950509377613	1	0.75
51542.16852635131	750	12.249983250253809	0.0	331053	4224.094321965265	1	0.75
51546.04409685847	750	12.37441274308944	0.0	314107	3875.570507164368	1	0.75

