60372.27117865217	750	4.0	2.1270096870866837	450283	2127.0096870866837	-8.39614165447274
60374.27960202391	1200	5.99157662825019	0.0	611087	2008.4233717498098	0.75
60377.99278997382	1850	6.278388678343459	0.0	877771	3713.1879499067313	1.2000000000000002
60382.35142476964	1850	5.919753882518492	0.0	933276	4358.634795824967	1.85
60386.31563243642	1850	5.955546215738826	0.0	996749	3964.2076667796664	1.85
60391.049244872906	1850	5.221933779250021	0.0	801058	4733.612436488805	1.85
60391.92794012654	750	8.343238525616696	0.0	352642	878.6952536333255	-0.3500000000000001
60395.99431874548	1850	8.27685990667722	0.0	1060487	4066.3786189394755	0.75
60397.91927584436	1850	10.351902807798364	0.0	852833	1924.957098878857	1.85
60403.489541059695	2850	8.781637592458104	0.0	1429765	5570.2652153402605	1.85
60407.89745722997	1850	8.373721422178724	0.0	939819	4407.916170279381	0.8500000000000001
60410.831437048015	1200	9.439741604133815	0.0	594078	2933.979818044908	0.5499999999999999
60412.15655959156	1200	12.114619060588048	0.0	624282	1325.1225435457666	1.2
60415.94850243827	2850	12.32267621388097	0.0	1578343	3791.942846707078	1.2000000000000002
60420.57772277075	2850	11.693455881397913	0.0	1231445	4629.220332483058	2.85
60423.91185814421	1850	12.359320507942426	0.0	923170	3334.135373455486	0.8500000000000001
60428.873746976744	1850	11.397431675412514	0.0	966699	4961.888832529913	1.85
60432.17547915689	1200	12.095699495265762	0.0	581493	3301.732180146752	0.5499999999999999
60433.63549776342	1200	14.635680888740493	0.0	639204	1460.0186065252688	1.2
60435.69300510464	1850	16.57817354751642	0.0	923755	2057.507341224072	1.2000000000000002
60437.518084499316	1850	18.753094152842724	0.0	891604	1825.079394673695	1.85
60442.47304259486	2850	17.798136057298585	0.0	1468126	4954.958095544142	1.85
60446.559840449125	2850	17.711338203035236	0.0	1505760	4086.7978542633487	2.85
60450.64028800476	2850	17.630890647399003	0.0	1323990	4080.447555636233	2.85
60454.27514322875	2850	17.996035423415904	0.0	1383735	3634.855223983097	2.85
60458.4130103999	2850	17.858168252262374	0.0	1480464	4137.867171153532	2.85
60463.05319733874	2850	17.217981313427597	0.0	1547572	4640.186938834779	2.85
60466.14265191333	2850	18.128526738835845	0.0	1141971	3089.454574591754	2.85
60476.89247300539	4300	11.378705646777346	0.0	2134614	10749.821092058497	2.8499999999999996
60478.77553071298	1200	13.495647939194386	0.0	641447	1883.0577075829608	-1.9000000000000001
60481.16810005528	1850	15.103078596891399	0.0	873429	2392.5693423029884	1.2000000000000002
60484.42243141085	1850	15.848747241319721	0.0	954453	3254.331355571678	1.85
60490.28200979662	1850	13.989168855547366	0.0	885062	5859.5783857723545	1.85
60492.30795038564	750	15.963228266522393	0.0	412837	2025.9405890249748	-0.3500000000000001
60493.645782579566	750	18.62539607260585	0.0	401088	1337.8321939165403	0.75
60497.305832328915	1850	18.965346323250884	0.0	943942	3660.0497493549665	0.75
60500.187938526215	1850	20.08324012594974	0.0	728962	2882.1061973011456	1.85
60509.751264777005	1850	14.51991387516093	0.0	938587	9563.326250788808	1.85
60510.84633823294	750	17.424840419225017	0.0	378327	1095.073455935913	-0.3500000000000001
60513.042992226096	1200	19.228186426074185	0.0	587506	2196.6539931508287	0.75
60515.806186269394	1200	20.464992382774643	0.0	566904	2763.1940432995434	1.2
60518.76425156914	1200	21.506927083036196	0.0	641452	2958.065299738447	1.2
60524.13578379641	1200	20.13539485576591	0.0	599477	5371.532227270288	1.2
60525.45407009382	1200	22.81710855834853	0.0	634861	1318.2862974173818	1.2
60535.08463654197	4300	17.1865421102066	0.0	2124950	9630.56644814193	1.1999999999999997
60539.86927657076	1850	16.40190208141865	0.0	982064	4784.640028787946	-0.6000000000000001
60542.1432553585	1850	18.127923293684788	0.0	830730	2273.978787733863	1.85
60548.07299589169	2850	16.198182760491914	0.0	1364537	5929.740533192874	1.85

