76047.18309807096	750	4.0	1.5225731928695017	450283	1522.5731928695016	-5.797064729338857
76048.73237365975	750	6.450724411212247	0.0	398865	1549.2755887877543	0.75
76052.33098967685	1200	6.852108394115103	0.0	571051	3598.616017097143	0.75
76054.55483398466	750	8.62826408630701	0.0	382355	2223.8443078080927	0.3
76056.3526896507	750	10.830408420273013	0.0	411561	1797.8556660339962	0.75
76057.83029907804	750	13.35279899293317	0.0	318564	1477.609427339843	0.75
76059.45741608962	750	15.725681981356292	0.0	352642	1627.117011576879	0.75
76064.39925263205	750	14.78384543891803	0.0	437162	4941.836542438262	0.75
76065.91618734966	750	17.266910721311717	0.0	374758	1516.9347176063145	0.75
76067.59947218804	1200	19.58362588293192	0.0	560821	1683.2848383797952	0.75
76072.03160170087	1850	19.15149637009487	0.0	939819	4432.12951283705	1.2000000000000002
76073.75280346848	1200	21.43029460249157	0.0	594078	1721.2017676032947	0.5499999999999999
76075.319022635	1200	23.864075435967372	0.0	624282	1566.2191665241985	1.2
76082.622531829	1850	20.560566241964022	0.0	1036454	7303.509194003352	1.2000000000000002
76083.96972297209	750	23.21337509886914	0.0	337059	1347.1911430948808	-0.3500000000000001
76085.46934291591	750	25.713755155058877	0.0	366214	1499.6199438102633	0.75
76087.48070546966	750	27.702392601306915	0.0	360831	2011.3625537519604	0.75
76089.34038292765	750	29.842715143305185	0.0	372963	1859.6774580017286	0.75
76091.28848968842	1200	31.89460838253855	0.0	639204	1948.1067607666334	0.75
76102.73319122728	4300	24.449906843691803	0.0	2156729	11444.701538846748	1.1999999999999997
76105.8979697768	1850	25.28512829417543	0.0	891604	3164.7785495163725	-0.6000000000000001
76110.30712890295	1850	24.875969168022205	0.0	955231	4409.159126153224	1.85
76114.90625567637	1850	24.27684239458811	0.0	968026	4599.126773434094	1.85
76121.01182745921	1850	22.171270611750153	0.0	874175	6105.571782837961	1.85
76123.79348276352	1200	23.389615307453283	0.0	587236	2781.6553042968676	0.5499999999999999
76126.04600941412	1200	25.137088656851432	0.0	590335	2252.5266506018534	1.2
76132.00136012652	2850	23.18173794445447	0.0	1547572	5955.350712396964	1.2000000000000002
76137.88197391546	2850	21.30112415552255	0.0	1141971	5880.613788931918	2.85
76141.20191479137	1850	21.98118327961691	0.0	972798	3319.9408759056405	0.8500000000000001
76144.80852423672	1850	22.3745738342524	0.0	975811	3606.6094453645146	1.85
76150.71316179764	2850	20.469936273327644	0.0	1341201	5904.637560924756	1.85
76159.76464132495	2850	15.418456746017092	0.0	1497683	9051.47952731055	2.85
76163.62161940076	1850	15.561478670209242	0.0	885062	3856.9780758078514	0.8500000000000001
76167.1822263907	1850	16.000871680269956	0.0	1035329	3560.606989939288	1.85
76174.85511278776	1850	12.327985283212499	0.0	1026056	7672.886397057457	1.85
76180.13664814162	1850	11.046449929341263	0.0	943942	5281.535353871236	1.85
76182.33843622259	1200	12.844661848359443	0.0	487812	2201.7880809818203	0.5499999999999999
76183.45574691024	1200	15.727351160717108	0.0	575591	1117.3106876423353	1.2
76187.54206517531	2850	15.641032895644484	0.0	1427478	4086.3182650726235	1.2000000000000002
76192.8299697511	2850	14.35312831985764	0.0	1402287	5287.904575786844	2.85
76195.52958371206	1850	15.653514358880209	0.0	858450	2699.6139609774314	0.8500000000000001
76202.64294275988	1850	12.540155311081264	0.0	1025005	7113.3590477989455	1.85
76204.53846889254	750	14.64462917841527	0.0	372093	1895.5261326659936	-0.3500000000000001
76207.29536208622	750	15.887735984739967	0.0	438281	2756.8931936753024	0.75
76209.03241633828	750	18.150681732683616	0.0	398987	1737.0542520563492	0.75
76212.4476864939	1850	18.735411577054133	0.0	982064	3415.2701556294855	0.75
76216.7163458945	2850	18.466752176455778	0.0	1231456	4268.6594005983525	1.85
76220.35487709088	2850	18.828220980075223	0.0	1364537	3638.531196380555	2.85

