14480.795242226444	300	4.0	0.9637797573988637	181801	963.7797573988637	-3.8442529568151143
14481.22172106675	300	7.573521159695278	0.0	155580	426.4788403047224	0.3
14481.61318456571	300	11.182057660733344	0.0	139857	391.4634989619331	0.3
14482.03933380794	300	14.7559084185027	0.0	155432	426.14924223064406	0.3
14483.035885922574	750	17.75935630386938	0.0	411561	996.5521146333194	0.3
14483.825332414945	750	20.969909811499967	0.0	318564	789.446492369415	0.75
14487.88885887914	1200	20.90638334730419	0.0	561791	4063.526464195781	0.75
14491.548547628892	1200	21.24669459755148	0.0	709534	3659.6887497527096	1.2
14495.931197953638	1850	20.86404427280615	0.0	852833	4382.65032474533	1.2000000000000002
14498.840610813804	1200	21.95463141264009	0.0	560821	2909.4128601660586	0.5499999999999999
14501.985071070096	1200	22.810171156348925	0.0	607410	3144.4602562911628	1.2
14517.50030432271	1850	11.294937903734299	0.0	917428	15515.233252614627	1.2000000000000002
14518.967080778219	300	13.828161448225778	0.0	160746	1466.7764555085216	-1.25
14524.917598591455	750	11.877643634988374	0.0	434409	5950.517813237404	0.3
14526.913498566357	300	13.88174366008685	0.0	140051	1995.8999749015245	-0.15000000000000002
14531.42739361743	750	13.367848609012869	0.0	366214	4513.8950510739805	0.3
14535.572573195757	750	13.222669030685305	0.0	360831	4145.179578327563	0.75
14539.46408738439	750	13.331154842053097	0.0	372963	3891.514188632207	0.75
14543.666660002236	750	13.128582224204756	0.0	405596	4202.572617848342	0.75
14545.642613734462	750	15.152628491978158	0.0	350713	1975.9537322265996	0.75
14548.755305634275	750	16.03993659216619	0.0	386472	3112.691899811967	0.75
14551.58353908448	750	17.211703141961056	0.0	399894	2828.2334502051344	0.75
14554.006672460733	750	18.788569765708974	0.0	401853	2423.133376252085	0.75
14556.869213338878	1200	19.92602888756317	0.0	536667	2862.5408781458023	0.75
14560.760009672327	1200	20.035232554114316	0.0	587236	3890.7963334488536	1.2
14563.883606648771	1200	20.911635577670356	0.0	590335	3123.5969764439596	1.2
14566.534996966688	1200	22.26024525975336	0.0	696376	2651.390317916993	1.2
14569.436988322985	1850	23.358253903457275	0.0	758197	2901.9913562960883	1.2000000000000002
14572.274644996009	1850	24.52059723043459	0.0	972798	2837.656673022689	1.85
14575.120842825114	1850	25.674399401328298	0.0	975811	2846.197829106293	1.85
14579.00283654582	2850	25.792405680622966	0.0	1341201	3881.9937207053304	1.85
14583.328420437874	2850	25.46682178856867	0.0	1497683	4325.5838920543	2.85
14587.258265042978	2850	25.536977183465318	0.0	1358081	3929.8446051033484	2.85
14591.837872498472	2850	24.957369727968697	0.0	1587293	4579.607455496623	2.85
14596.149251367913	2850	24.64599085852805	0.0	1492672	4311.378869440648	2.85
14598.905107974573	1850	25.890134251867284	0.0	943942	2755.856606660769	0.8500000000000001
14602.214733681725	2850	26.58050854471668	0.0	1139291	3309.6257071506034	1.85
14606.544076476192	2850	26.25116575025054	0.0	1499009	4329.342794466136	2.85
14610.670645478485	2850	26.12459674795707	0.0	1427478	4126.569002293469	2.85
14614.725803839257	2850	26.069438387184363	0.0	1402287	4055.1583607727066	2.85
14618.602975619538	2850	26.192266606903264	0.0	1339500	3877.171780281099	2.85
14622.733101781863	2850	26.062140444576965	0.0	1527299	4130.1261623263	2.85
14630.413696756037	2850	22.38154547040451	0.0	1343002	7680.594974172453	2.85
14635.407508653669	1850	21.387733572772902	0.0	973972	4993.81189763161	0.8500000000000001
14638.66696247711	1200	22.12827974933328	0.0	630203	3259.45382343962	0.5499999999999999
14652.02529973791	1850	12.769942488531179	0.0	982064	13358.337260802102	1.2000000000000002
14655.980071144226	750	12.815171082215569	0.0	331053	3954.7714063156095	-0.3500000000000001
14657.128809102705	300	15.666433123736274	0.0	118421	1148.7379584792934	-0.15000000000000002

