61574.03230503722	750	4.0	8.027699283530914	450283	8027.699283530914	0.05609116436682802	-33.76910691918293
61575.9775383907	300	6.05476664651532	0.0	155580	1945.2333534846791	0.07998012152181894	-0.15000000000000002
61577.734270240035	300	8.298034797188244	0.0	139857	1756.731849327078	0.07961203643775953	0.3
61582.39828681589	750	7.634018221332513	0.0	382355	4664.0165758557305	0.08197976867821216	0.3
61587.412451259865	750	6.6198537773583	0.0	411561	5014.164443974213	0.0820796774016047	0.75
61589.00651768857	300	9.025787348651354	0.0	126289	1594.066428706946	0.07922442736746012	-0.15000000000000002
61595.519631032184	1200	6.512674005037379	0.0	561791	6513.113343613975	0.08625536979957962	0.29999999999999993
61597.49512645843	300	8.53717857879139	0.0	173849	1975.4954262459894	0.08800273475214428	-0.6000000000000001
61601.66115556961	750	8.371149467613906	0.0	374758	4166.029111177484	0.08995568441769208	0.3
61605.69675073072	750	8.335554306497572	0.0	362795	4035.5951611163346	0.08989875979027662	0.75
61609.627948577465	750	8.404356459753512	0.0	353220	3931.1978467440613	0.08985047656468058	0.75
61614.125170672596	750	7.907134364620709	0.0	405134	4497.222095132803	0.09008538858653731	0.75
61618.41759958174	750	7.614705455477923	0.0	386351	4292.428909142786	0.09000754774926621	0.75
61623.23401033256	750	6.798294704653391	0.0	434409	4816.4107508245315	0.09019351182322492	0.75
61624.841002319525	300	9.191302717692425	0.0	140051	1606.9919869609664	0.08715102572779775	-0.15000000000000002
61631.33068123168	1200	6.701623805534245	0.0	587876	6489.678912158179	0.09058629987049675	0.29999999999999993
61632.97537618606	300	9.056928851147763	0.0	143509	1644.694954386483	0.08725569420472433	-0.6000000000000001
61639.39546052302	1200	6.636844514199843	0.0	581493	6420.08433694792	0.09057404381021562	0.29999999999999993
61641.27866109118	300	8.753643946038585	0.0	165384	1883.2005681612588	0.08782070417569995	-0.6000000000000001
61659.259201467554	750	4.0	9.226896430330996	350713	17980.54037636958	0.019505142373858503	-39.375654650423286
61666.182566058764	300	4.0	2.923364591208162	157671	6923.364591208162	0.022773753703542225	-12.720467742195094
61673.11944976374	300	4.0	2.9368837049729226	157812	6936.883704972923	0.022749696652239897	-12.328599931383566
61678.52681748702	300	4.0	1.4073677232854434	163927	5407.367723285443	0.03031548960395099	-5.751681210127407
61683.65941242299	300	4.0	1.1325949359685727	137654	5132.594935968573	0.026819572110656595	-4.570158224664863
61689.368298991765	300	4.0	1.708886568769618	146754	5708.886568769618	0.025706238551456893	-7.048212245709357
61694.80195376043	300	4.0	1.4336547686705625	153938	5433.654768670563	0.028330471212042716	-5.864715505283419
61700.78564170594	300	4.0	1.983687945510218	181901	5983.687945510218	0.030399479661449763	-8.229858165693937
61704.894607616094	300	4.0	0.10896591016193997	111155	4108.96591016194	0.027051818494064662	-0.16855341369634186
61709.06032297998	300	4.0	0.16571536388561708	153605	4165.715363885617	0.036873618714247255	-0.4125760647081534
61713.06634307333	300	4.0	0.006020093348751743	149029	4006.0200933487517	0.0372012612336705	0.2741135986003675
61717.906545488135	300	4.0	0.8402024148042847	157421	4840.202414804285	0.03252363982103533	-3.3128703836584243
61721.728786069085	300	4.177759419043217	0.0	157488	3822.240580956783	0.0412030579091852	0.3
61725.020703302216	300	4.885842185914917	0.0	143881	3291.9172331283003	0.04370735647666034	0.3
61728.639236807096	300	5.267308681042022	0.0	163444	3618.533504872895	0.04516857444594565	0.3
61732.20997681156	300	5.696568676574663	0.0	179328	3570.740004467359	0.050221522646746175	0.3
61735.528482107344	300	6.37806338079209	0.0	159914	3318.505295782573	0.04818856254447801	0.3
61740.114065595764	300	5.792479892372754	0.0	131610	4585.583488419336	0.02870081862698052	0.3
61744.24884352623	300	5.657701961905701	0.0	124011	4134.777930467053	0.029992179044544737	0.3
61748.32831011039	300	5.578235377741174	0.0	144254	4079.466584164528	0.03536099561642644	0.3
61752.30828851297	300	5.598256975167423	0.0	149991	3979.9784025737504	0.037686385409278766	0.3
61755.70230748449	300	6.204238003643744	0.0	147968	3394.0189715236793	0.04359669207552268	0.3
61759.37543415808	300	6.531111330059629	0.0	161857	3673.1266735841155	0.044065183257637364	0.3
61763.64956385987	300	6.256981628268576	0.0	145210	4274.129701791053	0.03397416787308782	0.3
61767.345087129506	300	6.561458358639751	0.0	172312	3695.5232696288244	0.04662722635685281	0.3
61770.94156524414	300	6.964980244002464	0.0	167025	3596.478114637287	0.04644126689391653	0.3
61775.806925659184	300	6.0996198289504076	0.0	160064	4865.360415052057	0.03289869328175709	0.3
61779.900875946085	300	6.005669542056554	0.0	137507	4093.950286893854	0.0335878528960665	0.3
61782.852473585204	300	7.054071902932479	0.0	118421	2951.5976391240747	0.040120983439715374	0.3

