52071.183282016216	300	4.0	1.5634607173756232	181801	1563.4607173756233	-6.42288108471518
52072.81557279958	300	6.3677092166330125	0.0	155580	1632.2907833669879	0.3
52074.34630806629	300	8.83697394992561	0.0	139857	1530.7352667074022	0.3
52076.03860265273	300	11.14467936349186	0.0	155432	1692.2945864337498	0.3
52077.712186914054	300	13.471095102166354	0.0	163442	1673.5842613255081	0.3
52078.593511181265	300	16.589770834960284	0.0	126289	881.324267206069	0.3
52079.64619291555	300	19.537089100673416	0.0	153295	1052.6817342868685	0.3
52080.829293126415	300	22.353988889811756	0.0	173849	1183.1002108616576	0.3
52081.86557261481	300	25.317709401411133	0.0	150710	1036.2794884006262	0.3
52082.828216488706	300	28.355065527521084	0.0	139105	962.6438738900475	0.3
52083.8082143829	300	31.375067633321997	0.0	141840	979.9978941990896	0.3
52084.878998866705	300	34.30428314951349	0.0	156148	1070.7844838085127	0.3
52085.978958409156	300	37.20432360706477	0.0	160746	1099.959542448723	0.3
52087.33895321137	300	39.844328804843286	0.0	179801	1359.9948022214833	0.3
52088.45699868179	300	42.72628333443017	0.0	140051	1118.0454704131191	0.3
52089.44094561928	300	45.74233639694475	0.0	138313	983.9469374854126	0.3
52090.45885110214	300	48.72443091407912	0.0	143509	1017.9054828656314	0.3
52091.54023762669	300	51.64304438953831	0.0	150616	1081.3865245408106	0.3
52092.723014919764	300	54.46026709646252	0.0	165384	1182.7772930757899	0.3
52093.74240668576	300	57.44087533047663	0.0	140881	1019.3917659858896	0.3
52095.329686122146	300	59.809528171280135	0.0	157671	1131.3471591964933	0.3
52096.96519321215	300	59.677240826827976	0.0	157812	1132.287344452163	0.3
52098.7107717454	300	59.768061407228565	0.0	163927	1409.1794195994105	0.3
52100.00596641973	300	59.74766369938565	0.0	137654	1020.3977078429256	0.3
52101.4274832648	300	59.634803723844584	0.0	146754	1112.8599755410646	0.3
52104.438365296555	300	59.99269121523139	0.0	153938	1142.1125086131958	0.3
52106.20138027269	300	59.50656841623793	0.0	181901	1486.122798993456	0.3
52108.98750773684	300	59.70945083472835	0.0	111155	797.1175815095856	0.3
52111.97708785253	300	59.6721656199561	0.0	153605	1037.285214772251	0.3
52114.93628955019	300	59.62821225783212	0.0	149029	1043.9533621239757	0.3
52117.61407769256	300	59.956942354418615	0.0	157421	1171.2699034135085	0.3
52120.29170864592	300	59.83188596096944	0.0	157488	1125.056393449177	0.3
52122.77451661173	300	59.819269205565035	0.0	143881	1012.6167554043999	0.3
52125.433848496	300	59.69019894683598	0.0	163444	1129.0702587290587	0.3
52128.15099695556	300	59.80875550407274	0.0	179328	1381.44344276323	0.3
52130.591937986625	300	59.71513756944278	0.0	159914	1093.6179346299596	0.3
52132.95567541498	300	59.66743036723083	0.0	131610	1047.7072022119548	0.3
52135.172371570334	300	59.675597392126306	0.0	124011	991.8329751045264	0.3
52139.03288326894	750	59.81508569352613	0.0	378327	2860.5116986001844	0.3
52142.31485441036	750	59.88778760899371	0.0	390680	2427.298084532414	0.75
52145.669539703005	750	59.590781402361046	0.0	345516	2297.006206632662	0.75
52149.106392931775	750	59.86869438348631	0.0	384505	2722.0870188747417	0.75
52152.20770661955	750	59.88542064454553	0.0	372093	2483.2737389407707	0.75
52155.568283894696	750	59.974651945385105	0.0	438281	2910.7686991604246	0.75
52158.75104587843	750	59.8176752775124	0.0	398987	2656.976667872713	0.75
52161.94383262399	750	59.69417456266468	0.0	393804	2623.500714847716	0.75
52165.66203726932	750	59.975969917327205	0.0	331053	2218.20464533748	0.75
52169.757035872666	750	59.86721607267689	0.0	314107	2108.753844650312	0.75

