15391.682466728938	300	4.0	1.5427752669403654	181801	1542.7752669403653	-6.333933647843571
15392.658140882704	300	7.024325846234112	0.0	155580	975.6741537658881	0.3
15393.543297715994	300	10.139169012944256	0.0	139857	885.1568332898561	0.3
15394.345315480896	300	13.33715124804269	0.0	155432	802.0177649015667	0.3
15394.767206398077	300	16.91526033086025	0.0	163442	421.8909171824414	0.3
15395.111380001192	300	20.57108672774689	0.0	126289	344.17360311335733	0.3
15395.51204524115	300	24.17042148778726	0.0	153295	400.66523995963314	0.3
15395.955705708235	300	27.7267610207026	0.0	173849	443.66046708465547	0.3
15396.35096359867	300	31.331503130267063	0.0	150710	395.25789043554136	0.3
15396.721945941243	300	34.960520787695	0.0	139105	370.9823425720655	0.3
15397.098649406038	300	38.583817322899186	0.0	141840	376.7034647958144	0.3
15397.505282602746	300	42.17718412619208	0.0	156148	406.6331967071124	0.3
15397.921533978608	300	45.76093275033148	0.0	160746	416.25137586060333	0.3
15398.377644946415	300	49.30482178252443	0.0	179801	456.1109678070518	0.3
15399.162711028908	750	52.5197557000328	0.0	337059	785.0660824916272	0.3
15400.008764065122	750	55.67370266381781	0.0	366214	846.0530362149914	0.75
15400.843556845055	750	58.83890988388451	0.0	360831	834.7927799332946	0.75
15402.031763656074	750	59.978739168002946	0.0	372963	860.170715881566	0.75
15404.122996676933	1200	59.56164073659189	0.0	639204	1417.098431411053	0.75
15405.830252175303	1200	59.75408035463116	0.0	586839	1307.5603819607368	1.2
15407.32839997583	1200	59.91535397632248	0.0	601738	1338.726378308684	1.2
15409.145803000245	1200	59.54636317522286	0.0	616206	1368.9908010996164	1.2
15410.920650929118	1200	59.593145322445274	0.0	656471	1453.2178527775877	1.2
15414.067500383971	1200	59.89053563306586	0.0	536667	1202.6096893794086	1.2
15415.238412460378	1200	59.73669951385034	0.0	587236	1153.83611921552	1.2
15416.486494356172	1200	59.57719647684802	0.0	590335	1159.5030370023194	1.2
15419.787042837914	1200	59.685711696823624	0.0	696376	1391.484780024404	1.2
15423.40346297121	1200	59.79153351728383	0.0	487160	1894.1781795397937	1.2
15426.943671619718	1850	59.65355004020894	0.0	972798	1637.9834770748953	1.2000000000000002
15430.44270081926	1850	59.752148062403826	0.0	975811	1901.4019778051154	1.85
15433.590962659013	1850	59.93483077914596	0.0	873429	1817.3172832578632	1.85
15436.796867829906	1850	59.956350544396116	0.0	954453	1978.4802347498394	1.85
15440.136205109342	1850	59.61589433175059	0.0	885062	1840.4562126455278	1.85
15443.333783781909	1850	59.97654552886212	0.0	1035329	2139.3488028884776	1.85
15447.37656484816	1850	59.7257699124756	0.0	1026056	2750.775616386522	1.85
15450.33978976868	1850	59.81816023149803	0.0	943942	1907.6096809775736	1.85
15454.535690740402	2850	59.62225925977492	0.0	1139291	3195.9009717230992	1.85
15459.034584512183	2850	59.12336548799457	0.0	1499009	4498.893771780358	2.85
15462.708725476785	2850	59.44922452339402	0.0	1427478	3674.140964600552	2.85
15466.367759274635	2850	59.79019072554322	0.0	1402287	3159.033797850801	2.85
15469.96542875935	2850	59.88914835038559	0.0	1339500	2901.042375157621	2.85
15474.058165431503	2850	59.59259351758539	0.0	1527299	3296.5548328001937	2.85
15477.594182993722	2850	59.6841757856545	0.0	1343002	2908.417731930896	2.85
15481.480410850376	2850	59.761361668469775	0.0	1587250	3422.814117184721	2.85
15485.204192953011	2850	59.5961774823867	0.0	1464921	3165.1841860830737	2.85
15488.500568717074	2850	59.9367885946323	0.0	1483527	3159.3888877543995	2.85
15491.454273585707	2850	59.98692946896916	0.0	1231456	2949.859125663138	2.85
15494.127242155819	2850	59.86336822139869	0.0	1364537	2623.5612475704693	2.85

