8236.862005260446	750	4.0	9.405939483918523	450283	9405.939483918522	-39.69553978084965
8240.046168454288	300	4.815836806157679	0.0	155580	3184.1631938423207	-0.15000000000000002
8242.795072809911	300	6.066932450535294	0.0	139857	2748.904355622385	0.3
8245.528660228765	300	7.333345031679665	0.0	155432	2733.5874188556304	0.3
8248.16573015364	300	8.696275106805734	0.0	163442	2637.0699248739306	0.3
8250.030606286156	300	10.831398974289398	0.0	126289	1864.8761325163364	0.3
8252.397274569545	300	12.46473069090129	0.0	153295	2366.668283388108	0.3
8254.791150442898	300	14.070854817546628	0.0	173849	2393.875873354663	0.3
8260.43852856625	750	12.423476694195509	0.0	374758	5647.378123351117	0.3
8269.807173586414	750	7.0548316740314165	0.0	362795	9368.645020164093	0.75
8272.881293130502	300	7.980712129943234	0.0	141840	3074.1195440881825	-0.15000000000000002
8276.258428122304	300	8.603577138140666	0.0	156148	3377.134991802568	0.3
8280.470797166783	300	8.391208093661277	0.0	160746	4212.369044479391	0.3
8284.35257985606	300	8.50942540438454	0.0	179801	3881.782689276736	0.3
8286.367851468975	300	10.494153791470174	0.0	140051	2015.2716129143655	0.3
8288.72512121372	300	12.136884046724587	0.0	138313	2357.2697447455876	0.3
8291.6986488643	300	13.163356396145515	0.0	143509	2973.5276505790716	0.3
8294.577836131499	300	14.284169128945829	0.0	150616	2879.187267199686	0.3
8296.776805375526	300	16.08519988491944	0.0	165384	2198.9692440263893	0.3
8298.781903303541	300	18.08010195690364	0.0	140881	2005.0979280157994	0.3
8301.08107288308	300	19.780932377363726	0.0	157671	2299.169579539913	0.3
8303.808061515698	300	21.053943744747112	0.0	157812	2726.988632616613	0.3
8306.434586868172	300	22.42741839227291	0.0	163927	2626.5253524742047	0.3
8310.746645284804	750	22.1153599756412	0.0	343800	4312.058416631711	0.3
8318.575535885719	750	18.286469374726476	0.0	359903	7828.890600914727	0.75
8321.746774375559	300	19.11523088488644	0.0	153938	3171.238489840032	-0.15000000000000002
8325.622730807252	300	19.239274453193246	0.0	181901	3875.956431693193	0.3
8327.95587708233	300	20.90612817811632	0.0	111155	2333.146275076928	0.3
8330.992268656433	300	21.869736604013234	0.0	153605	3036.3915741030864	0.3
8333.93415094738	300	22.927854313067158	0.0	149029	2941.8822909460755	0.3
8336.588861269707	300	24.273143990739307	0.0	157421	2654.71032232785	0.3
8342.652482104475	750	22.20952315597174	0.0	400322	6063.620834767568	0.3
8347.654857095105	750	21.207148165340513	0.0	369834	5002.374990631228	0.75
8356.38682805005	750	16.475177210396325	0.0	412837	8731.970954944189	0.75
8365.758605832047	750	11.10339942839953	0.0	401088	9371.777781996792	0.75
8369.426278949984	300	11.43572631046122	0.0	159914	3667.6731179383114	-0.15000000000000002
8373.016130776972	300	11.845874483474992	0.0	131610	3589.8518269862266	0.3
8375.341453751824	300	13.520551508623193	0.0	124011	2325.322974851799	0.3
8377.220711290234	300	15.641293970212098	0.0	144254	1879.2575384110955	0.3
8380.080307896382	300	16.781697364064037	0.0	149991	2859.596606148062	0.3
8383.641983995238	300	17.22002126520896	0.0	147968	3561.6760988550736	0.3
8385.795763834463	300	19.066241425984007	0.0	161857	2153.779839224951	0.3
8387.740707334107	300	21.121297926339967	0.0	145210	1944.9434996440411	0.3
8394.520494155646	750	18.341511104800738	0.0	438281	6779.786821539232	0.3
8399.87982134392	750	16.982183916524253	0.0	398987	5359.327188276486	0.75
8407.544357609555	750	13.317647650890361	0.0	393804	7664.536265633892	0.75
8414.960532772127	750	9.901472488317566	0.0	331053	7416.175162572796	0.75
8420.937666903172	750	7.92433835727291	0.0	314107	5977.134131044656	0.75

