13947.749739559311	300	4.0	3.0737241093550325	181801	3073.7241093550324	-12.917013670226638
13950.59874073531	300	5.150998824002103	0.0	155580	2849.0011759978966	0.3
13953.167905136077	300	6.581834423233767	0.0	139857	2569.1644007683362	0.3
13956.01427221917	300	7.735467340140149	0.0	155432	2846.367083093618	0.3
13959.003200681746	300	8.746538877564957	0.0	163442	2988.928462575191	0.3
13961.330882835722	300	10.41885672358888	0.0	126289	2327.682153976078	0.3
13964.139215753028	300	11.610523806282043	0.0	153295	2808.332917306836	0.3
13967.313367221379	300	12.436372337930981	0.0	173849	3174.1514683510622	0.3
13970.075692502487	300	13.67404705682388	0.0	150710	2762.325281107102	0.3
13972.631472863633	300	15.118266695677285	0.0	139105	2555.7803611465956	0.3
13975.235930549734	300	16.513809009576615	0.0	141840	2604.457686100666	0.3
13978.095040947148	300	17.6546986121623	0.0	156148	2859.1103974143175	0.3
13981.035986203846	300	18.71375335546505	0.0	160746	2940.945256697248	0.3
13984.316070921968	300	19.433668637341913	0.0	179801	3280.084718123138	0.3
13986.888688120192	300	20.86105143911797	0.0	140051	2572.617198223945	0.3
13991.469880608913	300	20.279858950397582	0.0	138313	4581.192488720384	0.3
13996.326388630225	300	19.42335092908488	0.0	143509	4856.508021312704	0.3
14000.862037594772	300	18.88770196453616	0.0	150616	4535.648964548722	0.3
14005.858689282566	300	17.891050276743186	0.0	165384	4996.651687792973	0.3
14009.94015544565	300	17.809584113659454	0.0	140881	4081.466163083733	0.3
14014.217893325815	300	17.531846233494008	0.0	157671	4277.737880165445	0.3
14018.126221152039	300	17.62351840727024	0.0	157812	3908.327826223767	0.3
14022.236743004287	300	17.512996555022763	0.0	163927	4110.521852247473	0.3
14025.735209044822	300	18.014530514487554	0.0	137654	3498.466040535211	0.3
14029.459662277657	300	18.290077281652295	0.0	146754	3724.453232835256	0.3
14033.349816360125	300	18.399923199185228	0.0	153938	3890.154082467065	0.3
14037.879718199165	300	17.87002136014538	0.0	181901	4529.901839039848	0.3
14040.54139054359	300	19.208349015719563	0.0	111155	2661.6723444258187	0.3
14044.261867508285	300	19.487872051025587	0.0	153605	3720.476964693973	0.3
14047.885618627524	300	19.86412093178615	0.0	149029	3623.751119239438	0.3
14051.705169759627	300	20.044569799682545	0.0	157421	3819.551132103607	0.3
14055.523839946847	300	20.22589961246327	0.0	157488	3818.670187219273	0.3
14059.083567778978	300	20.666171780331446	0.0	143881	3559.7278321318227	0.3
14063.167911777158	300	20.581827782153518	0.0	163444	4084.3439981779266	0.3
14067.710148384147	300	20.039591175163586	0.0	179328	4542.236606989934	0.3
14070.43656172268	300	21.313177836630782	0.0	159914	2726.413338532805	0.3
14072.858946635733	300	22.89079292357587	0.0	131610	2422.3849130549115	0.3
14075.146085116494	300	24.60365444281565	0.0	124011	2287.138480760221	0.3
14077.793506993614	300	25.956232565695196	0.0	144254	2647.421877120456	0.3
14080.543035566627	300	27.206703992683877	0.0	149991	2749.5285730113155	0.3
14083.256558937304	300	28.493180622006047	0.0	147968	2713.5233706778295	0.3
14086.217277688707	300	29.532461870601676	0.0	161857	2960.718751404368	0.3
14088.881714382156	300	30.868025177153584	0.0	145210	2664.436693448094	0.3
14092.028510439739	300	31.72122911957196	0.0	172312	3146.796057581627	0.3
14095.081208867694	300	32.66853069161818	0.0	167025	3052.6984279537774	0.3
14098.01001593952	300	33.739723619790645	0.0	160064	2928.807071827531	0.3
14100.537355216471	300	35.212384342840245	0.0	137507	2527.339276950397	0.3
14102.72500329632	300	37.02473626299164	0.0	118421	2187.648079848611	0.3

