42595.84239495268	750	4.0	9.534054872630644	450283	9534.054872630644	-40.24643595231177
42598.303447480066	300	5.538947472609147	0.0	155580	2461.0525273908534	-0.15000000000000002
42600.62955295161	300	7.212842001072562	0.0	139857	2326.105471536585	0.3
42603.13367822596	300	8.708716726717379	0.0	155432	2504.1252743551836	0.3
42605.73078905501	300	10.111605897673204	0.0	163442	2597.1108290441757	0.3
42607.75867160635	300	12.083723346326325	0.0	126289	2027.8825513468794	0.3
42610.24879911007	300	13.593595842610249	0.0	153295	2490.1275037160785	0.3
42613.55515998602	300	14.287234966664206	0.0	173849	3306.3608759460426	0.3
42616.907025088614	300	14.935369864071067	0.0	150710	3351.8651025931395	0.3
42619.144742437245	300	16.697652515441725	0.0	139105	2237.7173486293404	0.3
42621.005509084025	300	18.836885868658655	0.0	141840	1860.7666467830713	0.3
42623.045909185275	300	20.79648576740454	0.0	156148	2040.4001012541103	0.3
42627.97645187247	750	19.86594308021273	0.0	386351	4930.54268719181	0.3
42633.133706260414	750	18.70868869226613	0.0	434409	5157.254387946602	0.75
42637.07069344082	750	18.771701511857454	0.0	337059	3936.9871804086765	0.75
42641.276016144315	750	18.56637880837003	0.0	366214	4205.3227034874235	0.75
42645.849427012996	750	17.99296793969106	0.0	360831	4573.410868678969	0.75
42650.33378712378	750	17.5086078288991	0.0	372963	4484.360110791961	0.75
42655.16355691314	750	16.678838039542846	0.0	405596	4829.769789356249	0.75
42659.21031137289	750	16.63208357978759	0.0	350713	4046.7544597552564	0.75
42663.655766487995	750	16.186628464686166	0.0	386472	4445.4551151014275	0.75
42667.92605552022	750	15.91633943245912	0.0	399894	4270.289032227045	0.75
42671.43315008581	750	16.409244866875493	0.0	401853	3507.0945655836217	0.75
42676.81823501273	1200	15.024159939953098	0.0	536667	5385.084926922397	0.75
42682.596003118815	1200	13.246391833874041	0.0	587236	5777.7681060790555	1.2
42688.1148738945	1200	11.727521058188188	0.0	590335	5518.870775685852	1.2
42694.87104965911	1200	8.971345293574817	0.0	696376	6756.175764613371	1.2
42699.58535198361	1200	8.257042969081196	0.0	487160	4714.302324493621	1.2
42705.507599895165	1200	6.334795057521151	0.0	622896	5922.247911560045	1.2
42712.384968477134	1200	4.0	0.5425735244525031	641447	6877.368581973654	-1.133066155145763
42714.37164681268	300	6.013321664460143	0.0	157421	1986.6783355398566	-0.6000000000000001
42716.39714730093	300	7.987821176209243	0.0	157488	2025.5004882509002	0.3
42718.318431539126	300	10.066536938008827	0.0	143881	1921.2842382004158	0.3
42720.35751998686	300	12.027448490271942	0.0	163444	2039.0884477368845	0.3
42724.48996490124	750	11.895003575896421	0.0	401088	4132.444914375521	0.3
42728.259416685825	750	12.12555179130481	0.0	365161	3769.4517845916102	0.75
42733.36279174788	1200	11.02217672924831	0.0	487812	5103.3750620565	0.75
42739.306286730134	1200	9.078681747000529	0.0	575591	5943.494982247781	1.2
42742.89122829126	750	9.49374018587164	0.0	378327	3584.9415611288878	0.3
42747.47097829781	750	8.913990179324315	0.0	390680	4579.750006547325	0.75
42752.0774170684	750	8.307551408732653	0.0	345516	4606.4387705916615	0.75
42757.61061053831	750	6.774357938818705	0.0	384505	5533.193469913949	0.75
42761.30434417016	300	7.080624306968629	0.0	145210	3693.7336318500743	-0.15000000000000002
42764.908352560175	300	7.476615916953511	0.0	172312	3604.008390015119	0.3
42767.45791390439	300	8.927054572741072	0.0	167025	2549.5613442124395	0.3
42770.100146505974	300	10.284821971158543	0.0	160064	2642.2326015825292	0.3
42772.3609956518	300	12.023972825337573	0.0	137507	2260.849145820969	0.3
42777.278443377465	750	11.10652509966988	0.0	314107	4917.447725667692	0.3

