55200.1269409179	300	4.0	3.4974769171768596	181801	3497.4769171768594	-14.739150743860495
55203.29861621268	300	4.828324705223287	0.0	155580	3171.6752947767127	0.3
55206.04246037996	300	6.0844805379400615	0.0	139857	2743.844167283226	0.3
55208.83235906282	300	7.294581855088413	0.0	155432	2789.898682851648	0.3
55211.72633129403	300	8.400609623880415	0.0	163442	2893.9722312079984	0.3
55214.40007290244	300	9.726868015472238	0.0	126289	2673.741608408176	0.3
55217.672591076596	300	10.45434984131851	0.0	153295	3272.5181741537285	0.3
55220.86069417681	300	11.266246741104613	0.0	173849	3188.103100213898	0.3
55223.754269775374	300	12.372671142533992	0.0	150710	2893.57559857062	0.3
55226.28023899421	300	13.846701923699063	0.0	139105	2525.9692188349295	0.3
55233.48707113177	750	10.639869786137398	0.0	353220	7206.832137561666	0.3
55236.499090363235	300	11.627850554674076	0.0	156148	3012.0192314633227	-0.15000000000000002
55239.580241354146	300	12.5466995637642	0.0	160746	3081.1509909098772	0.3
55242.88409611883	300	13.242844799082231	0.0	179801	3303.854764681967	0.3
55248.9774760537	750	11.149464864212314	0.0	337059	6093.379934869917	0.3
55251.43848584738	300	12.688455070539263	0.0	138313	2461.009793673051	-0.15000000000000002
55254.78774804185	300	13.33919287607119	0.0	143509	3349.2621944680745	0.3
55261.78048344913	750	10.346457468786435	0.0	372963	6992.735407284754	0.3
55264.7271777627	300	11.399763155214492	0.0	165384	2946.694313571944	-0.15000000000000002
55267.35255164602	300	12.774389271891017	0.0	140881	2625.373883323475	0.3
55278.667147230226	750	5.459793687692342	0.0	386472	11314.595584198676	0.3
55281.92589685501	300	6.201044062902913	0.0	157812	3258.7496247894283	-0.15000000000000002
55285.01595841734	300	7.110982500571837	0.0	163927	3090.0615623310746	0.3
55287.650314755105	300	8.476626162811623	0.0	137654	2634.3563377602154	0.3
55290.445868673894	300	9.681072244022372	0.0	146754	2795.553918789251	0.3
55293.0905103056	300	11.036430612314376	0.0	153938	2644.641631707997	0.3
55296.49704932962	300	11.62989158829	0.0	181901	3406.539024024375	0.3
55298.52410102085	300	13.602839897065486	0.0	111155	2027.0516912245134	0.3
55305.82490290594	750	10.302038011979883	0.0	400396	7300.801885085604	0.3
55308.546070034135	300	11.580870883770908	0.0	149029	2721.167128208975	-0.15000000000000002
55311.594797677375	300	12.5321432405313	0.0	157421	3048.7276432396084	0.3
55314.53222356857	300	13.594717349337527	0.0	157488	2937.4258911937723	0.3
55321.53375970171	750	10.593181216190485	0.0	369834	7001.536133147042	0.3
55324.6900864773	300	11.436854440609284	0.0	163444	3156.3267755812003	-0.15000000000000002
55327.73199997179	300	12.394940946116547	0.0	179328	3041.913494492737	0.3
55334.333800912835	750	9.793140005068103	0.0	365161	6601.800941048443	0.3
55336.680383974985	300	11.446556942916516	0.0	131610	2346.5830621515884	-0.15000000000000002
55338.866563423806	300	13.260377494098336	0.0	124011	2186.1794488181813	0.3
55341.45959308923	300	14.667347828671415	0.0	144254	2593.029665426918	0.3
55350.72963536009	750	9.39730555780771	0.0	390680	9270.042270863705	0.3
55353.36656914333	300	10.760371774575832	0.0	147968	2636.93378323188	-0.15000000000000002
55356.32548426543	300	11.801456652474988	0.0	161857	2958.9151221008433	0.3
55359.045755718005	300	13.081185199888123	0.0	145210	2720.271452586865	0.3
55367.43315984219	750	8.693781075699977	0.0	438281	8387.404124188146	0.3
55370.6656172827	300	9.461323635194832	0.0	167025	3232.4574405051444	-0.15000000000000002
55373.536853210986	300	10.590087706908326	0.0	160064	2871.235928286508	0.3
55376.209295681016	300	11.917645236882779	0.0	137507	2672.4424700255486	0.3
55378.366126893736	300	13.760814024162933	0.0	118421	2156.8312127198433	0.3

