5345.937241393001	750	4.0	1.679567035007093	450283	1679.567035007093	-6.4721382505305
5346.695663511129	750	7.241577881872438	0.0	398865	758.422118127563	0.75
5348.169749175286	1850	9.76749221771595	0.0	877771	1474.0856641564862	0.75
5351.39136926478	2850	10.545872128221482	0.0	1520281	3221.6200894944677	1.85
5356.653017234519	2850	9.284224158482841	0.0	1472558	5261.647969738641	2.85
5358.091969726459	1850	11.845271666542688	0.0	801058	1438.952491940153	0.8500000000000001
5360.620936107604	1850	13.316305285396712	0.0	905515	2528.9663811459754	1.85
5362.765044061312	1850	15.172197331689265	0.0	1060487	2144.107953707447	1.85
5364.00709315367	1850	17.930148239331263	0.0	852833	1242.049092358004	1.85
5367.93884030838	4300	17.998401084621637	0.0	2169201	3931.747154709625	1.8499999999999996
5376.586976171775	4300	13.350265221226758	0.0	2173522	8648.135863394878	4.3
5378.393670668715	1850	15.543570724286983	0.0	917428	1806.6944969397762	-0.6000000000000001
5385.02461909913	2850	12.91262229387146	0.0	1422919	6630.948430415522	1.85
5387.363668360544	1850	14.573573032457645	0.0	1036454	2339.049261413815	0.8500000000000001
5388.83339428673	1850	17.103847106270646	0.0	821631	1469.7259261870004	1.85
5391.562888224513	2850	18.37435316848886	0.0	1471065	2729.4939377817846	1.85
5394.585905058844	2850	19.351336334156812	0.0	1491626	3023.016834332046	2.85
5398.216944925769	2850	19.72029646723183	0.0	1358801	3631.0398669249817	2.85
5400.829003199252	2850	21.108238193749088	0.0	1537156	2612.058273482742	2.85
5407.169747868328	4300	18.767493524672826	0.0	2156729	6340.744669076258	2.8499999999999996
5413.770178598494	4300	16.16706279450765	0.0	2039773	6600.430730165177	4.3
5416.685040206279	2850	17.25220118672154	0.0	1468126	2914.861607786111	1.4000000000000001
5419.483458369501	2850	18.453783023500407	0.0	1505760	2798.418163221134	2.85
5423.327988083762	4300	18.609253309238856	0.0	2044075	3844.5297142615545	2.8499999999999996
5428.041174447497	4300	17.89606694550417	0.0	2186790	4713.186363734682	4.3
5434.108526801568	4300	15.82871459143272	0.0	2105231	6067.352354071452	4.3
5438.684940775494	4300	15.252300617506114	0.0	2395588	4576.413973926605	4.3
5446.160667182404	4300	11.776574210596872	0.0	1972048	7475.7264069092425	4.3
5448.067712869872	1850	13.86952852312919	0.0	972798	1907.0456874676802	-0.6000000000000001
5451.674099596514	2850	14.26314179648708	0.0	1561263	3606.386726642111	1.85
5454.450633097665	2850	15.486608295335929	0.0	1341201	2776.533501151151	2.85
5457.125425273046	2850	16.81181611995434	0.0	1497683	2674.79217538159	2.85
5459.719322764687	2850	18.217918628314187	0.0	1358081	2593.897491640152	2.85
5464.164375936857	4300	17.77286545614327	0.0	2286761	4445.053172170919	2.8499999999999996
5469.876427099537	4300	16.060814293463995	0.0	2307787	5712.05116267927	4.3
5474.4307468507905	4300	15.506494542211108	0.0	2143948	4554.319751252888	4.3
5485.910435101184	4300	8.026806291817799	0.0	1919781	11479.68825039331	4.3
5486.403125177088	300	11.53411621591327	0.0	124011	492.6900759045275	-3.7
5487.2154129142455	750	14.721828478756345	0.0	378327	812.2877371569272	0.3
5488.730249573324	1850	17.20699181967784	0.0	930577	1514.8366590785045	0.75
5490.862319226413	1850	19.074922166588294	0.0	858450	2132.069653089546	1.85
5497.8240176050895	1850	16.113223787911515	0.0	1025005	6961.698378676779	1.85
5500.2422984777195	1200	17.69494291528169	0.0	599477	2418.2808726298276	0.5499999999999999
5502.379637244645	1200	19.55760414835638	0.0	634861	2137.338766925309	1.2
5504.149019532746	1850	21.78822186025542	0.0	958994	1769.382288100959	1.2000000000000002
5513.400931668475	4300	16.536309724526152	0.0	2246506	9251.912135729268	1.8499999999999996
5515.658101711899	1850	18.279139681102237	0.0	830730	2257.1700434239174	-0.6000000000000001
5519.611325320251	2850	18.325916072750072	0.0	1364537	3953.2236083521634	1.85

