90066.91477380677	300	4.0	2.4928519977445376	450283	2492.8519977445376	0	-9.96926359030151
90067.62381222009	300	7.290961586678439	0.0	155580	709.0384133215604	0	-0.15000000000000002
90068.5575277768	300	10.357246029967097	0.0	139857	933.7155567113432	0	0.3
90069.84221162935	750	13.072562177419417	0.0	155432	1284.6838525476792	1	0.3
90071.23051708705	1850	15.684256719715366	0.0	411561	1388.3054577040514	3	0.3
90073.95679802037	1850	16.957975786395757	0.0	801058	2726.280933319608	3	0.75
90081.08485990022	1850	13.82991390654724	0.0	905515	7128.061879848516	3	1.85
90087.60300067734	1850	11.311773129434812	0.0	1060487	6518.140777112429	3	1.85
90095.58648152612	750	7.328292280645698	0.0	852833	7983.480848789114	1	1.85
90097.8445454136	750	9.070228393169957	0.0	362795	2258.063887475742	1	-0.3500000000000001
90099.95941316224	750	10.955360644523248	0.0	353220	2114.8677486467086	1	0.75
90101.64826981591	750	13.266503990861223	0.0	405134	1688.8566536620244	1	0.75
90102.79996565923	1850	16.11480814753451	0.0	386351	1151.6958433267118	3	0.75
90106.10737388507	1850	16.8073999217012	0.0	1036454	3307.4082258333115	3	0.75
90108.01659309844	1850	18.898180708327345	0.0	821631	1909.2192133738577	3	1.85
90110.26433929444	1850	20.650434512312298	0.0	923170	2247.746196015048	3	1.85
90112.81999925738	1850	22.094774549371497	0.0	966699	2555.659962940802	3	1.85
90117.22107827626	1850	21.693695530489958	0.0	885714	4401.079018881542	3	1.85
90119.98049273508	1850	22.934281071672125	0.0	987708	2759.414458817832	3	1.85
90122.7546890856	1850	24.1600847211373	0.0	923755	2774.1963505348244	3	1.85
90125.45732564978	1850	25.457448156956698	0.0	891604	2702.636564180603	3	1.85
90128.26909369061	1850	26.645680116123977	0.0	955231	2811.768040832718	3	1.85
90132.10272276358	1850	26.812051043158853	0.0	968026	3833.6290729651273	3	1.85
90133.4229632891	1850	29.49181051764971	0.0	874175	1320.2405255091383	3	1.85
90134.81999760517	1850	32.0947762015765	0.0	897976	1397.0343160732077	3	1.85
90136.254593388	1850	34.660180418746194	0.0	905935	1434.595782830306	3	1.85
90138.05414851307	4300	36.86062529368149	0.0	1076599	1799.5551250647143	5	1.85
90141.93755409073	4300	36.977219716009365	0.0	1972048	3883.4055776721198	5	1.8499999999999996
90146.5318179707	4300	36.382955836058215	0.0	2134614	4594.2638799511515	5	4.3
90150.38835662523	4300	36.52641718152362	0.0	2164140	3856.5386545345946	5	4.3
90154.1559900727	4300	36.75878373406093	0.0	2113193	3767.633447462698	5	4.3
90160.33328314817	4300	34.58149065858202	0.0	2147852	6177.293075478904	5	4.3
90165.08201277652	4300	33.832761030232156	0.0	2191074	4748.729628349866	5	4.3
90170.00863644673	4300	32.906137360033696	0.0	2286761	4926.6236701984635	5	4.3
90175.54149537266	4300	31.37327843411474	0.0	2307787	5532.858925918952	5	4.3
90188.05801616123	4300	22.856757645533058	0.0	2143948	12516.520788581685	5	4.3
90195.02438491602	4300	19.890388890748905	0.0	1919781	6966.36875478415	5	4.3
90205.22532051904	4300	13.689453287746167	0.0	2147467	10200.93560300274	5	4.3
90214.46219119099	1850	8.452582615781239	0.0	2133870	9236.870671964927	3	4.3
90218.97176903536	1850	7.943004771421237	0.0	930577	4509.577844360002	3	-0.6000000000000001
90224.2841448928	750	6.630628913974352	0.0	858450	5312.375857446885	1	1.85
90225.56366553533	750	9.351108271442085	0.0	384505	1279.5206425322688	1	-0.3500000000000001
90226.80446509436	750	12.11030871242007	0.0	372093	1240.7995590220141	1	0.75
90228.25174798204	750	14.663025824734122	0.0	438281	1447.2828876859478	1	0.75
90229.57644738152	1850	17.338326425241213	0.0	398987	1324.6993994929128	3	0.75
90232.21727409496	1850	18.697499711817823	0.0	982064	2640.8267134233915	3	0.75
90235.07585850173	1850	19.83891530503948	0.0	830730	2858.5844067783405	3	1.85
90238.9935866365	1850	19.92118717028063	0.0	846370	3917.7281347588532	3	1.85

