56362.735491808555	300	4.0	2.6825487786778632	181801	2682.548778677863	-11.234959748314811
56364.016272107365	300	6.719219701194181	0.0	155580	1280.7802988058188	0.3
56365.08496987479	300	9.650521933762255	0.0	139857	1068.6977674319253	0.3
56366.61648070493	300	12.119011103624894	0.0	155432	1531.5108301373605	0.3
56368.74893897594	300	13.98655283260844	0.0	163442	2132.4582710164536	0.3
56371.72260856117	750	15.012883247391024	0.0	318564	2973.6695852174157	0.3
56375.32345988082	750	15.412031927738346	0.0	352642	3600.8513196526783	0.75
56378.94078152595	750	15.79471028261059	0.0	437162	3617.3216451277567	0.75
56383.03251441193	750	15.702977396631638	0.0	374758	4091.73288597895	0.75
56385.88491877412	750	16.85057303443628	0.0	362795	2852.4043621953583	0.75
56391.970599045555	750	14.764892763005667	0.0	353220	6085.680271430614	0.75
56398.072825157535	750	12.662666651023443	0.0	405134	6102.226111982224	0.75
56404.2369493446	750	10.498542463957106	0.0	386351	6164.124187066335	0.75
56407.6521998181	300	11.08329199046267	0.0	179801	3415.250473494437	-0.15000000000000002
56410.11315832131	300	12.622333487251192	0.0	140051	2460.9585032114765	0.3
56412.21120527206	300	14.524286536492765	0.0	138313	2098.046950758426	0.3
56415.316050676425	750	15.419441132130626	0.0	360831	3104.8454043621396	0.3
56420.13276614609	750	14.60272566247566	0.0	372963	4816.715469654966	0.75
56425.63227307757	750	13.103218730989985	0.0	405596	5499.506931485673	0.75
56430.050416403086	750	12.685075405476875	0.0	350713	4418.1433255131105	0.75
56432.59045262881	300	14.145039179757557	0.0	157671	2540.0362257193183	-0.15000000000000002
56439.2560003234	750	11.479491485160889	0.0	399894	6665.54769459667	0.3
56441.87994196832	300	12.855549840236014	0.0	163927	2623.9416449248747	-0.15000000000000002
56443.682667133355	300	15.052824675203437	0.0	137654	1802.7251650325761	0.3
56448.34364252216	750	14.391849286404394	0.0	359903	4660.975388799044	0.3
56454.44286906106	750	12.292622747498445	0.0	379700	6099.22653890595	0.75
56457.882459375905	300	12.85303243265745	0.0	181901	3439.590314840995	-0.15000000000000002
56460.002806971985	300	14.732684836577624	0.0	111155	2120.347596079827	0.3
56468.032956642746	750	10.702535165816004	0.0	400396	8030.14967076162	0.3
56471.95319640842	300	10.782295400139228	0.0	149029	3920.2397656767757	-0.15000000000000002
56474.033384302886	300	12.702107505677738	0.0	157421	2080.1878944614914	0.3
56476.163899308056	300	14.571592500507748	0.0	157488	2130.5150051699898	0.3
56480.90937018289	750	13.826121625674313	0.0	369834	4745.470874833433	0.3
56487.408796543314	750	11.326695265248425	0.0	412837	6499.426360425888	0.75
56490.002607571456	300	12.732884237109001	0.0	179328	2593.8110281394233	-0.15000000000000002
56495.11735110554	750	11.618140703017671	0.0	365161	5114.74353409133	0.3
56496.672535972924	300	14.062955835638126	0.0	131610	1555.1848673795441	-0.15000000000000002
56500.49531251966	750	14.240179288895574	0.0	361565	3822.7765467425525	0.3
56506.93419099177	750	11.801300816785218	0.0	378327	6438.878472110355	0.75
56510.83322452365	300	11.90226728490203	0.0	149991	3899.03353188319	-0.15000000000000002
56515.90871844227	300	10.826773366292008	0.0	147968	5075.493918610022	0.3
56519.2170593616	300	11.518432446962752	0.0	161857	3308.340919329255	0.3
56523.59840406115	300	11.137087747406365	0.0	145210	4381.344699556386	0.3
56529.08755220631	300	9.647939602254585	0.0	172312	5489.14814515178	0.3
56533.826948830494	300	8.908542978069498	0.0	167025	4739.396624185087	0.3
56537.44155679372	300	9.293935014840653	0.0	160064	3614.6079632288447	0.3
56539.85338315838	300	10.882108650178498	0.0	137507	2411.826364662154	0.3
56542.00924148169	300	12.726250326868149	0.0	118421	2155.8583233103495	0.3

