87643.7807131961	750	4.0	1.4188804962043364	450283	1418.8804962043364	-5.351186133678646
87645.66780666742	750	6.112906528683058	0.0	398865	1887.093471316942	0.75
87646.96899473389	750	8.811718462208466	0.0	350812	1301.1880664745927	0.75
87648.73982723044	750	11.040885965655661	0.0	382355	1770.8324965528043	0.75
87650.8353409778	750	12.945372218287115	0.0	411561	2095.5137473685463	0.75
87652.49198602841	750	15.28872716767185	0.0	318564	1656.6450506152646	0.75
87654.12038575212	750	17.660327443979163	0.0	352642	1628.3997236926841	0.75
87655.970399202	750	19.81031399409671	0.0	437162	1850.0134498824566	0.75
87661.57407236526	1850	18.20664083082846	0.0	852833	5603.67316326825	0.75
87665.4832212865	1850	18.297491909570343	0.0	913888	3909.1489212581146	1.85
87668.71319781522	1850	19.06751538084788	0.0	939819	3229.976528722463	1.85
87672.13422367237	1850	19.646489523701568	0.0	917428	3421.0258571463087	1.85
87674.9450456797	1850	20.835667516369323	0.0	946851	2810.8220073322495	1.85
87677.97076595893	1850	21.809947237144424	0.0	1036454	3025.7202792248972	1.85
87680.3859348123	1850	23.39477838378496	0.0	821631	2415.1688533594656	1.85
87683.08968906493	1850	24.69102413113887	0.0	923170	2703.754252646088	1.85
87685.91715769182	1850	25.8635555042568	0.0	966699	2827.46862688207	1.85
87688.79189773365	1850	26.988815462425425	0.0	885714	2874.740041831376	1.85
87691.9174087045	1850	27.863304491598683	0.0	987708	3125.510970826739	1.85
87695.57754634341	1850	28.203166852669252	0.0	923755	3660.137638929429	1.85
87698.48162187394	1850	29.299091322147056	0.0	891604	2904.0755305221955	1.85
87701.81448301961	1850	29.966230176494058	0.0	955231	3332.8611456529984	1.85
87705.20332330352	1850	30.577389892582335	0.0	968026	3388.840283911722	1.85
87708.27136851635	1850	31.509344679758993	0.0	874175	3068.045212823343	1.85
87711.12337129664	1850	32.65734189947797	0.0	897976	2852.002780281023	1.85
87714.15571359819	1850	33.62499959791762	0.0	905935	3032.342301560346	1.85
87717.57538377748	1850	34.20532941861976	0.0	1076599	3419.6701792978592	1.85
87720.24470202142	1850	35.53601117468589	0.0	758197	2669.3182439338707	1.85
87723.93812493753	1850	35.84258825857179	0.0	972798	3693.422916114105	1.85
87727.47163877611	1850	36.30907441999235	0.0	975811	3533.5138385794316	1.85
87730.33690673481	1850	37.44380646128634	0.0	873429	2865.267958706003	1.85
87740.6681891868	4300	31.112524009280925	0.0	2147852	10331.282452005422	1.8499999999999996
87750.33021351065	4300	25.45049968545013	0.0	2191074	9662.024323830798	4.3
87759.23058838	4300	20.55012481610116	0.0	2286761	8900.374869348967	4.3
87768.58521503488	4300	15.19549816121134	0.0	2307787	9354.62665488982	4.3
87779.22437021411	4300	8.556342981980993	0.0	2143948	10639.155179230347	4.3
87783.26086004681	1850	8.51985314930259	0.0	728962	4036.4898326784037	-0.6000000000000001
87784.69703350472	750	11.083679691381992	0.0	361565	1436.173457920598	-0.3500000000000001
87786.27733445806	750	13.503378738034657	0.0	378327	1580.3009533473362	0.75
87788.58225824495	750	15.198454951158588	0.0	390680	2304.923786876068	0.75
87789.96086766262	750	17.819845533476897	0.0	345516	1378.609417681689	0.75
87796.23973205719	1850	15.540981138915992	0.0	1025005	6278.864394560907	0.75
87800.1743049484	1850	15.606408247702504	0.0	886255	3934.5728912134873	1.85
87804.55036108439	1850	15.230352111714266	0.0	973972	4376.056135988238	1.85
87810.74300823218	1850	13.037704963931676	0.0	958994	6192.64714778259	1.85
87816.4829375696	1850	11.297775626510763	0.0	982064	5739.929337420911	1.85
87821.1982977214	1850	10.582415474716761	0.0	830730	4715.360151794002	1.85
87826.34677405498	1850	9.433939141130836	0.0	846370	5148.476333585925	1.85

