11796.6724951452	750	4.0	4.295812768057126	450283	4295.812768057126	-17.72199490264564
11799.305003484244	300	5.367491660956468	0.0	155580	2632.5083390435316	-0.15000000000000002
11800.887912727652	300	7.784582417547632	0.0	139857	1582.9092434088354	0.3
11802.243818848012	300	10.42867629718854	0.0	155432	1355.906120359093	0.3
11804.221220762256	300	12.451274382944375	0.0	163442	1977.4019142441657	0.3
11805.616169846653	300	15.056325298547588	0.0	126289	1394.9490843967874	0.3
11807.206595241694	300	17.465899903507093	0.0	153295	1590.4253950404964	0.3
11813.150060278324	750	15.522434866876905	0.0	437162	5943.465036630188	0.3
11817.407069980216	750	15.265425164986489	0.0	374758	4257.009701890415	0.75
11820.01850322446	750	16.653991920742	0.0	362795	2611.433244244486	0.75
11824.916603887685	1200	15.755891257517277	0.0	607410	4898.100663224725	0.75
11830.250846483372	1200	14.421648661829439	0.0	594078	5334.242595687838	1.2
11836.4566235428	1200	12.21587160240344	0.0	624282	6205.777059425997	1.2
11846.677168863087	1200	5.9953262821139415	0.0	687371	10220.545320289499	1.2
11848.060162634483	300	8.612332510719936	0.0	140051	1382.9937713940049	-0.6000000000000001
11849.554825016905	300	11.11767012829774	0.0	138313	1494.6623824221963	0.3
11852.20034645999	300	12.47214868521309	0.0	143509	2645.5214430846495	0.3
11853.702975884204	300	14.9695192609992	0.0	150616	1502.6294242138915	0.3
11855.701862981927	300	16.970632163275994	0.0	165384	1998.887097723205	0.3
11858.785768901556	300	17.886726243646745	0.0	140881	3083.905919629247	0.3
11861.093574362905	300	19.578920782298468	0.0	157671	2307.805461348276	0.3
11862.922303124047	300	21.75019202115568	0.0	157812	1828.7287611427878	0.3
11865.552050356995	750	23.120444788207955	0.0	401853	2629.747232947726	0.3
11868.266338122952	1200	24.40615702225146	0.0	536667	2714.2877659564956	0.75
11873.787372353312	1200	22.88512279189208	0.0	587236	5521.034230359379	1.2
11878.376771788537	1200	22.29572335666646	0.0	590335	4589.399435225619	1.2
11882.469012595944	1200	22.2034825492598	0.0	696376	4092.2408074066634	1.2
11885.395939880067	1200	23.276555265136633	0.0	487160	2926.927284123164	1.2
11889.48031881901	1200	23.192176326193334	0.0	622896	4084.378938943301	1.2
11892.240921543525	1200	24.431573601677517	0.0	641447	2760.6027245158184	1.2
11898.665686593577	1850	22.006808551626204	0.0	873429	6424.765050051312	1.2000000000000002
11901.324641738354	1200	23.347853406847975	0.0	620283	2658.955144778229	0.5499999999999999
11903.256274919799	1200	25.41622022540417	0.0	584349	1931.6331814438058	1.2
11914.63153419309	2850	18.040960952113384	0.0	1587293	11375.259273290789	1.2000000000000002
11920.108518675775	1200	16.5639764694271	0.0	690253	5476.984482686281	-0.44999999999999996
11922.273009625213	750	18.399485519990638	0.0	365161	2164.490949436462	0.3
11923.999009867366	750	20.67348527783657	0.0	321064	1726.0002421540714	0.75
11926.726086523711	1200	21.946408621492058	0.0	575591	2727.0766563445095	0.75
11929.728380392906	1200	22.9441147522991	0.0	605884	3002.2938691929558	1.2
11942.690047900924	1850	13.982447244280635	0.0	930577	12961.667508018467	1.2000000000000002
11944.16349132055	300	16.509003824654805	0.0	147968	1473.443419625828	-1.25
11945.3385182629	300	19.333976882304956	0.0	161857	1175.0269423498494	0.3
11946.666311053516	300	22.006184091689136	0.0	145210	1327.7927906158225	0.3
11948.603661494571	300	24.068833650633096	0.0	172312	1937.350441056037	0.3
11950.023479606392	300	26.64901553881303	0.0	167025	1419.8181118200646	0.3
11976.732278233429	1850	4.0	0.05978308822532199	982064	26708.79862703835	0.04293272063111542
11981.935417780116	300	4.0	1.203139546686668	137507	5203.139546686668	-6.423500050752672
11984.93243222264	300	5.002985557476036	0.0	118421	2997.014442523964	0.3

