62956.37224390691	750	4.0	5.423668042622055	450283	5423.6680426220555	0.0830218583551644	-22.571772583274836
62958.35524168954	300	6.017002217366093	0.0	155580	1982.9977826339068	0.07845697123944921	-0.15000000000000002
62960.145921474126	300	8.226322432780474	0.0	139857	1790.6797845856172	0.07810274131863529	0.3
62965.31331509539	750	7.058928811522337	0.0	382355	5167.3936212581375	0.07399378255742507	0.3
62970.567930161764	750	5.804313745145927	0.0	411561	5254.61506637641	0.07832372015859443	0.75
62972.25943909873	300	8.112804808180492	0.0	126289	1691.5089369654352	0.07466055735216055	-0.15000000000000002
62977.05694726418	750	7.315296642733783	0.0	352642	4797.508165446709	0.07350524227136244	0.3
62983.04846031861	750	5.323783588299803	0.0	437162	5991.513054433979	0.07296353959814561	0.75
62985.10221614998	300	7.270027756930791	0.0	150710	2053.7558313690124	0.07338262791421425	-0.15000000000000002
62989.42620843851	750	6.946035468399465	0.0	362795	4323.992288531325	0.08390278608087572	0.3
62991.28462594283	300	9.087617964076923	0.0	141840	1858.4175043225428	0.07632300043993913	-0.15000000000000002
62998.544094823585	1200	5.8281490833249245	0.0	594078	7259.468880751998	0.08183491241007432	0.29999999999999993
63000.664792171454	300	7.707451735453244	0.0	160746	2120.6973478716814	0.07579865187332066	-0.6000000000000001
63006.50450527386	750	5.867738633052158	0.0	434409	5839.713102401085	0.07438875718421616	0.3
63008.44134716698	300	7.930896739922225	0.0	140051	1936.841893129933	0.07230894813705101	-0.15000000000000002
63013.37673197003	750	6.995511936881296	0.0	366214	4935.38480304093	0.07420171164249599	0.3
63015.359421156405	300	9.012822750505022	0.0	143509	1982.689186376274	0.07238098688695067	-0.15000000000000002
63022.053218140776	1200	6.31902576613568	0.0	581493	6693.796984369342	0.08687042665886671	0.29999999999999993
63024.07827768275	300	8.293966224164189	0.0	165384	2025.0595419714907	0.08166870976988207	-0.6000000000000001
63028.89808278415	750	7.474161122755423	0.0	350713	4819.805101408766	0.07276497547535504	0.3
63033.61779943717	750	6.75444446974327	0.0	386472	4719.716653012153	0.08188457664155561	0.75
63035.19023436399	300	9.182009542919802	0.0	157812	1572.434926823467	0.10036154584711608	-0.15000000000000002
63041.924627834065	1200	6.447616072842982	0.0	656471	6734.39347007682	0.09748034517390793	0.29999999999999993
63043.56489835928	300	8.807345547633147	0.0	137654	1640.270525209834	0.08392152262956162	-0.6000000000000001
63047.643800778234	750	8.728443128680683	0.0	359903	4078.902418952465	0.08823525621199577	0.3
63050.98375597004	750	9.388487936877857	0.0	379700	3339.955191802826	0.11368415987492553	0.75
63055.535405025315	1200	8.83683888160166	0.0	696376	4551.649055276197	0.15299422067542146	0.75
63057.39870670291	750	10.973537204009261	0.0	277716	1863.3016775923988	0.14904510812164415	0.3
63061.478517595206	1200	10.89372631171067	0.0	622896	4079.81089229859	0.15267766483388565	0.75
63065.677450286115	1200	10.69479362080841	0.0	641447	4198.932690902259	0.15276429683900625	1.2
63069.42011650083	1200	10.952127406095236	0.0	570392	3742.6662147131738	0.1524025834197221	1.2
63073.48314849928	1200	10.889095407643415	0.0	620283	4063.031998451821	0.15266505413601292	1.2
63077.300554863636	1200	11.071689043283131	0.0	584349	3817.406364360283	0.15307487446333856	1.2
63083.46870517082	1850	8.903538736101979	0.0	1035329	6168.150307181154	0.16785080590442772	1.2000000000000002
63085.94566713867	750	10.42657676824561	0.0	401088	2476.9619678563677	0.16192739541621337	-0.3500000000000001
63089.884913910224	1200	10.487329996690692	0.0	598727	3939.2467715549164	0.1519902242031077	0.75
63092.58409312947	1200	11.788150777445527	0.0	487812	2699.1792192451667	0.18072605054228966	1.2
63097.60845715749	1850	10.763786749426544	0.0	938587	5024.364028018983	0.18680712519352785	1.2000000000000002
63100.95749552449	1200	11.414748382432292	0.0	605884	3349.0383669942503	0.1809128273868593	0.5499999999999999
63106.069023449316	1850	10.303220457607543	0.0	930577	5111.52792482475	0.18205456640088785	1.2000000000000002
63109.32131763653	1200	11.050926270387128	0.0	566904	3252.2941872204146	0.17430895465348617	0.5499999999999999
63114.66236745918	1850	9.70987644773309	0.0	1025005	5341.0498226540385	0.1919107729818295	1.2000000000000002
63117.232910773884	1200	11.139333133040761	0.0	599477	2570.543314692328	0.23321023091639764	0.5499999999999999
63121.54374000408	1850	10.828503902836529	0.0	973972	4310.829230204234	0.22593611298164468	1.2000000000000002
63123.71217265765	1200	12.660071249264561	0.0	630203	2168.432653571966	0.29062604225309635	0.5499999999999999
63127.14011789137	1850	13.232126015547335	0.0	982064	3427.945233717227	0.2864876574865988	1.2000000000000002
63131.32139557999	2850	13.050848326933224	0.0	1231456	4181.27768861411	0.294516674497208	1.85
63136.21031478254	2850	12.161929124380244	0.0	1364537	4888.919202552982	0.2791081102930566	2.85

