67794.1194379181	750	4.0	1.4658469591728849	450283	1465.846959172885	1	-5.553141924443405
67795.31655617764	750	6.802881740446725	0.0	398865	1197.1182595532755	1	0.75
67797.08514124596	750	9.034296672138085	0.0	350812	1768.585068308639	1	0.75
67802.94516160204	300	7.174276316066818	0.0	382355	5860.020356071267	0	0.75
67803.67295622306	750	10.446481695046707	0.0	163442	727.7946210201115	1	-0.15000000000000002
67804.69610334431	750	13.423334573793074	0.0	318564	1023.1471212536329	1	0.3
67805.16352717596	1850	16.955910742130325	0.0	352642	467.423831662751	3	0.75
67806.40861226784	1850	19.71082565025659	0.0	1060487	1245.0850918737299	3	0.75
67808.6284612182	1850	21.490976699892702	0.0	852833	2219.848950363891	3	1.85
67810.08785413073	1850	24.031583787368746	0.0	913888	1459.3929125239547	3	1.85
67811.56666504154	1850	26.552772876559356	0.0	939819	1478.8109108093872	3	1.85
67813.56249196727	1850	28.55694595082351	0.0	917428	1995.8269257358456	3	1.85
67816.62086276636	1850	29.498575151748337	0.0	946851	3058.3707990751773	3	1.85
67826.00118762413	1850	24.118250293978782	0.0	1036454	9380.324857769556	3	1.85
67831.74441160905	1850	22.375026309046195	0.0	821631	5743.223984932587	3	1.85
67833.20473457748	1850	24.914703340616924	0.0	923170	1460.3229684292726	3	1.85
67835.03181486014	1850	27.087623057954936	0.0	966699	1827.0802826619858	3	1.85
67838.3187434369	1850	27.800694481189826	0.0	885714	3286.928576765113	3	1.85
67845.57110858223	1850	24.54832933585832	0.0	987708	7252.365145331504	3	1.85
67849.18390748918	1850	24.9355304289094	0.0	923755	3612.7989069489226	3	1.85
67851.95173620357	1850	26.167701714519072	0.0	891604	2767.828714390324	3	1.85
67854.84445304246	1850	27.274984875623847	0.0	955231	2892.716838895226	3	1.85
67861.41159395158	1850	24.707843966505102	0.0	968026	6567.140909118745	3	1.85
67867.50454299356	1850	22.614894924524577	0.0	874175	6092.9490419805215	3	1.85
67871.8771334465	1850	22.242304471585328	0.0	897976	4372.59045293925	3	1.85
67874.61150694595	1850	23.50793097212984	0.0	905935	2734.3734994554866	3	1.85
67878.52293184421	1850	23.596506073863097	0.0	1076599	3911.424898266745	3	1.85
67881.90890698328	1850	24.210530934803327	0.0	758197	3385.97513905977	3	1.85
67889.52061310325	1850	20.598824814845397	0.0	972798	7611.706119957929	3	1.85
67893.23169697664	1850	20.887740941441738	0.0	975811	3711.0838734036597	3	1.85
67894.43249917567	1850	23.68693874241845	0.0	873429	1200.8021990232846	3	1.85
67897.10349540891	1850	25.015942509181848	0.0	954453	2670.9962332366044	3	1.85
67899.50500670812	1850	26.61443120997151	0.0	885062	2401.511299210339	3	1.85
67901.68643542194	1850	28.433002496144937	0.0	1035329	2181.4287138265704	3	1.85
67903.64531393541	1850	30.474123982677547	0.0	1026056	1958.8785134673928	3	1.85
67904.95831844572	1850	33.16111947238275	0.0	943942	1313.0045102947915	3	1.85
67911.54356340096	1850	30.575874517128554	0.0	728962	6585.244955254197	3	1.85
67915.05876598327	1850	31.060671934828378	0.0	938587	3515.202582300179	3	1.85
67917.5127228526	1850	32.60671506549386	0.0	908665	2453.956869334521	3	1.85
67920.37878461354	1850	33.74065330456459	0.0	930577	2866.0617609292653	3	1.85
67925.07123064747	1850	33.04820727062525	0.0	858450	4692.446033939345	3	1.85
67926.80928518984	4300	35.31015272826569	0.0	1025005	1738.0545423595602	5	1.85
67931.73018652263	4300	34.38925139546364	0.0	2121928	4920.901332802056	5	1.8499999999999996
67938.16231640939	4300	31.957121508697938	0.0	2219102	6432.129886765698	5	4.3
67942.17881766138	4300	31.94062025672256	0.0	2124950	4016.501251975379	5	4.3
67949.98434585535	4300	28.135092062738668	0.0	2246506	7805.528193983889	5	4.3
67956.42395958882	4300	25.695478329275456	0.0	1961140	6439.613733463216	5	4.3
67967.73059565315	4300	18.388842264954658	0.0	2155012	11306.636064320795	5	4.3

