22643.777511212873	750	4.0	2.2049407451456746	450283	2204.9407451456746	0.20421546519620914	-8.7312452041264
22644.674235483897	300	7.103275728976445	0.0	155580	896.7242710235543	0.17349814767745186	-0.15000000000000002
22646.445154356785	750	9.332356856087701	0.0	350812	1770.9188728887452	0.19809603103260798	0.3
22649.362399197507	1200	10.415112015366383	0.0	617681	2917.2448407213174	0.21173437051902447	0.75
22652.914279229153	1200	10.863231983720569	0.0	652874	3551.8800316458146	0.18381082530467155	1.2
22655.45159956744	1200	12.325911645433195	0.0	520315	2537.320338287374	0.20506476543328356	1.2
22659.85652174798	1850	11.920989464891466	0.0	905515	4404.922180541726	0.2055688983564831	1.2000000000000002
22664.74815507591	1850	11.029356136958922	0.0	1060487	4891.633327932544	0.2167960942502239	1.85
22668.8963456232	1850	10.881165589667589	0.0	852833	4148.190547291333	0.20559156824579314	1.85
22671.507286761058	1200	12.27022445181173	0.0	560821	2610.9411378558593	0.21479649306094808	0.5499999999999999
22675.667864090607	1850	12.109647122260347	0.0	939819	4160.577329551384	0.22588668003470003	1.2000000000000002
22680.707954757854	1850	11.069556455011565	0.0	917428	5040.090667248782	0.182026090514914	1.85
22685.778519639596	1850	9.998991573271276	0.0	946851	5070.56488174029	0.1867348159590115	1.85
22689.376821263548	1200	10.400689949318393	0.0	687371	3598.301623952885	0.19102650968011242	0.5499999999999999
22692.254696168086	1200	11.522815044782176	0.0	526950	2877.874904536216	0.1831038587429222	1.2
22696.65778125332	1850	11.119729959543742	0.0	923170	4403.085085238434	0.20966435627032834	1.2000000000000002
22701.55248874235	1850	10.2250224705183	0.0	966699	4894.707489025441	0.19749882953526082	1.85
22704.60014970546	1200	11.177361507404584	0.0	581493	3047.660963113718	0.19079976645627383	0.5499999999999999
22709.44338141692	1850	10.334129795947842	0.0	987708	4843.231711456741	0.20393573110771493	1.2000000000000002
22712.633980348797	1200	11.143530864071971	0.0	586839	3190.5989318758693	0.18392753603003809	0.5499999999999999
22716.81356404839	1850	10.963947164481484	0.0	891604	4179.583699590488	0.2133236379707765	1.2000000000000002
22720.22845771088	1200	11.549053501989395	0.0	616206	3414.8936624920907	0.18044661441970367	0.5499999999999999
22725.330906467374	1850	10.446604745497076	0.0	968026	5102.448756492317	0.1897179268617428	1.2000000000000002
22728.03215081984	1200	11.745360393032625	0.0	536667	2701.2443524644523	0.19867399241774533	0.5499999999999999
22732.27160874984	1850	11.505902463031742	0.0	897976	4239.457930000883	0.21181387215695593	1.2000000000000002
22736.873608632635	1850	10.903902580234995	0.0	905935	4601.9998827967465	0.1968568064042282	1.85
22740.415704669645	1200	11.361806543224764	0.0	696376	3542.0960370102307	0.19659997716713198	0.5499999999999999
22744.193798487762	1850	11.583712725108002	0.0	758197	3778.093818116762	0.20068241724551264	1.2000000000000002
22748.569791642087	1850	11.207719570782523	0.0	972798	4375.993154325478	0.22230336421765917	1.85
22753.072590597552	1850	10.704920615318517	0.0	975811	4502.798955464006	0.2167120961098838	1.85
22756.187857942667	1200	11.58965327020169	0.0	570392	3115.267345116827	0.18309568226755493	0.5499999999999999
22761.370279496125	1850	10.407231716742007	0.0	954453	5182.4215534596815	0.18417123928539278	1.2000000000000002
22764.18761224819	1200	11.589898964673445	0.0	584349	2817.3327520685634	0.20741213460531235	0.5499999999999999
22769.286166489117	1850	10.491344723750213	0.0	1035329	5098.554240923231	0.20306325108596385	1.2000000000000002
22772.715799992588	1200	11.061711220281067	0.0	690253	3429.633503469145	0.20126144653701186	0.5499999999999999
22777.45681629646	1850	10.320694916406836	0.0	943942	4741.016303874232	0.1991011925499256	1.2000000000000002
22779.885546764315	1200	11.891964448553285	0.0	487812	2428.730467853551	0.2008506116494333	0.5499999999999999
22784.273101951414	1850	11.504409261455352	0.0	938587	4387.555187097933	0.2139202722190284	1.2000000000000002
22788.670553537308	1850	11.106957675558176	0.0	908665	4397.451585897176	0.20663445230736122	1.85
22793.037357424524	1850	10.740153788343358	0.0	930577	4366.803887214819	0.2131025399891565	1.85
22795.56983207348	1200	12.207679139387942	0.0	566904	2532.474648955417	0.22385377094844122	0.5499999999999999
22800.13360879335	1850	11.64390241952044	0.0	1025005	4563.776719867502	0.22459578172127548	1.2000000000000002
22805.321169267965	1850	10.4563419449065	0.0	886255	5187.560474613941	0.17084234571086232	1.85
22808.968873883892	1200	10.80863732897721	0.0	634861	3647.70461592929	0.17404397198928967	0.5499999999999999
22812.120894716758	1200	11.656616496109239	0.0	630203	3152.0208328679723	0.1999361785393368	1.2
22817.108527513366	1850	10.668983699501808	0.0	982064	4987.6327966074305	0.1968998200244405	1.2000000000000002
22819.73568891941	1200	12.041822293457312	0.0	538612	2627.1614060444977	0.20501671452723724	0.5499999999999999
22824.104838654825	1850	11.67267255804235	0.0	846370	4369.1497354149615	0.1937150363924563	1.2000000000000002

