34621.91299844226	2850	4.0	71.72932638428236	450283	71729.32638428237	4	-307.68610345241416
34883.61294459407	2850	4.0	257.6999461518094	1431809	261699.94615180942	4	-1107.3597684527804
34932.12502186073	4300	4.0	44.5120772666596	1300868	48512.0772666596	5	-188.55193224663628
35062.52413970071	2850	4.0	126.39911783998076	2160877	130399.11783998075	4	-540.6662067119173
35114.319228342145	2850	4.0	47.79508864143756	1472558	51795.088641437556	4	-204.1188811581815
35144.65557771808	2850	4.0	26.33634937593372	1224260	30336.34937593372	4	-110.396302316515
35215.76803032214	2850	4.0	67.1124526040622	1388403	71112.4526040622	4	-285.73354619746743
35290.139726115885	4300	4.0	70.37169579373959	1638769	74371.6957937396	5	-299.7482919130802
35389.51494954706	4300	4.0	95.37522343117604	2055469	99375.22343117604	5	-407.26346075405695
35451.06141092695	4300	4.0	57.546461379896776	2169201	61546.46137989678	5	-243.1497839335561
35489.89035591142	4300	4.0	34.828944984463874	2173522	38828.94498446387	5	-145.46446343319465
35548.55442304848	4300	4.0	54.66406713706319	2102452	58664.06713706319	5	-230.7554886893717
35601.76056859032	4300	4.0	49.20614554184242	2209463	53206.145541842416	5	-207.28642582992236
35681.659839776075	4300	4.0	75.8992711857578	2275376	79899.2711857578	5	-322.0668660987585
35733.90206221301	4300	4.0	48.242222436933226	2005399	52242.222436933225	5	-203.14155647881284
35797.59650340087	4300	4.0	59.69444118785848	2152483	63694.44118785848	5	-252.38609710779144
35905.064137937756	2850	4.0	103.46763453688591	2289689	107467.6345368859	4	-440.61082850860936
35975.00369765886	4300	4.0	65.93955972110142	1358801	69939.55972110142	5	-282.1401068007361
36052.12591959807	4300	4.0	73.12222193920564	2220726	77122.22193920564	5	-311.57555433858425
36164.40228550712	4300	4.0	108.27636590905306	2156729	112276.36590905306	5	-461.2883734089281
36281.175373386424	4300	4.0	112.77308787930775	2039773	116773.08787930776	5	-480.6242778810233
36399.55370790692	4300	4.0	114.37833452048625	2176469	118378.33452048624	5	-487.52683843809086
36463.276977203815	4300	4.0	59.72326929690024	2221506	63723.26929690024	5	-252.51005797667102
36516.36183610812	4300	4.0	49.084858904301996	2044075	53084.858904302	5	-206.76489328849857
36569.17850220719	4300	4.0	48.81666609906778	2186790	52816.666099067785	5	-205.61166422599143
36603.02470845881	4300	4.0	29.846206251617915	2105231	33846.206251617914	5	-124.03868688195702
36636.21364777665	4300	4.0	29.18893931783857	2395588	33188.93931783857	5	-121.21243906670585
36669.17556809422	4300	4.0	28.96192031757768	1972048	32961.92031757768	5	-120.23625736558402
36698.94692289446	4300	4.0	25.771354800231464	2134614	29771.354800231464	5	-106.5168256409953
36718.373545911214	4300	4.0	15.426623016761184	2164140	19426.623016761183	5	-62.03447897207309
36759.43449893539	4300	4.0	37.060953024175824	2113193	41060.953024175826	5	-155.062098003956
36819.46419958058	4300	4.0	56.02970064518595	2147852	60029.70064518595	5	-236.62771277429954
36881.6961731152	1200	4.0	58.23197353461224	2191074	62231.97353461224	2	-246.0974861988326
36901.54324683678	2850	4.0	15.84707372158968	670129	19847.07372158968	4	-70.04241700283562
36935.05806134681	4300	4.0	29.514814510035052	1492672	33514.81451003505	5	-125.71370239315073
36982.47712325162	4300	4.0	43.4190619048073	2143948	47419.0619048073	5	-183.85196619067136
37043.53940385792	2850	4.0	57.06228060629572	1919781	61062.280606295724	4	-241.0678066070716
37065.76069160453	4300	4.0	18.221287746615566	1499009	22221.287746615566	5	-76.95153731044694
37084.786266456016	4300	4.0	15.025574851479622	2133870	19025.57485147962	5	-61.759971861362374
37102.293281092796	4300	4.0	13.507014636778571	2146120	17507.01463677857	5	-53.78016293814785
37117.16260315699	4300	4.0	10.86932206419612	2108491	14869.322064196122	5	-42.43808487604332
37133.606226774915	4300	4.0	12.443623617925965	2184571	16443.623617925965	5	-49.20758155708165
37149.04877070985	4300	4.0	11.442543934934344	2121928	15442.543934934343	5	-44.90293892021768
37163.28289144298	4300	4.0	10.234120733125387	2219102	14234.120733125386	5	-39.70671915243916
37179.29265939776	1850	4.0	12.00976795478393	2124950	16009.76795478393	3	-47.3420022055709
37184.39590683707	1850	4.0	1.1032474393124077	982064	5103.247439312408	3	-5.343963989043353
37191.49172436788	1850	4.0	3.0958175308140743	830730	7095.817530814074	3	-11.46201538250052
37197.63357781838	1200	4.0	2.141853450501121	846370	6141.853450501121	2	-7.3599698371548214

