14977.46328232265	750	4.0	2.144963695830599	450283	2144.963695830599	-8.473343892071576
14978.56277647569	750	6.900505846958334	0.0	398865	1099.4941530416666	0.75
14982.196226023398	750	7.2670562992495995	0.0	350812	3633.4495477087335	0.75
14983.22447362693	300	10.238808695718177	0.0	155432	1028.247603531422	-0.15000000000000002
14983.726771640004	300	13.736510682644255	0.0	163442	502.2980130739219	0.3
14984.62987062458	750	16.833411698069416	0.0	318564	903.0989845748392	0.3
14988.52754220089	1850	16.93574012175716	0.0	905515	3897.6715763122547	0.75
14992.562448772862	1850	16.900833549785844	0.0	1060487	4034.9065719713203	1.85
14995.940099315618	1850	17.523183007030493	0.0	852833	3377.6505427553475	1.85
14998.483070824926	1850	18.98021149772099	0.0	913888	2542.9715093095033	1.85
15001.424878451186	1850	20.038403871463068	0.0	939819	2941.8076262579216	1.85
15008.319036580437	1850	17.144245742212217	0.0	917428	6894.158129250848	1.85
15010.553921598648	1850	18.90936072400007	0.0	946851	2234.885018212146	1.85
15017.7100484108	1850	15.753233911849849	0.0	1036454	7156.126812150221	1.85
15029.532275779346	1850	7.931006543304042	0.0	821631	11822.227368545808	1.85
15030.874369191313	750	10.58891313133627	0.0	366214	1342.0934119677702	-0.3500000000000001
15031.8053717139	750	13.657910608750962	0.0	360831	931.0025225853084	0.75
15039.377858253418	1850	10.085424069232532	0.0	885714	7572.48653951843	0.75
15040.527279160504	750	12.936003162146017	0.0	405596	1149.4209070865165	-0.3500000000000001
15043.246625036387	1850	14.216657286262711	0.0	923755	2719.345875883305	0.75
15046.82563547167	1850	14.63764685097907	0.0	891604	3579.01043528364	1.85
15049.640801711557	1850	15.822480611091487	0.0	955231	2815.166239887584	1.85
15052.533991983495	1850	16.929290339152434	0.0	968026	2893.190271939053	1.85
15060.110759820474	1850	13.352522502173072	0.0	874175	7576.767836979363	1.85
15062.589145010592	1850	14.87413731205494	0.0	897976	2478.385190118131	1.85
15066.141966232732	1850	15.321316089915019	0.0	905935	3552.821222139921	1.85
15070.413298183461	1850	15.049984139185446	0.0	1076599	4271.331950729572	1.85
15074.335330323089	1850	15.127951999558258	0.0	758197	3922.032139627188	1.85
15079.731762363755	1850	13.731519958891838	0.0	972798	5396.432040666422	1.85
15087.537247360806	1850	9.92603496184195	0.0	975811	7805.484997049886	1.85
15088.507969905444	750	12.955312417203858	0.0	358218	970.7225446380909	-0.3500000000000001
15097.862184448592	1850	7.6010978740548545	0.0	954453	9354.214543149004	0.75
15098.770846808464	750	10.692435514184057	0.0	369834	908.6623598707962	-0.3500000000000001
15101.437491794226	1850	12.025790528420876	0.0	1035329	2666.644985763182	0.75
15109.70334339337	1850	7.759938929277774	0.0	1026056	8265.851599143101	1.85
15111.995919735335	750	9.46736258731426	0.0	365161	2292.576341963513	-0.3500000000000001
15113.623862293645	750	11.83942002900355	0.0	321064	1627.9425583107118	0.75
15118.519127622905	750	10.944154699743823	0.0	361565	4895.265329259725	0.75
15119.99172000555	750	13.471562317100146	0.0	378327	1472.5923826436772	0.75
15121.074488597169	750	16.388793725481005	0.0	390680	1082.7685916191413	0.75
15129.252130037967	1850	12.211152284683427	0.0	858450	8177.641440797579	0.75
15134.568380782366	750	10.894901540284925	0.0	384505	5316.2507443985005	-0.3500000000000001
15135.471216165339	750	13.992066157310845	0.0	372093	902.8353829740801	0.75
15143.566133878488	1850	9.897148444162088	0.0	973972	8094.917713148755	0.75
15144.526060225813	750	12.937222096838138	0.0	398987	959.9263473239521	-0.3500000000000001
15146.653335763769	1850	14.809946558881906	0.0	982064	2127.2755379562313	0.75
15148.45046680486	1850	17.01281551779112	0.0	830730	1797.1310410907902	1.85
15150.35835214418	1850	19.10493017847119	0.0	846370	1907.8853393199286	1.85

