62725.215442054294	300	4.0	5.693850784454754	450283	5693.850784454754	0	-23.73355837315544
62726.99162303214	300	6.22381902215628	0.0	155580	1776.1809778437198	0	-0.15000000000000002
62728.72682231913	300	8.488619735163512	0.0	139857	1735.199286992766	0	0.3
62730.5598028699	300	10.655639184390292	0.0	155432	1832.9805507732199	0	0.3
62732.3486295263	300	12.866812527988285	0.0	163442	1788.8266564020075	0	0.3
62733.69805303328	750	15.517389021012958	0.0	126289	1349.4235069753288	1	0.3
62738.153751313126	750	15.061690741161197	0.0	352642	4455.698279851759	1	0.3
62743.54795019376	750	13.667491860534136	0.0	437162	5394.198880627061	1	0.75
62749.96045204266	750	11.254990011626385	0.0	374758	6412.501848907752	1	0.75
62753.805818163724	750	11.409623890568607	0.0	362795	3845.3661210577775	1	0.75
62759.25810584304	300	9.957336211254994	0.0	353220	5452.287679313615	0	0.75
62760.96892831251	300	12.24651374177929	0.0	156148	1710.8224694757027	0	-0.15000000000000002
62762.67385729244	750	14.541584761850716	0.0	160746	1704.9289799285739	1	0.3
62767.366082910616	750	13.849359143677061	0.0	434409	4692.225618173656	1	0.3
62771.01718830557	750	14.19825374872297	0.0	337059	3651.1053949540906	1	0.75
62779.72788638406	300	9.487555670226945	0.0	366214	8710.698078496025	0	0.75
62781.275444351704	300	11.939997702586572	0.0	143509	1547.5579676403718	0	-0.15000000000000002
62782.90555859651	300	14.309883457775731	0.0	150616	1630.1142448108399	0	0.3
62786.545412120606	750	14.670029933685122	0.0	165384	3639.85352409061	1	0.3
62790.34418067171	750	14.871261382584429	0.0	350713	3798.7685511006935	1	0.3
62794.230353297586	750	14.985088756705766	0.0	386472	3886.172625878663	1	0.75
62798.73880279177	750	14.47663926252602	0.0	399894	4508.449494179747	1	0.75
62804.97280900304	750	12.242633051252902	0.0	401853	6234.006211273117	1	0.75
62808.49996782176	750	12.715474232539702	0.0	343800	3527.1588187132	1	0.75
62812.19700481629	750	13.018437237999118	0.0	359903	3697.036994540584	1	0.75
62816.09503714465	750	13.120404909639339	0.0	379700	3898.0323283597786	1	0.75
62820.57297689264	750	12.642465161647422	0.0	425781	4477.939747991917	1	0.75
62823.529457723016	750	13.68598433127286	0.0	277716	2956.480830374562	1	0.75
62827.68704804451	750	13.528394009778173	0.0	400396	4157.590321494685	1	0.75
62832.08316854752	750	13.13227350676681	0.0	400508	4396.120503011365	1	0.75
62835.90740552393	750	13.308036530354821	0.0	358218	3824.236976411989	1	0.75
62840.85625978802	750	12.35918226626367	0.0	400322	4948.85426409115	1	0.75
62846.704544601576	750	10.510897452708402	0.0	369834	5848.284813555267	1	0.75
62850.903388621475	750	10.312053432813522	0.0	412837	4198.844019894882	1	0.75
62855.17953005363	750	10.035912000651885	0.0	401088	4276.141432161637	1	0.75
62859.01474656105	300	10.200695493228444	0.0	365161	3835.216507423442	0	0.75
62860.43233235402	300	12.783109700252533	0.0	131610	1417.5857929759113	0	-0.15000000000000002
62861.72050756481	750	15.494934489467798	0.0	124011	1288.1752107847353	1	0.3
62865.5803366845	750	15.635105369771441	0.0	378327	3859.8291196963555	1	0.3
62869.57311992051	750	15.642322133757963	0.0	390680	3992.783236013478	1	0.75
62873.129511311316	750	16.08593074296046	0.0	345516	3556.3913907975016	1	0.75
62877.08506055183	750	16.130381502443466	0.0	384505	3955.549240516993	1	0.75
62881.75672333573	750	15.458718718537195	0.0	372093	4671.662783906273	1	0.75
62889.030115396745	750	12.18532665753091	0.0	438281	7273.392061006284	1	0.75
62893.33411723889	750	11.881324815387353	0.0	398987	4304.001842143555	1	0.75
62899.279338484346	750	9.936103569928054	0.0	393804	5945.2212454593	1	0.75
62905.41381640274	300	7.801625651537152	0.0	331053	6134.477918390903	0	0.75
62906.69703293753	300	10.518409116746364	0.0	118421	1283.2165347907892	0	-0.15000000000000002

