1831.4121768997395	750	4.0	3.9369563924388737	450283	3936.9563924388735	1	-16.178912487487157
1834.4530174718025	750	4.959159427937137	0.0	398865	3040.8405720628634	1	0.75
1837.2013159869186	750	6.210860912820838	0.0	350812	2748.2985151162984	1	0.75
1839.916942090846	750	7.49523480889354	0.0	382355	2715.626103927298	1	0.75
1842.6665339642284	750	8.745642935511224	0.0	411561	2749.5918733823146	1	0.75
1844.903043363913	750	10.50913353582671	0.0	318564	2236.509399684516	1	0.75
1849.1747252679413	300	10.237451631798235	0.0	352642	4271.681904028476	0	0.75
1850.5320004985117	750	12.88017640122801	0.0	173849	1357.2752305702256	1	-0.15000000000000002
1853.2579666211357	750	14.154210278603971	0.0	374758	2725.9661226240387	1	0.3
1855.9272875673144	750	15.48488933242513	0.0	362795	2669.320946178842	1	0.75
1858.4422349274435	750	16.96994197229608	0.0	353220	2514.947360129049	1	0.75
1861.401539111367	750	18.01063778837264	0.0	405134	2959.3041839234397	1	0.75
1865.1115893704668	750	18.300587529272743	0.0	386351	3710.050259099899	1	0.75
1868.462046899814	750	18.950129999925508	0.0	434409	3350.4575293472335	1	0.75
1871.0186902055432	750	20.39348669419637	0.0	337059	2556.643305729141	1	0.75
1874.0824952873925	750	21.329681612346832	0.0	366214	3063.805081849538	1	0.75
1876.8012978281824	750	22.61087907155697	0.0	360831	2718.802540789862	1	0.75
1879.583351203758	750	23.82882569598118	0.0	372963	2782.0533755757892	1	0.75
1882.574483384878	750	24.837693514861215	0.0	405596	2991.132181119966	1	0.75
1885.0750469575305	750	26.337129942208605	0.0	350713	2500.5635726526075	1	0.75
1889.3573132411013	750	26.054863658637885	0.0	386472	4282.266283570718	1	0.75
1894.2230599181648	750	25.18911698157453	0.0	399894	4865.746677063357	1	0.75
1897.214050866286	750	26.19812603345322	0.0	401853	2990.9909481213085	1	0.75
1901.562623151187	750	25.84955374855241	0.0	343800	4348.572284900811	1	0.75
1904.1807091309206	1850	27.231467768818632	0.0	359903	2618.08597973378	3	0.75
1910.5093670253736	1850	24.90280987436569	0.0	905935	6328.65789445294	3	0.75
1919.3064032805244	1850	20.105773619215093	0.0	1076599	8797.0362551506	3	1.85
1924.6745507046114	1850	18.737626195127838	0.0	758197	5368.147424087253	3	1.85
1931.5012844620633	1850	15.9108924376759	0.0	972798	6826.73375745194	3	1.85
1939.2526530377904	1850	12.159523861948845	0.0	975811	7751.368575727055	3	1.85
1945.7492298446512	750	9.662947055088058	0.0	873429	6496.576806860787	1	1.85
1948.721148618762	750	10.691028280977042	0.0	400322	2971.918774111017	1	-0.3500000000000001
1951.2804490745123	750	12.131727825226921	0.0	369834	2559.30045575012	1	0.75
1954.050368596545	750	13.361808303194268	0.0	412837	2769.9195220326524	1	0.75
1958.6449095692074	750	12.76726733053177	0.0	401088	4594.540972662498	1	0.75
1961.3941450466896	750	14.018031853049562	0.0	365161	2749.2354774822074	1	0.75
1963.7177209031156	750	15.694455996623624	0.0	321064	2323.575856425937	1	0.75
1966.3497062430745	750	17.06247065666473	0.0	361565	2631.985339958897	1	0.75
1969.066296393084	750	18.345880506655128	0.0	378327	2716.590150009603	1	0.75
1972.2691679840193	750	19.143008915719967	0.0	390680	3202.871590935157	1	0.75
1975.3463973400967	750	20.065779559642515	0.0	345516	3077.229356077456	1	0.75
1978.3479799169563	750	21.06419698278299	0.0	384505	3001.5825768595228	1	0.75
1981.1824668457284	750	22.229710054010795	0.0	372093	2834.4869287721945	1	0.75
1984.7723578695322	750	22.639819030207054	0.0	438281	3589.8910238037383	1	0.75
1987.6994267648251	750	23.712750134914035	0.0	398987	2927.0688952930172	1	0.75
1990.684410071494	750	24.727766828245002	0.0	393804	2984.9833066690335	1	0.75
1993.096147298029	750	26.316029601709975	0.0	331053	2411.737226535028	1	0.75
1995.3074515876688	1850	28.104725312070236	0.0	314107	2211.3042896397365	3	0.75

