88121.13646343721	300	4.0	6.688240914189053	181801	6688.240914189053	-28.459435931012926
88124.64332974135	300	4.493133695874661	0.0	155580	3506.8663041253385	0.3
88127.6295538675	300	5.506909569711915	0.0	139857	2986.224126162746	0.3
88133.42136033914	300	4.0	0.2848969019244278	155432	5791.806471636343	-0.9250566782750393
88138.61810231225	300	4.0	1.196741973116954	163442	5196.741973116954	-4.845990484402902
88144.49426138167	300	4.0	1.8761590694261694	126289	5876.1590694261695	-7.767483998532529
88148.47429138709	300	4.01996999458682	0.0	153295	3980.03000541318	0.3
88152.14803759189	300	4.3462237897731155	0.0	173849	3673.746204813705	0.3
88155.0359518869	300	5.458309494764299	0.0	150710	2887.9142950088167	0.3
88157.5714560244	300	6.922805357262774	0.0	139105	2535.5041375015244	0.3
88160.15523882776	300	8.339022553889667	0.0	141840	2583.782803373108	0.3
88162.99158877968	300	9.50267260196423	0.0	156148	2836.3499519254374	0.3
88168.84131692412	300	7.652944457532436	0.0	160746	5849.728144431794	0.3
88175.785562345	300	4.708699036657204	0.0	179801	6944.245420875232	0.3
88178.98823171538	300	5.506029666272616	0.0	140051	3202.669370384588	0.3
88181.3799413966	300	7.114319985038784	0.0	138313	2391.7096812338323	0.3
88186.12912248998	300	6.365138891671659	0.0	143509	4749.181093367125	0.3
88188.87741293249	300	7.616848449159069	0.0	150616	2748.29044251259	0.3
88191.11224595341	300	9.38201542822966	0.0	165384	2234.8330209294077	0.3
88193.22641498107	300	11.267846400580536	0.0	140881	2114.1690276491245	0.3
88195.81075932662	300	12.683502055019899	0.0	157671	2584.3443455606375	0.3
88199.41310118703	300	13.081160194600617	0.0	157812	3602.3418604192816	0.3
88208.93821932872	750	7.556042052914032	0.0	401853	9525.118141686586	0.3
88212.25362703422	300	8.240634347420418	0.0	137654	3315.4077054936142	-0.15000000000000002
88222.87690346225	300	4.0	2.382642080615857	146754	10623.276428036275	-9.945360946648183
88227.73213895223	300	4.0	0.8552354899863385	153938	4855.2354899863385	-3.3775126069412553
88233.07265718847	300	4.0	1.3405182362468777	181901	5340.518236246878	-5.464228415861574
88236.00454833542	300	5.068108853056614	0.0	111155	2931.8911469433865	0.3
88240.17446490616	300	4.898192282323247	0.0	153605	4169.916570733367	0.3
88243.11274064965	300	5.9599165388229265	0.0	149029	2938.2757435003205	0.3
88247.0151046661	300	6.057552522383732	0.0	157421	3902.364016439194	0.3
88249.7734876711	300	7.299169517381046	0.0	157488	2758.383005002687	0.3
88252.34098247443	300	8.731674714054684	0.0	143881	2567.4948033263636	0.3
88256.07687220314	300	8.995784985343164	0.0	163444	3735.8897287115196	0.3
88262.36817797556	300	6.7044792129302415	0.0	179328	6291.305772412922	0.3
88265.61240969234	300	7.460247496131351	0.0	159914	3244.23171679889	0.3
88268.1067584748	300	8.965898713676243	0.0	131610	2494.3487824551084	0.3
88270.82923856314	300	10.243418625343942	0.0	124011	2722.4800883323005	0.3
88273.8946971917	300	11.177959996786019	0.0	144254	3065.4586285579226	0.3
88276.86368603003	300	12.208971158455709	0.0	149991	2968.98883833031	0.3
88279.68447210883	300	13.388185079658896	0.0	147968	2820.7860787968125	0.3
88292.07154637932	750	5.001110809178162	0.0	384505	12387.074270480734	0.3
88295.92643469329	300	5.14622249519487	0.0	145210	3854.888313983293	-0.15000000000000002
88300.25222044047	300	4.820436748028756	0.0	172312	4325.785747166114	0.3
88305.04735033041	300	4.025306858077752	0.0	167025	4795.129889951005	0.3
88309.95993256517	300	4.0	0.8872753766813921	160064	4912.582234759144	-3.5152841197299862
88312.10794703865	300	5.851985526515531	0.0	137507	2148.0144734844694	0.3
88313.9689206761	300	7.991011889067951	0.0	118421	1860.9736374475797	0.3

