55928.49821753134	300	4.0	2.067801742411527	181801	2067.8017424115274	-8.591547492369566
55929.77102486402	300	6.727192667316975	0.0	155580	1272.8073326830256	0.3
55931.106505296695	300	9.39171223464374	0.0	139857	1335.4804326732344	0.3
55932.64877505015	300	11.849442481191025	0.0	155432	1542.2697534527133	0.3
55934.26640110555	300	14.231816425785327	0.0	163442	1617.6260554056978	0.3
55935.51537806564	300	16.98283946569627	0.0	126289	1248.9769600890559	0.3
55936.80743944094	300	19.69077809039462	0.0	153295	1292.0613753016494	0.3
55937.91882835003	300	22.57938918130787	0.0	173849	1111.3889090867497	0.3
55938.892941186394	300	25.60527634494721	0.0	150710	974.1128363606579	0.3
55939.79820537657	300	28.700012154767734	0.0	139105	905.2641901794793	0.3
55940.71969542176	300	31.778522109585627	0.0	141840	921.4900451821095	0.3
55941.54175079889	300	34.95646673245485	0.0	156148	822.0553771307785	0.3
55942.37715679286	300	38.12106073847634	0.0	160746	835.4059939785125	0.3
55944.15089498885	750	40.34732254249041	0.0	434409	1773.7381959859285	0.3
55944.73670451103	300	43.7615130203104	0.0	140051	585.8095221799999	-0.15000000000000002
55947.31999233606	300	45.17822519528401	0.0	138313	2583.2878250263984	0.3
55948.1632796923	300	48.33493783904088	0.0	143509	843.2873562431279	0.3
55949.04436734846	300	51.45385018288054	0.0	150616	881.087656160345	0.3
55949.931523856336	300	54.56669367501067	0.0	165384	887.1565078698724	0.3
55950.67144922646	300	57.82676830488266	0.0	140881	739.9253701280026	0.3
55952.92463143124	300	59.5081939546619	0.0	157671	818.5743502207699	0.3
55955.04206475957	300	59.61678122727149	0.0	157812	891.4127273904104	0.3
55956.53421588214	300	59.94721583200922	0.0	163927	669.56539526227	0.3
55959.11952736641	750	59.78285304221994	0.0	343800	1664.362789789279	0.3
55963.19972819593	750	59.70265221270311	0.0	359903	3580.2008295168375	0.75
55966.700182183005	750	59.622999981169755	0.0	379700	2579.6522315333464	0.75
55970.47424074115	750	59.84894142302371	0.0	425781	3274.058558146044	0.75
55972.96719376827	750	59.61989506630735	0.0	277716	1729.046356716363	0.75
55975.64804116659	750	59.62142470234985	0.0	400396	1998.4703639575039	0.75
55978.41758911667	750	59.530839155792904	0.0	400508	2090.585546556943	0.75
55980.773123540304	750	59.652553145734345	0.0	358218	1878.2860100585629	0.75
55983.04037757194	750	59.9685503834576	0.0	400322	2184.0027622767557	0.75
55985.480482848194	750	59.506623385704046	0.0	369834	1961.9269977535546	0.75
55987.330885925934	750	59.77951105858665	0.0	412837	1727.112327117393	0.75
55989.267085173306	750	59.577056768209914	0.0	401088	1702.4542903767351	0.75
55992.893376675886	750	59.95076526563262	0.0	365161	2126.291502577296	0.75
55994.85977418565	750	59.57158480829058	0.0	321064	1879.1804573420404	0.75
55998.46591440087	750	59.9654445930722	0.0	361565	2106.1402152183828	0.75
56002.40741399745	750	59.76537337710017	0.0	378327	2200.0712159720247	0.75
56006.08843239439	750	59.99607834223364	0.0	390680	2269.295034866532	0.75
56009.47156526624	750	59.97987361389601	0.0	345516	2016.2047283376287	0.75
56013.22887640002	750	59.74518208276732	0.0	384505	2234.691531128689	0.75
56016.999770083996	750	59.580044995103265	0.0	372093	2165.1370876640544	0.75
56021.03581190128	750	59.54400317781971	0.0	438281	2536.0418172835534	0.75
56024.65130211603	750	59.72815732424058	0.0	398987	2315.845853579127	0.75
56027.94254903453	750	59.94135599857614	0.0	393804	2286.801325664431	0.75
56031.24030840478	750	59.506199120369764	0.0	331053	1935.1568782063841	0.75
56034.198300575015	750	59.66600434327131	0.0	314107	1840.1947770984486	0.75

