20933.614652157587	300	4.0	2.1545193483574305	450283	2154.5193483574303	0	-8.51443319793695
20934.502976651478	300	7.111675506108371	0.0	155580	888.3244938916281	0	-0.15000000000000002
20935.311304427098	750	10.303347730487975	0.0	139857	808.327775620396	1	0.3
20937.3671468113	750	12.247505346287824	0.0	382355	2055.8423842001503	1	0.3
20940.151901165555	750	13.46275099203108	0.0	411561	2784.7543542567455	1	0.75
20941.8027086555	750	15.811943502084942	0.0	318564	1650.807489946138	1	0.75
20943.4763124045	750	18.13833975308831	0.0	352642	1673.6037489966318	1	0.75
20945.6150241018	750	19.999628055786815	0.0	437162	2138.7116973014936	1	0.75
20947.910951196573	750	21.703700961016153	0.0	374758	2295.9270947706614	1	0.75
20952.70398195505	750	20.910670202541475	0.0	362795	4793.030758474681	1	0.75
20954.725524509784	1850	22.889127647807115	0.0	353220	2021.5425547343589	3	0.75
20959.09323485834	1850	22.521417299248963	0.0	917428	4367.710348558156	3	0.75
20963.803653480416	1850	21.81099867717752	0.0	946851	4710.418622071443	3	1.85
20968.99117799496	1850	20.623474162630412	0.0	1036454	5187.524514547105	3	1.85
20973.25570451055	1850	20.35894764704234	0.0	821631	4264.526515588072	3	1.85
20977.93081702928	1850	19.68383512831304	0.0	923170	4675.112518729302	3	1.85
20982.506637819766	1850	19.10801433782621	0.0	966699	4575.820790486834	3	1.85
20987.007365541995	1850	18.607286615599385	0.0	885714	4500.727722226824	3	1.85
20991.724521441665	1850	17.890130715927945	0.0	987708	4717.155899671439	3	1.85
20996.039981177848	1850	17.574670979743097	0.0	923755	4315.459736184848	3	1.85
21000.231936267723	1850	17.382715889869118	0.0	891604	4191.955089873978	3	1.85
21004.651459190638	1850	16.963192966954352	0.0	955231	4419.522922914765	3	1.85
21010.3496208926	1850	15.26503126499203	0.0	968026	5698.161701962322	3	1.85
21014.521042591678	1850	15.093609565916722	0.0	874175	4171.4216990753075	3	1.85
21019.402697986916	1850	14.21195417067637	0.0	897976	4881.655395240351	3	1.85
21023.71793312179	1850	13.896719035804342	0.0	905935	4315.235134872028	3	1.85
21029.4020057272	1850	12.212646430393809	0.0	1076599	5684.072605410535	3	1.85
21033.33341512596	1850	12.281237031634058	0.0	758197	3931.40939875975	3	1.85
21037.968623873203	1850	11.646028284387826	0.0	972798	4635.208747246231	3	1.85
21043.51436460028	1850	10.10028755731204	0.0	975811	5545.740727075788	3	1.85
21047.88186778357	1850	9.73278437401995	0.0	873429	4367.5031832920895	3	1.85
21052.493899109508	1850	9.120753048078052	0.0	954453	4612.031325941898	3	1.85
21056.64380413237	1850	8.970848025213698	0.0	885062	4149.905022864354	3	1.85
21061.422683416735	1850	8.191968740848939	0.0	1035329	4778.87928436476	3	1.85
21067.150975743458	750	6.463676414126526	0.0	1026056	5728.292326722411	1	1.85
21069.242596027656	750	8.372056129926921	0.0	365161	2091.6202841996055	1	-0.3500000000000001
21070.983579966818	750	10.631072190768283	0.0	321064	1740.9839391586397	1	0.75
21073.28381899075	750	12.330833166835527	0.0	361565	2300.2390239327547	1	0.75
21075.122700143	750	14.49195201458051	0.0	378327	1838.8811522550159	1	0.75
21077.103539840857	750	16.51111231672338	0.0	390680	1980.8396978571268	1	0.75
21078.952793183325	750	18.66185897425437	0.0	345516	1849.253342469013	1	0.75
21081.474892363833	750	20.139759793749924	0.0	384505	2522.099180504446	1	0.75
21083.43159051177	750	22.183061645812675	0.0	372093	1956.6981479372475	1	0.75
21085.709011563707	1850	23.905640593875543	0.0	438281	2277.421051937133	3	0.75
21090.302349343187	1850	23.31230281439437	0.0	958994	4593.337779481172	3	0.75
21095.422727386816	1850	22.191924770764466	0.0	982064	5120.378043629906	3	1.85
21100.07867497701	1850	21.535977180573486	0.0	830730	4655.947590190979	3	1.85
21104.40760009674	1850	21.207052060842397	0.0	846370	4328.925119731087	3	1.85

