12350.003338850503	750	4.0	1.5043184084931076	450283	1504.3184084931077	-5.7185691565203625
12351.945520994794	750	6.057817855710752	0.0	398865	1942.182144289248	0.75
12354.631561791286	750	7.37177705921761	0.0	350812	2686.040796493142	0.75
12355.87231401539	750	10.13102483511337	0.0	382355	1240.7522241042388	0.75
12357.584375742896	750	12.418963107607793	0.0	411561	1712.0617275055781	0.75
12358.579514081523	750	15.423824768979784	0.0	318564	995.1383386280085	0.75
12361.764138711196	1850	16.239200139307005	0.0	905515	3184.6246296727777	0.75
12365.009208851323	1850	16.994129999180775	0.0	1060487	3245.0701401262286	1.85
12367.697606167212	1850	18.305732683290827	0.0	852833	2688.3973158899503	1.85
12370.958452397485	1850	19.044886453018407	0.0	913888	3260.846230272416	1.85
12373.74074984552	1850	20.262589004983113	0.0	939819	2782.297448035293	1.85
12378.458440722883	1850	19.544898127620282	0.0	917428	4717.69087736283	1.85
12381.279016993682	1850	20.72432185682292	0.0	946851	2820.5762707973627	1.85
12384.342173027926	1850	21.661165822578468	0.0	1036454	3063.1560342444536	1.85
12386.844991191048	1850	23.15834765945482	0.0	821631	2502.8181631236494	1.85
12391.175716440708	1850	22.827622409795218	0.0	923170	4330.7252496596	1.85
12394.025830498678	1850	23.97750835182461	0.0	966699	2850.1140579706075	1.85
12396.797664090143	1850	25.20567476036044	0.0	885714	2771.83359146417	1.85
12399.663028111569	1850	26.34031073893555	0.0	987708	2865.3640214248903	1.85
12402.378479058003	1850	27.624859792500324	0.0	923755	2715.450946435226	1.85
12405.197912725285	1850	28.805426125219324	0.0	891604	2819.4336672810005	1.85
12408.207562771759	1850	29.79577607874658	0.0	955231	3009.650046472745	1.85
12411.260712867985	1850	30.74262598252003	0.0	968026	3053.1500962265527	1.85
12414.580775014107	1850	31.422563836397863	0.0	874175	3320.062146122167	1.85
12417.613142868675	1850	32.39019598182845	0.0	897976	3032.367854569418	1.85
12420.34254008477	1850	33.66079876573451	0.0	905935	2729.3972160939293	1.85
12425.623815366236	1850	32.37952348426809	0.0	1076599	5281.275281466421	1.85
12427.907826678467	1850	34.09551217203625	0.0	758197	2284.011312231842	1.85
12433.227163466541	1850	32.776175383962915	0.0	972798	5319.336788073336	1.85
12436.39414907628	1850	33.609189774223125	0.0	975811	3166.985609739789	1.85
12439.127166014512	1850	34.876172835991554	0.0	873429	2733.0169382315707	1.85
12441.982336204055	1850	36.0210026464487	0.0	954453	2855.1701895428464	1.85
12445.032705856338	1850	36.970632994165676	0.0	885062	3050.369652283025	1.85
12452.327090445817	4300	33.67624840468721	0.0	2286761	7294.38458947847	1.8499999999999996
12459.22345515895	4300	30.779883691553863	0.0	2307787	6896.364713133341	4.3
12466.495067502618	4300	27.508271347887153	0.0	2143948	7271.612343666712	4.3
12474.635169602689	4300	23.36816924781665	0.0	1919781	8140.102100070505	4.3
12481.621995124939	4300	20.381343725566676	0.0	2147467	6986.825522249973	4.3
12488.441116339593	4300	17.56222251091321	0.0	2133870	6819.121214653468	4.3
12496.701758532103	4300	13.301580318403229	0.0	2146120	8260.64219250998	4.3
12499.252576492008	1850	14.750762358497767	0.0	858450	2550.8179599054624	-0.6000000000000001
12502.456959914702	1850	15.546378935805294	0.0	1025005	3204.3834226924746	1.85
12506.570307072372	1850	15.433031778134614	0.0	886255	4113.347157670678	1.85
12509.427962365096	1850	16.575376485408988	0.0	973972	2857.6552927256253	1.85
12512.411010759984	1850	17.592328090520404	0.0	958994	2983.048394888584	1.85
12515.268599286348	1850	18.73473956415695	0.0	982064	2857.5885263634545	1.85
12517.713242870768	1850	20.290095979735785	0.0	830730	2444.6435844211633	1.85
12520.405241645021	1850	21.59809720548259	0.0	846370	2691.9987742532	1.85

