54047.7665902111	300	4.0	2.117151789170142	181801	2117.151789170142	-8.803752693431608
54048.46065625768	300	7.305933953413541	0.0	155580	694.0660465864593	0.3
54048.862472854205	300	10.90411735689285	0.0	139857	401.81659652069175	0.3
54049.22226964899	300	14.544320562108178	0.0	155432	359.7967947846727	0.3
54049.48661963593	300	18.279970575166	0.0	163442	264.34998694217666	0.3
54049.93368683021	750	21.832903380884236	0.0	318564	447.06719428176547	0.3
54050.53062395897	750	25.2359662521324	0.0	352642	596.9371287518359	0.75
54050.828997054974	300	28.937593156128923	0.0	173849	298.3730960034761	-0.15000000000000002
54051.37973352577	750	32.38685668532914	0.0	374758	550.7364707997787	0.3
54051.91544317819	750	35.85114703290329	0.0	362795	535.7096524258473	0.75
54052.43912559782	750	39.32746461327276	0.0	353220	523.6824196305291	0.75
54055.02253260424	750	40.74405760684978	0.0	405134	2583.4070064229786	0.75
54055.54423372364	750	44.222356487451584	0.0	386351	521.7011193981859	0.75
54056.41008011757	1200	47.35651009352003	0.0	687371	865.8463939315558	0.75
54058.04299995626	1850	49.7235902548237	0.0	821631	1632.9198386963296	1.2000000000000002
54060.62509855685	1850	51.14149165424069	0.0	923170	2582.0986005830136	1.85
54062.56201550517	1850	53.204574705912485	0.0	966699	1936.9169483281996	1.85
54064.482057949215	1850	55.28453226187261	0.0	885714	1920.0424440398735	1.85
54071.504796857844	2850	52.26179335324624	0.0	1537156	7022.738908626374	1.85
54078.773522936404	2850	48.99306727468431	0.0	1336050	7268.726078561935	2.85
54084.00036941049	2850	47.76622080059824	0.0	1415116	5226.846474086068	2.85
54089.41254729788	2850	46.354042913210726	0.0	1468126	5412.177887387517	2.85
54092.12456370722	1850	47.6420265038714	0.0	968026	2712.0164093393255	0.8500000000000001
54095.00826780687	1850	48.75832240421668	0.0	874175	2883.704099654725	1.85
54098.21135706165	1850	49.55523314944255	0.0	897976	3203.089254774125	1.85
54100.52456740256	1850	51.24202280853306	0.0	905935	2313.21034090949	1.85
54103.23530374635	1850	52.53128646474026	0.0	1076599	2710.7363437928025	1.85
54105.4587347381	1850	54.307855472986205	0.0	758197	2223.430991754051	1.85
54108.51162865335	1850	55.254961557736635	0.0	972798	3052.893915249571	1.85
54111.75288270638	1850	56.0137075047097	0.0	975811	3241.2540530269307	1.85
54113.71660164669	1850	58.04998856440338	0.0	873429	1963.7189403063273	1.85
54115.85506454834	1850	59.91152566274543	0.0	954453	2138.4629016579424	1.85
54118.89730602826	1850	59.922717903047285	0.0	885062	1988.8077596981534	1.85
54122.588515100724	1850	59.60983023072543	0.0	1035329	2312.8876723218596	1.85
54125.7972078821	1850	59.639644554412264	0.0	1026056	1970.1856763131684	1.85
54128.24751993314	1850	59.93974206137118	0.0	943942	1699.9024930410815	1.85
54130.78364028661	1850	59.73038667698664	0.0	728962	1709.3553843845389	1.85
54134.11585366732	1850	59.71766232337299	0.0	938587	2512.724353613649	1.85
54136.77178296847	1850	59.52994236944655	0.0	908665	1687.7199539264423	1.85
54138.66829343409	1850	59.8937917215477	0.0	930577	1636.1506478988517	1.85
54140.89827565474	1850	59.515980475037	0.0	858450	1377.8112465107008	1.85
54142.914974089574	1850	59.915716819191	0.0	1025005	1600.2636558459988	1.85
54144.58198596812	1850	59.72142834490711	0.0	886255	1194.2884742838876	1.85
54146.17385917758	1850	59.9168532803092	0.0	973972	1304.5750645979167	1.85
54148.714767233505	1850	59.695048496275795	0.0	958994	2221.804784033396	1.85
54150.71850536422	1850	59.614730993370145	0.0	982064	1580.3175029056492	1.85
54152.84382622217	2850	59.695780881297644	0.0	1231456	1918.9501120725058	1.85
54158.33580036038	2850	58.2038067430797	0.0	1364537	5491.974138217943	2.85

