28257.76984086651	750	4.0	9.23090880237085	450283	9230.90880237085	-38.94290785019465
28261.206736006574	300	4.563104859938809	0.0	155580	3436.895140061191	-0.15000000000000002
28264.28367765399	300	5.4861632125198625	0.0	139857	3076.9416474189466	0.3
28267.487822393818	300	6.2820184726942	0.0	155432	3204.1447398256623	0.3
28270.806042167194	300	6.963798699315394	0.0	163442	3318.2197733788066	0.3
28273.307073231892	300	8.462767634618341	0.0	126289	2501.0310646970515	0.3
28276.47617401241	300	9.293666854101305	0.0	153295	3169.100780517035	0.3
28281.904322649847	300	7.865518216660472	0.0	173849	5428.148637440834	0.3
28284.92717876012	300	8.842662106384946	0.0	150710	3022.8561102755257	0.3
28287.82806524252	300	9.941775623986434	0.0	139105	2900.886482398511	0.3
28290.643125077928	300	11.126715788579837	0.0	141840	2815.059835406597	0.3
28293.73191974903	300	12.037921117480687	0.0	156148	3088.794671099148	0.3
28296.9093126596	300	12.86052820690544	0.0	160746	3177.392910575247	0.3
28300.456125897006	300	13.313714969504185	0.0	179801	3546.813237401256	0.3
28303.292117134177	300	14.47772373233271	0.0	140051	2835.991237171474	0.3
28306.075147050266	300	15.6946938162434	0.0	138313	2783.029916089308	0.3
28308.94009257006	300	16.829748296446716	0.0	143509	2864.945519796686	0.3
28311.9983456224	300	17.771495244106156	0.0	150616	3058.2530523405608	0.3
28315.444878108123	300	18.324962758386647	0.0	165384	3446.5324857195105	0.3
28318.377250528927	300	19.392590337581147	0.0	140881	2932.372420805499	0.3
28321.780446725526	300	19.98939414098434	0.0	157671	3403.196196596805	0.3
28325.18486526691	300	20.584975599599378	0.0	157812	3404.418541384966	0.3
28328.583522195047	300	21.186318671462654	0.0	163927	3398.6569281367238	0.3
28331.49928446627	300	22.270556400241098	0.0	137654	2915.762271221558	0.3
28334.54050250939	300	23.22933835712415	0.0	146754	3041.2180431169454	0.3
28338.00322441868	300	23.76661644783338	0.0	153938	3462.7219092907735	0.3
28348.042248395785	750	17.727592470727867	0.0	425781	10039.023977105508	0.3
28353.607603256816	750	16.162237609695573	0.0	277716	5565.354861032294	0.75
28361.638448800008	750	12.131392066503908	0.0	400396	8030.845543191666	0.75
28370.384602284877	750	7.385238581632897	0.0	400508	8746.15348487101	0.75
28373.656218415494	300	8.113622451017111	0.0	157421	3271.6161306157865	-0.15000000000000002
28377.16817537358	300	8.601665492930831	0.0	157488	3511.956958086279	0.3
28380.12378275691	300	9.646058109602345	0.0	143881	2955.6073833284854	0.3
28383.354547289942	300	10.415293576571056	0.0	163444	3230.76453303129	0.3
28390.03273365534	300	7.73710721117482	0.0	179328	6678.1863653962355	0.3
28393.406016083216	300	8.36382478329677	0.0	159914	3373.2824278780495	0.3
28396.096698512298	300	9.673142354212585	0.0	131610	2690.6824290841846	0.3
28398.630472802724	300	11.139368063783314	0.0	124011	2533.774290429271	0.3
28401.448242972107	300	12.321597894402123	0.0	144254	2817.770169381191	0.3
28404.460192246355	300	13.309648620151144	0.0	149991	3011.9492742509783	0.3
28407.487154376675	300	14.28268648983339	0.0	147968	3026.9621303177532	0.3
28410.765666195657	300	15.004174670850762	0.0	161857	3278.5118189826285	0.3
28413.692910229536	300	16.07693063697137	0.0	145210	2927.2440338793904	0.3
28417.127439087817	300	16.642401778692292	0.0	172312	3434.5288582790795	0.3
28424.785385794024	750	12.984455072483943	0.0	398987	7657.94670620835	0.3
28432.692073817256	750	9.077767049250483	0.0	393804	7906.688023233461	0.75
28439.180554311162	750	6.589286555344518	0.0	331053	6488.480493905964	0.75
28445.62242172331	750	4.147419143198787	0.0	314107	6441.867412145731	0.75

