37936.42111435349	300	4.0	5.100181203857538	450283	5100.181203857538	0	-21.180779176587414
37938.02654587214	300	6.39456848135218	0.0	155580	1605.4315186478195	0	-0.15000000000000002
37939.4434332134	300	8.977681140094864	0.0	139857	1416.8873412573157	0	0.3
37940.9686037295	300	11.452510623988022	0.0	155432	1525.1705161068417	0	0.3
37942.56824935906	750	13.852864994429538	0.0	163442	1599.6456295584846	1	0.3
37945.61961340272	750	14.801500950769023	0.0	318564	3051.3640436605147	1	0.3
37949.03388259504	750	15.387231758445273	0.0	352642	3414.2691923237503	1	0.75
37953.493042057366	750	14.928072296119696	0.0	437162	4459.159462325578	1	0.75
37957.5796543135	750	14.84146003998923	0.0	374758	4086.6122561304664	1	0.75
37961.36181016485	750	15.059304188632748	0.0	362795	3782.1558513564805	1	0.75
37964.81184651388	750	15.60926783960701	0.0	353220	3450.0363490257378	1	0.75
37970.02640196815	750	14.394712385334769	0.0	405134	5214.555454272241	1	0.75
37980.05397746842	300	8.367136885059427	0.0	386351	10027.575500275343	0	0.75
37981.8001786655	300	10.620935687982074	0.0	179801	1746.2011970773528	0	-0.15000000000000002
37983.178019855775	750	13.243094497711272	0.0	140051	1377.8411902708015	1	0.3
37986.654909522775	750	13.76620483071702	0.0	366214	3476.889666994251	1	0.3
37990.20436395147	750	14.216750402025578	0.0	360831	3549.454428691443	1	0.75
37995.996189426005	750	12.424924927488942	0.0	372963	5791.825474536638	1	0.75
38004.77753258121	300	7.643581772280953	0.0	405596	8781.343155207987	0	0.75
38006.2518993813	300	10.169214972188016	0.0	140881	1474.3668000929372	0	-0.15000000000000002
38007.892444861085	750	12.528669492403989	0.0	157671	1640.545479784027	1	0.3
38011.815967143346	750	12.605147210136497	0.0	399894	3923.5222822674914	1	0.3
38015.647849769906	750	12.773264583583822	0.0	401853	3831.882626552676	1	0.75
38018.87071594955	750	13.550398403942019	0.0	343800	3222.866179641804	1	0.75
38022.19032253281	750	14.23079182068245	0.0	359903	3319.6065832595696	1	0.75
38026.557157899064	750	13.863956454427372	0.0	379700	4366.835366255078	1	0.75
38030.77323162393	750	13.64788272956907	0.0	425781	4216.073724858303	1	0.75
38033.43537027652	750	14.985744076967755	0.0	277716	2662.138652601315	1	0.75
38037.25530555437	750	15.165808799124761	0.0	400396	3819.935277842995	1	0.75
38041.17168903629	750	15.249425317201684	0.0	400508	3916.383481923077	1	0.75
38044.84524691432	750	15.575867439167725	0.0	358218	3673.557878033958	1	0.75
38049.241245023586	750	15.179869329902766	0.0	400322	4395.998109264958	1	0.75
38053.01159841282	750	15.409515940665933	0.0	369834	3770.353389236834	1	0.75
38057.05049500853	750	15.370619344953964	0.0	412837	4038.8965957119694	1	0.75
38064.95410740699	750	11.467006946483979	0.0	401088	7903.612398469986	1	0.75
38072.013178367684	300	8.407935985796218	0.0	365161	7059.070960687758	0	0.75
38073.312797499646	300	11.10831685382615	0.0	131610	1299.6191319700692	0	-0.15000000000000002
38074.541997318614	750	13.879117034855401	0.0	124011	1229.1998189707488	1	0.3
38078.13168082661	750	14.289433526860286	0.0	378327	3589.6835079951143	1	0.3
38082.01870535295	750	14.402409000520157	0.0	390680	3887.0245263401307	1	0.75
38087.928680228986	750	12.492434124490963	0.0	345516	5909.974876029192	1	0.75
38096.08948719118	300	8.331627162300709	0.0	384505	8160.806962190255	0	0.75
38097.60670017974	300	10.814414173739474	0.0	145210	1517.2129885612358	0	-0.15000000000000002
38099.392154655914	750	13.028959697567283	0.0	172312	1785.4544761721897	1	0.3
38103.29263236067	750	13.128481992804558	0.0	398987	3900.477704762725	1	0.3
38107.043366156206	750	13.377748197270563	0.0	393804	3750.733795533996	1	0.75
38110.14539801723	750	14.275716336251145	0.0	331053	3102.0318610194167	1	0.75
38113.05277957573	750	15.368334777753681	0.0	314107	2907.381558497466	1	0.75

