1620.7794588850122	300	4.0	0.4946633519387292	181801	494.6633519387292	-1.8270524133365351
1621.2269333926458	300	7.552525492366355	0.0	155580	447.47450763364463	0.3
1621.5958931351558	300	11.183565749856388	0.0	139857	368.9597425099668	0.3
1622.0520644811384	300	14.727394403873992	0.0	155432	456.1713459823972	0.3
1622.4966321417287	300	18.282826743283497	0.0	163442	444.5676605904953	0.3
1622.8317955953905	300	21.947663289621655	0.0	126289	335.1634536618453	0.3
1623.3319242153302	300	25.447534669681787	0.0	153295	500.1286199398677	0.3
1623.8048254237663	300	28.97463346124588	0.0	173849	472.9012084359069	0.3
1624.8276895157458	750	31.951769369266415	0.0	374758	1022.864091979467	0.3
1626.2402452081267	750	34.53921367688551	0.0	362795	1412.5556923808988	0.75
1627.3297743737153	750	37.44968451129689	0.0	353220	1089.529165588626	0.75
1628.419684374536	750	40.35977451047629	0.0	405134	1089.9100008205921	0.75
1629.3450342111798	750	43.4344246738323	0.0	386351	925.3498366439967	0.75
1630.2850141755862	750	46.494444709426006	0.0	434409	939.9799644062974	0.75
1631.0322747222665	750	49.74718416274575	0.0	337059	747.2605466802535	0.75
1635.692832415196	1200	49.0866264698161	0.0	587876	4660.557692929641	0.75
1636.5629636415588	750	52.216495243453394	0.0	360831	870.1312263627146	0.3
1642.5257645087186	750	50.253694376293645	0.0	372963	5962.800867159752	0.75
1644.7335251070099	750	52.04593377800238	0.0	405596	2207.7605982912655	0.75
1646.2162625716483	750	54.56319631336383	0.0	350713	1482.7374646385406	0.75
1650.885089576105	1200	53.89436930890712	0.0	601738	4668.827004456709	0.75
1653.0061231522034	1200	55.77333573280856	0.0	616206	2121.033576098565	1.2
1661.0679968742354	1200	51.711462010776714	0.0	656471	8061.873722031851	1.2
1662.6090192713677	1200	54.17043961364436	0.0	536667	1541.0223971323483	1.2
1664.1930222637363	1200	56.58643662127578	0.0	587236	1584.0029923685818	1.2
1665.7473313889311	1200	59.032127496080925	0.0	590335	1554.3091251948547	1.2
1668.4351275764864	1200	59.81049728638201	0.0	696376	1721.6302096989182	1.2
1673.3684615904338	1200	58.87716327243461	0.0	487160	4933.3340139474	1.2
1676.5902321202932	1200	59.65539274257507	0.0	622896	3221.770529859541	1.2
1680.2488180692517	1200	59.99680679361657	0.0	641447	3658.585948958497	1.2
1686.1561383113503	1200	58.08948655151792	0.0	570392	5907.320242098649	1.2
1690.2366513191	1200	58.00897354376808	0.0	620283	4080.513007749837	1.2
1692.6614816518343	1200	59.58414321103389	0.0	584349	1924.8303327341912	1.2
1697.2345720522208	1200	59.01105281064719	0.0	670129	4573.090400386693	1.2
1700.3508845453966	1200	59.89474031747139	0.0	690253	3116.312493175802	1.2
1702.373794277845	1200	59.95524698088085	0.0	598727	1939.4933365905385	1.2
1703.3798461416447	1200	59.95892912290994	0.0	487812	996.3178579709153	1.2
1704.7783022037493	1200	59.72806819872202	0.0	575591	1230.8609241879133	1.2
1706.7809512983215	1200	59.74154117652418	0.0	605884	1486.5270221978396	1.2
1709.2511002612794	1200	59.72052766352255	0.0	587506	2021.013513001627	1.2
1710.8197845042198	1200	59.5182533051603	0.0	566904	1202.274358362252	1.2
1713.569551284722	1200	59.64257492299853	0.0	641452	2375.6783821617723	1.2
1721.168657703226	1200	56.04346850449445	0.0	599477	7599.106418504085	1.2
1725.5002578071114	1200	55.71186840060896	0.0	634861	4331.600103885495	1.2
1728.3240411009333	1200	56.888085106787095	0.0	630203	2823.783293821859	1.2
1736.2993189294111	1200	52.912807278309145	0.0	638661	7975.277828477945	1.2
1737.9160796404954	1200	55.29604656722508	0.0	538612	1616.7607110840643	1.2
1739.4180531312	1200	57.79407307652048	0.0	550906	1501.9734907046015	1.2

