9793.516872314563	750	4.0	3.8338850140770058	450283	3833.885014077006	-15.735705560531123
9793.754121555552	300	7.762750759011792	0.0	155580	237.24924098820784	-0.15000000000000002
9794.18869746974	750	11.328174844822595	0.0	350812	434.5759141891964	0.3
9795.211986726925	1850	14.304885587639726	0.0	933276	1023.2892571828684	0.75
9802.022237974654	1850	11.494634339912055	0.0	996749	6810.251247727671	1.85
9809.575137972512	1850	7.941734342054649	0.0	801058	7552.8999978574075	1.85
9812.059492490898	750	9.457379823666955	0.0	352642	2484.354518387693	-0.3500000000000001
9814.269649132857	750	11.247223181708062	0.0	437162	2210.1566419588935	0.75
9815.611968643021	750	13.904903671544941	0.0	374758	1342.3195101631184	0.75
9816.913992473572	750	16.60287984099395	0.0	362795	1302.0238305509915	0.75
9820.159640330914	1850	17.357231983651364	0.0	939819	3245.647857342583	0.75
9823.329867260212	1850	18.187005054353175	0.0	917428	3170.2269292981855	1.85
9826.599201418569	1850	18.917670895996427	0.0	946851	3269.334158356749	1.85
9830.170350655108	1850	19.34652165945817	0.0	1036454	3571.1492365382583	1.85
9833.017898890113	1850	20.498973424450956	0.0	821631	2847.548235007213	1.85
9836.20746693722	1850	21.309405377345126	0.0	923170	3189.568047105828	1.85
9839.446138232914	1850	22.07073408165221	0.0	966699	3238.6712956929186	1.85
9841.228292766977	1850	24.288579547588746	0.0	885714	1782.154534063463	1.85
9842.303918624733	1850	27.212953689833732	0.0	987708	1075.6258577550138	1.85
9843.31507880996	1850	30.201793504606435	0.0	923755	1011.1601852272968	1.85
9844.293830260063	1850	33.22304205450398	0.0	891604	978.7514501024609	1.85
9846.567746695895	4300	34.94912561867254	0.0	2176469	2273.916435831438	1.8499999999999996
9848.88706116612	4300	36.629811148446606	0.0	2221506	2319.314470225927	4.3
9851.027522279315	4300	38.48935003525265	0.0	2044075	2140.46111319396	4.3
9853.311842452362	4300	40.205029862205464	0.0	2186790	2284.320173047183	4.3
9855.513949816226	4300	42.002922498341405	0.0	2105231	2202.107363864063	4.3
9858.008741796577	4300	43.50813051799132	0.0	2395588	2494.7919803500818	4.3
9861.334357180334	4300	44.182515134234166	0.0	1972048	3325.6153837571524	4.3
9867.446230044365	4300	42.07064227020418	0.0	2134614	6111.872864029979	4.3
9877.65243302365	4300	35.864439290918824	0.0	2164140	10206.202979285357	4.3
9881.574994492485	4300	35.941877822085196	0.0	2113193	3922.5614688336245	4.3
9885.560578760442	4300	35.95629355412802	0.0	2147852	3985.584267957181	4.3
9889.576969798456	4300	35.9399025161131	0.0	2191074	4016.3910380149177	4.3
9896.557614734973	4300	32.959257579596	0.0	2286761	6980.644936517096	4.3
9910.094113324534	4300	23.422758990036236	0.0	2307787	13536.498589559762	4.3
9920.161274214182	4300	17.355598100388853	0.0	2143948	10067.160889647384	4.3
9922.696679982084	1850	18.82019233248656	0.0	728962	2535.4057679022917	-0.6000000000000001
9925.938178021048	1850	19.578694293524162	0.0	938587	3241.498038962399	1.85
9929.078888019772	1850	20.43798429479866	0.0	908665	3140.709998725497	1.85
9932.293405502545	1850	21.223466812025606	0.0	930577	3214.5174827730543	1.85
9935.264973350328	1850	22.25189896424243	0.0	858450	2971.56784778318	1.85
9938.79755824382	1850	22.719314070751835	0.0	1025005	3532.584893490591	1.85
9941.696708213902	1850	23.820164100669682	0.0	886255	2899.1499700821564	1.85
9943.202538383915	1850	26.314333930655714	0.0	973972	1505.8301700139668	1.85
9944.249220058897	1850	29.267652255674935	0.0	958994	1046.6816749807754	1.85
9945.319156672118	1850	32.19771564245492	0.0	982064	1069.9366132200205	1.85
9947.37601794557	4300	34.140854369003996	0.0	1961140	2056.861273450927	1.8499999999999996
9949.628305373608	4300	35.88856694096621	0.0	2155012	2252.2874280377887	4.3

