87163.95874337334	300	4.0	3.9084749231482796	450283	3908.4749231482797	0	-16.0564421695376
87165.97266702847	300	5.986076344868078	0.0	155580	2013.9236551319216	0	-0.15000000000000002
87167.85785871159	300	8.100884661757908	0.0	139857	1885.1916831101696	0	0.3
87168.99342518557	300	10.965318187766428	0.0	155432	1135.5664739914803	0	0.3
87169.96890636951	750	13.989837003842089	0.0	163442	975.4811839243398	1	0.3
87173.61706287923	750	14.341680494117472	0.0	318564	3648.156509724617	1	0.3
87175.75909164216	750	16.199651731197193	0.0	352642	2142.028762920281	1	0.75
87177.89246741543	750	18.066275957931026	0.0	437162	2133.3757732661647	1	0.75
87179.78964027182	750	20.169103101537804	0.0	374758	1897.1728563932222	1	0.75
87181.6288054569	1850	22.329937916444546	0.0	362795	1839.1651850932578	3	0.75
87189.02504371086	750	18.933699662497258	0.0	939819	7396.23825394729	1	0.75
87192.65406324892	750	19.30468012443443	0.0	405134	3629.019538062827	1	-0.3500000000000001
87196.11854158831	750	19.840201785045213	0.0	386351	3464.4783393892176	1	0.75
87200.00401342851	750	19.95472994483843	0.0	434409	3885.4718402067824	1	0.75
87203.03668828789	750	20.92205508545877	0.0	337059	3032.6748593796583	1	0.75
87206.32476423586	750	21.633979137470845	0.0	366214	3288.0759479879257	1	0.75
87209.5062425611	750	22.452500812237005	0.0	360831	3181.4783252338398	1	0.75
87213.24992981127	750	22.70881356206725	0.0	372963	3743.687250169759	1	0.75
87216.06621503261	750	23.89252834073212	0.0	405596	2816.2852213351293	1	0.75
87218.90428034599	750	25.054463027343157	0.0	350713	2838.0653133889614	1	0.75
87222.23634437784	1850	25.72239899548382	0.0	386472	3332.0640318593364	3	0.75
87227.25837940282	1850	24.70036397050732	0.0	955231	5022.035024976503	3	0.75
87232.45513141133	1850	23.503611961997226	0.0	968026	5196.752008510091	3	1.85
87239.325829287	1850	20.632914086319797	0.0	874175	6870.697875677431	3	1.85
87244.93095100211	1850	19.02779237121523	0.0	897976	5605.1217151045685	3	1.85
87251.67310028985	1850	16.285643083464958	0.0	905935	6742.149287750272	3	1.85
87258.2484893603	1850	13.710254013017837	0.0	1076599	6575.389070447121	3	1.85
87263.58154422548	750	12.377199147833286	0.0	758197	5333.054865184552	1	1.85
87266.44718687359	750	13.511556499733116	0.0	400396	2865.6426481001686	1	-0.3500000000000001
87269.30964786105	750	14.649095512275395	0.0	400508	2862.460987457722	1	0.75
87271.7566457305	750	16.20209764283411	0.0	358218	2446.997869441281	1	0.75
87274.33097074031	750	17.627772633027423	0.0	400322	2574.32500980669	1	0.75
87276.88824719285	750	19.070496180492643	0.0	369834	2557.276452534781	1	0.75
87279.77890937407	750	20.179833999271644	0.0	412837	2890.662181220998	1	0.75
87282.88376926152	750	21.074974111819934	0.0	401088	3104.859887451707	1	0.75
87285.97446219904	750	21.98428117430604	0.0	365161	3090.692937513893	1	0.75
87288.82052797584	750	23.138215397494466	0.0	321064	2846.0657768115734	1	0.75
87291.85206298402	750	24.10668038931035	0.0	361565	3031.5350081841166	1	0.75
87294.84631524685	750	25.11242812648522	0.0	378327	2994.252262825128	1	0.75
87299.2913560584	750	24.667387314935848	0.0	390680	4445.040811549375	1	0.75
87303.91509329728	750	24.043650076055595	0.0	345516	4623.737238880253	1	0.75
87307.3244051104	750	24.63433826293314	0.0	384505	3409.3118131224505	1	0.75
87309.7378670813	1850	26.220876292031573	0.0	372093	2413.461970901571	3	0.75
87317.80218328073	1850	22.15656009260398	0.0	973972	8064.316199427595	3	0.75
87324.88866885737	1850	19.070074515953323	0.0	958994	7086.485576650654	3	1.85
87333.16985711707	1850	14.788886256249805	0.0	982064	8281.188259703516	3	1.85
87339.55951653491	1850	12.399226838408028	0.0	830730	6389.659417841779	3	1.85
87345.77908976735	1850	10.179653605969488	0.0	846370	6219.573232438539	3	1.85

