21912.082122251722	750	4.0	2.4408034364506963	450283	2440.803436450696	0.18448146756740919	-9.745454776737994
21912.87034134365	300	7.211780908073075	0.0	155580	788.219091926925	0.19738166912407606	-0.15000000000000002
21914.685923528443	750	9.396198723276965	0.0	350812	1815.5821847961088	0.19322286974268613	0.3
21917.864639858555	1200	10.21748239316642	0.0	617681	3178.716330110545	0.1943177483781697	0.75
21920.942765695003	1200	11.139356556717749	0.0	652874	3078.125836448673	0.2121011403332492	1.2
21924.811753183658	1850	11.270369068061584	0.0	801058	3868.987488656165	0.20704590085873747	1.2000000000000002
21930.604458006503	1850	9.477664245219646	0.0	905515	5792.704822841936	0.15631989333020233	1.85
21934.02080637698	1200	10.061315874742839	0.0	709534	3416.348370476808	0.20768783597469384	0.5499999999999999
21936.822489325004	1200	11.259632926715042	0.0	584846	2801.682948027796	0.20874810278289835	1.2
21941.4811321568	1850	10.600990094918464	0.0	913888	4658.642831796581	0.19617043696985112	1.2000000000000002
21944.535432917444	1200	11.546689334272502	0.0	607410	3054.300760645961	0.19887039541958448	0.5499999999999999
21948.704174501483	1850	11.377947750237205	0.0	917428	4168.741584035297	0.22007312794666914	1.2000000000000002
21953.90818967824	1850	10.173932573480283	0.0	946851	5204.015176756922	0.18194624109264526	1.85
21957.651341607336	1200	10.430780644385788	0.0	687371	3743.151929094495	0.18363427748076522	0.5499999999999999
21960.534413562564	1200	11.54770868916112	0.0	526950	2883.0719552246687	0.18277379412784597	1.2
21964.709794714076	1850	11.3723275376483	0.0	923170	4175.38115151282	0.22109837796856413	1.2000000000000002
21969.27539359049	1850	10.806728661231242	0.0	966699	4565.598876417058	0.2117354209528446	1.85
21971.905805615468	1200	12.176316636253144	0.0	581493	2630.4120249780967	0.22106536712811828	0.5499999999999999
21976.46357750414	1850	11.618544747584677	0.0	987708	4557.771888668466	0.21670851989228332	1.2000000000000002
21981.41062526552	1850	10.671496986202643	0.0	923755	4947.047761382035	0.1867285388289711	1.85
21984.314379341373	1200	11.767742910350592	0.0	601738	2903.7540758520518	0.2072276040881428	0.5499999999999999
21989.251343504184	1850	10.830778747540128	0.0	955231	4936.964162810464	0.19348550414759666	1.2000000000000002
21992.33466891641	1200	11.747453335310071	0.0	656471	3083.3254122300564	0.21291006048083602	0.5499999999999999
21997.23464522284	1850	10.847477028878581	0.0	874175	4899.97630643149	0.17840392388277407	1.2000000000000002
22000.304775462795	1200	11.777346788927478	0.0	587236	3070.1302399511023	0.19127397019135997	0.5499999999999999
22004.936556120265	1850	11.145566131458189	0.0	905935	4631.7806574692895	0.19559108407671974	1.2000000000000002
22010.096337878374	1850	9.985784373348274	0.0	1076599	5159.781758109916	0.20865204197984719	1.85
22012.366280189053	1200	11.7158420626706	0.0	487160	2269.942310677673	0.2146133836566808	0.5499999999999999
22018.531840917884	1850	9.550281333838285	0.0	972798	6165.5607288323135	0.15777932337132894	1.2000000000000002
22021.595178373867	1200	10.486943877856653	0.0	641447	3063.3374559816334	0.20939482156870343	0.5499999999999999
22024.320373840244	1200	11.761748411480996	0.0	570392	2725.1954663756574	0.2093031516592776	1.2
22029.19183879204	1850	10.890283459681285	0.0	954453	4871.464951799711	0.19592730512150916	1.2000000000000002
22032.13355853806	1200	11.948563713664061	0.0	584349	2941.7197460172238	0.19864196811784893	0.5499999999999999
22036.859133433747	1850	11.222988817972139	0.0	1035329	4725.574895691923	0.21909059169580808	1.2000000000000002
22042.436763843078	1850	9.645358408642121	0.0	1026056	5577.630409330017	0.18395912326561803	1.85
22045.92449692979	1200	10.157625321929318	0.0	598727	3487.7330867128044	0.1716665195169225	0.5499999999999999
22048.41012477475	1200	11.671997476968675	0.0	487812	2485.6278449606416	0.196253031598833	1.2
22052.743589956186	1850	11.338532295530694	0.0	938587	4333.465181437982	0.2165904099149925	1.2000000000000002
22056.953636359758	1850	11.128485891960064	0.0	908665	4210.04640357063	0.21583253790963963	1.85
22061.13310635248	1850	10.949015899236558	0.0	930577	4179.469992723506	0.22265430823050358	1.85
22063.8396140035	1200	12.242508248216566	0.0	566904	2706.507651019991	0.20945959631274388	0.5499999999999999
22069.242526051992	1850	10.839596199728527	0.0	1025005	5402.9120484880395	0.18971343431119506	1.2000000000000002
22072.171104821464	1200	11.911017430258498	0.0	599477	2928.5787694700284	0.20469895030635785	0.5499999999999999
22077.155989263327	1850	10.926132988395462	0.0	973972	4984.884441863036	0.19538507087959509	1.2000000000000002
22080.132785959722	1200	11.949336292000712	0.0	630203	2976.79669639475	0.21170508579348052	0.5499999999999999
22085.57471865154	1850	10.507403600179899	0.0	982064	5441.932691820814	0.18046235696300236	1.2000000000000002
22088.43877295807	1200	11.643349293651609	0.0	538612	2864.054306528292	0.18805928322388796	0.5499999999999999
22092.71176881173	1850	11.370353439991577	0.0	846370	4272.995853660031	0.19807414492926376	1.2000000000000002

