94219.53581442742	750	4.0	1.3426427542370325	450283	1342.6427542370325	1	-5.023363843219239
94220.76810060236	750	6.767713825063825	0.0	398865	1232.2861749361757	1	0.75
94221.81423876122	750	9.72157566619949	0.0	350812	1046.1381588643344	1	0.75
94223.3999709151	1850	12.135843512322813	0.0	382355	1585.7321538766755	3	0.75
94227.79654113887	1850	11.73927328853934	0.0	996749	4396.570223783473	3	0.75
94230.15796919733	1850	13.377845230084686	0.0	801058	2361.428058454656	3	1.85
94233.02015487976	1850	14.515659547655607	0.0	905515	2862.185682429078	3	1.85
94236.25592328733	1850	15.279891140083885	0.0	1060487	3235.7684075717216	3	1.85
94238.84237384223	1850	16.693440585186565	0.0	852833	2586.450554897321	3	1.85
94241.91893594144	1850	17.61687848597143	0.0	913888	3076.562099215134	3	1.85
94245.3123285835	1850	18.223485843910332	0.0	939819	3393.3926420610974	3	1.85
94248.33295573121	1850	19.202858696202675	0.0	917428	3020.627147707659	3	1.85
94251.34113825003	1850	20.19467617737163	0.0	946851	3008.182518831045	3	1.85
94254.56054254397	1850	20.975271883436132	0.0	1036454	3219.4042939354936	3	1.85
94257.12925105341	1850	22.4065633740083	0.0	821631	2568.708509427832	3	1.85
94260.00551973685	1850	23.53029469056221	0.0	923170	2876.2686834460865	3	1.85
94262.9327350156	1850	24.603079411817372	0.0	966699	2927.21527874484	3	1.85
94265.598546087	1850	25.93726834042082	0.0	885714	2665.8110713965493	3	1.85
94268.6137793174	1850	26.92203511002809	0.0	987708	3015.2332303927315	3	1.85
94271.44233914954	1850	28.093475277882316	0.0	923755	2828.559832145774	3	1.85
94275.94450843339	1850	27.591305994027	0.0	891604	4502.169283855318	3	1.85
94278.88397090395	1850	28.651843523471253	0.0	955231	2939.4624705557467	3	1.85
94281.97604052225	1850	29.55977390517097	0.0	968026	3092.0696183002815	3	1.85
94285.02942304291	4300	30.506391384509687	0.0	874175	3053.3825206612864	5	1.85
94293.60443758157	4300	25.9313768458449	0.0	2186790	8575.014538664791	5	1.8499999999999996
94301.90060146418	1850	21.635212963227904	0.0	2105231	8296.163882616995	3	4.3
94305.9894683563	1850	21.54634607111697	0.0	1076599	4088.866892110932	3	-0.6000000000000001
94309.44505535411	1850	22.090759073307602	0.0	758197	3455.586997809368	3	1.85
94313.93770980537	1850	21.598104622042527	0.0	972798	4492.654451265076	3	1.85
94317.69148142036	1850	21.844333007041826	0.0	975811	3753.7716150007004	3	1.85
94320.93974519189	1850	22.596069235529185	0.0	873429	3248.2637715126393	3	1.85
94323.72742015582	1850	23.808394271591876	0.0	954453	2787.674963937311	3	1.85
94326.74421972112	1850	24.79159470629849	0.0	885062	3016.7995652933846	3	1.85
94331.22566256238	1850	24.31015186503801	0.0	1035329	4481.442841260479	3	1.85
94334.30937248303	1850	25.226441944387833	0.0	1026056	3083.709920650177	3	1.85
94337.24919314148	1850	26.286621285929506	0.0	943942	2939.8206584583263	3	1.85
94339.53638271727	1850	27.99943171015959	0.0	728962	2287.189575769913	3	1.85
94342.37642619868	1850	29.159388228748515	0.0	938587	2840.0434814110777	3	1.85
94345.8439914834	1850	29.691822944021524	0.0	908665	3467.565284726988	3	1.85
94348.85716773062	1850	30.678646696819122	0.0	930577	3013.176247202404	3	1.85
94351.68947890193	1850	31.846335525510053	0.0	858450	2832.311171309068	3	1.85
94354.8917031386	1850	32.64411128884537	0.0	1025005	3202.2242366646838	3	1.85
94357.65615681674	1850	33.879657610706445	0.0	886255	2764.453678138925	3	1.85
94360.68630402922	1850	34.84951039821758	0.0	973972	3030.1472124888714	3	1.85
94363.67108309464	4300	35.86473133280959	0.0	958994	2984.779065407992	5	1.85
94370.33482722925	4300	33.2009871981973	0.0	2246506	6663.744134612288	5	1.8499999999999996
94378.02664357735	4300	29.509170850090136	0.0	1961140	7691.816348107168	5	4.3
94384.71960533425	4300	26.81620909318829	0.0	2155012	6692.961756901844	5	4.3

