61845.02065785203	300	4.0	7.262531807425087	450283	7262.531807425087	0	-30.478886771927872
61846.77575108212	300	6.2449067699127605	0.0	155580	1755.0932300872391	0	-0.15000000000000002
61848.36155847304	300	8.659099378986479	0.0	139857	1585.8073909262823	0	0.3
61850.11505822197	300	10.90559963005397	0.0	155432	1753.499748932509	0	0.3
61851.954799755025	300	13.065858097003973	0.0	163442	1839.7415330499969	0	0.3
61853.394523684416	750	15.62613416761403	0.0	126289	1439.7239293899431	1	0.3
61857.27133707202	750	15.749320780003641	0.0	352642	3876.813387610388	1	0.3
61860.72202572928	750	16.298632122747073	0.0	437162	3450.6886572565713	1	0.75
61862.68395091918	750	18.336706932842215	0.0	374758	1961.925189904857	1	0.75
61865.96008778151	750	19.060570070513645	0.0	362795	3276.1368623285716	1	0.75
61868.37039201183	750	20.650265840198678	0.0	353220	2410.3042303149673	1	0.75
61871.12318934506	750	21.897468506966064	0.0	405134	2752.7973332326146	1	0.75
61873.75206927736	750	23.268588574667728	0.0	386351	2628.879932298335	1	0.75
61876.69800305911	1850	24.322654792925768	0.0	434409	2945.9337817419587	3	0.75
61882.19856303606	1850	22.822094815976794	0.0	821631	5500.5599769489745	3	0.75
61888.36900796075	1850	20.65164989128434	0.0	923170	6170.444924692454	3	1.85
61894.82662748722	1850	18.19403036481005	0.0	966699	6457.61952647429	3	1.85
61900.74996331489	1850	16.2706945371412	0.0	885714	5923.33582766885	3	1.85
61907.346185869435	1850	13.674471982597472	0.0	987708	6596.2225545437295	3	1.85
61913.52049022444	1850	11.500167627593218	0.0	923755	6174.304355004255	3	1.85
61919.482684247894	750	9.537973604135466	0.0	891604	5962.19402345775	1	1.85
61922.20091164124	750	10.819746210789752	0.0	399894	2718.2273933457154	1	-0.3500000000000001
61924.932063178145	750	12.088594673887082	0.0	401853	2731.151536902669	1	0.75
61927.280220684464	750	13.740437167567267	0.0	343800	2348.157506319817	1	0.75
61929.73461478276	750	15.286043069262957	0.0	359903	2454.3940983043085	1	0.75
61932.31961596121	750	16.70104189081725	0.0	379700	2585.001178445709	1	0.75
61935.20862809384	750	17.81202975818677	0.0	425781	2889.0121326304775	1	0.75
61937.12080851857	750	19.89984933344822	0.0	277716	1912.1804247385526	1	0.75
61939.84234776494	750	21.178310087082806	0.0	400396	2721.5392463654152	1	0.75
61942.56462591078	750	22.456031941238894	0.0	400508	2722.278145843913	1	0.75
61945.00790353032	1850	24.012754321695922	0.0	358218	2443.277619542968	3	0.75
61951.3847323156	1850	21.63592553641533	0.0	954453	6376.828785280596	3	0.75
61967.30107965858	300	9.719578193436028	0.0	885062	15916.347342979301	0	1.85
61969.14178476554	300	11.878873086476402	0.0	163444	1840.7051069596255	0	-1.25
61972.51600364296	300	12.504654209054596	0.0	179328	3374.218877421807	0	0.3
61973.837758096546	750	15.182899755468263	0.0	159914	1321.754453586332	1	0.3
61977.06317604997	750	15.957481802044416	0.0	321064	3225.417953423847	1	0.3
61980.86707202544	750	16.153585826572908	0.0	361565	3803.895975471508	1	0.75
61984.84360623841	750	16.17705161360371	0.0	378327	3976.534212969201	1	0.75
61988.94736871458	750	16.073289137431487	0.0	390680	4103.76247617222	1	0.75
61992.58596991177	750	16.43468794024422	0.0	345516	3638.6011971872645	1	0.75
61996.62613370542	750	16.39452414660083	0.0	384505	4040.1637936433895	1	0.75
62000.53846157232	750	16.482196279685834	0.0	372093	3912.3278669149936	1	0.75
62005.1324849209	750	15.888172931116067	0.0	438281	4594.023348569767	1	0.75
62009.32180436156	750	15.698853490447167	0.0	398987	4189.319440668899	1	0.75
62013.45774210644	750	15.562915745575342	0.0	393804	4135.937744871824	1	0.75
62016.94738334485	750	16.073274507159653	0.0	331053	3489.6412384156897	1	0.75
62020.26249125952	750	16.758166592490287	0.0	314107	3315.1079146693646	1	0.75

