12737.786760467709	750	4.0	1.5043184084931076	450283	1504.3184084931077	1	-5.7185691565203625
12739.728942611999	750	6.057817855710752	0.0	398865	1942.182144289248	1	0.75
12742.414983408491	750	7.37177705921761	0.0	350812	2686.040796493142	1	0.75
12743.655735632594	1850	10.13102483511337	0.0	382355	1240.7522241042388	3	0.75
12747.047515654369	1850	10.73924481333961	0.0	996749	3391.78002177376	3	0.75
12749.982213342013	1850	11.804547125695569	0.0	801058	2934.6976876440403	3	1.85
12752.735774940596	1850	13.050985527111877	0.0	905515	2753.561598583695	3	1.85
12756.105499488294	1850	13.681260979414976	0.0	1060487	3369.724547696901	3	1.85
12759.111762930319	1850	14.674997537389716	0.0	852833	3006.2634420252602	3	1.85
12761.806570946774	1850	15.980189520935367	0.0	913888	2694.808016454349	3	1.85
12766.597830939143	1850	15.188929528565186	0.0	939819	4791.259992370182	3	1.85
12769.33022547799	1850	16.4565349897197	0.0	917428	2732.3945388454845	3	1.85
12772.135474928396	1850	17.651285539313687	0.0	946851	2805.2494504060146	3	1.85
12775.525772043886	1850	18.2609884238237	0.0	1036454	3390.297115489987	3	1.85
12779.30567454878	1850	18.48108591892983	0.0	821631	3779.9025048938724	3	1.85
12782.008949099738	1850	19.77781136796943	0.0	923170	2703.274550960395	3	1.85
12785.014037051456	1850	20.772723416250916	0.0	966699	3005.087951718517	3	1.85
12787.596887515796	1850	22.189872951910097	0.0	885714	2582.850464340818	3	1.85
12790.488842510229	1850	23.29791795747828	0.0	987708	2891.9549944318164	3	1.85
12793.412773059425	1850	24.37398740828342	0.0	923755	2923.9305491948608	3	1.85
12796.294237738324	1850	25.492522729383438	0.0	891604	2881.464678899978	3	1.85
12799.384548202326	1850	26.402212265381365	0.0	955231	3090.310464002074	3	1.85
12802.886712108597	1850	26.90004835911165	0.0	968026	3502.1639062697145	3	1.85
12805.812547851297	1850	27.974212616411315	0.0	874175	2925.8357427003343	3	1.85
12808.520001870516	1850	29.266758597192155	0.0	897976	2707.4540192191585	3	1.85
12813.301454164548	1850	28.485306303161554	0.0	905935	4781.452294030603	3	1.85
12818.098864059102	1850	27.687896408606882	0.0	1076599	4797.409894554673	3	1.85
12821.20259741208	1850	28.58416305562709	0.0	758197	3103.733352979792	3	1.85
12824.38221388855	1850	29.40454657915896	0.0	972798	3179.6164764681325	3	1.85
12827.401911981917	1850	30.3848484857922	0.0	975811	3019.698093366758	3	1.85
12830.025986573568	1850	31.760773894140854	0.0	873429	2624.0745916513474	3	1.85
12833.433109556296	1850	32.35365091141314	0.0	954453	3407.12298272771	3	1.85
12836.412912797121	1850	33.37384767058661	0.0	885062	2979.8032408265317	3	1.85
12839.548488875895	1850	34.23827159181405	0.0	1035329	3135.576078772568	3	1.85
12842.732074547663	1850	35.05468592004387	0.0	1026056	3183.5856717701763	3	1.85
12845.585879192171	4300	36.200881275535636	0.0	943942	2853.8046445082355	5	1.85
12851.718252878962	4300	34.06850758874502	0.0	1919781	6132.373686790607	5	1.8499999999999996
12861.01126196124	4300	28.775498506468217	0.0	2147467	9293.009082276805	5	4.3
12867.788186239073	4300	25.998574228633608	0.0	2133870	6776.924277834613	5	4.3
12874.81388877618	4300	22.972871691527697	0.0	2146120	7025.702537105911	5	4.3
12882.957665536836	4300	18.829094930872127	0.0	2108491	8143.776760655568	5	4.3
12889.327216893833	4300	16.45954357387399	0.0	2184571	6369.551356998136	5	4.3
12897.147506657828	1850	12.639253809879243	0.0	2121928	7820.289763994749	3	4.3
12900.17249298903	1850	13.614267478677997	0.0	973972	3024.9863312012467	3	-0.6000000000000001
12902.965477224176	1850	14.821283243531939	0.0	958994	2792.9842351460575	3	1.85
12905.83812794343	1850	15.948632524276487	0.0	982064	2872.6507192554536	3	1.85
12908.49620564645	1850	17.290554821256627	0.0	830730	2658.0777030198597	3	1.85
12911.205029286424	1850	18.581731181283377	0.0	846370	2708.823639973253	3	1.85

