47264.89289328573	750	4.0	1.6196033280858848	450283	1619.6033280858849	0.278020545025777	-6.214294310769304
47265.335726889854	300	7.557166395869721	0.0	155580	442.83360413027947	0.3513283512111902	-0.15000000000000002
47266.447461268515	750	10.445432017210717	0.0	350812	1111.7343786590045	0.31555379300508474	0.3
47267.97052821454	1200	12.922365071189146	0.0	617681	1523.0669460215697	0.4055507879108371	0.75
47270.21208611342	1850	14.680807172306638	0.0	996749	2241.5578988825073	0.44466796976197365	1.2000000000000002
47272.907979384116	2850	15.984913901607397	0.0	1224260	2695.8932706992427	0.45412035161260655	1.85
47277.74810500113	4300	15.144788284595066	0.0	2157535	4840.12561701233	0.4457601249886122	2.8499999999999996
47284.43781474285	4300	12.455078542876258	0.0	2290172	6689.709741718809	0.3423425063897583	4.3
47286.65602184723	1850	14.236871438490695	0.0	852833	2218.2071043855635	0.38446951067548407	-0.6000000000000001
47289.50625748577	2850	15.386635799950799	0.0	1429765	2850.235638539896	0.5016304549235209	1.85
47295.98041705524	4300	12.91247623048906	0.0	2173522	6474.159569461737	0.33572264889058134	2.8499999999999996
47297.98938081317	1850	14.903512472555224	0.0	917428	2008.9637579338366	0.45666727255625017	-0.6000000000000001
47300.78974698994	2850	16.103146295777112	0.0	1422919	2800.3661767781136	0.508118906662807	1.85
47307.68135092933	4300	13.211542356396551	0.0	2275376	6891.60393938056	0.33016639087424376	2.8499999999999996
47310.32889263925	2850	14.564000646473648	0.0	1231445	2647.5417099229016	0.46512770521596825	1.4000000000000001
47313.41983054556	2850	15.473062740161579	0.0	1471065	3090.9379063120714	0.4759283572134873	2.85
47319.08556432874	4300	13.807328956976354	0.0	2289689	5665.733783185225	0.40412929509595796	2.8499999999999996
47321.91167041165	2850	14.981222874068571	0.0	1358801	2826.1060829077837	0.4808032537129421	1.4000000000000001
47325.116106501024	2850	15.776786784705543	0.0	1537156	3204.43608936303	0.47969625766683716	2.85
47331.62328067299	4300	13.269612612734033	0.0	2156729	6507.17417197151	0.33143864648494037	2.8499999999999996
47336.297549229086	2850	12.595344056635339	0.0	1415116	4674.268556098695	0.3027459768338823	1.4000000000000001
47339.837646865286	1850	13.05524642043783	0.0	955231	3540.0976361975077	0.2698318233465542	0.8500000000000001
47343.96144753232	2850	12.931445753405017	0.0	1505760	4123.800667032813	0.3651388904506471	1.85
47347.18296768124	1850	13.709925604476371	0.0	874175	3221.520148928645	0.2713548137486327	0.8500000000000001
47352.21522417571	2850	12.677669110013923	0.0	1383735	5032.256494462448	0.27497306656023546	1.85
47354.374935717664	1850	14.517957568056636	0.0	905935	2159.7115419572874	0.4194703701860925	0.8500000000000001
47363.20783554757	2850	9.685057738156626	0.0	1547572	8832.89982990001	0.1752054285458277	1.85
47364.25992056614	1200	12.632972719578152	0.0	487160	1052.0850185784725	0.46304242660752604	-0.44999999999999996
47366.55869738582	1850	14.334195899894047	0.0	972798	2298.7768196841057	0.42318070709173083	1.2000000000000002
47370.04653927292	2850	14.846354012802438	0.0	1561263	3487.841887091609	0.4476300963579182	1.85
47372.98547081607	2850	15.907422469654783	0.0	1341201	2938.9315431476557	0.45635666578458184	2.85
47378.642182160824	4300	14.250711124900443	0.0	2147852	5656.71134475434	0.37969977060819554	2.8499999999999996
47381.39465167708	2850	15.498241608645435	0.0	1358081	2752.4695162550092	0.4934045561557374	1.4000000000000001
47386.27346467322	4300	14.619428612503366	0.0	2286761	4878.812996142067	0.4687125745152072	2.8499999999999996
47389.871484158604	2850	15.021409127116916	0.0	1492672	3598.019485386451	0.41485934305319005	1.4000000000000001
47395.51322147759	4300	13.379671808131334	0.0	2143948	5641.737318985582	0.3800155659117952	2.8499999999999996
47398.37132697184	2850	14.521566313881276	0.0	1139291	2858.105494250058	0.3986175465853264	1.4000000000000001
47402.08772991595	2850	14.805163369780576	0.0	1499009	3716.402944100701	0.4033494275370433	2.85
47405.03613699749	2850	15.856756288233294	0.0	1427478	2948.4070815472833	0.48415227630333846	2.85
47409.71227024587	4300	15.180623039854487	0.0	2146120	4676.1332483788065	0.4589518488901166	2.8499999999999996
47414.05788216645	4300	14.83501111927307	0.0	2108491	4345.611920581417	0.4852000221220621	4.3
47417.62488362813	2850	15.268009657598721	0.0	1527299	3567.001461674349	0.42817448111812284	1.4000000000000001
47424.22826528845	4300	12.664627997275463	0.0	2121928	6603.381660323258	0.32133959676292956	2.8499999999999996
47426.75705390694	1850	14.135839378782853	0.0	973972	2528.7886184926097	0.38515358416180184	-0.6000000000000001
47429.78113397492	2850	15.111759310806626	0.0	1464921	3024.080067976227	0.48441872141975184	1.85
47434.38930825905	4300	14.50358502667283	0.0	2246506	4608.1742841337955	0.48750456503671036	2.8499999999999996
47437.94227425381	2850	14.950619031915798	0.0	1231456	3552.965994757032	0.34659943321079056	1.4000000000000001
47441.52216201611	2850	15.37073126961607	0.0	1364537	3579.8877622997284	0.38116753669489856	2.85

