2660.791298883654	750	4.0	5.346296811920548	450283	5346.296811920548	-22.239076291258357
2662.358815281506	300	6.432483602147521	0.0	155580	1567.5163978524797	-0.15000000000000002
2663.893630508985	300	8.897668374668784	0.0	139857	1534.8152274787358	0.3
2665.254826969357	300	11.5364719142963	0.0	155432	1361.1964603724841	0.3
2670.6566625422815	750	10.134636341371886	0.0	411561	5401.835572924414	0.3
2673.80731569637	750	10.983983187283162	0.0	318564	3150.653154088725	0.75
2676.4850664759733	750	12.306232407679975	0.0	352642	2677.7507796031887	0.75
2680.3566971550254	750	12.434601728628126	0.0	437162	3871.630679051849	0.75
2684.286909414626	750	12.504389469027608	0.0	374758	3930.2122596005174	0.75
2687.6937038094065	750	13.097595074246568	0.0	362795	3406.7943947810395	0.75
2691.8529345859215	750	12.938364297731832	0.0	353220	4159.230776514736	0.75
2695.863582638121	750	12.92771624553222	0.0	405134	4010.648052199612	0.75
2704.5620335391945	750	8.229265344458652	0.0	386351	8698.45090107357	0.75
2706.0642531569597	300	10.72704572669354	0.0	179801	1502.2196177651135	-0.15000000000000002
2706.917847859959	300	13.873451023694235	0.0	140051	853.5947029993048	0.3
2709.0206910425436	750	15.77060784110941	0.0	366214	2102.8431825848256	0.3
2723.6561755380076	750	5.135123345645287	0.0	360831	14635.484495464123	0.75
2724.665581366139	300	8.125717517513722	0.0	150616	1009.4058281315636	-0.15000000000000002
2725.8798970595485	300	10.911401824103926	0.0	165384	1214.3156934097954	0.3
2727.152358043427	300	13.638940840225853	0.0	140881	1272.4609838780746	0.3
2728.6774667512946	300	16.113832132357867	0.0	157671	1525.1087078679861	0.3
2734.122405527904	300	14.668893355748382	0.0	157812	5444.9387766094815	0.3
2735.342148980988	300	17.449149902664217	0.0	163927	1219.743453084168	0.3
2736.7510594048435	300	20.040239478809024	0.0	137654	1408.91042385519	0.3
2738.414897749921	300	22.376401133731587	0.0	146754	1663.838345077438	0.3
2739.435289729835	300	25.356009153817347	0.0	153938	1020.3919799142395	0.3
2741.1034033100727	300	27.687895573579716	0.0	181901	1668.1135802376298	0.3
2743.332878487451	750	29.458420396201447	0.0	277716	2229.4751773782714	0.3
2748.0375863638574	750	28.753712519795517	0.0	400396	4704.70787640593	0.75
2755.8007135640446	750	24.99058531960803	0.0	400508	7763.127200187487	0.75
2760.3410122148343	750	24.450286668818304	0.0	358218	4540.298650789726	0.75
2762.7837811475356	750	26.007517736117187	0.0	400322	2442.7689327011194	0.75
2765.1756938655108	750	27.615605018142077	0.0	369834	2391.912717975111	0.75
2767.298466816846	750	29.492832066806955	0.0	412837	2122.7729513351233	0.75
2775.5258111369644	1200	25.265487746688603	0.0	690253	8227.34432011835	0.75
2783.734543726845	1200	21.056755156807622	0.0	598727	8208.73258988098	1.2
2786.872285955925	750	21.919012927727888	0.0	321064	3137.7422290797376	0.3
2791.5999557705723	750	21.191343113080634	0.0	361565	4727.669814647252	0.75
2799.483481781631	750	17.307817102021808	0.0	378327	7883.526011058828	0.75
2802.8687048769807	300	17.922594006671947	0.0	149991	3385.223095349861	-0.15000000000000002
2804.201423114992	300	20.58987576866082	0.0	147968	1332.7182380111224	0.3
2808.5090756885993	750	20.2822231950534	0.0	384505	4307.652573607421	0.3
2813.026091474079	750	19.765207409573275	0.0	372093	4517.015785480125	0.75
2820.363597569948	750	16.42770131370409	0.0	438281	7337.506095869183	0.75
2828.3234316858643	750	12.467867197787655	0.0	398987	7959.834115916438	0.75
2841.323148980909	750	4.0	0.5318500972567053	393804	12999.71729504436	-1.5369554182038327
2842.6449729739625	300	6.678176006946636	0.0	137507	1321.8239930533646	-0.15000000000000002
2848.241272567711	750	5.081876413197911	0.0	314107	5596.299593748725	0.3

