4117.2423615733505	300	4.0	1.4824622024822598	181801	1482.4622024822597	-6.074587470673717
4119.396506007946	300	5.845855565404052	0.0	155580	2154.1444345959485	0.3
4123.398377875424	300	5.843983697926968	0.0	139857	4001.8718674770835	0.3
4125.08341111645	300	8.15895045689984	0.0	155432	1685.0332410271296	0.3
4127.117773599239	300	10.124587974111693	0.0	163442	2034.3624827881456	0.3
4128.6664420388115	300	12.575919534539201	0.0	126289	1548.6684395724908	0.3
4130.253949132528	300	14.988412440822755	0.0	153295	1587.507093716447	0.3
4131.782765954483	300	17.459595618867503	0.0	173849	1528.8168219552488	0.3
4133.286200643169	300	19.956160930182097	0.0	150710	1503.4346886854082	0.3
4134.395370616623	300	22.846990956727495	0.0	139105	1109.1699734546023	0.3
4135.524775519644	300	25.717586053706032	0.0	141840	1129.4049030214644	0.3
4136.760547480304	300	28.481814093045976	0.0	156148	1235.7719606600547	0.3
4138.0309665529585	300	31.211395020391624	0.0	160746	1270.4190726543522	0.3
4139.498120508115	300	33.744241065235606	0.0	179801	1467.1539551560152	0.3
4140.665418437751	300	36.57694313559951	0.0	140051	1167.2979296361004	0.3
4141.81922325558	300	39.42313831777059	0.0	138313	1153.804817828919	0.3
4143.0032644252115	300	42.23909714813905	0.0	143509	1184.0411696315373	0.3
4144.239846818537	300	45.002514754813035	0.0	150616	1236.5823933260153	0.3
4145.553685828402	300	47.68867574494848	0.0	165384	1313.8390098645498	0.3
4146.675498778454	300	50.56686279489645	0.0	140881	1121.8129500520404	0.3
4149.598853571383	750	51.64350800196759	0.0	386472	2923.354792928859	0.3
4155.910511766521	750	49.33184980682899	0.0	399894	6311.658195138595	0.75
4159.157499061316	300	50.08486251203419	0.0	163927	3246.9872947948056	-0.15000000000000002
4160.264549326141	300	52.97781224720944	0.0	137654	1107.0502648247514	0.3
4163.028604972065	750	54.21375660128501	0.0	359903	2764.0556459244226	0.3
4165.888494735563	750	55.35386683778796	0.0	379700	2859.889763497053	0.75
4167.301412992772	300	57.9409485805781	0.0	181901	1412.9182572098607	-0.15000000000000002
4169.247126281857	300	59.99523529149359	0.0	111155	945.7132890845105	0.3
4171.901829363807	300	59.69199722701272	0.0	153605	1303.2380644808698	0.3
4175.626820791045	300	59.967005799774824	0.0	149029	1224.9914272378987	0.3
4177.07820769567	300	59.72154052496626	0.0	157421	1245.4652748085614	0.3
4181.114241642069	300	59.685506578566965	0.0	157488	2536.033946399296	0.3
4184.0498206878265	300	59.82169480754581	0.0	143881	1363.8117710211525	0.3
4186.791309794713	300	59.97583393537089	0.0	163444	1345.8608721749192	0.3
4188.329588276361	300	59.50300878710247	0.0	179328	1472.8251482684245	0.3
4190.446005682044	300	59.73852686920089	0.0	159914	1264.4819179015853	0.3
4193.083842816821	300	59.68457599420333	0.0	131610	1053.9508749975662	0.3
4196.265227983599	750	59.928326402403705	0.0	361565	2756.2495917996184	0.3
4200.669559372741	750	59.52399501326277	0.0	378327	2904.3313891409325	0.75
4204.688826873191	750	59.50472751281271	0.0	390680	3019.267500450067	0.75
4207.392670075902	750	59.83617321129157	0.0	345516	2668.5543015211347	0.75
4212.204440828786	750	59.02440245840844	0.0	384505	4811.770752883127	0.75
4218.169744535237	750	57.059098751955744	0.0	372093	5965.303706452692	0.75
4225.757027368059	750	53.47181591913373	0.0	438281	7587.282832822011	0.75
4230.139959221967	750	53.08888406522609	0.0	398987	4382.931853907644	0.75
4233.78698655918	750	53.44185672801196	0.0	393804	3647.027337214132	0.75
4236.463502181277	750	54.76534110591515	0.0	331053	2676.515622096816	0.75
4238.868886627467	750	56.35995665972574	0.0	314107	2405.3844461894078	0.75

