6457.42275556398	300	4.0	1.226584106337838	181801	1226.584106337838	-4.974311657252703
6458.494879570007	300	6.927875993973814	0.0	155580	1072.1240060261862	0.3
6459.529950747972	300	9.892804816008221	0.0	139857	1035.0711779655928	0.3
6460.7415176914255	300	12.681237872554522	0.0	155432	1211.5669434536994	0.3
6462.056397383692	300	15.366358180288458	0.0	163442	1314.8796922660645	0.3
6463.00357160356	300	18.419183960420202	0.0	126289	947.174219868256	0.3
6464.130985585703	300	21.291769978277127	0.0	153295	1127.4139821430758	0.3
6465.731261565145	300	23.691493998834233	0.0	173849	1600.2759794428946	0.3
6467.292804384998	300	26.129951178980896	0.0	150710	1561.5428198533368	0.3
6468.7108848263315	300	28.71187073764711	0.0	139105	1418.0804413337858	0.3
6469.960769874548	300	31.461985689431053	0.0	141840	1249.8850482160547	0.3
6471.386836753669	300	34.035918810309184	0.0	156148	1426.066879121866	0.3
6472.924255080795	300	36.49850048318368	0.0	160746	1537.418327125504	0.3
6474.737548978216	300	38.685206585762565	0.0	179801	1813.2938974211193	0.3
6475.962319290721	300	41.46043627325748	0.0	140051	1224.770312505082	0.3
6477.168375173056	300	44.25438039092151	0.0	138313	1206.0558823359709	0.3
6478.4347054342325	300	46.988050129746306	0.0	143509	1266.3302611752044	0.3
6480.191485980086	300	49.23126958389271	0.0	150616	1756.7805458535936	0.3
6481.837452719364	300	51.5853028446154	0.0	165384	1645.9667392773092	0.3
6482.816875337778	300	54.605880226201215	0.0	140881	979.4226184141796	0.3
6483.985574293672	300	57.43718127030781	0.0	157671	1168.6989558934101	0.3
6485.522395614914	300	59.70047210685169	0.0	157812	1236.7091634561205	0.3
6487.156129302959	300	59.739661393222164	0.0	163927	1460.8107136295223	0.3
6488.00878466785	300	59.90579508258474	0.0	137654	833.8663106374277	0.3
6492.157550408607	300	59.75702934182764	0.0	146754	3148.765740757098	0.3
6495.89132314588	300	59.848420449845854	0.0	153938	1908.6088919817817	0.3
6499.934972110395	750	59.80477148533056	0.0	425781	3543.6489645152983	0.3
6503.942094941082	750	59.7976486546435	0.0	277716	2507.122830687055	0.75
6507.907663240485	750	59.832080355240656	0.0	400396	3465.568299402843	0.75
6511.659011290474	750	59.96665833644482	0.0	400508	2365.4220187958367	0.75
6515.341623712539	750	59.774315073308614	0.0	358218	2192.3432631362084	0.75
6519.259043247141	750	59.52723989117264	0.0	400322	2247.075182135971	0.75
6522.816627112291	750	59.96965602602237	0.0	369834	3557.583865150273	0.75
6527.2184093352735	750	59.56787380303956	0.0	412837	3901.7822229828066	0.75
6531.92210851173	750	58.86417462658269	0.0	401088	4703.699176456877	0.75
6535.025900753346	750	59.760382384966945	0.0	365161	2603.792241615745	0.75
6538.417628328649	750	59.82561947420161	0.0	321064	2434.7629107653315	0.75
6540.74570830378	300	59.5995618551544	0.0	124011	1226.0576190472132	-0.15000000000000002
6542.511688761141	300	59.9795827787652	0.0	144254	1119.9790763891965	0.3
6544.548265032504	300	59.99929532882011	0.0	149991	1480.2874499450947	0.3
6546.219648910163	300	59.644747831249354	0.0	147968	854.5474975707548	0.3
6547.7406244919075	300	59.76217825692164	0.0	161857	882.5695743277106	0.3
6550.19832045313	300	59.80553319151867	0.0	145210	1956.6450654029732	0.3
6552.036990068878	300	59.596223867554194	0.0	172312	1209.3093239644763	0.3
6553.287629519177	300	59.998084226296406	0.0	167025	1098.1396412577888	0.3
6554.561414412158	300	59.65244179882667	0.0	160064	845.6424274697372	0.3
6557.089816410242	300	59.55731191804058	0.0	137507	2095.1298807860844	0.3
6559.567958628764	300	59.99537695042757	0.0	118421	561.9349676130187	0.3

