74853.63485125	300	4.0	0.6256159687767029	181801	625.6159687767029	-2.3901486657398223
74854.17667516254	300	7.458176087460477	0.0	155580	541.8239125395235	0.3
74855.64657418185	300	9.988277068139054	0.0	139857	1469.8990193214227	0.3
74856.72849861361	300	12.906352636380639	0.0	155432	1081.924431758414	0.3
74857.32254883902	300	16.312302410974304	0.0	163442	594.0502254063351	0.3
74858.07261453828	750	19.562236711716515	0.0	318564	750.0656992577883	0.3
74859.35892684589	1200	22.275924404104856	0.0	561791	1286.3123076116594	0.75
74861.66423716086	1850	23.970614089143787	0.0	1060487	2305.310314961069	1.2000000000000002
74862.67255413183	1850	26.96229711817449	0.0	852833	1008.3169709692974	1.85
74869.54296133442	2850	24.091889915587572	0.0	1429765	6870.407202586917	1.85
74872.21536362874	2850	25.419487621265617	0.0	1354548	2672.402294321959	2.85
74872.9537038004	1850	28.681147449604655	0.0	917428	738.3401716609612	0.8500000000000001
74874.09310854142	2850	31.541742708597166	0.0	1422919	1139.4047410074902	1.85
74876.0287834404	4300	33.606067809607865	0.0	2275376	1935.6748989893006	2.8499999999999996
74878.04968358556	4300	35.58516766444726	0.0	2005399	2020.9001451605993	4.3
74879.96346206663	4300	37.67138918336415	0.0	2152483	1913.7784810831158	4.3
74881.75170297349	4300	39.883148276520146	0.0	2289689	1788.2409068440027	4.3
74883.50437741436	4300	42.13047383564496	0.0	2059512	1752.6744408751829	4.3
74885.50593373111	4300	44.12891751889281	0.0	2220726	2001.5563167521464	4.3
74887.2552654081	4300	46.37958584190231	0.0	2156729	1749.331676990503	4.3
74890.28634957055	4300	47.348501679439835	0.0	2039773	3031.0841624624804	4.3
74892.25784178641	4300	49.377009463580364	0.0	2176469	1971.4922158594677	4.3
74898.53215351822	4300	47.102697731786904	0.0	2221506	6274.311731793459	4.3
74901.52698646173	4300	48.10786478826928	0.0	2044075	2994.83294351762	4.3
74904.73966041252	4300	48.8951908374741	0.0	2186790	3212.6739507951847	4.3
74906.15003923867	4300	51.48481201133065	0.0	2105231	1410.3788261434486	4.3
74918.63629119043	4300	42.998560059568234	0.0	2395588	12486.251951762419	4.3
74928.64570614485	4300	36.98914510516616	0.0	1972048	10009.414954402073	4.3
74931.35075468835	4300	38.28409656164779	0.0	2134614	2705.0485435183678	4.3
74932.92231923339	4300	40.71253201661238	0.0	2164140	1571.5645450354107	4.3
74939.42121374102	4300	38.21363750898036	0.0	2113193	6498.894507632014	4.3
74941.9460660409	4300	39.68878520911708	0.0	2147852	2524.8522998632825	4.3
74945.03327981032	4300	40.60157143967435	0.0	2191074	3087.2137694427283	4.3
74947.27208027482	4300	42.3627709751732	0.0	2286761	2238.8004645011542	4.3
74948.91371994423	4300	44.721131305760046	0.0	2307787	1641.6396694131492	4.3
74954.04182685606	4300	43.59302439394321	0.0	2143948	5128.106911816841	4.3
74959.10273298819	4300	42.532118261816414	0.0	1919781	5060.906132126796	4.3
74964.75437451857	4300	40.88047673143355	0.0	2147467	5651.641530382859	4.3
74970.37073838933	4300	39.264112860678814	0.0	2133870	5616.363870754741	4.3
74976.01888510412	4300	37.61596614588168	0.0	2146120	5648.146714797136	4.3
74987.87912412459	4300	29.755727125421	0.0	2108491	11860.23902046068	4.3
74990.35062296806	4300	31.284228281944273	0.0	2184571	2471.4988434767247	4.3
74997.88015621707	4300	27.754695032942905	0.0	2121928	7529.533249001369	4.3
75008.36266587315	4300	21.272185376856914	0.0	2219102	10482.509656085993	4.3
75012.88688133044	1200	20.747969919572665	0.0	630203	4524.215457284247	-1.9000000000000001
75015.25315941808	1200	22.381691831944043	0.0	638661	2366.278087628622	1.2
75022.71433279748	1850	18.92051845253764	0.0	830730	7461.1733794064	1.2000000000000002
75024.00471473875	750	21.630136511264777	0.0	314107	1290.3819412728633	-0.3500000000000001

