51148.88900195208	300	4.0	0.731174243559413	181801	731.174243559413	-2.8440492473054757
51149.42574676274	300	7.46325518933741	0.0	155580	536.74481066259	0.3
51149.91633269271	300	10.972669259366734	0.0	139857	490.58592997067643	0.3
51150.45264301159	300	14.43635894048958	0.0	155432	536.3103188771543	0.3
51151.74088540149	750	17.148116550586593	0.0	411561	1288.2423899029834	0.3
51152.756111355106	750	20.13289059696841	0.0	318564	1015.2259536181855	0.75
51154.485392264774	1200	22.40360968729527	0.0	561791	1729.2809096731396	0.75
51157.67872260303	1850	23.210279349043965	0.0	1060487	3193.3303382513045	1.2000000000000002
51160.26243160877	1850	24.626570343311812	0.0	852833	2583.709005732154	1.85
51163.02538315477	1850	25.863618797310956	0.0	913888	2762.9515460008543	1.85
51183.11066090596	2850	9.778341046116868	0.0	1354548	20085.277751194088	1.85
51184.86688898485	300	12.02211296721935	0.0	156148	1756.2280788975186	-2.25
51187.668243120934	300	13.220758831141616	0.0	160746	2801.3541360777326	0.3
51192.437018640354	750	12.451983311721913	0.0	434409	4768.775519419704	0.3
51193.7316746945	300	15.157327257575584	0.0	140051	1294.6560541463302	-0.15000000000000002
51196.91857624127	750	15.970425710806897	0.0	366214	3186.9015467686877	0.3
51199.9151689542	750	16.97383299787247	0.0	360831	2996.592712934425	0.75
51202.54417175228	750	18.344830199799535	0.0	372963	2629.0027980729374	0.75
51208.027589798694	1200	16.861412153376556	0.0	639204	5483.418046422983	0.75
51210.628999375505	750	18.260002576568457	0.0	350713	2601.4095768080956	0.3
51215.06837424385	1200	17.82062770822898	0.0	601738	4439.374868339481	0.75
51218.231422567114	750	18.657579384962933	0.0	399894	3163.048323266043	0.3
51220.92196297978	750	19.96703897229551	0.0	401853	2690.5404126674257	0.75
51224.4882897999	1200	20.40071215217723	0.0	536667	3566.326820118275	0.75
51228.4076305385	1200	20.48137141357861	0.0	587236	3919.3407385986216	1.2
51233.052957519954	1200	19.83604443212023	0.0	590335	4645.326981458381	1.2
51241.895990802106	1200	14.993011149966106	0.0	696376	8843.033282154123	1.2
51244.1176790443	750	16.771322907775133	0.0	277716	2221.688242190975	0.3
51247.2911088255	750	17.597893126580278	0.0	400396	3173.429781194853	0.75
51251.01213565222	750	17.87686629985887	0.0	400508	3721.0268267214055	0.75
51254.91972631196	750	17.96927564012456	0.0	358218	3907.5906597343132	0.75
51261.27979326831	1200	15.609208683774977	0.0	620283	6360.066956349582	0.75
51265.388066400665	750	15.500935551421474	0.0	369834	4108.2731323535045	0.3
51269.60457630061	750	15.284425651472219	0.0	412837	4216.509899949254	0.75
51273.13716446811	750	15.751837483978871	0.0	401088	3532.5881674933457	0.75
51276.203069238894	750	16.685932713196273	0.0	365161	3065.9047707825985	0.75
51281.87041321297	750	15.018588739116746	0.0	321064	5667.343974079528	0.75
51284.10222888291	750	16.786773069174384	0.0	361565	2231.8156699423616	0.75
51285.53907569062	750	19.349926261461746	0.0	378327	1436.84680771264	0.75
51287.5806114932	1200	21.308390458884723	0.0	587506	2041.5358025770272	0.75
51289.55336236319	1200	23.335639588895095	0.0	566904	1972.7508699896287	1.2
51292.799159720205	1850	24.08984223187725	0.0	1025005	3245.797357017843	1.2000000000000002
51295.328463477585	1850	25.56053847449721	0.0	886255	2529.30375738004	1.85
51302.23904580025	1850	22.649956151829933	0.0	973972	6910.582322667277	1.85
51305.35598569978	1850	23.533016252299117	0.0	958994	3116.939899530819	1.85
51308.68612909949	1850	24.202872852583983	0.0	982064	3330.1433997151307	1.85
51311.45799688163	1850	25.431005070446513	0.0	830730	2771.8677821374686	1.85
51314.02273210081	1850	26.866269851263482	0.0	846370	2564.7352191830323	1.85

