3560.3760511478836	300	4.0	1.3646269910438449	181801	1364.6269910438448	-5.567896061488533
3561.2445800808573	300	7.13147106702638	0.0	155580	868.5289329736198	0.3
3561.706827655388	300	10.669223492495695	0.0	139857	462.2475745306857	0.3
3562.3271780850714	300	14.04887306281244	0.0	155432	620.3504296832544	0.3
3562.9524880230124	300	17.423563124871535	0.0	163442	625.3099379409033	0.3
3563.3515261013163	300	21.02452504656761	0.0	126289	399.03807830392367	0.3
3563.8187881923427	300	24.55726295554147	0.0	153295	467.2620910261383	0.3
3564.3379749059523	300	28.038076241931744	0.0	173849	519.1867136097271	0.3
3564.7987066306564	300	31.57734451722742	0.0	150710	460.7317247043237	0.3
3565.230121178895	300	35.145929968989115	0.0	139105	431.41454823830503	0.3
3566.0319804322735	300	38.34407071561048	0.0	141840	801.859253378637	0.3
3566.914983104194	300	41.46106804368964	0.0	156148	883.0026719208347	0.3
3567.8280106908446	300	44.54804045703904	0.0	160746	913.0275866505998	0.3
3570.328570634762	750	46.047480513121684	0.0	434409	2500.559943917362	0.3
3572.426018719875	750	47.95003242800848	0.0	337059	2097.4480851132103	0.75
3574.592412882267	750	49.783638265616744	0.0	366214	2166.394162391728	0.75
3576.223116802745	750	52.152934345138725	0.0	360831	1630.7039204780228	0.75
3577.8403928503085	750	54.53565829757489	0.0	372963	1617.2760475638352	0.75
3578.987760956749	750	57.38829019113477	0.0	405596	1147.368106440118	0.75
3581.094799237422	1200	59.28125191046154	0.0	586839	2107.0382806732277	0.75
3584.7603856326073	1200	59.615665515276575	0.0	601738	3665.586395184966	1.2
3588.706802006643	1200	59.66924914124055	0.0	616206	3946.416374036025	1.2
3590.8620403199334	1200	59.67981883989719	0.0	656471	1989.4303013433619	1.2
3594.6492533354935	1200	59.89260582433731	0.0	536667	2287.213015559878	1.2
3598.591396933585	1200	59.95046222624552	0.0	587236	2442.143598091792	1.2
3602.772202913221	1200	59.68564157497672	0.0	590335	2264.8206512688025	1.2
3606.8001566207968	1200	59.65768786740094	0.0	696376	3527.953707575784	1.2
3610.415819229366	1200	59.74482622123756	0.0	487160	1912.8616461633687	1.2
3617.651079227188	1200	56.50956622341599	0.0	622896	7235.259997821574	1.2
3622.0470147936758	1200	56.11363065692781	0.0	641447	4395.935566488177	1.2
3625.5776200640607	1200	56.58302538654309	0.0	570392	3530.605270384718	1.2
3629.3712432666243	1200	56.789402183979384	0.0	620283	3793.623202563708	1.2
3634.690145057898	1200	55.47050039270559	0.0	584349	5318.901791273801	1.2
3644.723208705585	1200	49.43743674501855	0.0	670129	10033.063647687039	1.2
3647.6541312147715	750	50.50651423583211	0.0	401088	2930.9225091864414	0.3
3651.20822697385	300	50.95241847675354	0.0	159914	3554.095759078572	-0.15000000000000002
3652.5804382674805	300	53.58020718312286	0.0	131610	1372.211293630679	0.3
3653.895438238932	300	56.265207211671495	0.0	124011	1314.9999714513706	0.3
3655.423881823399	300	58.736763627204375	0.0	144254	1528.443584467116	0.3
3657.5038207506605	300	59.81072582164356	0.0	149991	926.0378055608128	0.3
3661.835380237046	300	59.479166335257496	0.0	147968	4331.55948638606	0.3
3664.527131812866	300	59.92752085724059	0.0	161857	1551.6454780169051	0.3
3667.3352670956065	300	59.85250628927217	0.0	145210	1575.0145679684183	0.3
3671.374961133555	300	59.812812251323315	0.0	172312	2039.6940379488517	0.3
3675.478558112921	300	59.70921527195755	0.0	167025	3603.596979365769	0.3
3679.6920916412696	300	59.495681743608834	0.0	160064	4213.533528348714	0.3
3682.1696786705265	300	59.50436081169784	0.0	137507	1491.320931910989	0.3
3686.094858542154	750	59.57918094007093	0.0	314107	2925.1798716269186	0.3

