24821.926957036798	300	4.0	7.1413754425568365	181801	7141.375442556837	-30.407914402994397
24825.271687628854	300	4.655269407942496	0.0	155580	3344.730592057503	0.3
24830.096089962513	300	4.0	0.1691329257147272	139857	4824.402333657224	-0.427271580573327
24835.328060348475	300	4.0	1.2319703859630573	155432	5231.970385963057	-4.997472659641146
24837.42457204103	300	5.90348830744624	0.0	163442	2096.5116925537595	0.3
24838.747115011593	300	8.580945336883877	0.0	126289	1322.5429705623633	0.3
24840.335366915337	300	10.992693433136461	0.0	153295	1588.2519037474162	0.3
24842.125847265088	300	13.20221308338869	0.0	173849	1790.480349747771	0.3
24843.688665650643	300	15.63939469783291	0.0	150710	1562.8183855557786	0.3
24845.137303773678	300	18.190756574797035	0.0	139105	1448.6381230358743	0.3
24847.813257765436	300	19.5148025830401	0.0	141840	2675.953991756934	0.3
24852.321250329303	300	19.006810019170494	0.0	156148	4507.992563869607	0.3
24854.905880601214	300	20.422179747257022	0.0	160746	2584.6302719134715	0.3
24857.19787367678	300	22.130186671691828	0.0	179801	2291.993075565194	0.3
24859.000844306676	300	24.327216041795545	0.0	140051	1802.9706298962797	0.3
24860.629142077072	300	26.69891827139958	0.0	138313	1628.2977703959668	0.3
24862.202523528133	300	29.125536820339782	0.0	143509	1573.3814510597997	0.3
24864.205380441876	300	31.122679906597835	0.0	150616	2002.856913741948	0.3
24866.396774767993	300	32.93128558048176	0.0	165384	2191.3943261160716	0.3
24868.265121654727	300	35.06293869374674	0.0	140881	1868.3468867350316	0.3
24869.642434696365	300	37.68562565210814	0.0	157671	1377.3130416385932	0.3
24871.020907882474	300	40.307152465998655	0.0	157812	1378.4731861094915	0.3
24872.44969513553	300	42.878365212942036	0.0	163927	1428.7872530566156	0.3
24875.13538304383	300	44.192677304641435	0.0	137654	2685.687908300601	0.3
24878.08100012752	300	45.24706022095221	0.0	146754	2945.6170836892375	0.3
24880.454077272603	300	46.8739830758726	0.0	153938	2373.0771450796033	0.3
24883.097086248406	300	48.23097410006878	0.0	181901	2643.0089758038243	0.3
24885.134927111907	300	50.19313323656453	0.0	111155	2037.8408635042474	0.3
24887.492403020013	300	51.835657328461664	0.0	153605	2357.4759081028624	0.3
24888.736040831704	300	54.5920195167721	0.0	149029	1243.6378116895712	0.3
24890.045204470687	300	57.28285587778919	0.0	157421	1309.163638982909	0.3
24892.160773131534	300	59.16728721694278	0.0	157488	2115.568660846411	0.3
24894.935446476386	300	59.91904630456314	0.0	143881	2748.2409123796374	0.3
24898.359328817947	300	59.610321416766716	0.0	163444	3308.7248877964253	0.3
24900.542684995344	300	59.642721965353466	0.0	179328	1967.5994514132517	0.3
24902.442330221504	300	59.52327776291357	0.0	159914	1619.4442024398872	0.3
24906.34387549554	300	59.62173248888039	0.0	131610	3901.5452740331816	0.3
24908.553798935536	300	59.50764381765705	0.0	124011	2114.0886712233455	0.3
24912.459869217735	300	59.60157353545912	0.0	144254	2406.070282197925	0.3
24916.231563999365	300	59.82987875382931	0.0	149991	2271.694781629803	0.3
24920.2104482689	300	59.62373665076627	0.0	147968	2206.1421030630477	0.3
24923.52609830469	300	59.55978277810396	0.0	161857	1563.9538726623045	0.3
24927.277598912355	300	59.525880478336575	0.0	145210	2033.9022997673842	0.3
24930.837480245926	300	59.545239067999766	0.0	172312	1980.6414103368068	0.3
24933.112548150028	300	59.91782503156395	0.0	167025	1127.4140364358157	0.3
24937.310869578734	300	59.71950360285927	0.0	160064	3198.321428704677	0.3
24939.866999061425	300	59.539926468701196	0.0	137507	1179.5771341580742	0.3
24941.98478255622	300	59.624810864070255	0.0	118421	915.1156046309387	0.3

