77793.68822104357	750	4.0	4.196009243370663	450283	4196.009243370663	-17.29283974649385
77795.24766403205	300	6.44055701152136	0.0	155580	1559.4429884786405	-0.15000000000000002
77796.65759370192	300	9.030627341643116	0.0	139857	1409.9296698782439	0.3
77798.21562932724	300	11.472591716336442	0.0	155432	1558.035625306672	0.3
77802.20130159165	750	11.486919451924605	0.0	411561	3985.672264411838	0.3
77806.4425311571	750	11.245689886478402	0.0	318564	4241.229565446204	0.75
77811.65618130224	750	10.032039741337234	0.0	352642	5213.650145141169	0.75
77816.0673086752	750	9.620912368367641	0.0	437162	4411.127372969593	0.75
77822.45699365025	750	7.231227393302613	0.0	374758	6389.684975065027	0.75
77824.90620795489	300	8.782013088675843	0.0	139105	2449.2143046267697	-0.15000000000000002
77826.3724055452	300	11.315815498347368	0.0	141840	1466.197590328477	0.3
77827.97843474244	300	13.709786301120838	0.0	156148	1606.0291972265302	0.3
77842.95911470693	750	4.0	1.2708936633721204	386351	14980.679964492958	-5.1648427525001175
77845.06399950742	300	5.895115199523738	0.0	179801	2104.884800476262	-0.15000000000000002
77846.72122733813	300	8.237887368802545	0.0	140051	1657.2278307211916	0.3
77848.3588821421	300	10.600232564834418	0.0	138313	1637.6548039681275	0.3
77853.50115692729	300	9.457957779649648	0.0	143509	5142.27478518477	0.3
77856.10587021378	300	10.853244493164942	0.0	150616	2604.713286484706	0.3
77858.95813333437	300	12.000981372566955	0.0	165384	2852.2631205979883	0.3
77860.41310153343	300	14.546013173507644	0.0	140881	1454.9681990593097	0.3
77864.18365751191	750	14.775457195037909	0.0	386472	3770.5559784697357	0.3
77868.21100140795	750	14.74811329898897	0.0	399894	4027.343896048939	0.75
77872.21129545463	750	14.747819252302724	0.0	401853	4000.2940466862465	0.75
77875.57116371638	750	15.387950990569701	0.0	343800	3359.868261733023	0.75
77879.04283718737	750	15.91627751958566	0.0	359903	3471.6734709840407	0.75
77886.03498719369	750	12.924127513254913	0.0	379700	6992.150006330748	0.75
77889.99637298513	750	12.962741721825893	0.0	425781	3961.3857914290206	0.75
77892.61677755204	750	14.342337154910592	0.0	277716	2620.4045669153	0.75
77896.3595756126	750	14.599539094342205	0.0	400396	3742.798060568388	0.75
77899.94134462753	750	15.017770079419181	0.0	400508	3581.769014923023	0.75
77903.12594819436	750	15.833166512596106	0.0	358218	3184.6035668230747	0.75
77906.83617364669	750	16.122941060258363	0.0	400322	3710.2254523377446	0.75
77910.65914372796	750	16.299970978981516	0.0	369834	3822.9700812768465	0.75
77914.75287196378	750	16.206242743158615	0.0	412837	4093.7282358229013	0.75
77918.48477581996	750	16.474338886978963	0.0	401088	3731.903856179649	0.75
77921.87086162655	750	17.088253080385154	0.0	365161	3386.0858065938082	0.75
77924.85348044436	750	18.10563426258456	0.0	321064	2982.6188178005996	0.75
77932.88748305966	750	14.071631647280633	0.0	361565	8034.002615303926	0.75
77939.19690183992	750	11.762212867008783	0.0	378327	6309.41878027185	0.75
77943.94569531266	750	11.013419394276202	0.0	390680	4748.793472732581	0.75
77947.79018254291	750	11.168932164017399	0.0	345516	3844.487230258802	0.75
77953.74531887755	750	9.213795829391424	0.0	384505	5955.136334625976	0.75
77955.44669960285	300	11.512415104104484	0.0	145210	1701.3807252869392	-0.15000000000000002
77957.15669366166	300	13.802421045293395	0.0	172312	1709.9940588110894	0.3
77960.97208961094	750	13.987025096018474	0.0	398987	3815.395949274921	0.3
77964.61016175264	750	14.348952954308713	0.0	393804	3638.072141709762	0.75
77967.73755065505	750	15.221564051895733	0.0	331053	3127.3889024129794	0.75
77970.75523009783	750	16.203884609118855	0.0	314107	3017.6794427768787	0.75

