5279.901448811424	300	4.0	5.607234079007917	181801	5607.234079007917	-23.81110653973404
5283.709962094313	300	4.191486717111516	0.0	155580	3808.513282888484	0.3
5290.519367987266	300	4.0	2.6179191758424842	139857	6809.405892954001	-10.957052456122682
5294.291374014045	300	4.227993973221542	0.0	155432	3772.006026778457	0.3
5298.829762425589	300	4.0	0.3103944383227081	163442	4538.388411544251	-1.0346960847876447
5313.039002400085	300	4.0	10.209239974496178	126289	14209.239974496179	-43.599731890333565
5317.349531473695	300	4.0	0.31052907360929566	153295	4310.529073609296	-1.0352750165199713
5333.07472439894	300	4.0	11.725192925245604	173849	15725.192925245605	-50.1183295785561
5344.881361365898	300	4.0	7.806636966958064	150710	11806.636966958064	-33.268538957919674
5349.251323174417	300	4.0	0.369961808519598	139105	4369.961808519598	-1.2908357766342713
5351.981649831088	300	5.26967334332841	0.0	141840	2730.3266566715906	0.3
5353.878349047609	300	7.3729741268081606	0.0	156148	1896.6992165202491	0.3
5355.828543557041	300	9.422779617376312	0.0	160746	1950.1945094318469	0.3
5358.000432891707	300	11.250890282709475	0.0	179801	2171.8893346668374	0.3
5359.709852045157	300	13.541471129259687	0.0	140051	1709.4191534497877	0.3
5361.399050489803	300	15.852272684613805	0.0	138313	1689.1984446458825	0.3
5363.148701640401	300	18.102621534015626	0.0	143509	1749.6511505981791	0.3
5364.981038969059	300	20.27028420535683	0.0	150616	1832.3373286587973	0.3
5366.985194150202	300	22.266129024214678	0.0	165384	2004.1551811421532	0.3
5368.704269913725	300	24.54705326069168	0.0	140881	1719.075763522999	0.3
5370.618688428006	300	26.632634746410584	0.0	157671	1914.418514281094	0.3
5379.16142838658	300	22.08989478783683	0.0	157812	8542.739958573755	0.3
5394.4244526353805	300	10.826870539036399	0.0	163927	15263.024248800431	0.3
5398.198563473703	300	11.052759700713123	0.0	137654	3774.1108383232768	0.3
5401.743928122768	300	11.507395051648519	0.0	146754	3545.3646490646042	0.3
5410.58849812099	300	6.662825053425851	0.0	153938	8844.569998222667	0.3
5413.759120780126	300	7.492202394290226	0.0	181901	3170.6226591356253	0.3
5416.102575750334	300	9.148747424082472	0.0	111155	2343.4549702077534	0.3
5428.9010179876295	300	4.0	3.649694813212838	153605	12798.44223729531	-15.393687696815203
5430.578863032047	300	6.322154955582319	0.0	149029	1677.8450444176804	0.3
5436.053059657437	300	4.8479583301919424	0.0	157421	5474.1966253903765	0.3
5437.494137515182	300	7.4068804724474075	0.0	157488	1441.0778577445353	0.3
5438.727979138829	300	10.173038848800315	0.0	143881	1233.8416236470932	0.3
5440.001761082903	300	12.89925690472644	0.0	163444	1273.7819440738751	0.3
5445.461661142867	300	11.43935684476222	0.0	179328	5459.90005996422	0.3
5450.277687096804	300	10.623330890825422	0.0	159914	4816.025953936798	0.3
5451.736734425562	300	13.164283562067105	0.0	131610	1459.047328758317	0.3
5452.680625221338	300	16.220392766290058	0.0	124011	943.8907957770459	0.3
5454.112393269756	300	18.788624717872505	0.0	144254	1431.768048417553	0.3
5459.749886693761	300	17.151131293866808	0.0	149991	5637.493424005698	0.3
5460.607398297217	300	20.29361969041202	0.0	147968	857.5116034547898	0.3
5461.537890941575	300	23.3631270460539	0.0	161857	930.4926443581173	0.3
5462.35963275557	300	26.541385232059167	0.0	145210	821.7418139947373	0.3
5463.315317662581	300	29.58570032504847	0.0	172312	955.684907010696	0.3
5464.206891841033	300	32.69412614659622	0.0	167025	891.5741784522505	0.3
5465.014003965555	300	35.887014022074	0.0	160064	807.1121245222214	0.3
5465.718647901149	300	39.182370086481505	0.0	137507	704.6439355924949	0.3
5468.404764016592	300	40.49625397103785	0.0	118421	2686.1161154436504	0.3

