40236.59989240488	300	4.0	0.6944806800706835	181801	694.4806800706835	-2.6862669243039394
40237.32641086702	300	7.273481537867301	0.0	155580	726.5184621326991	0.3
40237.82038157967	300	10.779510825211386	0.0	139857	493.97071265591416	0.3
40238.28810244476	300	14.31178996012517	0.0	155432	467.7208650862156	0.3
40238.75540369725	300	17.844488707635907	0.0	163442	467.3012524892624	0.3
40239.10950227653	300	21.490390128356104	0.0	126289	354.09857927980704	0.3
40239.52221487787	300	25.077677527015542	0.0	153295	412.71260134056024	0.3
40239.97953803278	300	28.620354372115152	0.0	173849	457.32315490038854	0.3
40240.44393858396	300	32.1559538209398	0.0	150710	464.40055117535366	0.3
40240.89132386061	300	35.70856854428342	0.0	139105	447.38527665637537	0.3
40241.34593244866	300	39.25395995623166	0.0	141840	454.6085880517615	0.3
40241.838329387516	300	42.76156301737726	0.0	156148	492.39693885438845	0.3
40242.34286994092	300	46.25702246397224	0.0	160746	504.54055340502293	0.3
40243.233556034815	300	49.366336370078876	0.0	179801	890.6860938933704	0.3
40245.11910835596	750	51.48078404893205	0.0	337059	1885.5523211468244	0.3
40247.665728416956	750	52.93416398794032	0.0	366214	2546.6200609917264	0.75
40250.27823404471	750	54.32165836018592	0.0	360831	2612.5056277544018	0.75
40252.95401053714	750	55.64588186775476	0.0	372963	2675.7764924311655	0.75
40256.46809030142	750	56.131802103470086	0.0	405596	3514.079764284674	0.75
40258.8951882573	750	57.704704147595095	0.0	350713	2427.0979558749887	0.75
40261.61902597826	750	58.98086642663414	0.0	386472	2723.837720960961	0.75
40264.73331800003	750	59.866574404867826	0.0	399894	2114.292021766309	0.75
40268.34760346988	750	59.803884771286995	0.0	401853	2062.689633580825	0.75
40271.984135178645	750	59.718416814098795	0.0	343800	2085.4679571882034	0.75
40275.01269150074	750	59.94317051353928	0.0	359903	1775.2463005595196	0.75
40278.2080440281	750	59.93164929688214	0.0	379700	2011.5212166571328	0.75
40282.38009507848	750	59.759598246503096	0.0	425781	3672.051050379039	0.75
40286.02450664206	750	59.53583360899817	0.0	277716	2223.76463750493	0.75
40289.1516446918	750	59.89358809391122	0.0	400396	2142.2455150869523	0.75
40292.25006884961	750	59.79632231859024	0.0	400508	2097.2657753209787	0.75
40294.86349757749	750	59.95068710963723	0.0	358218	1845.6352089530142	0.75
40298.33266118279	750	59.80950210270358	0.0	400322	2641.1850069336415	0.75
40301.16786074086	750	59.515891622846226	0.0	369834	1793.610479857361	0.75
40303.892891431344	750	59.63417081671711	0.0	412837	1881.7208061291135	0.75
40306.99435629183	750	59.7135933181519	0.0	401088	2420.577498565207	0.75
40309.775922500434	750	59.87425382231083	0.0	365161	2339.3394958410713	0.75
40312.43133264096	750	59.72816219142451	0.0	321064	2146.091630886313	0.75
40314.84971780036	750	59.98312878354803	0.0	361565	2245.0334078764818	0.75
40318.20765346456	750	59.84083695595512	0.0	378327	3142.291827592915	0.75
40320.86927787114	750	59.83484652127474	0.0	390680	2505.9904346803837	0.75
40322.582027667326	750	59.769788713079876	0.0	345516	1565.0578081948618	0.75
40326.499257430136	750	59.84551978967135	0.0	384505	1924.2689234085256	0.75
40328.73190093125	750	59.68517849481852	0.0	372093	2160.3412948528276	0.75
40335.63672076207	750	56.78035866399082	0.0	438281	6904.819830827705	0.75
40338.57816990602	750	57.838909520044105	0.0	398987	2941.4491439467074	0.75
40340.56310466821	300	59.85397475785449	0.0	160064	984.9347621896216	-0.15000000000000002
40342.939513817175	300	59.582523035975775	0.0	137507	771.4517218787068	0.3
40345.1234261213	300	59.50204566996204	0.0	118421	580.4773660137423	0.3

