1295.969806310599	300	4.0	9.799419294603615	450283	9799.419294603615	0	-41.387502966795545
1297.218107852246	300	6.75169845835335	0.0	155580	1248.3015416466499	0	-0.15000000000000002
1298.348340200299	300	9.621466110300416	0.0	139857	1130.232348052934	0	0.3
1299.5955303611242	750	12.374275949474976	0.0	155432	1247.1901608254404	1	0.3
1302.7660776730002	750	13.203728637599175	0.0	411561	3170.547311875799	1	0.3
1305.2382798346732	750	14.731526475925932	0.0	318564	2472.202161673244	1	0.75
1307.9663849397598	750	16.00342137083943	0.0	352642	2728.1051050865008	1	0.75
1311.329178605715	750	16.640627704884086	0.0	437162	3362.7936659553457	1	0.75
1314.2233600502736	750	17.746446260325563	0.0	374758	2894.1814445585233	1	0.75
1317.027707381561	750	18.94209892903815	0.0	362795	2804.3473312874166	1	0.75
1319.760152879314	750	20.209653431285034	0.0	353220	2732.4454977531145	1	0.75
1322.8824377280957	750	21.087368582503228	0.0	405134	3122.2848487818083	1	0.75
1325.8636748338724	750	22.106131476726617	0.0	386351	2981.2371057766086	1	0.75
1329.2057953146873	750	22.764010995911732	0.0	434409	3342.120480814882	1	0.75
1331.8168825323623	750	24.152923778236723	0.0	337059	2611.0872176750104	1	0.75
1334.6469042624856	750	25.322902048113402	0.0	366214	2830.02173012332	1	0.75
1337.4365032699025	1850	26.533303040696623	0.0	360831	2789.599007416777	3	0.75
1344.167621869067	1850	23.802184441532074	0.0	885714	6731.11859916455	3	0.75
1351.6646470593018	1850	20.305159251297283	0.0	987708	7497.025190234792	3	1.85
1358.6814280761664	1850	17.28837823443264	0.0	923755	7016.781016864641	3	1.85
1365.456776628283	1850	14.513029682315919	0.0	891604	6775.348552116721	3	1.85
1372.7099213122312	750	11.259884998367655	0.0	955231	7253.144683948263	1	1.85
1375.8075680496997	750	12.162238260899272	0.0	401853	3097.6467374683834	1	-0.3500000000000001
1378.4692756600489	750	13.50053065055014	0.0	343800	2661.707610349133	1	0.75
1381.2519060093434	750	14.717900301255538	0.0	359903	2782.6303492946013	1	0.75
1384.1831985621345	750	15.78660774846448	0.0	379700	2931.292552791059	1	0.75
1392.311214740746	750	11.65859156985304	0.0	425781	8128.016178611438	1	0.75
1399.0825381229129	300	8.88726818768623	0.0	277716	6771.32338216681	0	0.75
1402.8224202200513	300	9.147386090547936	0.0	153605	3739.8820971382934	0	-0.15000000000000002
1407.3387008965917	300	8.631105414007573	0.0	149029	4516.280676540363	0	0.3
1411.6941885089632	300	8.275617801636109	0.0	157421	4355.487612371464	0	0.3
1415.169200561281	300	8.800605749318231	0.0	157488	3475.012052317877	0	0.3
1417.490609517235	300	10.479196793364267	0.0	143881	2321.408955953964	0	0.3
1420.116775066522	300	11.853031244077426	0.0	163444	2626.1655492868395	0	0.3
1422.99038496118	300	12.979421349419255	0.0	179328	2873.6098946581724	0	0.3
1425.5615594163369	300	14.408246894262408	0.0	159914	2571.1744551568463	0	0.3
1427.1936546733223	750	16.776151637276918	0.0	131610	1632.095256985492	1	0.3
1430.7199508777223	750	17.249855432876803	0.0	361565	3526.2962044001133	1	0.3
1434.4060159120097	750	17.56379039858952	0.0	378327	3686.0650342872827	1	0.75
1438.209824912148	750	17.759981398451135	0.0	390680	3803.809000138387	1	0.75
1441.5831483238708	750	18.38665798672846	0.0	345516	3373.323411722676	1	0.75
1445.328099638497	750	18.64170667210214	0.0	384505	3744.9513146263193	1	0.75
1448.9547446223419	750	19.015061688257322	0.0	372093	3626.644983844816	1	0.75
1453.212267742004	750	18.75753856859506	0.0	438281	4257.523119662263	1	0.75
1457.0952558180209	750	18.874550492578337	0.0	398987	3882.988076016726	1	0.75
1460.9288415646433	750	19.040964745955787	0.0	393804	3833.585746622549	1	0.75
1463.9671826899328	750	20.002623620666345	0.0	331053	3038.3411252894425	1	0.75
1466.423728011703	750	21.546078298896248	0.0	314107	2456.545321770095	1	0.75

