9184.460303452473	750	4.0	1.5532700728407496	450283	1553.2700728407497	-5.929061313215223
9185.833635127716	750	6.626668324758124	0.0	398865	1373.331675241876	0.75
9186.898669376515	750	9.561634075959228	0.0	350812	1065.0342487988967	0.75
9187.855240741173	750	12.605062711301066	0.0	382355	956.571364658161	0.75
9191.311166714673	2850	13.149136737799235	0.0	1472558	3455.925973501831	0.75
9194.197854894235	2850	14.26244855823731	0.0	1224260	2886.6881795619265	2.85
9198.985475414927	4300	13.47482803754424	0.0	2157535	4787.620520693069	2.8499999999999996
9204.943742943062	4300	11.516560509411512	0.0	2290172	5958.267528132729	4.3
9209.695983165771	4300	10.764320286702395	0.0	2055469	4752.240222709117	4.3
9212.683045581132	4300	11.777257871341263	0.0	2169201	2987.062415361133	4.3
9215.405252193106	4300	13.055051259367218	0.0	2173522	2722.2066119740443	4.3
9219.791760415363	4300	12.668543037112155	0.0	2102452	4386.508222255062	4.3
9222.557166205523	4300	13.903137246951392	0.0	2209463	2765.405790160762	4.3
9225.455756848885	4300	15.004546603590516	0.0	2275376	2898.590643360877	4.3
9228.019917206384	4300	16.440386246091247	0.0	2005399	2564.1603574992705	4.3
9230.766275840648	4300	17.694027611828886	0.0	2152483	2746.35863426236	4.3
9233.682596515388	4300	18.77770693708927	0.0	2289689	2916.3206747396143	4.3
9236.313788605437	4300	20.14651484703934	0.0	2059512	2631.1920900499285	4.3
9242.034647585931	4300	18.425655866543426	0.0	2220726	5720.858980495916	4.3
9247.305465543655	2850	17.154837908819605	0.0	1336050	5270.817957723822	1.4000000000000001
9251.867387372948	2850	16.592916079527406	0.0	1415116	4561.9218292922	2.85
9255.807180792513	2850	16.653122659961156	0.0	1468126	3939.793419566252	2.85
9259.400668340239	2850	17.059635112237235	0.0	1505760	3593.487547723918	2.85
9262.321057852509	2850	18.139245599966664	0.0	1323990	2920.3895122705717	2.85
9265.369619836936	2850	19.0906836155395	0.0	1383735	3048.561984427163	2.85
9269.96602559023	4300	18.49427786224311	0.0	2105231	4596.40575329639	2.8499999999999996
9275.126611482714	4300	17.33369196976075	0.0	2395588	5160.585892482362	4.3
9282.495087981753	4300	13.965215470720915	0.0	1972048	7368.476499039832	4.3
9287.349905413665	4300	13.110398038808613	0.0	2134614	4854.817431912303	4.3
9290.195563174271	2850	14.264740278201735	0.0	1561263	2845.657760606879	1.4000000000000001
9292.651397965838	2850	15.808905486636375	0.0	1341201	2455.834791565359	2.85
9295.406584694001	2850	17.05371875847173	0.0	1497683	2755.1867281646423	2.85
9297.647275074307	2850	18.813028378166077	0.0	1358081	2240.6903803056557	2.85
9300.964732317076	4300	19.49557113539842	0.0	2286761	3317.457242767653	2.8499999999999996
9306.643298227296	4300	17.817005225176345	0.0	2307787	5678.565910222077	4.3
9312.210079887565	4300	16.250223564907344	0.0	2143948	5566.781660268999	4.3
9315.205748068187	2850	17.254555384284714	0.0	1139291	2995.6681806226306	1.4000000000000001
9318.428686908463	2850	18.03161654400911	0.0	1499009	3222.9388402756044	2.85
9320.44816431162	2850	20.01213914085279	0.0	1427478	2019.4774031563209	2.85
9330.945813518045	4300	13.514489934427242	0.0	2146120	10497.649206425547	2.8499999999999996
9333.372827306022	1200	15.087476146449935	0.0	566904	2427.013787977307	-1.9000000000000001
9334.888426253681	750	17.571877198790265	0.0	384505	1515.59894765967	0.3
9336.336369669882	750	20.123933782591465	0.0	372093	1447.9434161987995	0.75
9338.109259384179	750	22.351044068293476	0.0	438281	1772.8897142979918	0.75
9339.471615652932	750	24.98868779954146	0.0	398987	1362.3562687520177	0.75
9345.719191942642	4300	22.74111150983126	0.0	2246506	6247.576289710198	0.75
9349.929232872924	4300	22.53107057954809	0.0	1961140	4210.040930283167	4.3
9353.715524532008	4300	22.744778920463908	0.0	2155012	3786.2916590841814	4.3

