9626.28445993564	750	4.0	2.5491690061764642	450283	2549.1690061764643	0.17663913177549026	-10.211426726558797
9626.780380791444	300	7.504079144194319	0.0	155580	495.92085580568227	0.3137194134480225	-0.15000000000000002
9628.582251101514	750	9.702208834124926	0.0	350812	1801.870310069393	0.19469325735573592	0.3
9634.456693376535	1200	7.827766559105133	0.0	617681	5874.442275019792	0.10514717331151559	0.75
9635.2585490028	750	11.02591093283938	0.0	411561	801.8556262657527	0.513260724897127	0.3
9636.743561198477	1850	13.54089873716197	0.0	801058	1485.012195677412	0.539428566534152	0.75
9639.438342272484	2850	14.846117663153503	0.0	1388403	2694.781074008466	0.5152192188787942	1.85
9643.774564950365	2850	14.509894985273194	0.0	1638769	4336.22267788031	0.3779254714845698	2.85
9645.541818980251	2850	16.742640955387753	0.0	1348011	1767.2540298854399	0.7627714958937641	2.85
9647.950314258826	4300	18.334145676813232	0.0	2169201	2408.495278574517	0.9006457348273711	2.8499999999999996
9656.20067314566	4300	14.083786789977152	0.0	2173522	8250.358886836082	0.2634457518530471	4.3
9659.668862617074	2850	14.61559731856498	0.0	1519951	3468.1894714121713	0.4382548913572213	1.4000000000000001
9664.979486086304	2850	13.304973849335605	0.0	1422919	5310.623469229376	0.26793822010628815	2.85
9669.507814525006	2850	12.776645410633387	0.0	1578343	4528.328438702219	0.34854870210172745	2.85
9671.932419738128	1850	14.352040197511784	0.0	821631	2424.6052131216043	0.33887207515411366	0.8500000000000001
9676.001182393611	2850	14.283277542030934	0.0	1471065	4068.762655480851	0.36155094916101654	1.85
9682.630861162086	2850	11.653598773553975	0.0	1491626	6629.678768476959	0.2249921982785106	2.85
9688.354811702591	1850	9.92964823305098	0.0	885714	5723.950540502995	0.15473823432481432	0.8500000000000001
9693.017753929078	1200	9.266706006562325	0.0	639204	4662.942226488654	0.1370816898328464	0.5499999999999999
9694.98204046485	1200	11.302419470791463	0.0	586839	1964.286535770862	0.2987542750577892	1.2
9696.601026478123	1850	13.683433457519353	0.0	891604	1618.9860132721103	0.5507175433825963	1.2000000000000002
9703.618290420642	2850	10.66616951500022	0.0	1468126	7017.263942519134	0.20921630025974997	1.85
9705.477047197624	1200	12.80741273801686	0.0	656471	1858.756776983361	0.3531774614779933	-0.44999999999999996
9708.706681067622	1850	13.577778868018372	0.0	874175	3229.6338699984863	0.2706730964523882	1.2000000000000002
9713.663178645598	2850	12.621281290043713	0.0	1383735	4956.497577974659	0.279175966139668	1.85
9716.676704020458	1850	13.607755915184914	0.0	905935	3013.525374858798	0.30062298713593827	0.8500000000000001
9719.937264421607	2850	14.3471955140365	0.0	1547572	3260.5604011484156	0.4746337468414703	1.85
9722.41714510752	2850	15.867314828122359	0.0	1141971	2479.880685914141	0.4604943320404317	2.85
9730.033270288057	4300	12.25118964758523	0.0	2134614	7616.125180537129	0.28027559282441517	2.8499999999999996
9733.209941676181	1850	13.074518259461234	0.0	975811	3176.671388123995	0.30718034092165636	-0.6000000000000001
9736.489560903497	2850	13.794899032145082	0.0	1341201	3279.619227316153	0.4089502186196048	1.85
9738.488025281587	2850	15.796434654054986	0.0	1497683	1998.4643780900976	0.7494169105137181	2.85
9740.78211931223	4300	17.50234062341285	0.0	2191074	2294.0940306421344	0.955093370513109	2.8499999999999996
9743.084643823468	4300	19.19981611217624	0.0	2286761	2302.5245112366097	0.993153813929154	4.3
9745.359443255356	4300	20.92501668028736	0.0	2307787	2274.799431888879	1.014501308400508	4.3
9747.311440821963	4300	22.973019113681275	0.0	2143948	1951.9975666060845	1.098335385595617	4.3
9749.067705992768	4300	25.216753942876483	0.0	1919781	1756.2651708047936	1.0931042942224247	4.3
9752.914423129883	4300	25.37003680576095	0.0	2147467	3846.717137115533	0.5582596597186456	4.3
9758.017054464512	4300	24.26740547113209	0.0	2133870	5102.631334628859	0.41819011801196637	4.3
9763.716499202214	4300	22.567960733429548	0.0	2146120	5699.4447377025435	0.3765489620073244	4.3
9768.184466276081	4300	22.099993659561953	0.0	2108491	4467.967073867593	0.4719128330940973	4.3
9773.056942420304	4300	21.227517515339976	0.0	2184571	4872.476144221977	0.4483492448886737	4.3
9786.799327173636	4300	11.485132762008368	0.0	2121928	13742.384753331607	0.1544075528438086	4.3
9789.545035015884	1850	12.739424919758287	0.0	973972	2745.707842250081	0.35472528614036347	-0.6000000000000001
9790.67700321449	1850	15.607456721153346	0.0	958994	1131.9681986049404	0.8471916447669492	1.85
9793.22130733941	4300	17.063152596231614	0.0	2246506	2544.304124921731	0.8829549808905444	1.8499999999999996
9803.040821418866	4300	11.243638516776647	0.0	1961140	9819.514079454968	0.19971864026380143	4.3
9805.360537921963	1850	12.923922013680272	0.0	846370	2319.7165030963747	0.3648592398554992	-0.6000000000000001

