19332.818936610973	300	4.0	0.9296809125558496	181801	929.6809125558497	-3.6976279239901535
19333.45238784885	300	7.366548762123808	0.0	155580	633.4512378761923	0.3
19333.93402898223	300	10.884907628744214	0.0	139857	481.64113337959395	0.3
19334.620220568526	300	14.198716042447781	0.0	155432	686.191586296434	0.3
19336.213224791114	750	16.605711819861796	0.0	411561	1593.0042225859852	0.3
19337.290871924728	750	19.52806468624588	0.0	318564	1077.6471336159132	0.75
19341.856580290725	1200	18.96235632024888	0.0	561791	4565.708365997	0.75
19346.20801430191	1200	18.610922309066105	0.0	709534	4351.434011182775	1.2
19347.976929290315	1200	20.842007320658933	0.0	584846	1768.9149884071703	1.2
19349.780101896842	1200	23.038834714130502	0.0	560821	1803.1726065284306	1.2
19353.429165742928	1850	23.389770868046966	0.0	939819	3649.0638460835376	1.2000000000000002
19356.419444610558	1850	24.399492000415556	0.0	917428	2990.2788676314076	1.85
19359.34904569448	1850	25.469890916496322	0.0	946851	2929.601083919235	1.85
19364.059290866462	2850	24.759645744511754	0.0	1578343	4710.245171984565	1.85
19367.086533765632	2850	25.73240284533898	0.0	1231445	3027.242899172775	2.85
19370.750638356334	2850	26.068298254636588	0.0	1471065	3664.104590702389	2.85
19375.73108589392	2850	25.08785071705088	0.0	1491626	4980.447537585707	2.85
19378.703057655242	1850	26.115878955731514	0.0	885714	2971.971761319368	0.8500000000000001
19382.665875217648	2850	26.153061393326123	0.0	1537156	3962.8175624053915	1.85
19387.14652297895	2850	25.672413632022593	0.0	1336050	4480.647761303531	2.85
19390.19612409362	2850	26.622812517352365	0.0	1415116	3049.6011146702253	2.85
19395.186183235193	2850	25.632753375781128	0.0	1468126	4990.059141571236	2.85
19400.001165575435	2850	24.817771035541128	0.0	1505760	4814.98234024	2.85
19402.45693970027	1850	26.361996910703166	0.0	874175	2455.774124837965	0.8500000000000001
19407.481933095754	2850	25.337003515222257	0.0	1383735	5024.9933954809085	1.85
19411.2063895585	1850	25.612547052472163	0.0	905935	3724.456462750092	0.8500000000000001
19415.467757140614	2850	25.35117947035891	0.0	1547572	4261.367582113255	1.85
19418.87224920363	2850	25.946687407343827	0.0	1141971	3404.492063015085	2.85
19423.590812133527	2850	25.228124477446325	0.0	1498470	4718.562929897501	2.85
19426.164242783736	1850	26.654693827236326	0.0	975811	2573.43065021	0.8500000000000001
19430.0594472597	2850	26.759489351271238	0.0	1341201	3895.2044759650903	1.85
19434.54592059536	2850	26.27301601561556	0.0	1497683	4486.473335655677	2.85
19439.575122900336	2850	25.243813710639184	0.0	1358081	5029.202304976378	2.85
19445.300584292865	2850	23.518352318110363	0.0	1587293	5725.461392528822	2.85
19449.740117915902	1850	23.07881869507377	0.0	1026056	4439.533623036588	0.8500000000000001
19452.739423389598	1850	24.079513221376875	0.0	943942	2999.3054736968998	1.85
19454.79570714955	1850	26.023229461425057	0.0	728962	2056.2837599518152	1.85
19459.209014432017	2850	25.609922178960115	0.0	1499009	4413.307282464942	1.85
19463.187308638397	2850	25.631627972578553	0.0	1427478	3978.294206381561	2.85
19467.913465436162	2850	24.90547117481657	0.0	1402287	4726.156797761984	2.85
19471.013942709273	1850	25.80499390170777	0.0	858450	3100.4772731087974	0.8500000000000001
19474.57486714327	2850	26.244069467709064	0.0	1527299	3560.9244339987063	1.85
19478.06484755088	2850	26.754089060097606	0.0	1343002	3489.98040761146	2.85
19486.603972778757	4300	22.214963832221514	0.0	2219102	8539.125227876091	2.8499999999999996
19489.074727607684	1850	23.74420900329711	0.0	958994	2470.754828924406	-0.6000000000000001
19494.75387975285	1850	22.06505685812901	0.0	982064	5679.152145168099	1.85
19497.325433170718	1850	23.49350344026341	0.0	830730	2571.553417865596	1.85
19499.589491714192	1850	25.229444896790003	0.0	846370	2264.058543473408	1.85

