79469.30810691442	300	4.0	8.691236998399367	450283	8691.236998399367	0	-36.62231909311728
79474.8686617847	300	4.0	1.5605548702606056	155580	5560.554870260606	0	-6.860385942120604
79483.77172629753	300	4.0	4.903064512826711	139857	8903.064512826712	0	-20.78317740515486
79493.67164341184	300	4.0	5.899917114318261	155432	9899.917114318261	0	-25.06964359156852
79496.76011766485	300	4.91152574700401	0.0	163442	3088.4742529959904	0	0.3
79498.78830396285	300	6.883339448989622	0.0	126289	2028.1862980143878	0	0.3
79501.52889210483	300	8.142751307004422	0.0	153295	2740.588141985199	0	0.3
79504.48082532128	300	9.1908180905525	0.0	173849	2951.9332164519224	0	0.3
79508.95761610786	300	8.714027303985832	0.0	150710	4476.790786566669	0	0.3
79515.37704065446	300	6.294602757370319	0.0	139105	6419.424546615513	0	0.3
79520.67382092796	300	4.997822483875574	0.0	141840	5296.780273494745	0	0.3
79523.65285872023	300	6.018784691609373	0.0	156148	2979.037792266201	0	0.3
79526.35110159601	300	7.320541815830447	0.0	160746	2698.242875778925	0	0.3
79529.57815036344	300	8.093493048418889	0.0	179801	3227.048767411559	0	0.3
79531.89860908562	300	9.773034326222394	0.0	140051	2320.458722196495	0	0.3
79534.33053768103	300	11.341105730809284	0.0	138313	2431.92859541311	0	0.3
79538.84852633545	300	10.823117076390973	0.0	143509	4517.98865441831	0	0.3
79541.3229870001	300	12.348656411750628	0.0	150616	2474.460664640346	0	0.3
79544.05018028714	300	13.62146312470252	0.0	165384	2727.1932870481064	0	0.3
79546.44258328936	750	15.229060122488727	0.0	140881	2392.403002213794	1	0.3
79552.7474023172	750	12.924241094641983	0.0	386472	6304.819027846742	1	0.3
79559.30204777984	300	10.369595631995828	0.0	399894	6554.6454626461555	0	0.75
79562.04523046513	300	11.626412946705997	0.0	163927	2743.1826852898294	0	-0.15000000000000002
79564.33955303591	300	13.332090375924748	0.0	137654	2294.32257078125	0	0.3
79566.74850560984	750	14.923137802005535	0.0	146754	2408.9525739192136	1	0.3
79573.24245413886	300	12.429189272979096	0.0	379700	6493.948529026437	0	0.3
79576.23954349851	300	13.432099913341073	0.0	181901	2997.089359638023	0	-0.15000000000000002
79578.05305205059	750	15.61859136125916	0.0	111155	1813.5085520819132	1	0.3
79584.88881822577	750	12.782825186084564	0.0	400396	6835.766175174597	1	0.3
79591.32903282378	300	10.342610588078946	0.0	400508	6440.2145980056175	0	0.75
79593.98351003218	300	11.68813337966803	0.0	157421	2654.477208410917	0	-0.15000000000000002
79596.87550423095	300	12.796139180896118	0.0	157488	2891.9941987719103	0	0.3
79599.41045020134	300	14.261193210508356	0.0	143881	2534.9459703877624	0	0.3
79602.09005528406	750	15.58158812776746	0.0	163444	2679.6050827408953	1	0.3
79610.02141409669	300	11.650229315154291	0.0	401088	7931.35881261317	0	0.3
79612.67765369415	300	12.993989717684057	0.0	159914	2656.239597470234	0	-0.15000000000000002
79614.87456435413	300	14.79707905769884	0.0	131610	2196.9106599852175	0	0.3
79616.87776065969	750	16.793882752161796	0.0	124011	2003.1963055370436	1	0.3
79623.07734316567	750	14.594300246171155	0.0	378327	6199.582505990642	1	0.3
79629.34034149254	300	12.331301919284911	0.0	390680	6262.998326886243	0	0.75
79631.7841686245	300	13.887474787337894	0.0	147968	2443.827131947019	0	-0.15000000000000002
79634.39267333187	750	15.2789700799496	0.0	161857	2608.504707388293	1	0.3
79645.6768951539	300	7.994748257931471	0.0	372093	11284.22182201813	0	0.3
79649.32740021028	300	8.344243201530604	0.0	172312	3650.505056400867	0	-0.15000000000000002
79652.01894214773	300	9.652701264095896	0.0	167025	2691.5419374347066	0	0.3
79655.15710476121	300	10.514538650613297	0.0	160064	3138.1626134826	0	0.3
79657.6196796868	300	12.051963725021558	0.0	137507	2462.5749255917385	0	0.3
79660.16020218033	300	13.511441231495327	0.0	118421	2540.522493526231	0	0.3

