91061.21256155582	750	4.0	9.499352035705495	450283	9499.352035705495	-40.09721375353363
91064.62749582098	300	4.585065734829397	0.0	155580	3414.934265170604	-0.15000000000000002
91067.77647156066	300	5.436089995155686	0.0	139857	3148.97573967371	0.3
91071.20225511216	300	6.010306443661253	0.0	155432	3425.7835514944322	0.3
91074.80184679586	300	6.410714759956256	0.0	163442	3599.5916837049976	0.3
91077.50927646653	300	7.703285089286077	0.0	126289	2707.4296706701793	0.3
91080.80065517334	300	8.411906382473173	0.0	153295	3291.3787068129045	0.3
91084.76299244358	300	8.449569112243749	0.0	173849	3962.337270229424	0.3
91088.08718037035	300	9.125381185480357	0.0	150710	3324.1879267633926	0.3
91091.20655569389	300	10.006005861929678	0.0	139105	3119.3753235506797	0.3
91094.40918292996	300	10.803378625855025	0.0	141840	3202.6272360746543	0.3
91097.8819846195	300	11.33057693632449	0.0	156148	3472.801689530534	0.3
91101.33323586977	300	11.87932568606099	0.0	160746	3451.2512502635004	0.3
91105.31678311896	300	11.89577843686643	0.0	179801	3983.547249194562	0.3
91108.36251969654	300	12.850041859287787	0.0	140051	3045.7365775786425	0.3
91111.33841168508	300	13.874149870759004	0.0	138313	2975.8919885287823	0.3
91114.40951098713	300	14.803050568712223	0.0	143509	3071.0993020467818	0.3
91117.57689698432	300	15.635664571518397	0.0	150616	3167.385997193825	0.3
91121.078844479	300	16.133717076849486	0.0	165384	3501.9474946689106	0.3
91128.63807231934	750	12.574489236503462	0.0	350713	7559.227840346026	0.3
91136.87874357212	750	8.333817983730453	0.0	386472	8240.671252773007	0.75
91140.41115377206	300	8.801407783796405	0.0	157812	3532.4101999340487	-0.15000000000000002
91143.8949149984	300	9.317646557454657	0.0	163927	3483.7612263417486	0.3
91148.21284842813	300	8.999713127726995	0.0	137654	4317.933429727662	0.3
91152.64296610272	300	8.569595453144824	0.0	146754	4430.11767458217	0.3
91157.25361433724	300	7.958947218628163	0.0	153938	4610.648234516661	0.3
91161.17950096699	300	8.033060588876467	0.0	181901	3925.886629751697	0.3
91163.62812328225	300	9.584438273609935	0.0	111155	2448.62231526653	0.3
91166.87618934053	300	10.336372215331606	0.0	153605	3248.066058278329	0.3
91170.32031851787	300	10.892243037986102	0.0	149029	3444.129177345505	0.3
91173.96815665615	300	11.24440489972195	0.0	157421	3647.8381382641533	0.3
91177.45373949397	300	11.758822061897499	0.0	157488	3485.5828378244496	0.3
91180.95159711754	300	12.260964438314732	0.0	143881	3497.857623582768	0.3
91184.53996514058	300	12.672596415271368	0.0	163444	3588.368023043364	0.3
91188.36480701291	300	12.847754542943276	0.0	179328	3824.8418723280915	0.3
91191.80813242756	300	13.40442912830338	0.0	159914	3443.3254146398963	0.3
91194.66324919733	300	14.549312358532182	0.0	131610	2855.1167697711967	0.3
91197.37120350591	300	15.841358049952042	0.0	124011	2707.9543085801415	0.3
91200.48796055598	300	16.724600999892015	0.0	144254	3116.757050060024	0.3
91208.95762910979	750	12.254932446098667	0.0	390680	8469.668553793348	0.3
91216.54344377307	750	8.669117782806866	0.0	345516	7585.8146632918015	0.75
91220.08262517868	300	9.129936377205121	0.0	161857	3539.1814056017442	-0.15000000000000002
91223.19331145532	300	10.019250100555764	0.0	145210	3110.6862766493578	0.3
91226.95486612999	300	10.2576954258836	0.0	172312	3761.554674672163	0.3
91230.57874313185	300	10.633818424028526	0.0	167025	3623.8770018550745	0.3
91234.02811416065	300	11.184447395215408	0.0	160064	3449.3710288131183	0.3
91237.00964287193	300	12.202918683940272	0.0	137507	2981.528711275136	0.3
91239.57350476773	300	13.639056788141623	0.0	118421	2563.8618957986487	0.3

