59342.218869286175	300	4.0	0.9586515795748844	181801	958.6515795748844	-3.8222017921720033
59343.196605245415	300	7.022264040756583	0.0	155580	977.7359592434165	0.3
59343.63407805894	300	10.584791227243368	0.0	139857	437.47281351321465	0.3
59344.11136038553	300	14.107508900652736	0.0	155432	477.28232659063167	0.3
59345.48201530641	750	16.736853979773194	0.0	411561	1370.6549208795411	0.3
59349.34550042292	750	16.87336886326475	0.0	318564	3863.485116508444	0.75
59350.33664942945	750	19.882219856727787	0.0	352642	991.149006536961	0.75
59353.75911855921	1200	20.45975072697208	0.0	709534	3422.4691297557124	0.75
59355.292896551306	1200	22.925972734881658	0.0	584846	1533.777992090422	1.2
59358.96226344334	1850	23.256605842844305	0.0	913888	3669.36689203735	1.2000000000000002
59362.59425425323	1850	23.62461503295447	0.0	939819	3631.9908098898395	1.85
59365.1654994344	1850	25.05336985178975	0.0	917428	2571.245181164719	1.85
59373.57943213798	2850	20.639437148202624	0.0	1422919	8413.932703587127	1.85
59375.49452616644	1200	22.724343119745633	0.0	687371	1915.094028456991	-0.44999999999999996
59377.38510999612	1850	24.833759290067327	0.0	821631	1890.5838296783081	1.2000000000000002
59386.959451396295	1850	19.25941788989029	0.0	923170	9574.341400177036	1.85
59394.29071555485	750	15.928153731328242	0.0	360831	7331.264158562049	-0.3500000000000001
59396.43693515431	750	17.781934131878543	0.0	372963	2146.219599449696	0.75
59397.47351377185	750	20.745355514324867	0.0	405596	1036.5786175536768	0.75
59401.41712395425	1200	20.801745331929745	0.0	586839	3943.610182395121	0.75
59405.870318439505	1200	20.34855084667779	0.0	601738	4453.194485251957	1.2
59407.648775122805	1200	22.570094163379753	0.0	616206	1778.4566832980393	1.2
59410.503660543734	1850	23.715208742451125	0.0	968026	2854.885420928627	1.2000000000000002
59413.877860783534	1850	24.341008502648695	0.0	874175	3374.200239802429	1.85
59417.035750350464	1850	25.1831189357231	0.0	897976	3157.889566925596	1.85
59419.68536723458	1850	26.53350205160601	0.0	905935	2649.6168841170925	1.85
59428.716410856694	2850	21.50245842948886	0.0	1547572	9031.043622117148	1.85
59431.30376107615	1200	22.915108210034102	0.0	487160	2587.35021945476	-0.44999999999999996
59435.295728500474	1850	22.92314078571499	0.0	972798	3991.967424319112	1.2000000000000002
59439.74515110231	1850	22.47371818387657	0.0	975811	4449.422601838417	1.85
59444.240402907344	1850	21.978466378850186	0.0	873429	4495.251805026384	1.85
59447.513577465856	1850	22.705291820339745	0.0	954453	3273.1745585104404	1.85
59454.89241177211	1850	19.326457514084627	0.0	885062	7378.834306255119	1.85
59463.50717557384	1200	14.711693712355324	0.0	670129	8614.763801729305	0.5499999999999999
59464.56030974632	750	17.65855953988054	0.0	401088	1053.134172474783	0.3
59465.458501626985	750	20.760367659218456	0.0	365161	898.1918806620803	0.75
59466.76193302876	1200	23.456936257438855	0.0	487812	1303.431401779604	0.75
59470.54729293329	1850	23.671576352909838	0.0	938587	3785.3599045290175	1.2000000000000002
59478.82501910276	1850	19.393850183444535	0.0	908665	8277.726169465304	1.85
59484.76500598796	1200	17.45386329824783	0.0	587506	5939.986885196707	0.5499999999999999
59486.116823621065	750	20.102045665138075	0.0	345516	1351.8176331097511	0.3
59487.79818992111	1200	22.420679365092113	0.0	641452	1681.3663000459599	0.75
59500.096562894614	1850	14.122306391586765	0.0	886255	12298.37297350535	1.2000000000000002
59501.419175870134	750	16.79969341606387	0.0	438281	1322.6129755228942	-0.3500000000000001
59502.381483844074	750	19.83738544212542	0.0	398987	962.3079739384491	0.75
59509.73472428594	1200	16.48414500026144	0.0	638661	7353.240441863982	0.75
59510.544828918566	750	19.674040367627704	0.0	331053	810.1046326337356	0.3
59511.296643922	750	22.922225364197303	0.0	314107	751.8150034304005	0.75

