56027.88376797779	300	4.0	0.6089174403945885	181801	608.9174403945885	-2.318344993696731
56028.27688224247	300	7.606885735326963	0.0	155580	393.11426467303727	0.3
56028.647361325326	300	11.236406652472605	0.0	139857	370.47908285436034	0.3
56029.06447143162	300	14.819296546174325	0.0	155432	417.1101062982805	0.3
56030.22298916843	750	17.660778809357296	0.0	411561	1158.51773681703	0.3
56031.1378032648	750	20.745964712998845	0.0	318564	914.8140963584507	0.75
56036.007342012876	1200	19.876425964921395	0.0	561791	4869.538748077449	0.75
56038.26841667983	1200	21.615351297968772	0.0	709534	2261.0746669526243	1.2
56041.12866084668	1850	22.75510713112014	0.0	852833	2860.244166848633	1.2000000000000002
56042.64831617669	1200	25.235451801112664	0.0	560821	1519.655330007478	0.5499999999999999
56049.912970673926	2850	21.970797303875546	0.0	1354548	7264.65449723712	1.2000000000000002
56052.29655042762	1850	23.587217550177083	0.0	917428	2383.57975369846	0.8500000000000001
56055.15054268662	1850	24.73322529118408	0.0	946851	2853.992258993003	1.85
56058.10255687339	1850	25.781211104411383	0.0	1036454	2952.0141867726948	1.85
56062.03476079912	2850	25.849007178684946	0.0	1231445	3932.203925726437	1.85
56067.101954967766	2850	24.781813010037133	0.0	1471065	5067.194168647815	2.85
56076.4836585476	1850	19.400109430203063	0.0	966699	9381.703579834073	0.8500000000000001
56080.6623054543	1200	19.221462523504247	0.0	581493	4178.646906698813	0.5499999999999999
56083.8308183599	1200	20.052949617903835	0.0	639204	3168.512905600411	1.2
56087.79614494367	1200	20.087623034128605	0.0	586839	3965.326583775232	1.2
56090.92732450886	1200	20.95644346893871	0.0	601738	3131.179565189898	1.2
56093.31080388658	1200	22.57296409121444	0.0	616206	2383.479377724268	1.2
56097.11060647725	1850	22.773161500550092	0.0	968026	3799.8025906643506	1.2000000000000002
56102.322743928125	1850	21.56102404966912	0.0	874175	5212.137450880973	1.85
56105.66271830852	1200	22.22104966927511	0.0	587236	3339.974380394009	0.5499999999999999
56110.74649207312	1850	21.1372759046781	0.0	905935	5083.77376459701	1.2000000000000002
56115.22818321025	1200	20.65558476754329	0.0	696376	4481.691137134812	0.5499999999999999
56121.06763948402	1200	18.816128493777505	0.0	487160	5839.4562737657825	1.2
56123.91720012975	1200	19.96656784804478	0.0	622896	2849.560645732726	1.2
56126.68395580272	1200	21.199812175070235	0.0	641447	2766.7556729745456	1.2
56128.46220554597	1200	23.42156243182334	0.0	570392	1778.249743246895	1.2
56132.6736938169	1850	23.21007416089051	0.0	954453	4211.488270932827	1.2000000000000002
56137.01838523188	1850	22.865382745906285	0.0	885062	4344.691414984228	1.85
56139.85868581942	1850	24.025082158370395	0.0	1035329	2840.3005875358895	1.85
56142.24491721714	1850	25.638850760643713	0.0	1026056	2386.231397726683	1.85
56148.816653342794	2850	23.06711463499521	0.0	1439896	6571.736125648503	1.85
56150.93021678297	1850	24.953551194819063	0.0	728962	2113.563440176147	0.8500000000000001
56154.23098123073	1850	25.65278674705637	0.0	938587	3300.764447762689	1.85
56157.76403018874	2850	26.119737789046646	0.0	1427478	3533.0489580097283	1.85
56166.07205471351	2850	21.811713264277483	0.0	1402287	8308.024524769166	2.85
56171.02203594026	1850	20.86173203752933	0.0	858450	4949.981226748156	0.8500000000000001
56173.13023519713	1200	22.753532780655963	0.0	641452	2108.199256873366	0.5499999999999999
56175.53674359259	1850	24.347024385199802	0.0	886255	2406.5083954561583	1.2000000000000002
56180.60097657992	1850	23.28279139786867	0.0	973972	5064.23298733113	1.85
56184.30097045976	1850	23.58279751802829	0.0	958994	3699.9938798403814	1.85
56187.56608056114	1850	24.31768741664766	0.0	982064	3265.1101013806256	1.85
56189.738240549625	1850	26.145527428161955	0.0	830730	2172.159988485706	1.85
56197.053156059425	2850	22.830611918361083	0.0	1364537	7314.915509800875	1.85

