8166.934081967994	300	4.0	1.3629629082061587	181801	1362.9629082061588	-5.560740505286483
8168.112004252573	300	6.822077715421179	0.0	155580	1177.9222845788206	0.3
8169.178969909819	300	9.755112058175131	0.0	139857	1066.9656572460476	0.3
8170.355847763892	300	12.578234204102273	0.0	155432	1176.8778540728579	0.3
8171.5892518906185	300	15.344830077375628	0.0	163442	1233.404126726646	0.3
8172.560468675534	300	18.373613292459993	0.0	126289	971.216784915636	0.3
8173.722265799936	300	21.211816168057688	0.0	153295	1161.7971244023029	0.3
8175.029111739336	300	23.904970228658385	0.0	173849	1306.8459393993019	0.3
8176.172666614699	300	26.761415353296037	0.0	150710	1143.5548753623473	0.3
8177.234325435861	300	29.699756532134337	0.0	139105	1061.6588211616968	0.3
8178.315285050495	300	32.618796917500966	0.0	141840	1080.959614633371	0.3
8179.497215689988	300	35.43686627800737	0.0	156148	1181.930639493596	0.3
8180.7115942447945	300	38.22248772320015	0.0	160746	1214.3785548072187	0.3
8182.060443227245	300	40.873638740750245	0.0	179801	1348.8489824499068	0.3
8183.128777935289	300	43.80530403270584	0.0	140051	1068.3347080444041	0.3
8184.184847641851	300	46.749234326143615	0.0	138313	1056.0697065622212	0.3
8185.277585327527	300	49.656496640466656	0.0	143509	1092.7376856769633	0.3
8186.42047684838	300	52.51360511961485	0.0	150616	1142.8915208518038	0.3
8187.667585597016	300	55.266496370978885	0.0	165384	1247.1087486359663	0.3
8188.74177758425	300	58.192304383745636	0.0	140881	1074.1919872332483	0.3
8190.934455978207	300	59.999625989788655	0.0	157671	1192.6783939569816	0.3
8193.728139959769	300	59.80595256406586	0.0	157812	1193.6734257227974	0.3
8196.719803929655	300	59.56912581034332	0.0	163927	1236.826753722537	0.3
8199.498479409369	300	59.51770664231778	0.0	137654	1051.4191680255362	0.3
8201.90101094929	300	59.9020691121013	0.0	146754	1115.6375302164818	0.3
8204.439574534561	300	59.735734360568365	0.0	153938	1166.3347515329378	0.3
8206.962140598287	300	59.87206575607439	0.0	181901	1363.668604493971	0.3
8209.270871402454	300	59.50764904735632	0.0	111155	864.4167087180795	0.3
8211.458154949294	300	59.84366426446179	0.0	153605	1163.984782894522	0.3
8213.644838212267	300	59.71197214369758	0.0	149029	1131.692120764218	0.3
8216.01165741295	300	59.521057990460136	0.0	157421	1190.91415323745	0.3
8218.004336577298	300	59.82967102070985	0.0	157488	1191.3869697502846	0.3
8219.91835437863	300	59.734308144842224	0.0	143881	1095.362875867626	0.3
8222.100845783498	300	59.50088990418982	0.0	163444	1233.4182406524023	0.3
8224.17994107913	300	59.65537886518126	0.0	179328	1345.5110390085533	0.3
8225.74653971064	300	59.946871703488654	0.0	159914	1208.507161692618	0.3
8227.026164916839	300	59.93810481909851	0.0	131610	1008.7668843901437	0.3
8228.149305360006	300	59.98296379561925	0.0	124011	955.1410234792654	0.3
8229.437294735835	300	59.88496867259808	0.0	144254	1097.995123021167	0.3
8230.81425107465	300	59.746487753545104	0.0	149991	1138.480919052975	0.3
8232.22613573661	300	59.62228307039457	0.0	147968	1124.2046831505265	0.3
8236.019573248062	750	59.82884555894079	0.0	384505	2793.4375114537816	0.3
8238.85638366375	750	59.62299907073031	0.0	372093	2705.8464882104836	0.75
8242.529316410937	750	59.95006632354243	0.0	438281	3172.9327471878782	0.75
8245.46448598131	750	59.55442987568763	0.0	398987	2895.6364478548003	0.75
8249.323546190568	750	59.69536966643015	0.0	393804	2859.0602092574745	0.75
8253.23977492226	750	59.77914093473795	0.0	331053	2416.2287316921984	0.75
8256.875879798246	750	59.98249949597847	0.0	314107	2296.6414387594778	0.75

