38393.45815418535	750	4.0	1.3474127349921492	450283	1347.4127349921491	1	-5.043874760466242
38394.29635086601	750	7.161803319335482	0.0	398865	838.196680664518	1	0.75
38395.1168287983	1850	10.341325387047265	0.0	350812	820.4779322882163	3	0.75
38396.89166393361	1850	12.5664902517393	0.0	933276	1774.8351353079656	3	0.75
38398.58634284161	1850	14.871811343739601	0.0	996749	1694.6789079996993	3	1.85
38399.96401302405	1850	17.494141161292042	0.0	801058	1377.6701824475601	3	1.85
38402.0226003554	1850	19.43555382994249	0.0	905515	2058.587331349556	3	1.85
38404.747964423645	1850	20.710189761703308	0.0	1060487	2725.3640682391824	3	1.85
38406.780932083035	1850	22.67722210231065	0.0	852833	2032.9676593926565	3	1.85
38409.95734619864	1850	23.500807986711717	0.0	913888	3176.414115598935	3	1.85
38412.00791882524	1850	25.450235360107914	0.0	939819	2050.572626603799	3	1.85
38414.11074101065	1850	27.34741317469901	0.0	917428	2102.8221854089074	3	1.85
38416.898726297164	1850	28.559427888185812	0.0	946851	2787.985286513196	3	1.85
38420.4259581548	1850	29.032196030544753	0.0	1036454	3527.231857641059	3	1.85
38423.65836146042	1850	29.799792724931326	0.0	821631	3232.403305613427	3	1.85
38426.91626105751	1850	30.541893127838833	0.0	923170	3257.8995970924902	3	1.85
38430.477460675254	1850	30.98069351009841	0.0	966699	3561.1996177404253	3	1.85
38433.18698299022	1850	32.2711711951301	0.0	885714	2709.522314968303	3	1.85
38435.067393711855	4300	34.39076047349494	0.0	987708	1880.4107216351651	5	1.85
38442.23930720588	4300	31.218846979470978	0.0	2156729	7171.913494023965	5	1.8499999999999996
38447.04378090458	4300	30.414373280762018	0.0	2039773	4804.473698708962	5	4.3
38455.428669093475	4300	26.0294850918699	0.0	2176469	8384.888188892119	5	4.3
38461.05407328898	4300	24.404080896366935	0.0	2221506	5625.40419550297	5	4.3
38469.634807566275	4300	19.82334661906431	0.0	2044075	8580.734277302623	5	4.3
38474.972581056645	4300	18.48557312869514	0.0	2186790	5337.773490369165	5	4.3
38480.09529067185	4300	17.362863513483248	0.0	2105231	5122.709615211893	5	4.3
38484.33817329443	4300	17.119980890908604	0.0	2395588	4242.882622574644	5	4.3
38488.617682206255	4300	16.840471979079506	0.0	1972048	4279.508911829097	5	4.3
38494.37033367812	4300	15.087820507217158	0.0	2134614	5752.651471862347	5	4.3
38499.46070718548	4300	13.997446999857937	0.0	2164140	5090.373507359221	5	4.3
38506.300092666475	1850	11.158061518861006	0.0	2113193	6839.38548099693	3	4.3
38510.3825958096	1850	11.075558375735916	0.0	954453	4082.5031431250895	3	-0.6000000000000001
38513.489067184746	1850	11.96908700059388	0.0	885062	3106.4713751420354	3	1.85
38516.698879196614	1850	12.75927498872676	0.0	1035329	3209.812011867121	3	1.85
38519.16344290393	1850	14.294711281401453	0.0	1026056	2464.563707325307	3	1.85
38521.80746482766	1850	15.650689357681243	0.0	943942	2644.02192372021	3	1.85
38524.66010604998	1850	16.79804813535681	0.0	728962	2852.641222324435	3	1.85
38527.34681318477	1850	18.1113410005703	0.0	938587	2686.707134786511	3	1.85
38529.60488950055	1850	19.853264684786456	0.0	908665	2258.076315783842	3	1.85
38531.790190100604	1850	21.667964084732013	0.0	930577	2185.3006000544447	3	1.85
38534.785816238065	1850	22.672337947269803	0.0	858450	2995.6261374622086	3	1.85
38537.47759829254	1850	23.98055589279409	0.0	1025005	2691.7820544757114	3	1.85
38541.365192921345	1850	24.092961263993896	0.0	886255	3887.5946288001937	3	1.85
38543.39731267874	1850	26.06084150660493	0.0	973972	2032.1197573889663	3	1.85
38546.83571602717	1850	26.622438158175953	0.0	958994	3438.403348428979	3	1.85
38553.050327924066	1850	24.40782626128333	0.0	982064	6214.611896892622	3	1.85
38554.860883671994	1850	26.597270513359607	0.0	830730	1810.5557479237225	3	1.85
38556.938775970026	1850	28.51937821532474	0.0	846370	2077.892298034869	3	1.85

