11819.860715110339	750	4.0	11.728435394174612	450283	11728.435394174612	-49.68227219495083
11823.321467686423	300	4.539247423917958	0.0	155580	3460.7525760820417	-0.15000000000000002
11827.199460577851	300	4.6612545324881065	0.0	139857	3877.992891429851	0.3
11830.552002107128	300	5.308713003210438	0.0	155432	3352.5415292776684	0.3
11834.447156267921	300	5.4135588424180225	0.0	163442	3895.154160792415	0.3
11837.27192650731	300	6.588788603028469	0.0	126289	2824.7702393895534	0.3
11842.38281749164	300	5.47789761870003	0.0	153295	5110.890984328438	0.3
11849.95581178907	300	4.0	2.095096678729311	173849	7572.994297429342	-8.708915718536035
11853.15575004957	300	4.800061739500803	0.0	150710	3199.938260499197	0.3
11856.289272558495	300	5.666539230574187	0.0	139105	3133.522508926616	0.3
11859.413102191955	300	6.54270959711423	0.0	141840	3123.8296334599563	0.3
11862.60208807516	300	7.353723713907275	0.0	156148	3188.985883206956	0.3
11865.868628750795	300	8.087183038273349	0.0	160746	3266.540675633926	0.3
11869.659013608274	300	8.296798180794534	0.0	179801	3790.3848574788144	0.3
11873.117624299777	300	8.838187489291327	0.0	140051	3458.6106915032065	0.3
11876.697735578116	300	9.25807621095211	0.0	138313	3580.111278339218	0.3
11879.580224063846	300	10.375587725223241	0.0	143509	2882.488485728869	0.3
11882.654536340318	300	11.301275448749893	0.0	150616	3074.312276473346	0.3
11886.013110602464	300	11.942701186604335	0.0	165384	3358.5742621455584	0.3
11888.893376333364	300	13.062435455702783	0.0	140881	2880.265730901553	0.3
11892.072547802753	300	13.883263986315846	0.0	157671	3179.171469386938	0.3
11895.36631280209	300	14.589498986977071	0.0	157812	3293.7649993387754	0.3
11899.054851671983	300	14.90096011708545	0.0	163927	3688.5388698916213	0.3
11901.86380492617	300	16.09200686289729	0.0	137654	2808.95325418816	0.3
11909.309597103998	750	12.646214685068687	0.0	359903	7445.792177828604	0.3
11919.950386436096	750	6.005425352970513	0.0	379700	10640.789332098173	0.75
11924.421514708733	300	5.534297080333624	0.0	181901	4471.128272636889	-0.15000000000000002
11926.755267462762	300	7.2005443263043345	0.0	111155	2333.75275402929	0.3
11930.598605903358	300	7.357205885706639	0.0	153605	3843.338440597695	0.3
11933.580124105309	300	8.375687683758372	0.0	149029	2981.5182019482677	0.3
11936.868855398012	300	9.086956391054061	0.0	157421	3288.731292704312	0.3
11940.058573329445	300	9.897238459621562	0.0	157488	3189.717931432499	0.3
11944.638473181436	300	9.317338607630969	0.0	143881	4579.899851990594	0.3
11949.902137934489	300	8.053673854577594	0.0	163444	5263.664753053374	0.3
11953.67099641895	300	8.284815370115114	0.0	179328	3768.8584844624825	0.3
11959.363594500934	300	6.592217288133617	0.0	159914	5692.598081981496	0.3
11962.05679214651	300	7.8990196425571195	0.0	131610	2693.197645576498	0.3
11964.842946144168	300	9.112865644897482	0.0	124011	2786.153997659638	0.3
11969.365633105223	300	8.590178683845451	0.0	144254	4522.68696105203	0.3
11972.403505540078	300	9.552306248989954	0.0	149991	3037.872434855499	0.3
11975.424452228528	300	10.531359560540254	0.0	147968	3020.946688449698	0.3
11978.931646490795	300	11.024165298271454	0.0	161857	3507.1942622688025	0.3
11981.888852663516	300	12.06695912554948	0.0	145210	2957.2061727219716	0.3
11985.411018430063	300	12.544793359004906	0.0	172312	3522.1657665445737	0.3
11988.851782358342	300	13.104029430724593	0.0	167025	3440.763928280313	0.3
11992.414911946182	300	13.540899842886454	0.0	160064	3563.129587838138	0.3
11997.078214951593	300	12.877596837473902	0.0	137507	4663.303005412553	0.3
12000.391936850674	300	13.563874938392843	0.0	118421	3313.7218990810593	0.3

