61071.73435656066	300	4.0	8.027699283530914	450283	8027.699283530914	0	-33.76910691918293
61073.67958991414	300	6.05476664651532	0.0	155580	1945.2333534846791	0	-0.15000000000000002
61075.43632176347	300	8.298034797188244	0.0	139857	1756.731849327078	0	0.3
61077.379780759475	300	10.354575801180848	0.0	155432	1943.4589960073959	0	0.3
61079.419270859486	300	12.315085701166431	0.0	163442	2039.4901000144168	0	0.3
61081.01333728819	300	14.721019272459486	0.0	126289	1594.066428706946	0	0.3
61082.9311760009	750	16.803180559755834	0.0	153295	1917.8387127036501	1	0.3
61088.25226832174	750	15.482088238917235	0.0	437162	5321.092320838599	1	0.3
61092.60082335345	750	15.133533207200665	0.0	374758	4348.555031716569	1	0.75
61096.63641851457	750	15.097938046084332	0.0	362795	4035.5951611163346	1	0.75
61100.56761636131	750	15.166740199340271	0.0	353220	3931.1978467440613	1	0.75
61105.06483845644	750	14.66951810420747	0.0	405134	4497.222095132803	1	0.75
61109.35726736559	750	14.377089195064684	0.0	386351	4292.428909142785	1	0.75
61114.173678116415	750	13.560678444240153	0.0	434409	4816.410750824531	1	0.75
61117.92867074148	750	13.805685819174455	0.0	337059	3754.9926250657	1	0.75
61122.00154364858	750	13.732812912069733	0.0	366214	4072.872907104722	1	0.75
61126.01572509424	750	13.718631466402709	0.0	360831	4014.1814456670245	1	0.75
61130.1621831162	750	13.572173444446973	0.0	372963	4146.4580219557365	1	0.75
61134.66444244989	750	13.069914110751247	0.0	405596	4502.259333695725	1	0.75
61138.568306190406	750	13.166050370234998	0.0	350713	3903.8637405162503	1	0.75
61156.627203922544	300	4.0	4.892847361905502	386472	18058.8977321405	0	-20.289243656193655
61163.59557144421	300	4.0	2.9683675216684513	157812	6968.367521668451	0	-12.91398034317434
61170.76337785332	300	4.0	3.167806409109122	163927	7167.806409109122	0	-13.321567559169223
61175.45753858962	300	4.0	0.6941607363033682	137654	4694.160736303368	0	-2.684891166104483
61180.575813152034	300	4.0	1.118274562418721	146754	5118.274562418721	0	-4.5085806184005
61186.65314648353	300	4.0	2.0773333314855416	153938	6077.333331485542	0	-8.632533325387827
61193.03021854087	300	4.0	2.377072057343862	181901	6377.072057343862	0	-9.921409846578607
61196.455388473085	300	4.574830067782538	0.0	111155	3425.169932217462	0	0.3
61202.34322934094	300	4.0	1.313010800075016	153605	5887.840867857554	0	-5.345946440322569
61206.273910284166	300	4.069319056773737	0.0	149029	3930.6809432262635	0	0.3
61210.57223710353	300	4.0	0.2290077625858985	157421	4298.326819359635	0	-0.6847333791193635
61215.41418074281	300	4.0	0.8419436392819616	157488	4841.943639281962	0	-3.320357648912435
61218.994365841885	300	4.419814900918334	0.0	143881	3580.185099081666	0	0.3
61222.72158147945	300	4.692599263359238	0.0	163444	3727.215637559097	0	0.3
61226.671671892516	300	4.742508850287718	0.0	179328	3950.0904130715194	0	0.3
61229.85393339422	300	5.560247348589006	0.0	159914	3182.2615016987133	0	0.3
61232.53951243782	300	6.874668304981702	0.0	131610	2685.579043607304	0	0.3
61236.329629518616	300	7.0845512241913315	0.0	124011	3790.1170807903713	0	0.3
61241.38891486993	300	6.0252658728720565	0.0	144254	5059.285351319275	0	0.3
61245.66617944253	300	5.748001300274191	0.0	149991	4277.2645725978655	0	0.3
61249.59355698033	300	5.820623762475039	0.0	147968	3927.377537799152	0	0.3
61253.37800030646	300	6.036180436352482	0.0	161857	3784.4433261225577	0	0.3
61256.61204006599	300	6.802140676810387	0.0	145210	3234.0397595420945	0	0.3
61261.58601815032	300	5.828162592482851	0.0	172312	4973.978084327536	0	0.3
61265.12612945297	300	6.288051289838889	0.0	167025	3540.1113026439625	0	0.3
61268.575324907055	300	6.838855835750592	0.0	160064	3449.1954540882966	0	0.3
61272.57330362407	300	6.84087711873749	0.0	137507	3997.9787170131017	0	0.3
61276.4147597741	300	6.99942096870442	0.0	118421	3841.456150033069	0	0.3

