27187.651791710006	750	4.0	2.0849453402743876	450283	2084.9453402743875	0.21596873131491348	-8.215264963179866
27188.307904603276	300	7.343887106732019	0.0	155580	656.1128932679806	0.2371238267016579	-0.15000000000000002
27189.684210785792	750	9.967580924215882	0.0	350812	1376.3061825161378	0.25489386333980707	0.3
27192.154511973997	1200	11.497279736009995	0.0	617681	2470.301188205887	0.2500427894983142	0.75
27195.825702382383	1850	11.826089327624492	0.0	996749	3671.1904083855034	0.2715056668603427	1.2000000000000002
27200.276302405313	1850	11.375489304692135	0.0	801058	4450.600022932359	0.17998876463228172	1.85
27207.033368501197	1850	8.618423208806508	0.0	905515	6757.066095885627	0.13401008472469544	1.85
27209.71745948183	750	9.9343322281726	0.0	437162	2684.0909806339087	0.16287152825823897	-0.3500000000000001
27211.84040419202	1200	11.81138751798319	0.0	584846	2122.9447101894093	0.27548809782607103	0.75
27217.083664907273	1850	10.56812680273069	0.0	913888	5243.260715252501	0.1742976459937468	1.2000000000000002
27219.682458738673	1200	11.969332971330989	0.0	607410	2598.793831399702	0.23372765960155098	0.5499999999999999
27223.01115799022	1850	12.640633719785498	0.0	917428	3328.699251545491	0.27561156195593367	1.2000000000000002
27226.503791591862	1850	13.148000118140661	0.0	946851	3492.6336016448363	0.271099436125818	1.85
27232.55079991722	2850	11.100991792783764	0.0	1578343	6047.0083253568955	0.26101220886062626	1.85
27236.211105744653	1850	11.440685965347074	0.0	821631	3660.3058274366927	0.22447058763266978	0.8500000000000001
27240.79076264534	1850	10.861029064657817	0.0	923170	4579.656900689255	0.2015806030930089	1.85
27243.333123905963	1200	12.318667804033256	0.0	617242	2542.3612606245633	0.24278296305080052	0.5499999999999999
27248.710581868156	1850	10.941209841841092	0.0	885714	5377.457962192164	0.16470867949638635	1.2000000000000002
27251.373808086348	1200	12.277983623651293	0.0	639204	2663.2262181897986	0.24001115475442733	0.5499999999999999
27254.720627037743	1850	12.931164672255093	0.0	923755	3346.818951396199	0.27600985097046715	1.2000000000000002
27257.9803376894	1850	13.671454020598421	0.0	891604	3259.710651656673	0.2735224365840148	1.85
27265.396476159178	2850	10.255315550821898	0.0	1468126	7416.138469776524	0.19796367152301028	1.85
27269.382637641716	1200	10.269154068283106	0.0	656471	3986.161482538791	0.16468750773786836	-0.44999999999999996
27272.09213384073	1200	11.55965786926657	0.0	536667	2709.4961990165357	0.19806892521007918	1.2
27275.343225621247	1850	12.308566088753762	0.0	897976	3251.091780512806	0.2762075206189224	1.2000000000000002
27279.5919771944	1850	12.059814515599614	0.0	905935	4248.751573154149	0.21322381043038022	1.85
27283.614971401657	1850	12.036820308342056	0.0	1076599	4022.9942072575577	0.2676113721610126	1.85
27287.051496739263	1850	12.600294970736456	0.0	758197	3436.525337605598	0.2206289567264691	1.85
27292.471217722323	1850	11.180573987678418	0.0	972798	5419.72098305804	0.17949226593785012	1.85
27296.039551721868	1850	11.61223998813439	0.0	975811	3568.333999544027	0.27346403114862344	1.85
27299.412130321743	1850	12.239661388258249	0.0	873429	3372.5785998761417	0.2589795831688183	1.85
27303.182108277626	1850	12.469683432374994	0.0	954453	3769.977955883255	0.25317203738831534	1.85
27306.600127918904	1850	13.05166379109838	0.0	885062	3418.019641276614	0.2589399982702948	1.85
27312.552892419906	2850	11.098899290098434	0.0	1587293	5952.764500999944	0.26664804222195704	1.85
27318.461208769033	1850	9.190582940967404	0.0	1026056	5908.316349131031	0.17366300979312116	0.8500000000000001
27321.5394385971	1200	10.112353112898617	0.0	598727	3078.229828068786	0.19450367043438996	0.5499999999999999
27324.365616435825	1200	11.286175274173592	0.0	487812	2826.1778387250247	0.17260484931835252	1.2
27327.98747159691	1850	11.664320113092158	0.0	938587	3621.855161081435	0.2591453711582854	1.2000000000000002
27332.047233255995	1850	11.604558454006355	0.0	908665	4059.7616590858015	0.22382225270944056	1.85
27335.50770289886	1850	12.144088811139891	0.0	930577	3460.469642866465	0.2689163888255238	1.85
27338.99025920667	1850	12.661532503332374	0.0	858450	3482.5563078075174	0.2464999627071204	1.85
27342.608686578496	1850	13.04310513150095	0.0	1025005	3618.427371831423	0.2832736143827052	1.85
27347.394638198355	2850	12.257153511643203	0.0	1343002	4785.951619857747	0.2806133673453051	1.85
27350.92722056286	1850	12.724571147135864	0.0	973972	3532.5823645073397	0.275711052001425	0.8500000000000001
27356.95939726978	1850	10.692394440212736	0.0	958994	6032.176706923126	0.1589797591472019	1.85
27359.506974492473	1200	12.14481721752168	0.0	638661	2547.5772226910562	0.2506934801863905	0.5499999999999999
27362.402261166975	1850	13.24953054302004	0.0	830730	2895.2866745016418	0.2869249554167176	1.2000000000000002
27367.220331320405	2850	12.431460389589622	0.0	1364537	4818.070153430418	0.28321235609831524	1.85

