1991.3057242669736	300	4.0	3.888220918863058	450283	3888.220918863058	0	-15.969349951111148
1992.4574361821792	300	6.848288084794199	0.0	155580	1151.7119152057999	0	-0.15000000000000002
1993.498924313942	300	9.8067999530312	0.0	139857	1041.4881317629984	0	0.3
1994.6154933194127	750	12.690230947560703	0.0	155432	1116.5690054704967	1	0.3
1997.538308347875	750	13.767415919098276	0.0	411561	2922.815028462428	1	0.3
2001.458652954134	750	13.847071312839066	0.0	318564	3920.3446062592084	1	0.75
2004.0907316546406	750	15.214992612332521	0.0	352642	2632.0787005065467	1	0.75
2007.2226409267066	750	16.083083340266562	0.0	437162	3131.909272065959	1	0.75
2010.0577927594127	750	17.247931507560505	0.0	374758	2835.1518327060576	1	0.75
2012.9128211244793	750	18.392903142494028	0.0	362795	2855.0283650664746	1	0.75
2015.7327928308337	750	19.572931436139456	0.0	353220	2819.971706354572	1	0.75
2018.8057969334907	750	20.49992733348248	0.0	405134	3073.0041026569766	1	0.75
2023.0005776344476	750	20.30514663252547	0.0	386351	4194.780700957009	1	0.75
2026.1022948816824	750	21.203429385290814	0.0	434409	3101.717247234652	1	0.75
2028.5637294154528	750	22.741994851520413	0.0	337059	2461.4345337704044	1	0.75
2032.764336196567	750	22.541388070406274	0.0	366214	4200.606781114136	1	0.75
2035.626464730482	1850	23.6792595364912	0.0	360831	2862.128533915073	3	0.75
2041.9882209808272	1850	21.317503286146167	0.0	885714	6361.756250345035	3	0.75
2051.181468938986	1850	16.124255327987118	0.0	987708	9193.247958159047	3	1.85
2059.2323168516814	750	12.073407415292207	0.0	923755	8050.847912694911	1	1.85
2062.084754538795	750	13.22096972817862	0.0	386472	2852.437687113588	1	-0.3500000000000001
2065.0896777226594	750	14.216046544314208	0.0	399894	3004.9231838644123	1	0.75
2068.021178902718	750	15.284545364255731	0.0	401853	2931.5011800584766	1	0.75
2070.5198038727217	750	16.7859203942521	0.0	343800	2498.624970003634	1	0.75
2073.242665286165	750	18.06305898080896	0.0	359903	2722.8614134431364	1	0.75
2076.102700118387	750	19.203024148586884	0.0	379700	2860.0348322220757	1	0.75
2079.463887981369	750	19.841836285604906	0.0	425781	3361.187862981979	1	0.75
2081.5149986137512	750	21.790725653222825	0.0	277716	2051.1106323820836	1	0.75
2084.4947311545297	750	22.81099311244435	0.0	400396	2979.732540778475	1	0.75
2087.5105592597397	750	23.795165007234612	0.0	400508	3015.828105209737	1	0.75
2091.021179377354	750	24.28454488961988	0.0	358218	3510.6201176147333	1	0.75
2093.896110861106	750	25.40961340586806	0.0	400322	2874.9314837518195	1	0.75
2096.80881849623	750	26.496905770744107	0.0	369834	2912.707635123957	1	0.75
2099.862754187548	750	27.442970079426274	0.0	412837	3053.9356913178303	1	0.75
2102.9468245230632	1850	28.358899743910744	0.0	401088	3084.0703355155297	3	0.75
2111.6862669882244	1850	23.619457278749856	0.0	943942	8739.442465160888	3	0.75
2117.3356565881386	1850	21.970067678835687	0.0	728962	5649.38959991417	3	1.85
2124.641234735818	1850	18.664489531156324	0.0	938587	7305.578147679364	3	1.85
2132.3568281569305	1850	14.948896110044048	0.0	908665	7715.593421112275	3	1.85
2142.5025566289637	750	8.80316763801048	0.0	930577	10145.728472033568	1	1.85
2145.012760483955	750	10.292963783019262	0.0	345516	2510.2038549912177	1	-0.3500000000000001
2147.7972776917322	750	11.508446575242282	0.0	384505	2784.51720777698	1	0.75
2150.4925921600798	750	12.813132106894788	0.0	372093	2695.3144683474948	1	0.75
2155.1091150492875	750	12.196609217686676	0.0	438281	4616.5228892081095	1	0.75
2159.820461859766	750	11.485262407208433	0.0	398987	4711.346810478243	1	0.75
2162.787427557754	750	12.51829670922004	0.0	393804	2966.9656979883935	1	0.75
2165.125824509	750	14.17989975797461	0.0	331053	2338.3969512454305	1	0.75
2167.4603784108967	750	15.845345856077696	0.0	314107	2334.553901896914	1	0.75

