38819.20858872517	750	4.0	2.806070080816987	450283	2806.070080816987	0.1604674819343429	-11.316101347513044
38819.93155187693	300	7.277036848234552	0.0	155580	722.9631517654482	0.2151976897025521	-0.15000000000000002
38824.12364901111	750	7.084939714051811	0.0	350812	4192.097134182741	0.08368412963035782	0.3
38825.989168895714	750	9.219419829447142	0.0	382355	1865.5198846046687	0.20495895174069756	0.75
38829.117957349226	1200	10.09063137593826	0.0	652874	3128.788453508882	0.20866671227574146	0.75
38831.62772230263	1200	11.580866422536113	0.0	520315	2509.764953402148	0.2073162266827734	1.2
38835.93629271052	1850	11.272296014648688	0.0	905515	4308.570407887426	0.2101659980633788	1.2000000000000002
38840.96855075832	1850	10.240037966853441	0.0	1060487	5032.258047795246	0.21073780198227812	1.85
38843.50712069686	1200	11.701468028309515	0.0	584846	2538.569938543926	0.23038404068373086	0.5499999999999999
38846.97173061164	1850	12.23685811352029	0.0	913888	3464.609914789225	0.26377803633792285	1.2000000000000002
38850.513739192786	1850	12.694849532381552	0.0	939819	3542.008581138737	0.26533504323071205	1.85
38853.958337321885	1850	13.2502514032816	0.0	917428	3444.598129099952	0.26633818100566553	1.85
38859.25678564182	2850	11.951803083347205	0.0	1422919	5298.448319934397	0.26855390749902	1.85
38863.13790266604	1850	12.070686059124965	0.0	1036454	3881.11702422224	0.2670504376784931	0.8500000000000001
38866.23117250892	1850	12.977416216248443	0.0	821631	3093.2698428765225	0.2656189216379329	1.85
38869.67548520998	1850	13.53310351518607	0.0	923170	3444.3127010623716	0.26802734830529623	1.85
38875.300701546985	2850	11.907887178182296	0.0	1491626	5625.216337003773	0.2651677572270052	1.85
38878.40067971385	1850	12.807909011311814	0.0	885714	3099.978166870482	0.2857162058319121	0.8500000000000001
38881.432355179364	1850	13.776233545804079	0.0	987708	3031.675465507737	0.3257960857741682	1.85
38885.505019008844	2850	13.703569716320454	0.0	1336050	4072.6638294836243	0.328053101345563	1.85
38889.81396438344	2850	13.394624341728523	0.0	1415116	4308.945374591931	0.3284135390400523	2.85
38894.28132531852	2850	12.927263406640408	0.0	1468126	4467.360935088114	0.32863384475359	2.85
38896.90564493634	1850	14.302943788827386	0.0	968026	2624.319617813023	0.36886741745531154	0.8500000000000001
38900.11682833675	2850	15.09176038841073	0.0	1323990	3211.183400416656	0.4123059429829546	1.85
38905.3684992317	4300	13.840089493466554	0.0	2186790	5251.670894944176	0.4163989030815391	2.8499999999999996
38908.94973738433	2850	14.258851340826093	0.0	1480464	3581.238152640461	0.4133944565815731	1.4000000000000001
38912.68968327316	2850	14.518905451997925	0.0	1547572	3739.945888828167	0.4137952916973617	2.85
38915.47039901796	2850	15.738189707198337	0.0	1141971	2780.7157447995896	0.4106752019280215	2.85
38920.598675759546	4300	14.609912965608899	0.0	2134614	5128.276741589438	0.41624391731605465	2.8499999999999996
38924.371000315834	2850	14.837588409317151	0.0	1561263	3772.3245562917464	0.4138729254872878	1.4000000000000001
38927.62288704295	2850	15.585701682210285	0.0	1341201	3251.8867271068657	0.41243779766992	2.85
38932.555637190824	4300	14.652951534333633	0.0	2147852	4932.750147876652	0.4354268786398117	2.8499999999999996
38935.43757317598	2850	15.77101554918177	0.0	1358081	2881.935985151863	0.4712391277936162	1.4000000000000001
38940.23552294138	4300	14.973065783783492	0.0	2286761	4797.949765398279	0.47661211805334014	2.8499999999999996
38943.39514145517	2850	15.813447269991897	0.0	1492672	3159.618513791594	0.4724215893420529	1.4000000000000001
38948.112658670034	4300	15.09593005513271	0.0	2143948	4717.517214859186	0.4544653262201174	2.8499999999999996
38951.945896490375	4300	15.262692234789897	0.0	1919781	3833.237820342812	0.5008249135526663	4.3
38956.00505109764	4300	15.203537627515274	0.0	2147467	4059.154607274625	0.529042918481452	4.3
38960.03901110812	4300	15.169577617035436	0.0	2133870	4033.960010479837	0.5289764882290386	4.3
38964.24695892356	4300	14.961629801594382	0.0	2146120	4207.947815441054	0.5100158305492329	4.3
38966.93882457364	2850	16.269764151517695	0.0	1339500	2691.865650076689	0.49761027262331564	1.4000000000000001
38971.2221665896	4300	15.986422135560952	0.0	2184571	4283.342015956744	0.5100155420374587	2.8499999999999996
38974.763917197226	4300	16.444671527938528	0.0	2121928	3541.750607622424	0.599118412073754	4.3
38978.441906319385	4300	16.766682405781882	0.0	2219102	3677.9891221566454	0.6033465370062855	4.3
38981.96724005579	4300	17.241348669375547	0.0	2124950	3525.3337364063314	0.602765626997386	4.3
38985.68966124728	4300	17.518927477893754	0.0	2246506	3722.4211914817956	0.6035066652695813	4.3
38988.949398089935	4300	18.259190635231146	0.0	1961140	3259.73684266261	0.6016252521777514	4.3
38992.51243769979	4300	18.696151025374427	0.0	2155012	3563.039609856716	0.6048240367686122	4.3

