42090.807546594064	300	4.0	4.4016841567475335	181801	4401.684156747534	-18.62724187401439
42095.738723094924	300	4.0	0.9311765008668008	155580	4931.176500866801	-3.7040589537272437
42098.060549147	300	5.678173947933936	0.0	139857	2321.826052066064	0.3
42099.77428984646	300	7.964433248471929	0.0	155432	1713.7406994620073	0.3
42102.29556393903	300	9.443159155902373	0.0	163442	2521.274092569556	0.3
42103.3222946855	300	12.416428409422526	0.0	126289	1026.7307464798464	0.3
42104.55147703537	300	15.18724605956127	0.0	153295	1229.1823498612555	0.3
42105.93474330198	300	17.803979792944425	0.0	173849	1383.2662666168458	0.3
42107.43960518134	300	20.299117913589228	0.0	150710	1504.8618793551973	0.3
42108.957216214476	300	22.781506880446297	0.0	139105	1517.6110331429293	0.3
42110.34019373358	300	25.39852936134547	0.0	141840	1382.9775191008284	0.3
42111.60624657238	300	28.132476522546426	0.0	156148	1266.0528387990464	0.3
42122.15106108419	300	21.58766201073871	0.0	160746	10544.814511807715	0.3
42123.690710906296	300	24.048012188630924	0.0	179801	1539.6498221077852	0.3
42124.998981770645	300	26.73974132428582	0.0	140051	1308.270864345105	0.3
42127.306369425976	300	28.432353668953002	0.0	138313	2307.387655332819	0.3
42128.95405217092	300	30.784670924008886	0.0	143509	1647.6827449441137	0.3
42130.61793264488	300	33.12079045005566	0.0	150616	1663.8804739532288	0.3
42140.9785959645	300	26.760127130433364	0.0	165384	10360.663319622296	0.3
42142.24731381134	300	29.49140928358985	0.0	140881	1268.7178468435159	0.3
42143.513399917974	300	32.22532317695138	0.0	157671	1266.086106638466	0.3
42150.189703816905	300	29.549019278017674	0.0	157812	6676.303898933709	0.3
42154.75445528369	300	28.98426781123218	0.0	163927	4564.751466785493	0.3
42158.600424150376	300	29.13829894454829	0.0	137654	3845.9688666838915	0.3
42162.69535284887	300	29.043370246062754	0.0	146754	4094.9286984855344	0.3
42166.986823023355	300	28.751900071570297	0.0	153938	4291.470174492458	0.3
42172.04331119528	300	27.69541189964165	0.0	181901	5056.48817192865	0.3
42174.4590753543	300	29.279647740623762	0.0	111155	2415.764159017888	0.3
42175.88583541024	300	31.852887684680578	0.0	153605	1426.760055943182	0.3
42181.90937707884	300	29.829346016089012	0.0	149029	6023.541668591565	0.3
42183.50104487798	300	32.237678216948	0.0	157421	1591.667799141017	0.3
42189.23278554742	300	30.5059375475054	0.0	157488	5731.740669442596	0.3
42191.06065589602	300	32.678067198905026	0.0	143881	1827.8703486003774	0.3
42192.54086090693	300	35.19786218800071	0.0	163444	1480.2050109043155	0.3
42194.03570346048	300	37.703019634445155	0.0	179328	1494.8425535555575	0.3
42198.89959701646	300	36.83912607846781	0.0	159914	4863.893555977347	0.3
42200.035951842845	300	39.70277125208416	0.0	131610	1136.3548263836478	0.3
42203.816635134244	300	39.92208796068434	0.0	124011	3780.6832913998205	0.3
42205.66885023029	300	42.06987286463831	0.0	144254	1852.2150960460265	0.3
42211.300236027324	300	40.438487067607106	0.0	149991	5631.385797031204	0.3
42212.438730825335	300	43.299992269593304	0.0	147968	1138.4947980138022	0.3
42215.06787981887	300	44.67084327606247	0.0	161857	2629.1489935308323	0.3
42216.60336728866	300	47.13535580626436	0.0	145210	1535.4874697981124	0.3
42217.97511137079	300	49.76361172413974	0.0	172312	1371.7440821246137	0.3
42219.307221237286	300	52.43150185763675	0.0	167025	1332.1098665029922	0.3
42220.70131032879	300	55.03741276613564	0.0	160064	1394.0890915011144	0.3
42222.20267671754	300	57.53604637738617	0.0	137507	1501.3663887494704	0.3
42223.70376123985	300	59.73241139354718	0.0	118421	1303.6349838389865	0.3

