13457.077894481728	300	4.0	4.260235622807334	450283	4260.235622807334	0	-17.569013178071536
13459.055984824174	300	6.0219096575548505	0.0	155580	1978.0903424451503	0	-0.15000000000000002
13460.823856270252	300	8.25403821147694	0.0	139857	1767.8714460779097	0	0.3
13462.8966087445	300	10.181285737228697	0.0	155432	2072.7524742482437	0	0.3
13466.595886177602	300	10.482008304128284	0.0	163442	3699.2774331004134	0	0.3
13468.45894676878	300	12.618947712950837	0.0	126289	1863.060591177447	0	0.3
13470.689014994998	750	14.388879486732577	0.0	153295	2230.0682262182586	1	0.3
13473.205227528371	750	15.872666953358952	0.0	437162	2516.2125333736267	1	0.3
13474.656413350338	1850	18.421481131392106	0.0	374758	1451.185821966847	3	0.75
13480.449976172209	1850	16.627918309522325	0.0	913888	5793.562821869779	3	0.75
13487.577965022956	1850	13.499929458774726	0.0	939819	7127.988850747601	3	1.85
13492.081190199451	1850	12.996704282279838	0.0	917428	4503.225176494889	3	1.85
13495.236625784572	1850	13.841268697159801	0.0	946851	3155.435585120036	3	1.85
13497.711688336989	1850	15.366206144744025	0.0	1036454	2475.062552415776	3	1.85
13501.655790325032	1850	15.422104156701275	0.0	821631	3944.1019880427502	3	1.85
13511.7737041989	750	9.304190282833032	0.0	923170	10117.913873868243	1	1.85
13514.299411910888	750	10.778482570845348	0.0	360831	2525.7077119876835	1	-0.3500000000000001
13515.29637028135	1850	13.781524200383016	0.0	372963	996.9583704623325	3	0.75
13517.804726762215	1850	15.273167719518668	0.0	987708	2508.3564808643473	3	0.75
13520.155849848168	1850	16.92204463356528	0.0	923755	2351.1230859533844	3	1.85
13525.865534970284	1850	15.212359511449497	0.0	891604	5709.685122115784	3	1.85
13532.953416852082	1850	12.124477629649872	0.0	955231	7087.881881799623	3	1.85
13538.837048293057	1850	10.240846188677242	0.0	968026	5883.631440972631	3	1.85
13548.598985580978	300	4.478908900754211	0.0	874175	9761.93728792303	0	1.85
13550.135638827736	300	6.942255653997983	0.0	146754	1536.6532467562279	0	-1.25
13551.633066961422	300	9.44482752031082	0.0	153938	1497.4281336871618	0	0.3
13553.356850926339	750	11.721043555396243	0.0	181901	1723.7839649145776	1	0.3
13555.946485879418	750	13.131408602316178	0.0	277716	2589.634953080065	1	0.3
13559.55989820265	750	13.517996279084308	0.0	400396	3613.4123232318707	1	0.75
13563.013260171901	750	14.064634309832865	0.0	400508	3453.3619692514426	1	0.75
13567.09024056048	750	13.987653921254307	0.0	358218	4076.9803885785595	1	0.75
13573.636123778404	300	11.441770703329219	0.0	400322	6545.883217925088	0	0.75
13575.778561126008	750	13.299333355725775	0.0	143881	2142.437347603443	1	-0.15000000000000002
13579.861056759559	750	13.216837722175203	0.0	412837	4082.4956335505726	1	0.3
13581.664286492709	750	15.413607989025465	0.0	401088	1803.2297331497386	1	0.75
13583.080358266854	1850	17.99753621487992	0.0	365161	1416.0717741455444	3	0.75
13588.195280367561	1850	16.882614114173208	0.0	728962	5114.922100706711	3	0.75
13595.312045206738	750	13.765849274995595	0.0	938587	7116.764839177612	1	1.85
13597.580952447273	750	15.496942034461819	0.0	378327	2268.9072405337747	1	-0.3500000000000001
13599.345816629397	750	17.73207785233762	0.0	390680	1764.8641821241974	1	0.75
13600.724486327468	1850	20.353408154266457	0.0	345516	1378.6696980711629	3	0.75
13603.820189880404	1850	21.257704601330545	0.0	1025005	3095.7035529359127	3	0.75
13605.901562887933	1850	23.176331593800455	0.0	886255	2081.373007530088	3	1.85
13612.550751323983	1850	20.52714315775018	0.0	973972	6649.188436050273	3	1.85
13622.00915948877	1850	15.068734992962874	0.0	958994	9458.408164787308	3	1.85
13624.50363975928	1850	16.574254722454217	0.0	982064	2494.480270508657	3	1.85
13626.626053690674	1850	18.451840791061095	0.0	830730	2122.4139313931237	3	1.85
13628.786919771244	1850	20.29097471048955	0.0	846370	2160.866080571543	3	1.85

