31835.577239210103	300	4.0	4.962984664679415	181801	4962.984664679415	-21.040834058121483
31839.701267323122	300	4.0	0.12402811301892325	155580	4124.028113018923	-0.23332088598136996
31843.342465436555	300	4.35880188656506	0.0	139857	3641.19811343494	0.3
31846.123060145692	300	5.578207177428274	0.0	155432	2780.5947091367857	0.3
31852.120005620774	300	4.0	0.41873829765349546	163442	5996.9454750817695	-1.5005746799100304
31854.53649656907	300	5.583509051703287	0.0	126289	2416.490948296712	0.3
31857.075610661705	300	7.044394959070952	0.0	153295	2539.114092632336	0.3
31861.855354341973	300	6.264651278802343	0.0	173849	4779.743680268609	0.3
31866.921980823787	300	5.198024796988171	0.0	150710	5066.626481814172	0.3
31870.213413594607	300	5.9065920261673925	0.0	139105	3291.4327708207784	0.3
31873.404120664323	300	6.715884956449286	0.0	141840	3190.707069718107	0.3
31875.992174136918	300	8.127831483857218	0.0	156148	2588.053472592068	0.3
31878.512523621994	300	9.607481998782099	0.0	160746	2520.3494850751194	0.3
31883.244005251097	300	8.876000369679929	0.0	179801	4731.481629102172	0.3
31885.916321208406	300	10.20368441237289	0.0	140051	2672.3159573070384	0.3
31888.050795494662	300	12.069210126119092	0.0	138313	2134.474286253797	0.3
31891.710007020953	300	12.409998599827203	0.0	143509	3659.21152629189	0.3
31895.90916429578	300	12.21084132500336	0.0	150616	4199.157274823842	0.3
31900.64596941131	300	11.474036209470272	0.0	165384	4736.805115533086	0.3
31903.343370221504	300	12.776635399275731	0.0	140881	2697.4008101945406	0.3
31905.36576042917	300	14.754245191609948	0.0	157671	2022.3902076657835	0.3
31908.679050527408	300	15.440955093369805	0.0	157812	3313.2900982401447	0.3
31913.297547940016	300	14.82245768076316	0.0	163927	4618.497412606645	0.3
31916.79513168347	300	15.324873937309018	0.0	137654	3497.5837434541418	0.3
31919.836258121763	300	16.283747499016997	0.0	146754	3041.1264382920217	0.3
31922.674835211106	300	17.445170409674827	0.0	153938	2838.5770893421704	0.3
31926.31285355594	300	17.807152064838583	0.0	181901	3638.018344836243	0.3
31931.576346144906	300	16.54365947587321	0.0	111155	5263.492588965372	0.3
31935.523856137144	300	16.59614948363599	0.0	153605	3947.5099922372215	0.3
31940.266449018316	300	15.853556602467835	0.0	149029	4742.592881168153	0.3
31944.28693440434	300	15.83307121644215	0.0	157421	4020.485386025687	0.3
31950.11932565767	300	14.000679963113248	0.0	157488	5832.391253328902	0.3
31953.400443096554	300	14.719562524228065	0.0	143881	3281.1174388851823	0.3
31958.145873037338	300	13.974132583446641	0.0	163444	4745.429940781425	0.3
31961.222371204894	300	14.897634415889396	0.0	179328	3076.498167557246	0.3
31967.090464827485	300	13.029540793297196	0.0	159914	5868.0936225922	0.3
31970.368082843343	300	13.75192277744006	0.0	131610	3277.6180158571365	0.3
31976.51171077958	300	11.608294841201388	0.0	124011	6143.62793623867	0.3
31981.78382796611	300	10.33617765467369	0.0	144254	5272.1171865276965	0.3
31986.39169789972	300	9.728307721063858	0.0	149991	4607.869933609833	0.3
31989.822431679597	300	10.297573941187716	0.0	147968	3430.7337798761423	0.3
31993.560331688026	300	10.55967393275696	0.0	161857	3737.900008430758	0.3
31996.800245064296	300	11.319760556490698	0.0	145210	3239.9133762662623	0.3
32002.516215015276	300	9.603790605509625	0.0	172312	5715.969950981073	0.3
32005.377696226402	300	10.74230939438217	0.0	167025	2861.4812111274555	0.3
32009.292594486345	300	10.827411134440341	0.0	160064	3914.898259941828	0.3
32014.287569526954	300	9.832436093830934	0.0	137507	4994.975040609408	0.3
32016.848295432323	300	11.27171018846316	0.0	118421	2560.7259053677712	0.3

