82574.53980173527	750	4.0	1.9130207883368422	450283	1913.020788336842	-7.47598938984842
82576.27926428722	750	6.260537448051353	0.0	398865	1739.4625519486476	0.75
82577.72339267994	750	8.816409055329466	0.0	350812	1444.1283927218865	0.75
82580.39707456972	750	10.142727165556376	0.0	382355	2673.6818897730905	0.75
82582.56771997383	750	11.9720817614479	0.0	411561	2170.645404108476	0.75
82583.82969942878	750	14.710102306505524	0.0	318564	1261.9794549423764	0.75
82585.26773245733	750	17.27206927796352	0.0	352642	1438.033028542	0.75
82593.64726216093	1850	12.89253957435984	0.0	1060487	8379.52970360368	0.75
82595.24241763713	750	15.297384098165896	0.0	374758	1595.1554761939437	-0.3500000000000001
82598.47291559243	1850	16.066886142856745	0.0	913888	3230.497955309148	0.75
82601.25625955107	1850	17.283542184232164	0.0	939819	2783.343958624583	1.85
82603.73812329466	1850	18.80167844062562	0.0	917428	2481.8637436065446	1.85
82606.21322349006	1850	20.32657824522938	0.0	946851	2475.100195396236	1.85
82608.78711679309	1850	21.752684942202265	0.0	1036454	2573.893303027119	1.85
82611.03814719182	1850	23.501654543457114	0.0	821631	2251.0303987451516	1.85
82613.5277888656	1850	25.01201286968446	0.0	923170	2489.6416737726518	1.85
82615.88811262014	1850	26.651689115137355	0.0	966699	2360.323754547107	1.85
82619.29472657079	1850	27.24507516449665	0.0	885714	3406.6139506407035	1.85
82622.13520727456	1850	28.404594460705134	0.0	987708	2840.4807037915175	1.85
82626.73811427843	1850	27.801687456836728	0.0	923755	4602.907003868409	1.85
82629.3048170333	1850	29.23498470196227	0.0	891604	2566.702754874461	1.85
82631.57958855676	1850	30.960213178503054	0.0	955231	2274.7715234592133	1.85
82633.81374472997	1850	32.72605700530568	0.0	968026	2234.156173197379	1.85
82645.96697366155	4300	24.572828073728793	0.0	2044075	12153.228931576881	1.8499999999999996
82651.8875146318	4300	22.652287103465856	0.0	2186790	5920.540970262938	4.3
82656.81989933884	4300	21.719902396433405	0.0	2105231	4932.384707032451	4.3
82662.24801157069	4300	20.291790164579588	0.0	2395588	5428.112231853819	4.3
82666.77178287212	4300	19.768018863149166	0.0	1972048	4523.771301430421	4.3
82671.64609883065	4300	18.893702904620277	0.0	2134614	4874.315958528889	4.3
82676.21193447753	4300	18.3278672577597	0.0	2164140	4565.835646860579	4.3
82689.07843980515	4300	9.461361930125685	0.0	2113193	12866.505327634013	4.3
82695.40106906305	1850	7.138732672221287	0.0	954453	6322.629257904399	-0.6000000000000001
82696.93843594949	750	9.601365785785042	0.0	369834	1537.3668864362448	-0.3500000000000001
82698.4981120076	750	12.041689727665597	0.0	412837	1559.6760581194453	0.75
82700.09172439159	750	14.448077343681238	0.0	401088	1593.6123839843592	0.75
82701.57417195298	750	16.965629782300326	0.0	365161	1482.4475613809116	0.75
82705.5651665526	1850	16.974635182691948	0.0	728962	3990.9945996083784	0.75
82709.4036758517	1850	17.136125883575843	0.0	938587	3838.5092991161064	1.85
82714.71983625533	1850	15.819965479958228	0.0	908665	5316.160403617614	1.85
82717.31124960055	1850	17.228552134746167	0.0	930577	2591.4133452120627	1.85
82719.9997358219	1850	18.54006591338866	0.0	858450	2688.486221357506	1.85
82723.05121620288	1850	19.48858553242177	0.0	1025005	3051.4803809668892	1.85
82725.5645932792	1850	20.975208456088957	0.0	886255	2513.3770763328157	1.85
82727.84401378864	1850	22.695787946639125	0.0	973972	2279.4205094498316	1.85
82731.74628294485	1850	22.793518790432994	0.0	958994	3902.2691562061314	1.85
82734.02700165845	1850	24.51280007682724	0.0	982064	2280.718713605756	1.85
82737.6185251907	1850	24.921276544581357	0.0	830730	3591.5235322458843	1.85
82740.80614767702	1850	25.733654058260367	0.0	846370	3187.622486320991	1.85

