69569.13585724024	750	4.0	3.0591871253817504	450283	3059.1871253817503	1	-12.404504639141527
69571.86875222545	750	5.267105014800974	0.0	398865	2732.8949851990265	1	0.75
69574.29097853013	750	6.844878710119446	0.0	350812	2422.2263046815274	1	0.75
69576.90855585477	750	8.227301385475778	0.0	382355	2617.577324643669	1	0.75
69579.79569619565	750	9.34016104460345	0.0	411561	2887.1403408723268	1	0.75
69582.03197606924	750	11.103881171009762	0.0	318564	2236.2798735936894	1	0.75
69584.43791768518	750	12.697939555068402	0.0	352642	2405.941615941359	1	0.75
69587.267900227	750	13.86795701325922	0.0	437162	2829.982541809182	1	0.75
69589.81536958464	750	15.32048765561986	0.0	374758	2547.4693576393574	1	0.75
69592.33313621559	750	16.80272102467878	0.0	362795	2517.766630941082	1	0.75
69594.55144211861	750	18.58441512164131	0.0	353220	2218.3059030374675	1	0.75
69597.29422465649	750	19.841632583771137	0.0	405134	2742.782537870174	1	0.75
69599.92641727572	750	21.209439964536102	0.0	386351	2632.1926192350375	1	0.75
69602.87140340572	750	22.264453834533537	0.0	434409	2944.9861300025614	1	0.75
69605.11687929842	750	24.018977941838372	0.0	337059	2245.4758926951654	1	0.75
69607.63942169251	750	25.49643554774442	0.0	366214	2522.5423940939563	1	0.75
69610.11926303204	1850	27.01659420820554	0.0	360831	2479.8413395388793	3	0.75
69616.11291966937	1850	25.022937570895504	0.0	885714	5993.656637310038	3	0.75
69622.59643216875	1850	22.539425071507363	0.0	987708	6483.512499388142	3	1.85
69628.63731192981	1850	20.498545310450776	0.0	923755	6040.879761056587	3	1.85
69634.45056954028	1850	18.685287699979554	0.0	891604	5813.257610471219	3	1.85
69639.74386028574	1850	17.391996954510386	0.0	955231	5293.290745469169	3	1.85
69645.270605328	1850	15.865251912265151	0.0	968026	5526.745042245233	3	1.85
69650.79306289893	1850	14.342794341331858	0.0	874175	5522.457570933293	3	1.85
69654.68753040218	1850	14.44832683807583	0.0	897976	3894.467503256028	3	1.85
69660.62338263285	1850	12.512474607413864	0.0	905935	5935.852230661966	3	1.85
69667.5146314744	750	9.621225765852573	0.0	1076599	6891.248841561291	1	1.85
69669.44827199992	750	11.687585240328469	0.0	277716	1933.6405255241061	1	-0.3500000000000001
69671.9570945452	750	13.178762695050628	0.0	400396	2508.8225452778397	1	0.75
69673.76751722161	750	15.368340018640646	0.0	400508	1810.4226764099806	1	0.75
69676.06163065718	750	17.07422658307513	0.0	358218	2294.113435565516	1	0.75
69678.97617841269	750	18.15967882756176	0.0	400322	2914.5477555133734	1	0.75
69681.31904650439	750	19.816810735862546	0.0	369834	2342.868091699213	1	0.75
69683.6089684951	750	21.52688874515365	0.0	412837	2289.9219907088973	1	0.75
69686.15124878929	1850	22.984608450953278	0.0	401088	2542.2802942003714	3	0.75
69693.5753985829	1850	19.56045865734011	0.0	943942	7424.1497936131655	3	0.75
69698.05496261513	1850	19.080894625107597	0.0	728962	4479.564032232512	3	1.85
69702.98222224046	1850	18.15363499977986	0.0	938587	4927.259625327735	3	1.85
69708.35791715978	1850	16.777940080459643	0.0	908665	5375.694919320215	3	1.85
69714.17756960665	1850	14.958287633590993	0.0	930577	5819.65244686865	3	1.85
69719.95479182764	1850	13.181065412602509	0.0	858450	5777.222220988484	3	1.85
69726.93002494973	750	10.205832290501842	0.0	1025005	6975.233122100668	1	1.85
69729.5115956607	750	11.624261579529136	0.0	372093	2581.5707109727045	1	-0.3500000000000001
69732.39119004572	750	12.744667194516074	0.0	438281	2879.594385013063	1	0.75
69735.05415226547	750	14.081704974753231	0.0	398987	2662.962219762843	1	0.75
69737.73892996865	750	15.396927271594036	0.0	393804	2684.777703159196	1	0.75
69739.97243265818	750	17.16342458205599	0.0	331053	2233.502689538046	1	0.75
69741.9927752729	750	19.143081967343925	0.0	314107	2020.342614712064	1	0.75

