5938.420288481339	750	4.0	3.754617073919357	450283	3754.617073919357	1	-15.394853417853234
5941.330939464724	750	5.089349016616224	0.0	398865	2910.6509833837754	1	0.75
5943.908809373011	750	6.511479108329178	0.0	350812	2577.869908287046	1	0.75
5946.722297429992	750	7.697991051348236	0.0	382355	2813.4880569809434	1	0.75
5949.672222924105	750	8.74806555723505	0.0	411561	2949.9254941131853	1	0.75
5952.010452391177	750	10.409836090163603	0.0	318564	2338.2294670714473	1	0.75
5954.538971100979	750	11.881317380361008	0.0	352642	2528.5187098025954	1	0.75
5957.683749604617	750	12.736538876723541	0.0	437162	3144.7785036374653	1	0.75
5960.401679933718	750	14.01860854762291	0.0	374758	2717.9303291006318	1	0.75
5963.13060715419	750	15.289681327149763	0.0	362795	2728.927220473147	1	0.75
5965.66942661225	750	16.750861869090134	0.0	353220	2538.81945805963	1	0.75
5968.520566132915	750	17.899722348426632	0.0	405134	2851.1395206635025	1	0.75
5971.351317529954	750	19.068970951386454	0.0	386351	2830.7513970401774	1	0.75
5974.443427752744	750	19.97686072859647	0.0	434409	3092.1102227899833	1	0.75
5976.843969745127	750	21.57631873621389	0.0	337059	2400.5419923825834	1	0.75
5979.517416755294	750	22.902871726046026	0.0	366214	2673.4470101678617	1	0.75
5982.098648417176	750	24.321640064163866	0.0	360831	2581.2316618821615	1	0.75
5987.970012365251	750	22.450276116089235	0.0	372963	5871.3639480746315	1	0.75
5991.131043130917	750	23.2892453504238	0.0	405596	3161.0307656654318	1	0.75
5993.734559724333	750	24.685728757007855	0.0	350713	2603.516593415945	1	0.75
5996.534307641786	750	25.885980839554975	0.0	386472	2799.747917452882	1	0.75
5999.334439695161	1850	27.08584878617965	0.0	399894	2800.132053375323	3	0.75
6006.158855695607	1850	24.261432785733316	0.0	968026	6824.416000446335	3	0.75
6012.44985309616	1850	21.970435385180494	0.0	874175	6290.997400552821	3	1.85
6019.164486680513	1850	19.25580180082853	0.0	897976	6714.633584351966	3	1.85
6025.973233706372	1850	16.447054774967892	0.0	905935	6808.747025860636	3	1.85
6034.864707844049	750	11.555580637292307	0.0	1076599	8891.474137675585	1	1.85
6036.882985531972	750	13.537302949369534	0.0	277716	2018.2776879227724	1	-0.3500000000000001
6041.091310604437	750	13.328977876903696	0.0	400396	4208.3250724658365	1	0.75
6044.051195911365	750	14.369092569976035	0.0	400508	2959.885306927662	1	0.75
6046.668284727583	750	15.75200375375742	0.0	358218	2617.088816218615	1	0.75
6049.544259635012	750	16.8760288463282	0.0	400322	2875.9749074292167	1	0.75
6053.878414945665	750	16.541873535675908	0.0	369834	4334.155310652295	1	0.75
6057.150869697078	750	17.26941878426221	0.0	412837	3272.4547514136925	1	0.75
6060.172182577946	750	18.24810590339407	0.0	401088	3021.3128808681436	1	0.75
6062.810271909592	750	19.610016571747614	0.0	365161	2638.0893316464535	1	0.75
6065.209995708787	750	21.21029277255362	0.0	321064	2399.7237991939983	1	0.75
6067.865653461918	750	22.554635019422964	0.0	361565	2655.6577531306525	1	0.75
6070.71751399194	750	23.702774489400422	0.0	378327	2851.8605300225413	1	0.75
6073.56747150492	750	24.85281697641967	0.0	390680	2849.9575129807504	1	0.75
6076.10880643062	750	26.311482050720315	0.0	345516	2541.334925699357	1	0.75
6078.9588651195745	1850	27.46142336176495	0.0	384505	2850.058688955362	3	0.75
6085.252607508981	1850	25.167680972359253	0.0	886255	6293.742389405699	3	0.75
6092.365763980811	1850	22.054524500529688	0.0	973972	7113.156471829565	3	1.85
6099.557624405245	1850	18.86266407609464	0.0	958994	7191.86042443505	3	1.85
6106.826945345547	1850	15.593343135793035	0.0	982064	7269.3209403016035	3	1.85
6112.749216841606	1850	13.671071639734816	0.0	830730	5922.27149605822	3	1.85
6118.815371388917	750	11.604917092423468	0.0	846370	6066.1545473113465	1	1.85

