28633.33826352945	750	4.0	3.2828609090132503	450283	3282.8609090132504	-13.366301908756975
28634.60494610113	300	6.733317428315536	0.0	155580	1266.6825716844628	-0.15000000000000002
28635.022263213275	300	10.316000316172056	0.0	139857	417.317112143482	0.3
28635.824685314336	750	13.513578215114752	0.0	382355	802.4221010573041	0.3
28639.264378166827	2850	14.073885362619524	0.0	1472558	3439.6928524952273	0.75
28653.965009139833	2850	4.0	0.6267456103845107	1224260	14700.630973004036	0.15499387534660425
28656.30346347114	300	5.661545668692348	0.0	153295	2338.454331307652	-2.25
28658.196127088748	300	7.76888205108404	0.0	173849	1892.6636176083082	0.3
28659.02911756976	300	10.935891570073336	0.0	150710	832.990481010704	0.3
28659.815161429895	300	14.149847709938566	0.0	139105	786.0438601347713	0.3
28660.89647599058	300	17.068533149253064	0.0	141840	1081.3145606855023	0.3
28662.401654898258	750	19.56335424157224	0.0	405134	1505.1789076808225	0.3
28663.924279101106	1200	22.040730038724604	0.0	624282	1522.6242028476388	0.75
28671.13227369455	2850	18.83273544528097	0.0	1578343	7207.994593443633	1.2000000000000002
28672.670094873112	1850	21.294914266721065	0.0	821631	1537.8211785599053	0.8500000000000001
28675.545589165005	2850	22.41941997482847	0.0	1471065	2875.494291892596	1.85
28682.383485361952	2850	19.581523777881365	0.0	1491626	6837.896196947107	2.85
28683.623218542325	1200	22.341790597505682	0.0	581493	1239.7331803756822	-0.44999999999999996
28693.270114874646	2850	16.694894265185106	0.0	1537156	9646.896332320575	1.2000000000000002
28694.26470193064	750	19.7003072091927	0.0	350713	994.5870559924055	-1.35
28696.10809593497	1200	21.856913204859026	0.0	601738	1843.3940043336759	0.75
28697.573532146627	1200	24.391476993203405	0.0	616206	1465.4362116556235	1.2
28699.694550801385	1200	26.270458338447337	0.0	656471	2121.0186547560643	1.2
28702.04521128928	1200	27.919797850549816	0.0	536667	2350.6604878975195	1.2
28703.498283286357	1200	30.466725853477016	0.0	587236	1453.0719970728032	1.2
28712.280359452907	4300	25.684649686923876	0.0	2105231	8782.076166553137	1.1999999999999997
28717.200753020505	4300	24.764256119322916	0.0	2395588	4920.393567600961	4.3
28725.59565981305	4300	20.36934932677855	0.0	1972048	8394.906792544367	4.3
28731.621420153282	1850	18.34358898654549	0.0	972798	6025.760340233056	-0.6000000000000001
28733.54138481761	1850	20.423624322217883	0.0	975811	1919.964664327611	1.85
28736.08480713246	2850	21.88020200737021	0.0	1341201	2543.4223148476713	1.85
28744.37828856771	2850	17.586720572118796	0.0	1497683	8293.481435251415	2.85
28746.75248653941	750	19.21252260041665	0.0	369834	2374.197971702146	-1.35
28748.05031787201	750	21.914691267818057	0.0	412837	1297.8313325985941	0.75
28749.593047603616	1200	24.3719615362119	0.0	690253	1542.7297316061542	0.75
28753.6442312221	1200	24.320777917726804	0.0	598727	4051.1836184850936	1.2
28756.003553061237	750	25.961456078589823	0.0	321064	2359.3218391369837	0.3
28756.928623837648	750	29.036385302173958	0.0	361565	925.0707764158607	0.75
28759.026341201607	1850	30.938667938217968	0.0	908665	2097.7173639559905	0.75
28765.51662647231	1850	28.448382667514473	0.0	930577	6490.285270703495	1.85
28766.829134595377	750	31.135874544447745	0.0	345516	1312.5081230667276	-0.3500000000000001
28768.189886324115	1200	33.775122815709096	0.0	641452	1360.7517287386481	0.75
28775.419232522585	2850	30.54577661723965	0.0	1343002	7229.346198469445	1.2000000000000002
28776.83356244146	1200	33.13144669836275	0.0	634861	1414.329918876901	-0.44999999999999996
28779.097581736787	1850	34.867427403035066	0.0	958994	2264.019295327687	1.2000000000000002
28786.424560161264	4300	31.54044897856027	0.0	2246506	7326.978424474793	1.8499999999999996
28799.174175973523	4300	22.790833166297865	0.0	1961140	12749.615812262404	4.3
28803.872214376464	2850	22.092794763356235	0.0	1364537	4698.038402941631	1.4000000000000001

