47553.176304021865	300	4.0	4.962984664679415	181801	4962.984664679415	-21.040834058121483
47557.30033213489	300	4.0	0.12402811301892325	155580	4124.028113018923	-0.23332088598136996
47560.941530248325	300	4.35880188656506	0.0	139857	3641.19811343494	0.3
47563.72212495746	300	5.578207177428274	0.0	155432	2780.5947091367857	0.3
47569.71907043253	300	4.0	0.41873829765349546	163442	5996.9454750817695	-1.5005746799100304
47572.135561380834	300	5.583509051703287	0.0	126289	2416.490948296712	0.3
47574.67467547346	300	7.044394959070952	0.0	153295	2539.114092632336	0.3
47579.454419153735	300	6.264651278802343	0.0	173849	4779.743680268609	0.3
47584.52104563555	300	5.198024796988171	0.0	150710	5066.626481814172	0.3
47587.81247840637	300	5.9065920261673925	0.0	139105	3291.4327708207784	0.3
47591.00318547609	300	6.715884956449286	0.0	141840	3190.707069718107	0.3
47593.591238948684	300	8.127831483857218	0.0	156148	2588.053472592068	0.3
47596.111588433756	300	9.607481998782099	0.0	160746	2520.3494850751194	0.3
47600.84307006286	300	8.876000369679929	0.0	179801	4731.481629102172	0.3
47603.51538602017	300	10.20368441237289	0.0	140051	2672.3159573070384	0.3
47605.64986030642	300	12.069210126119092	0.0	138313	2134.474286253797	0.3
47609.30907183271	300	12.409998599827203	0.0	143509	3659.21152629189	0.3
47613.50822910754	300	12.21084132500336	0.0	150616	4199.157274823842	0.3
47618.24503422307	300	11.474036209470272	0.0	165384	4736.805115533086	0.3
47620.94243503327	300	12.776635399275731	0.0	140881	2697.4008101945406	0.3
47627.39756017206	750	10.321510260488601	0.0	386472	6455.12513878713	0.3
47632.12628653191	300	9.59278390063606	0.0	157812	4728.726359852541	-0.15000000000000002
47636.15331359918	300	9.565756833373158	0.0	163927	4027.027067262903	0.3
47638.93373885695	300	10.785331575603335	0.0	137654	2780.425257769822	0.3
47641.63502135391	300	12.084049078638394	0.0	146754	2701.2824969649405	0.3
47647.093679468795	300	10.625390963754711	0.0	153938	5458.658114883684	0.3
47652.05753510984	300	9.66153532270931	0.0	181901	4963.855641045399	0.3
47654.93622703515	300	10.782843397400054	0.0	111155	2878.6919253092565	0.3
47660.001720450244	300	9.717349982305839	0.0	153605	5065.493415094215	0.3
47665.54648680631	300	8.17258362624305	0.0	149029	5544.766356062789	0.3
47668.87407795685	300	8.844992475709635	0.0	157421	3327.591150533416	0.3
47674.13440543423	300	7.5846649983221575	0.0	157488	5260.327477387476	0.3
47676.74123177228	300	8.977838660284513	0.0	143881	2606.8263380376457	0.3
47680.344688344274	300	9.37438208828446	0.0	163444	3603.4565720000537	0.3
47686.58387097758	300	7.135199454980963	0.0	179328	6239.182633303496	0.3
47693.18124493118	300	4.537825501381649	0.0	159914	6597.3739535993145	0.3
47698.53372785271	300	4.0	0.8146574201520134	131610	5352.482921533662	-3.2030269066536574
47701.651191856916	300	4.882535995796048	0.0	124011	3117.4640042039523	0.3
47705.766842904515	300	4.766884948194424	0.0	144254	4115.651047601624	0.3
47709.58481871159	300	4.948909141115019	0.0	149991	3817.9758070794055	0.3
47712.17877858594	300	6.3549492667655905	0.0	147968	2593.9598743494275	0.3
47718.04688703409	300	4.486840818618372	0.0	161857	5868.108448147218	0.3
47721.01366161418	300	5.520066238527327	0.0	145210	2966.774580091046	0.3
47723.857473267824	300	6.676254584886831	0.0	172312	2843.811653640496	0.3
47728.552984538124	300	5.980743314584441	0.0	167025	4695.51127030239	0.3
47733.78512674264	300	4.748601110072452	0.0	160064	5232.142204511988	0.3
47737.25005650732	300	5.283671345389177	0.0	137507	3464.929764683276	0.3
47739.83137160216	300	6.702356250553936	0.0	118421	2581.315094835242	0.3

