4822.974838274554	300	4.0	2.3644051580847383	450283	2364.405158084738	0	-9.416942179764375
4824.06592102477	300	6.9089172497833555	0.0	155580	1091.0827502166449	0	-0.15000000000000002
4824.8627970872685	750	10.112041187284603	0.0	139857	796.8760624987518	1	0.3
4828.553667873342	750	10.421170401210771	0.0	382355	3690.870786073832	1	0.3
4830.683029747927	750	12.29180852662597	0.0	411561	2129.361874584802	1	0.75
4832.539557653616	750	14.43528062093856	0.0	318564	1856.527905687409	1	0.75
4834.793259188839	750	16.181579085714834	0.0	352642	2253.7015352237268	1	0.75
4837.451608463154	750	17.523229811400256	0.0	437162	2658.3492743145757	1	0.75
4839.531935418821	750	19.44290285573357	0.0	374758	2080.326955666687	1	0.75
4842.833119103706	750	20.14171917084945	0.0	362795	3301.1836848841185	1	0.75
4845.1257953891345	750	21.849042885420662	0.0	353220	2292.6762854287895	1	0.75
4848.598428993016	750	22.376409281539846	0.0	405134	3472.633603880815	1	0.75
4850.7784742178055	1850	24.196364056749864	0.0	386351	2180.045224789983	3	0.75
4859.176588702844	1850	19.798249571710077	0.0	1036454	8398.11448503979	3	0.75
4864.160268360241	1850	18.814569914313658	0.0	821631	4983.6796573964175	3	1.85
4870.275205631314	1850	16.699632643241284	0.0	923170	6114.937271072376	3	1.85
4878.669321227042	1850	12.305517047513524	0.0	966699	8394.115595727759	3	1.85
4885.000147138398	750	9.974691136158071	0.0	885714	6330.825911355453	1	1.85
4889.262928358356	750	9.711909916199971	0.0	405596	4262.7812199581	1	-0.3500000000000001
4893.004657289367	750	9.970180985188502	0.0	350713	3741.728931011469	1	0.75
4895.643022710454	750	11.331815564101827	0.0	386472	2638.365421086675	1	0.75
4898.858931761912	750	12.115906512643845	0.0	399894	3215.9090514579816	1	0.75
4901.337994097596	750	13.636844176960315	0.0	401853	2479.062335683531	1	0.75
4904.175347424613	750	14.799490849942684	0.0	343800	2837.3533270176304	1	0.75
4906.132244817911	750	16.84259345664543	0.0	359903	1956.8973932972526	1	0.75
4908.508196953112	750	18.466641321443944	0.0	379700	2375.952135201483	1	0.75
4911.55970436746	750	19.415133907096497	0.0	425781	3051.5074143474462	1	0.75
4914.2252356984045	750	20.749602576151528	0.0	277716	2665.5313309449716	1	0.75
4917.426284950813	750	21.54855332374258	0.0	400396	3201.049252408945	1	0.75
4919.762012774155	1850	23.2128255004016	0.0	400508	2335.72782334098	3	0.75
4924.653191299475	1850	22.321646975080906	0.0	873429	4891.178525320696	3	0.75
4931.288788558408	1850	19.68604971614778	0.0	954453	6635.597258933123	3	1.85
4936.7089153343295	1850	18.26592294022595	0.0	885062	5420.126775921834	3	1.85
4943.745316082772	1850	15.229522191784026	0.0	1035329	7036.400748441922	3	1.85
4951.0793194480775	1850	11.895518826479234	0.0	1026056	7334.003365304792	3	1.85
4958.650143774657	750	8.324694499899037	0.0	943942	7570.824326580197	1	1.85
4960.684172232841	750	10.290666041715864	0.0	321064	2034.028458183174	1	-0.3500000000000001
4962.681760799312	750	12.293077475244562	0.0	361565	1997.588566471302	1	0.75
4965.86828517554	750	13.106553099015862	0.0	378327	3186.5243762287	1	0.75
4968.243610590771	750	14.731227683785681	0.0	390680	2375.3254152301824	1	0.75
4970.276947235189	750	16.6978910393667	0.0	345516	2033.3366444189824	1	0.75
4975.433151747981	750	15.541686526574598	0.0	384505	5156.204512792101	1	0.75
4977.631833323883	750	17.343004950672793	0.0	372093	2198.6815759018054	1	0.75
4980.364077080048	750	18.610761194507088	0.0	438281	2732.243756165703	1	0.75
4983.613650080583	750	19.36118819397228	0.0	398987	3249.5730005348128	1	0.75
4987.321227906571	750	19.653610367984417	0.0	393804	3707.5778259878625	1	0.75
4990.831575011274	750	20.14326326328119	0.0	331053	3510.347104703226	1	0.75
4993.598302790121	750	21.376535484433475	0.0	314107	2766.7277788477163	1	0.75

