37335.21811104928	750	4.0	6.031834530305587	450283	6031.834530305587	0.07465108628853379	-25.18688848031402
37337.01456325136	300	6.203547797920244	0.0	155580	1796.4522020797556	0.08660402977595774	-0.15000000000000002
37338.59360836616	300	8.624502683121841	0.0	139857	1579.045114798403	0.08857061694393424	0.3
37342.458154830296	750	8.759956218981275	0.0	382355	3864.5464641405674	0.09893916493122862	0.3
37346.6117820284	750	8.606329020884855	0.0	411561	4153.627198096418	0.0990847229112463	0.75
37349.84492572942	750	9.37318531986754	0.0	318564	3233.143701017316	0.09853072719896834	0.75
37355.48552816076	1200	7.732582888524957	0.0	561791	5640.602431342583	0.09959769489839435	0.75
37359.89255383417	750	7.3255572151151185	0.0	437162	4407.025673409838	0.09919660841498017	0.3
37363.681905258396	750	7.536205790893149	0.0	374758	3789.3514242219685	0.09889766296271808	0.75
37366.669094106415	750	8.549016942873203	0.0	362795	2987.1888480199455	0.12145030610986587	0.75
37369.39320228788	750	9.82490876140498	0.0	353220	2724.1081814682243	0.12966445400476845	0.75
37373.920307492095	1200	9.297803557197177	0.0	594078	4527.105204207802	0.13122690399326775	0.75
37378.673511568144	1200	8.544599481144445	0.0	624282	4753.2040760527325	0.13133919562705393	1.2
37387.36082409697	750	4.0	0.1427130476837865	434409	8687.312528828232	0.05000499274757809	-0.313666105040282
37389.500574486876	300	5.860249610099422	0.0	140051	2139.750389900578	0.06545202686305265	-0.15000000000000002
37391.379342265485	300	7.981481831488061	0.0	138313	1878.7677786113604	0.07361899728886678	0.3
37395.807685711705	750	7.553138385270611	0.0	360831	4428.343446217451	0.08148216243439976	0.3
37401.644569248034	750	5.716254848941898	0.0	372963	5836.883536328712	0.06389762579271654	0.75
37404.549095449525	300	6.811728647458302	0.0	165384	2904.5262014835976	0.05694009574281816	-0.15000000000000002
37406.25486277865	300	9.105961318320865	0.0	140881	1705.767329137436	0.08259098271699225	0.3
37412.94417149765	1200	6.416652599327587	0.0	601738	6689.308718993279	0.08995518450082234	0.29999999999999993
37414.9454918102	300	8.415332286781766	0.0	157812	2001.3203125458206	0.07885394407417572	-0.6000000000000001
37419.8213566454	750	7.5394674515770115	0.0	401853	4875.864835204755	0.08241676370898102	0.3
37423.730224077415	750	7.630600019554919	0.0	343800	3908.867432022092	0.08795386540447324	0.75
37427.789288832246	750	7.571535264726878	0.0	359903	4059.0647548280413	0.08866648396577427	0.75
37432.10402515491	750	7.256798942064884	0.0	379700	4314.736322661994	0.0880007424800741	0.75
37436.63016125316	750	6.730662843817389	0.0	425781	4526.136098247494	0.09407162991958219	0.75
37437.87087593512	300	9.48994816185483	0.0	111155	1240.7146819625584	0.08958949355235757	-0.15000000000000002
37444.28685249892	1200	7.073971598061345	0.0	622896	6415.976563793486	0.09708514266013915	0.29999999999999993
37448.35279142871	750	7.008032668267864	0.0	400508	4065.9389297934804	0.09850320108480892	0.3
37452.03672182439	750	7.324102272593018	0.0	358218	3683.9303956748467	0.09723799353553728	0.75
37456.00529836227	750	7.355525734719169	0.0	400322	3968.5765378738492	0.10087294428608175	0.75
37459.48714607275	750	7.8736780242359705	0.0	369834	3481.8477104831986	0.10621774148435566	0.75
37463.491447392254	750	7.86937670473646	0.0	412837	4004.3013194995106	0.10309838522631451	0.75
37467.68052431483	750	7.680299782161927	0.0	401088	4189.076922574533	0.09574615301012386	0.75
37471.5015353601	750	7.859288736894458	0.0	365161	3821.0110452674694	0.09556659106030899	0.75
37474.75424302769	750	8.606581069303905	0.0	321064	3252.7076675905523	0.09870668772328642	0.75
37477.98931590943	750	9.37150818756132	0.0	361565	3235.072881742586	0.11176409719871332	0.75
37483.32186158718	1200	8.038962509812835	0.0	605884	5332.545677748484	0.11362003002209956	0.75
37486.78875502781	750	8.572069069182652	0.0	390680	3466.8934406301837	0.11268878224563642	0.3
37489.46449446954	750	9.8963296274505	0.0	345516	2675.7394417321507	0.12912916504916816	0.75
37493.96611647494	1200	9.394707622048344	0.0	641452	4501.622005402158	0.1424935277173933	0.75
37498.17839869548	1200	9.182425401504219	0.0	599477	4212.282220544124	0.14231643764898597	1.2
37502.63458797851	1200	8.726236118484413	0.0	634861	4456.189283019805	0.14246724267730762	1.2
37505.464863445835	750	9.895960651154994	0.0	398987	2830.27546732942	0.1409710837710347	0.3
37515.59768856001	1200	4.0	0.2368644630192666	638661	10132.82511417426	0.06302891768127052	-0.2685171909828464
37518.27981880811	300	5.317869751903103	0.0	137507	2682.1302480968975	0.05126783089582168	-0.6000000000000001
37520.18231200924	300	7.415376550775305	0.0	118421	1902.4932011277974	0.06224516330980845	0.3

