50717.48672743201	750	4.0	2.870366230851443	450283	2870.366230851443	0.1568730133319718	-11.592574792661205
50718.00938955528	300	7.4773378767351	0.0	155580	522.6621232649002	0.29766840387847965	-0.15000000000000002
50719.072891682204	750	10.413835749805777	0.0	350812	1063.5021269293218	0.32986487860904323	0.3
50720.88456157167	1200	12.602165860338399	0.0	617681	1811.6698894673798	0.34094566763572726	0.75
50723.75894933923	1850	13.727778092774363	0.0	996749	2874.3877675640365	0.3467691489811471	1.2000000000000002
50727.2711646395	2850	14.215562792515273	0.0	1224260	3512.2153002590894	0.34857202515736685	1.85
50731.22342137011	2850	14.263306061898932	0.0	1388403	3952.256730616339	0.35129372776942147	2.85
50737.70734690454	2850	11.779380527467485	0.0	1638769	6483.925534431448	0.2527433406348794	2.85
50743.99023444719	1850	9.496492984827764	0.0	852833	6282.88754263972	0.13573902034886448	0.8500000000000001
50746.42056825516	1200	11.066159176853828	0.0	560821	2430.3338079739347	0.2307588357450915	0.5499999999999999
50749.95202005493	1850	11.534707377088063	0.0	939819	3531.451799765766	0.2661282252421897	1.2000000000000002
50759.362250698076	1850	6.124476733938937	0.0	917428	9410.230643149127	0.09749261572753369	1.85
50761.45839190416	300	8.028335527855392	0.0	160746	2096.141206083544	0.07668662756758635	-1.25
50764.36251883171	750	9.124208600311272	0.0	434409	2904.1269275441186	0.149583338069648	0.3
50767.45471918792	1200	10.032008244106512	0.0	526950	3092.2003562047616	0.17041263155624126	0.75
50770.713069887344	1200	10.773657544675046	0.0	587876	3258.3506994314657	0.18042134018986222	1.2
50774.01324510591	1200	11.473482326118337	0.0	617242	3300.175218556709	0.18703309949401511	1.2
50778.00780883358	1850	11.478918598450328	0.0	885714	3994.563727668009	0.22172984595668774	1.2000000000000002
50782.19669982782	1850	11.29002760420521	0.0	987708	4188.890994245116	0.235792242232361	1.85
50786.11641837329	1850	11.370309058727406	0.0	923755	3919.718545477804	0.23566870663857742	1.85
50789.90249673176	1850	11.584230700264184	0.0	891604	3786.0783584632204	0.23549539010648066	1.85
50793.883488976564	1850	11.603238455464515	0.0	955231	3980.992244799669	0.2399479680594226	1.85
50797.38168497259	1850	12.10504245942972	0.0	968026	3498.1959960347963	0.2767214876174054	1.85
50800.35380208225	1850	13.132925349768117	0.0	874175	2972.1171096616035	0.29412535500646236	1.85
50804.63555143519	2850	12.851175996837645	0.0	1383735	4281.749352930472	0.3231704814885902	1.85
50807.36405651246	1850	14.122670919568655	0.0	905935	2728.5050772689906	0.3320261367835777	0.8500000000000001
50812.35540171004	2850	13.131325721985744	0.0	1547572	4991.345197582909	0.310051086178015	1.85
50818.21514207949	2850	11.271585352542392	0.0	1141971	5859.7403694433515	0.19488423172381647	2.85
50823.218664543645	1850	10.268062888387213	0.0	972798	5003.522464155179	0.1944226306505156	0.8500000000000001
50826.54515427128	1200	10.941573160751108	0.0	641447	3326.4897276361044	0.19282999573722717	0.5499999999999999
50829.51202063549	1200	11.974706796537365	0.0	570392	2966.866364213743	0.19225402494701208	1.2
50834.422695437956	1850	11.064031994080633	0.0	954453	4910.6748024567305	0.19436290090366048	1.2000000000000002
50837.608895090816	1850	11.877832341213983	0.0	885062	3186.199652866649	0.2777798306530172	1.85
50840.5744527787	1850	12.912274653326268	0.0	1035329	2965.5576878877164	0.3491178081709939	1.85
50843.51142752626	1850	13.975299905770395	0.0	1026056	2936.974747555872	0.34935812807170913	1.85
50847.600708219616	2850	13.886019212409886	0.0	1439896	4089.280693360509	0.3521147380119596	1.85
50850.85297719628	2850	14.63375023574811	0.0	1139291	3252.2689766617777	0.3503065116002186	2.85
50855.10685353378	2850	14.37987389823926	0.0	1499009	4253.87633750885	0.352386595440583	2.85
50859.086589495564	2850	14.40013793646203	0.0	1427478	3979.73596177723	0.3586866097927088	2.85
50862.50154371433	2850	14.985183717694545	0.0	1402287	3414.9542187674856	0.41063127355953516	2.85
50865.7603452812	2850	15.726382150815075	0.0	1339500	3258.8015668794696	0.4110406763068624	2.85
50870.89798685347	4300	14.588740578547487	0.0	2184571	5137.641572267589	0.4252089152719544	2.8499999999999996
50873.65243056004	2850	15.834296871984504	0.0	1343002	2754.4437065629836	0.48757649205175024	1.4000000000000001
50879.17127206611	4300	14.315455365915112	0.0	2219102	5518.841506069393	0.4020956205318677	2.8499999999999996
50881.55126398234	2850	15.935463449684391	0.0	1464921	2379.991916230719	0.6155151158328509	1.4000000000000001
50885.15837953312	4300	16.328347898904653	0.0	2246506	3607.1155507797403	0.6227984572089404	2.8499999999999996
50888.3174576176	4300	17.169269814423163	0.0	1961140	3159.078084481493	0.6207950381580665	4.3
50891.7809234696	4300	17.705803962421456	0.0	2155012	3463.465852001708	0.6222125732103039	4.3

