44655.09109644891	300	4.0	3.6847970017103924	181801	3684.7970017103926	-15.544627107354685
44658.25236960002	300	4.838726848886946	0.0	155580	3161.273151113054	0.3
44661.10704165891	300	5.984054790000592	0.0	139857	2854.672058886355	0.3
44664.28443849557	300	6.806657953343053	0.0	155432	3177.396836657538	0.3
44667.61980334709	300	7.471293101823259	0.0	163442	3335.3648515197942	0.3
44670.20181207491	300	8.889284373995263	0.0	126289	2582.0087278279975	0.3
44673.31885748609	300	9.772238962816198	0.0	153295	3117.045411179064	0.3
44676.44193444964	300	10.649161999266274	0.0	173849	3123.0769635499237	0.3
44678.33965507204	300	12.751441376866786	0.0	150710	1897.7206223994876	0.3
44679.799595259836	300	15.291501189072457	0.0	139105	1459.9401877943296	0.3
44681.2866670131	300	17.80442943581594	0.0	141840	1487.0717532565166	0.3
44682.91567603824	300	20.175420410664373	0.0	156148	1629.009025151569	0.3
44684.5902978378	300	22.500798611108735	0.0	160746	1674.6217995556399	0.3
44686.453947783564	300	24.637148665343965	0.0	179801	1863.6499457647697	0.3
44687.92327241777	300	27.167824031141144	0.0	140051	1469.3246342028226	0.3
44689.37535585973	300	29.715740589177177	0.0	138313	1452.0834419639634	0.3
44690.878984316005	300	32.21211213290187	0.0	143509	1503.628456275306	0.3
44692.453115161945	300	34.63798128695937	0.0	150616	1574.1308459424952	0.3
44694.17374654125	300	36.917349907654696	0.0	165384	1720.6313793046793	0.3
44695.65130488636	300	39.43979156254379	0.0	140881	1477.5583451109087	0.3
44697.29542227502	300	41.79567417388257	0.0	157671	1644.1173886612255	0.3
44698.94093840253	300	44.15015804638033	0.0	157812	1645.5161275022374	0.3
44700.64711614714	300	46.4439803017661	0.0	163927	1706.17774461422	0.3
44702.092662221046	300	48.998434227860486	0.0	137654	1445.5460739056155	0.3
44703.48829265042	300	51.602803798480224	0.0	146754	1395.6304293802707	0.3
44704.786094853385	300	54.305001595516316	0.0	153938	1297.8022029639023	0.3
44706.18718655617	300	56.903909892734866	0.0	181901	1401.0917027814498	0.3
44707.44976299709	300	59.530065215314615	0.0	111155	873.8446774202548	0.3
44708.66833253812	300	59.825646290298415	0.0	153605	1204.4189250161983	0.3
44709.65174227101	300	59.55251674235738	0.0	149029	773.1295479410312	0.3
44712.39807565031	300	59.744490145183164	0.0	157421	808.0265971742208	0.3
44714.93234746174	300	59.89950778028099	0.0	157488	844.9823649021694	0.3
44717.60641229731	300	59.62062007045873	0.0	143881	778.8877098222658	0.3
44720.17041544089	300	59.74670702534373	0.0	163444	873.9130451149939	0.3
44722.68364147129	300	59.795639023126576	0.0	179328	951.0680022171607	0.3
44724.85391029512	300	59.95258355279968	0.0	159914	843.05547032689	0.3
44727.83100278261	750	59.83314407356226	0.0	321064	1619.4394792374223	0.3
44730.55920331008	750	59.861370298700365	0.0	361565	1471.773774861894	0.75
44734.447490387	1200	59.5049401727955	0.0	605884	2356.430125904864	0.75
44737.67114181289	1200	59.86954289910656	0.0	587506	2135.397273688933	1.2
44740.49202179289	1200	59.9607300474105	0.0	566904	1908.8128516960676	1.2
44743.542095831	1200	59.85422653050548	0.0	641452	2106.503516905027	1.2
44746.265491858125	1200	59.92331385004373	0.0	599477	1930.9126804617442	1.2
44748.80729983934	1200	59.88315144976713	0.0	634861	2040.1624002766132	1.2
44751.28450683137	1200	59.85737083772524	0.0	630203	2025.7806120418838	1.2
44753.75872343183	1200	59.80547576349157	0.0	638661	2051.89507423367	1.2
44756.089023226385	1200	59.56248655681832	0.0	538612	1742.9892066732516	1.2
44758.08060543141	1200	59.81885061875221	0.0	550906	1743.6359380661156	1.2

