31715.587884794404	300	4.0	0.4946121412847632	181801	494.6121412847632	-1.8268322075244818
31716.39198992186	300	7.195894872541977	0.0	155580	804.1051274580225	0.3
31716.925684962076	300	10.662199832325799	0.0	139857	533.695040216178	0.3
31717.39454868858	300	14.193336105820386	0.0	155432	468.86372650541335	0.3
31717.95522988055	300	17.632654913852083	0.0	163442	560.6811919683049	0.3
31718.40664449278	300	21.1812403016197	0.0	126289	451.4146122323838	0.3
31718.937483465157	300	24.650401329245515	0.0	153295	530.8389723741835	0.3
31719.42976944356	300	28.158115350841072	0.0	173849	492.2859784044449	0.3
31719.825628655253	300	31.762256139148306	0.0	150710	395.8592116927639	0.3
31720.19716601603	300	35.390718778372495	0.0	139105	371.5373607758073	0.3
31720.57443541147	300	39.013449382934226	0.0	141840	377.2693954382697	0.3
31721.50367850603	750	42.08420628837362	0.0	405134	929.2430945606036	0.3
31721.94457960701	300	45.64330518739019	0.0	160746	440.9011009834267	-0.15000000000000002
31722.428262304296	300	49.15962249010428	0.0	179801	483.68269728591133	0.3
31723.26501497121	750	52.32286982318645	0.0	337059	836.7526669178258	0.3
31724.60407919761	1200	54.983805596791	0.0	587876	1339.0642263954512	0.75
31725.973096985403	1200	57.614787808993725	0.0	617242	1369.017787797283	1.2
31727.82712245921	1200	59.76076233518857	0.0	581493	1354.0254738051513	1.2
31731.05761942769	1200	59.77493879214594	0.0	639204	1485.8235430426294	1.2
31735.290855697305	1200	59.54170252253301	0.0	586839	2733.2362696129344	1.2
31738.537823474016	1200	59.82867349220406	0.0	601738	1713.0290303289432	1.2
31741.59779995564	1200	59.52665467128225	0.0	616206	1302.0188209218072	1.2
31745.51095465679	1200	59.61349997013256	0.0	656471	3413.1547011496923	1.2
31748.896477393446	1850	59.673794725530016	0.0	874175	1939.7052446025425	1.2000000000000002
31751.859833268667	1850	59.877025508196844	0.0	897976	1796.7692173331745	1.85
31755.478869819806	1850	59.86080056157313	0.0	905935	2516.2249466237085	1.85
31759.298774110353	1850	59.96325426530295	0.0	1076599	2897.54629627018	1.85
31761.878152694957	1850	59.84224391289317	0.0	758197	1621.0103524097876	1.85
31765.27947453483	1850	59.83126719205238	0.0	972798	2510.9767208407875	1.85
31768.327672005096	1850	59.7128409801856	0.0	975811	2118.4262118667834	1.85
31770.892555697716	1850	59.855284763072675	0.0	873429	1857.5562171129204	1.85
31774.734667228026	1850	59.995892761425814	0.0	954453	3359.392001646859	1.85
31777.808388320198	1850	59.91289191766832	0.0	885062	2583.0008437574966	1.85
31782.1860766492	1850	59.53520358866295	0.0	1035329	3877.6883290053656	1.85
31785.616078817755	1850	59.926906731096835	0.0	1026056	3108.296857566117	1.85
31789.62062930228	1850	59.91748424257705	0.0	943942	2009.4224885197802	1.85
31791.23929802449	1850	59.81671392617754	0.0	728962	1600.770316399513	1.85
31793.500674622544	1850	59.65297473660432	0.0	938587	2163.7391895732185	1.85
31799.03291817613	1850	58.120731183018584	0.0	908665	5532.243553585735	1.85
31802.865149006237	1850	58.28850035291175	0.0	930577	3832.230830106838	1.85
31805.44455508255	1850	59.70909427659589	0.0	858450	2079.4060763158523	1.85
31809.273333809844	1850	59.880315549303184	0.0	1025005	2328.778727292711	1.85
31812.897658319078	1850	59.804301639179094	0.0	886255	2076.0139101240857	1.85
31817.075709125573	1850	59.57643150998488	0.0	973972	2727.870129194219	1.85
31820.529128830593	1850	59.65931203212466	0.0	958994	1917.1194778602132	1.85
31824.10730583677	1850	59.59537362161563	0.0	982064	2063.9384105090285	1.85
31827.519139990367	1850	59.60907590015135	0.0	830730	1986.2977214642806	1.85
31830.614254545424	1850	59.9822867451905	0.0	846370	2126.789154960854	1.85

