70267.09186490264	300	4.0	0.6398659362289076	181801	639.8659362289077	-2.451423525784303
70267.65425474163	300	7.437610160999622	0.0	155580	562.3898390003774	0.3
70268.1206140293	300	10.971250873342267	0.0	139857	466.3592876573551	0.3
70268.62823703402	300	14.463627868622122	0.0	155432	507.6230047201445	0.3
70269.75066201469	750	17.341202887958953	0.0	411561	1122.4249806631715	0.3
70270.62049601086	750	20.47136889179759	0.0	318564	869.8339961613643	0.75
70272.09168823378	1200	23.000176668879856	0.0	561791	1471.192222917733	0.75
70274.78957369896	1850	24.302291203709917	0.0	1060487	2697.885465169942	1.2000000000000002
70276.93780317718	1850	26.154061725490497	0.0	852833	2148.229478219418	1.85
70280.7515865178	2850	26.3402783848788	0.0	1429765	3813.783340611696	1.85
70284.20621701218	2850	26.88564789049846	0.0	1354548	3454.6304943803407	2.85
70289.25167879165	4300	25.84018611102239	0.0	2102452	5045.461779476071	2.8499999999999996
70292.72825303262	2850	26.363611870060396	0.0	1422919	3476.574240961997	1.4000000000000001
70297.25192370873	2850	25.839941193969473	0.0	1578343	4523.670676090922	2.85
70301.75448384143	2850	25.337381061250653	0.0	1231445	4502.56013271882	2.85
70304.83450701658	1850	26.257357886107908	0.0	923170	3080.0231751427455	0.8500000000000001
70308.9167751273	2850	26.175089775382816	0.0	1491626	4082.2681107250924	1.85
70312.27700975465	2850	26.81485514805328	0.0	1358801	3360.234627329534	2.85
70317.02158693114	2850	26.070277971554884	0.0	1537156	4744.577176498397	2.85
70320.55554839858	2850	26.536316504109482	0.0	1336050	3533.9614674453996	2.85
70324.9758670999	2850	26.115997802795846	0.0	1415116	4420.318701313638	2.85
70330.28021091546	2850	24.811653987229434	0.0	1468126	5304.343815566412	2.85
70333.01465459372	1850	26.077210308969992	0.0	968026	2734.443678259442	0.8500000000000001
70337.05405708421	2850	26.03780781847969	0.0	1323990	4039.4024904903054	1.85
70340.50261953882	2850	26.5892453638814	0.0	1383735	3448.562454598286	2.85
70344.79122142696	2850	26.300643475725767	0.0	1480464	4288.601888155635	2.85
70349.44179977474	2850	25.650065127960204	0.0	1547572	4650.578347765562	2.85
70353.05570564832	2850	26.036159254382007	0.0	1141971	3613.9058735781928	2.85
70358.35851676863	2850	24.733348134077808	0.0	1498470	5302.811120304198	2.85
70360.78770651165	1850	26.304158391056866	0.0	975811	2429.1897430209424	0.8500000000000001
70364.38380044018	2850	26.708064462532406	0.0	1341201	3596.0939285244604	1.85
70370.07928488137	2850	25.012580021341602	0.0	1497683	5695.484441190805	2.85
70373.70879358806	1850	25.383071314658377	0.0	885062	3629.508706683224	0.8500000000000001
70377.981627477	2850	25.11023742571324	0.0	1587293	4272.833888945139	1.85
70383.17111549166	2850	23.920749411052757	0.0	1492672	5189.488014660481	2.85
70385.707525973	1850	25.384338929705965	0.0	943942	2536.410481346793	0.8500000000000001
70387.70074920886	1850	27.39111569386543	0.0	728962	1993.2232358405342	1.85
70394.0130744043	4300	25.078790498415525	0.0	2147467	6312.325195449905	1.8499999999999996
70396.36043466278	1850	26.731430239927086	0.0	908665	2347.360258488439	-0.6000000000000001
70399.8438943372	2850	27.247970565511068	0.0	1402287	3483.459674416019	1.85
70403.29770848088	2850	27.79415642184413	0.0	1339500	3453.81414366694	2.85
70409.72621563256	4300	25.365649270159977	0.0	2184571	6428.507151684151	2.8499999999999996
70414.21221271931	2850	24.879652183403305	0.0	1343002	4485.997086756673	1.4000000000000001
70417.88399251527	1850	25.20787238745131	0.0	973972	3671.779795951994	0.8500000000000001
70421.45827630979	2850	25.63358859293163	0.0	1464921	3574.283794519677	1.85
70425.63146871682	2850	25.46039618590476	0.0	1483527	4173.192407026872	2.85
70428.87769961129	2850	26.21416529142543	0.0	1231456	3246.2308944793285	2.85
70432.7824906763	2850	26.309374226418004	0.0	1364537	3904.791065007428	2.85

