16208.46590955491	750	4.0	1.6387934522884198	450283	1638.7934522884198	0.27476494940300283	-6.296811844840205
16210.909674033795	300	5.5562355211149095	0.0	155580	2443.7644788850903	0.06366407292693758	-0.15000000000000002
16211.440915239911	300	9.024994314998017	0.0	139857	531.2412061168919	0.2632645931634048	0.3
16213.394799649333	1200	11.071109905576765	0.0	617681	1953.8844094212518	0.3161297551798161	0.29999999999999993
16216.037374203746	1850	12.42853535116356	0.0	996749	2642.5745544132064	0.3771886012961825	1.2000000000000002
16217.954521735208	1850	14.511387819702003	0.0	801058	1917.1475314615564	0.4178384745326853	1.85
16222.215539078723	2850	14.250370476185948	0.0	1388403	4261.017343516057	0.32583838273099675	1.85
16229.60013735984	2850	10.865772195071505	0.0	1638769	7384.598281114442	0.22191714939877355	2.85
16231.358369651003	1200	13.107539903907835	0.0	584846	1758.2322911636716	0.3326329535290951	-0.44999999999999996
16238.434514047154	2850	10.031395507758083	0.0	1429765	7076.1443961497525	0.20205424309571168	1.2000000000000002
16241.77478420969	1200	10.691125345221291	0.0	607410	3340.270162536792	0.1818445725775361	-0.44999999999999996
16243.417908502655	1200	13.048001052257572	0.0	594078	1643.1242929637183	0.36155390224829315	1.2
16249.588512950833	2850	10.877396604078418	0.0	1422919	6170.604448179153	0.2305963721949283	1.2000000000000002
16253.789003188622	1200	10.676906366291915	0.0	687371	4200.490237786504	0.16364066122963258	-0.44999999999999996
16255.000976262989	1200	13.46493329192396	0.0	526950	1211.9730743679538	0.4347868868908704	1.2
16264.725169871857	2850	7.740739683054287	0.0	1471065	9724.193608869673	0.15127886785987127	1.2000000000000002
16267.199143754608	750	9.266765800303736	0.0	360831	2473.9738827505516	0.14585077171422275	-1.35
16270.093433327533	1200	10.372476227376746	0.0	581493	2894.289572926989	0.20091044290773483	0.75
16271.899680075672	1200	12.56622947923903	0.0	639204	1806.2467481377162	0.35388520458737693	1.2
16274.317234059443	1850	14.148675495467392	0.0	923755	2417.5539837716383	0.38210315310471166	1.2000000000000002
16279.60840841614	2850	12.857501138771864	0.0	1415116	5291.174356695528	0.2674483781108615	1.85
16286.625577486362	1850	9.84033206854769	0.0	955231	7017.169070224173	0.13612768773853753	0.8500000000000001
16288.292662295618	1200	12.17324725929018	0.0	656471	1667.08480925751	0.3937838053316439	0.5499999999999999
16290.577240615945	1850	13.888668938963104	0.0	874175	2284.5783203270776	0.38264172964525306	1.2000000000000002
16293.987996221389	2850	14.477913333518218	0.0	1383735	3410.7556054448846	0.40569749347945777	1.85
16297.631585901972	2850	14.83432365293678	0.0	1480464	3643.5896805814377	0.4063201759216066	2.85
16301.436709653144	2850	15.02919990176365	0.0	1547572	3805.12375117313	0.4067074032803478	2.85
16306.263579487475	4300	14.202330067433829	0.0	1972048	4826.86983432982	0.40855628340634675	2.8499999999999996
16309.950510982371	2850	14.51539857253705	0.0	1498470	3686.9314948967804	0.4064274050315522	1.4000000000000001
16313.977301456396	2850	14.488608098513291	0.0	1561263	4026.7904740237595	0.38771895634289416	2.85
16320.157978261806	2850	12.307931293102389	0.0	1341201	6180.6768054109025	0.2169990507877453	2.85
16322.603916542135	1850	13.861993012773848	0.0	954453	2445.93828032854	0.39021957654295236	0.8500000000000001
16326.416811524792	2850	14.049098030117621	0.0	1358081	3812.8949826562275	0.35618106613938316	1.85
16330.568050425723	2850	13.897859129186408	0.0	1587293	4151.238900931212	0.38236609308222086	2.85
16337.851596695908	2850	10.61431285900264	0.0	1492672	7283.54627018377	0.20493753243670115	2.85
16340.301619066338	1200	12.16429048857033	0.0	598727	2450.0223704323093	0.24437613600007818	-0.44999999999999996
16345.140414639269	1850	11.325494915641292	0.0	728962	4838.795572929039	0.15064947237660256	1.2000000000000002
16349.069774411942	1850	11.396135142965704	0.0	938587	3929.3597726755875	0.2388651216228275	1.85
16351.883798688337	1850	12.582110866572236	0.0	908665	2814.024276393468	0.3229058852202123	1.85
16356.822965713296	1850	11.642943841613958	0.0	930577	4939.1670249582785	0.18840767993827068	1.85
16360.817055788344	1850	11.648853766566011	0.0	858450	3994.0900750479464	0.2149300551239308	1.85
16366.658690891458	1850	9.8072186634512	0.0	1025005	5841.635103114811	0.17546542738581164	1.85
16371.50677295749	1200	8.959136597419358	0.0	599477	4848.082066031843	0.12365240353504826	0.5499999999999999
16374.358915739476	750	10.106993815431998	0.0	438281	2852.1427819873593	0.15366727176772263	0.3
16376.738649280567	1200	11.727260274341734	0.0	630203	2379.7335410902647	0.2648208251547672	0.75
16379.390768772113	1850	13.075140782796788	0.0	982064	2652.119491544946	0.3702940245078912	1.2000000000000002
16383.77230646734	2850	12.693603087568695	0.0	1231456	4381.537695228093	0.2810556671328359	1.85
16388.80840996922	1850	11.65749958568723	0.0	846370	5036.103501881465	0.16806048558847136	0.8500000000000001

