11128.419163138879	300	4.0	1.8080837852611402	181801	1808.0837852611403	-7.474760276622903
11128.863305174704	300	7.5558579641734305	0.0	155580	444.1420358265695	0.3
11129.255474110805	300	11.163689028073415	0.0	139857	392.16893610001574	0.3
11129.682407350298	300	14.736755788579519	0.0	155432	426.9332394938948	0.3
11130.127219374393	300	18.291943764483058	0.0	163442	444.8120240964612	0.3
11130.489103747512	300	21.930059391365265	0.0	126289	361.884373117791	0.3
11130.911267079053	300	25.507896059823395	0.0	153295	422.1633315418743	0.3
11131.379308130785	300	29.039855008091614	0.0	173849	468.0410517317806	0.3
11131.79570159239	300	32.62346154648702	0.0	150710	416.3934616045916	0.3
11136.61474164759	300	31.804421491287354	0.0	139105	4819.040055199667	0.3
11137.537322733824	300	34.88184040505411	0.0	141840	922.5810862332422	0.3
11138.38165364323	300	38.03750949564765	0.0	156148	844.3309094064654	0.3
11139.093017548397	300	41.326145590481254	0.0	160746	711.3639051663888	0.3
11139.879223995295	300	44.539939143584775	0.0	179801	786.206446896482	0.3
11140.50930391195	300	47.909859226930806	0.0	140051	630.079916653963	0.3
11141.132557466097	300	51.28660567278154	0.0	138313	623.2535541492713	0.3
11141.776219408954	300	54.64294372992433	0.0	143509	643.6619428571989	0.3
11142.447795597105	300	57.971367541773205	0.0	150616	671.5761881511255	0.3
11143.149557087003	300	59.78284486706814	0.0	165384	688.5226747050677	0.3
11143.765501721664	300	59.690492029833976	0.0	140881	592.3528372341635	0.3
11147.780352516433	300	59.67564123506484	0.0	157671	3014.85079476914	0.3
11151.818230852696	300	59.637762898802855	0.0	157812	2537.8783362619884	0.3
11155.597528180686	300	59.85846557081141	0.0	163927	2779.297327991442	0.3
11158.563055500135	300	59.641511065061515	0.0	137654	1216.9545057498901	0.3
11161.133232082844	300	59.93870920630711	0.0	146754	1202.8018587544057	0.3
11163.478652793374	300	59.91368616151886	0.0	153938	1025.0230447882523	0.3
11166.012940874474	300	59.76624099004062	0.0	181901	1147.4451714782433	0.3
11168.214612986532	300	59.56732637837063	0.0	111155	698.914611669994	0.3
11170.080375356016	300	59.84382396957437	0.0	153605	723.5024087962513	0.3
11172.18531300351	300	59.82248512617046	0.0	149029	1021.3388434039183	0.3
11173.844770682648	300	59.99155554844701	0.0	157421	830.9295777234546	0.3
11175.910161602482	300	59.5886242174364	0.0	157488	902.9313310106178	0.3
11177.459197964861	300	59.857835768658845	0.0	143881	730.788448777551	0.3
11179.055054973911	300	59.92903122093521	0.0	163444	928.804547723639	0.3
11181.233175049269	300	59.87999742917004	0.0	179328	1549.0337917651632	0.3
11182.884373704479	300	59.82894124335992	0.0	159914	1051.05618581012	0.3
11185.614624136379	750	59.72738724685982	0.0	321064	2101.553996500098	0.3
11187.926135066939	750	59.59498007178085	0.0	361565	1632.4071750789628	0.75
11190.284849071553	750	59.96617487471354	0.0	378327	2128.8051970673173	0.75
11192.771505739078	750	59.79280106872462	0.0	390680	2173.373805988913	0.75
11195.478718894203	750	59.56033583393048	0.0	345516	2232.46523479414	0.75
11197.056520576642	750	59.71830898937669	0.0	384505	1342.0268445537931	0.75
11198.434651851403	750	59.853130822437976	0.0	372093	1365.1781669387094	0.75
11200.99598510579	1200	59.5389407491559	0.0	634861	2314.1900732820827	0.75
11207.157667074864	1850	57.37725878008325	0.0	958994	6161.6819690726425	1.2000000000000002
11211.025560256523	1850	57.50936559842309	0.0	982064	3867.8931816601657	1.85
11214.317104952654	1850	58.21782090229219	0.0	830730	3291.5446961309017	1.85
11217.455049488912	1850	59.07987636603388	0.0	846370	3137.9445362583097	1.85

