9968.041784593506	300	4.0	2.1850687289188007	181801	2185.068728918801	-9.095795534350842
9969.914042019436	300	6.127742574069077	0.0	155580	1872.257425930923	0.3
9971.604601519062	300	8.437183074441833	0.0	139857	1690.5594996272434	0.3
9973.610075125707	300	10.431709467797761	0.0	155432	2005.4736066440728	0.3
9975.740803698098	300	12.300980895406228	0.0	163442	2130.7285723915325	0.3
9977.328811728263	300	14.71297286524133	0.0	126289	1588.008030164897	0.3
9981.618081919065	750	14.423702674439637	0.0	352642	4289.270190801693	0.3
9987.127521734625	750	12.914262858879729	0.0	437162	5509.439815559908	0.75
9991.882514949699	750	12.159269643806393	0.0	374758	4754.993215073334	0.75
9993.59247152863	300	14.449313064874827	0.0	139105	1709.9565789315684	-0.15000000000000002
9997.891671858368	750	14.150112735134684	0.0	353220	4299.200329740142	0.3
10002.67547663676	750	13.366307956742533	0.0	405134	4783.80477839215	0.75
10007.3328347959	750	12.708949797602331	0.0	386351	4657.358159140202	0.75
10012.352527303143	750	11.689257290358782	0.0	434409	5019.692507243549	0.75
10014.201536524064	300	13.840248069437317	0.0	140051	1849.009220921465	-0.15000000000000002
10018.977404193976	750	13.064380399525904	0.0	366214	4775.867669911414	0.3
10023.267421849476	750	12.774362744027037	0.0	360831	4290.017655498867	0.75
10025.052073368257	300	14.989711225246479	0.0	150616	1784.6515187805583	-0.15000000000000002
10029.886543594586	750	14.155240998917682	0.0	405596	4834.470226328799	0.3
10034.093487506809	750	13.94829708669449	0.0	350713	4206.943912223191	0.75
10038.655506014922	750	13.386278578580091	0.0	386472	4562.0185081144	0.75
10043.42987470275	750	12.611909890753534	0.0	399894	4774.368687826558	0.75
10045.5158119844	300	14.525972609103428	0.0	163927	2085.9372816501045	-0.15000000000000002
10049.846685978328	750	14.195098615175727	0.0	343800	4330.8739939277	0.3
10054.089874564106	750	13.95191002939743	0.0	359903	4243.188585778298	0.75
10058.654173905206	750	13.387610688295485	0.0	379700	4564.299341101945	0.75
10063.75167337332	750	12.290111220182775	0.0	425781	5097.499468112709	0.75
10065.151501782564	300	14.89028281093712	0.0	111155	1399.828409245656	-0.15000000000000002
10069.956855385113	750	14.08492920838852	0.0	400396	4805.353602548599	0.3
10074.687850216027	750	13.353934377474882	0.0	400508	4730.994830913638	0.75
10078.88052106467	750	13.161263528833524	0.0	358218	4192.670848641357	0.75
10083.91440077692	750	12.127383816584112	0.0	400322	5033.879712249412	0.75
10085.66320602089	300	14.378578572613026	0.0	143881	1748.8052439710855	-0.15000000000000002
10090.758371976073	750	13.283412617428333	0.0	412837	5095.165955184695	0.3
10095.74862677863	750	12.293157814871869	0.0	401088	4990.254802556464	0.75
10100.41354206928	750	11.628242524221255	0.0	365161	4664.915290650614	0.75
10102.059583170725	300	13.982201422777102	0.0	131610	1646.0411014441538	-0.15000000000000002
10106.423450638604	750	13.618333954898315	0.0	361565	4363.867467878787	0.3
10110.901600828181	750	13.140183765320636	0.0	378327	4478.150189577679	0.75
10112.780728908443	300	15.261055685058206	0.0	149991	1879.1280802624283	-0.15000000000000002
10116.836351081494	750	15.205433512008101	0.0	345516	4055.622173050106	0.3
10121.440517505254	750	14.60126708824859	0.0	384505	4604.1664237595105	0.75
10126.3003949656	750	13.741389627902802	0.0	372093	4859.8774603457905	0.75
10131.482268792453	750	12.55951580104819	0.0	438281	5181.873826854612	0.75
10136.198741196376	750	11.843043397125092	0.0	398987	4716.472403923099	0.75
10138.166859226958	300	13.874925366544051	0.0	160064	1968.1180305810396	-0.15000000000000002
10142.123590904675	750	13.918193688827905	0.0	331053	3956.731677716147	0.3
10145.87173785986	750	14.170046733642408	0.0	314107	3748.146955185497	0.75

