28928.168929002146	300	4.0	5.5031328600169145	450283	5503.1328600169145	0	-22.913471298072732
28929.0550662102	300	7.113862791949851	0.0	155580	886.1372080501492	0	-0.15000000000000002
28930.03941202365	300	10.129516978498938	0.0	139857	984.3458134509119	0	0.3
28931.157076612293	750	13.011852389852686	0.0	155432	1117.6645886462525	1	0.3
28934.0068615071	750	14.162067495045669	0.0	411561	2849.7848948070173	1	0.3
28935.941827805847	750	16.227101196297077	0.0	318564	1934.9662987485922	1	0.75
28938.172239725114	750	17.9966892770306	0.0	352642	2230.411919266477	1	0.75
28940.87882473883	750	19.29010426331288	0.0	437162	2706.585013717717	1	0.75
28945.15242505302	750	19.016503949122736	0.0	374758	4273.600314190146	1	0.75
28947.287378067616	750	20.881550934524654	0.0	362795	2134.953014598082	1	0.75
28950.442895984277	750	21.726033017865493	0.0	353220	3155.5179166591597	1	0.75
28954.067353854305	750	22.101575147836584	0.0	405134	3624.4578700289085	1	0.75
28957.687483823287	750	22.481445178855022	0.0	386351	3620.129968981564	1	0.75
28970.29581007923	300	13.87311892291114	0.0	434409	12608.326255943883	0	0.75
28971.52255739604	750	16.64637160610009	0.0	140051	1226.7473168110484	1	-0.15000000000000002
28973.818490534184	750	18.35043846796092	0.0	366214	2295.933138139168	1	0.3
28976.061109412654	1850	20.107819589487093	0.0	360831	2242.6188784738306	3	0.75
28981.356358548124	1850	18.812570454019298	0.0	885714	5295.249135467796	3	0.75
28989.409895331424	1850	14.759033670717477	0.0	987708	8053.536783301819	3	1.85
29001.572823521125	750	6.596105481013693	0.0	923755	12162.928189703784	1	1.85
29004.999912145213	300	7.16901685692893	0.0	386472	3427.088624084764	0	-0.3500000000000001
29006.843616399674	300	9.325312602464525	0.0	157812	1843.7042544644062	0	-0.15000000000000002
29009.15633656219	300	11.012592439948245	0.0	163927	2312.7201625162797	0	0.3
29010.369644520673	750	13.799284481464682	0.0	137654	1213.3079584835623	1	0.3
29012.986559608184	750	15.182369393954954	0.0	359903	2616.915087509728	1	0.3
29015.58351279719	750	16.585416204946288	0.0	379700	2596.953189008667	1	0.75
29018.914722299527	750	17.254206702610695	0.0	425781	3331.2095023355914	1	0.75
29022.404684274643	750	17.764244727495576	0.0	277716	3489.9619751151204	1	0.75
29028.225718451224	750	15.943210550913426	0.0	400396	5821.034176582152	1	0.75
29038.02946435364	300	10.139464648497658	0.0	400508	9803.745902415767	0	0.75
29038.948360098067	750	13.220568904068225	0.0	157421	918.8957444294332	1	-0.15000000000000002
29042.256646451606	750	13.912282550527491	0.0	400322	3308.286353540733	1	0.3
29054.805712744143	300	5.363216257992792	0.0	369834	12549.0662925347	0	0.75
29056.10779249667	300	8.061136505465617	0.0	163444	1302.0797525271744	0	-0.15000000000000002
29057.600972819222	300	10.567956182916783	0.0	179328	1493.180322548835	0	0.3
29058.964463811822	750	13.204465190313986	0.0	159914	1363.4909926027967	1	0.3
29060.875874008947	750	15.293054993190953	0.0	321064	1911.410197123032	1	0.3
29063.49524183934	750	16.673687162795147	0.0	361565	2619.367830395808	1	0.75
29065.905809730553	750	18.263119271585907	0.0	378327	2410.5678912092408	1	0.75
29068.431343230957	750	19.73758577117797	0.0	390680	2525.533500407939	1	0.75
29070.535651550865	750	21.633277451275163	0.0	345516	2104.308319902803	1	0.75
29072.883653183682	750	23.285275818455293	0.0	384505	2348.00163281987	1	0.75
29074.776540706873	1850	25.392388295266596	0.0	372093	1892.8875231887007	3	0.75
29089.52853179416	300	14.64039720798061	0.0	973972	14751.991087285985	0	0.75
29090.52663489528	750	17.642294106862625	0.0	167025	998.1031011179853	1	-1.25
29093.38802796565	750	18.780901036492985	0.0	393804	2861.393070369639	1	0.3
29095.574791275034	1850	20.594137727108773	0.0	331053	2186.7633093842123	3	0.75
29113.93239987638	300	6.236529125767062	0.0	846370	18357.60860134171	0	0.75

