88076.29247696626	750	4.0	1.2937470892509482	450283	1293.7470892509482	1	-4.813112483779077
88077.15725047974	750	7.135226486511908	0.0	398865	864.7735134880911	1	0.75
88077.89193544199	1850	10.40054152426902	0.0	350812	734.6849622428894	3	0.75
88079.71361406993	1850	12.578862896336695	0.0	933276	1821.6786279323248	3	0.75
88081.6537459395	1850	14.63873102675801	0.0	996749	1940.131869578685	3	1.85
88083.22867948364	1850	17.063797482625073	0.0	801058	1574.9335441329383	3	1.85
88084.99855056441	1850	19.29392640185996	0.0	905515	1769.8710807651105	3	1.85
88088.84585027228	1850	19.446626693985003	0.0	1060487	3847.2997078749586	3	1.85
88092.71605350042	1850	19.576423465833454	0.0	852833	3870.203228151551	3	1.85
88096.13569541652	1850	20.15678154974026	0.0	913888	3419.6419160931946	3	1.85
88099.42634842561	1850	20.866128540648788	0.0	939819	3290.6530090914694	3	1.85
88104.89679906868	1850	19.395677897580192	0.0	917428	5470.450643068594	3	1.85
88109.4922603095	1850	18.800216656759105	0.0	946851	4595.4612408210905	3	1.85
88113.75262474618	1850	18.5398522200941	0.0	1036454	4260.364436665004	3	1.85
88127.2963996056	750	8.996077360666959	0.0	821631	13543.774859427142	1	1.85
88129.49365205619	750	10.798824910084184	0.0	366214	2197.252450582775	1	-0.3500000000000001
88131.2920397131	750	13.00043725316826	0.0	360831	1798.3876569159243	1	0.75
88133.18422475272	750	15.108252213540155	0.0	372963	1892.185039628106	1	0.75
88135.59494547716	750	16.697531489103103	0.0	405596	2410.720724437051	1	0.75
88137.12063928794	1850	19.171837678331265	0.0	350713	1525.6938107718377	3	0.75
88141.15171276759	1850	19.140764198681545	0.0	891604	4031.073479649721	3	0.75
88146.78422963234	1850	17.508247333933628	0.0	955231	5632.516864747915	3	1.85
88151.64829544107	1200	16.64418152519042	0.0	968026	4864.0658087432075	2	1.85
88154.33372445522	1850	17.95875251104615	0.0	536667	2685.429014144268	3	0.5499999999999999
88158.98889225414	1850	17.303584712117708	0.0	897976	4655.167798928445	3	1.2000000000000002
88163.12407371165	1850	17.168403254616308	0.0	905935	4135.181457501401	3	1.85
88171.60399550885	750	12.688481457414428	0.0	1076599	8479.92179720188	1	1.85
88174.11711972249	750	14.175357243781258	0.0	277716	2513.1242136331684	1	-0.3500000000000001
88175.5741851801	1850	16.71829178617455	0.0	400396	1457.0654576067077	3	0.75
88181.930043559	1850	14.362433407278099	0.0	975811	6355.858378896453	3	0.75
88184.4291796126	1850	15.863297353672749	0.0	873429	2499.1360536053494	3	1.85
88190.54515283146	1850	13.747324134809707	0.0	954453	6115.973218863041	3	1.85
88195.68070318327	1850	12.611773782990923	0.0	885062	5135.550351818784	3	1.85
88202.13777872839	1850	10.154698237882979	0.0	1035329	6457.075545107947	3	1.85
88207.37654643605	1850	8.91593053022153	0.0	1026056	5238.767707661447	3	1.85
88211.40362523777	1850	8.888851728499993	0.0	943942	4027.0788017215364	3	1.85
88215.07887054251	1850	9.21360642374775	0.0	728962	3675.245304752245	3	1.85
88220.27617466034	750	8.016302305916815	0.0	938587	5197.304117830935	1	1.85
88222.2101931974	750	10.082283768859579	0.0	378327	1934.0185370572356	1	-0.3500000000000001
88224.21253139582	750	12.07994557043789	0.0	390680	2002.3381984216905	1	0.75
88225.64171402481	750	14.650762941444306	0.0	345516	1429.1826289935834	1	0.75
88227.74639602254	750	16.54608094371871	0.0	384505	2104.6819977255964	1	0.75
88230.54753284462	750	17.74494412163661	0.0	372093	2801.1368220821005	1	0.75
88233.15447317476	750	19.138003791496526	0.0	438281	2606.940330140086	1	0.75
88234.84914919642	1850	21.44332776982466	0.0	398987	1694.676021671864	3	0.75
88239.33159520372	1850	20.960881762516074	0.0	982064	4482.446007308586	3	0.75
88246.68958011037	1850	17.602896855879603	0.0	830730	7357.9849066364695	3	1.85
88256.01738775226	750	12.275089213982577	0.0	846370	9327.807641897027	1	1.85

