7497.551739173638	750	4.0	3.7714371207382373	450283	3771.4371207382374	0.11939294904958131	-15.46717961917442
7497.993488453927	300	7.558250719711446	0.0	155580	441.74928028855305	0.3521907266003338	-0.15000000000000002
7498.889184485014	750	10.662554688623981	0.0	350812	895.6960310874656	0.3916641224524337	0.3
7502.0147108536	1200	11.537028320038178	0.0	617681	3125.526368585803	0.19762463251253265	0.75
7505.278670656381	1850	12.273068517257082	0.0	996749	3263.9598027810976	0.305380292720121	1.2000000000000002
7507.116129688131	1850	14.43560948550772	0.0	801058	1837.4590317493594	0.43595965197512454	1.85
7514.323885478873	2850	11.227853694764613	0.0	1388403	7207.755790743108	0.19262625431665156	1.85
7518.816091616825	1850	10.735647556813506	0.0	1060487	4492.206137951107	0.2360726483677545	0.8500000000000001
7521.106760655948	1200	12.444978517691036	0.0	584846	2290.6690391224706	0.255316673867495	0.5499999999999999
7525.094437396732	1850	12.457301776906927	0.0	913888	3987.6767407841085	0.22917805514503656	1.2000000000000002
7530.268259711363	1850	11.283479462276762	0.0	939819	5173.822314630164	0.18164887443900946	1.85
7534.0758401929315	1850	11.475898980707305	0.0	917428	3807.5804815694564	0.24094776313745653	1.85
7538.012771502636	1850	11.53896767100312	0.0	946851	3936.931309704185	0.240504831178054	1.85
7549.450107027535	1850	4.10163214610411	0.0	1036454	11437.33552489901	0.09062023211119809	1.85
7549.974360433276	300	7.5773787403624295	0.0	140051	524.2534057416806	0.26714371040063095	-1.25
7554.394092578492	750	7.157646595145838	0.0	366214	4419.732145216591	0.08285886745339259	0.3
7555.650543201697	750	9.90119597194155	0.0	360831	1256.4506232042895	0.2871827936061532	0.75
7557.109907625279	1200	12.441831548358456	0.0	581493	1459.364423583095	0.39845633523961965	0.75
7562.467634400503	1850	11.084104773135069	0.0	987708	5357.726775223387	0.1843520659858244	1.2000000000000002
7567.018009732113	1850	10.533729441525427	0.0	923755	4550.375331609641	0.20300633083672082	1.85
7571.427998770248	1200	10.123740403389617	0.0	601738	4409.989038135812	0.136448865245789	0.5499999999999999
7574.962901229905	1200	10.588837943732617	0.0	616206	3534.902459657	0.17432051012230532	1.2
7576.8767670050365	1200	12.67497216860099	0.0	656471	1913.8657751316284	0.34300785798567845	1.2
7581.745837205422	1850	11.805901968216185	0.0	874175	4869.070200384803	0.17953633117282103	1.2000000000000002
7584.383939563345	1850	13.16779961029212	0.0	897976	2638.102357924066	0.34038709578601084	1.85
7590.09405278639	2850	11.45768638724668	0.0	1480464	5710.113223045439	0.2592705156922278	1.85
7597.185410436894	1850	8.366328736742778	0.0	1076599	7091.357650503902	0.15181846030900703	0.8500000000000001
7601.347334193371	750	8.204404980265398	0.0	277716	4161.923756477381	0.06672779614662057	-0.3500000000000001
7602.805850713709	750	10.745888459927256	0.0	400396	1458.5165203381407	0.27452277325399965	0.75
7605.074508835369	1200	12.477230338267631	0.0	641447	2268.6581216596255	0.28274291039090216	0.75
7607.781784803305	1850	13.769954370332027	0.0	873429	2707.275967935605	0.32262281730592135	1.2000000000000002
7613.4650371541165	2850	12.08670201951995	0.0	1497683	5683.252350812076	0.2635256904941054	1.85
7616.356494717851	1850	13.195244455785218	0.0	885062	2891.457563734734	0.3060954485725929	0.8500000000000001
7621.620584137495	2850	11.931155036141789	0.0	1587293	5264.089419643429	0.30153230187862534	1.85
7629.796770676505	1850	7.75496849713134	0.0	1026056	8176.1865390104485	0.12549322292299145	0.8500000000000001
7634.066454611769	750	7.485284561867554	0.0	365161	4269.683935263785	0.0855241290775871	-0.3500000000000001
7635.28636060484	750	10.265378568796404	0.0	321064	1219.9059930711512	0.2631874929901044	0.75
7636.655175260315	1200	12.896563913320936	0.0	575591	1368.8146554754692	0.4205032417628986	0.75
7638.619137422463	1850	14.932601751173904	0.0	908665	1963.9621621470328	0.4626693006176014	1.2000000000000002
7647.836095662998	2850	9.715643510638486	0.0	1402287	9216.958240535416	0.15214205851913903	1.85
7649.552916859161	1200	11.998822314475765	0.0	566904	1716.8211961627214	0.33020561562677053	-0.44999999999999996
7652.6384284544665	1850	12.913310719170749	0.0	1025005	3085.5115953050163	0.33219936737870975	1.2000000000000002
7654.810238782283	1850	14.741500391354135	0.0	886255	2171.8103278166145	0.408072007324405	1.85
7663.97442780255	2850	9.57731137108741	0.0	1587250	9164.189020266725	0.17320135982461465	1.85
7665.755497254568	1200	11.796241919070104	0.0	630203	1781.069452017306	0.35383404015279046	-0.44999999999999996
7668.753084171153	1850	12.798655002483486	0.0	982064	2997.586916586619	0.3276181900067424	1.2000000000000002
7670.779890914148	1850	14.771848259488895	0.0	830730	2026.8067429945886	0.4098713421352664	1.85
7675.962502813719	2850	13.589236359918202	0.0	1364537	5182.611899570695	0.2632913724666577	1.85

