34072.811329345655	750	4.0	3.4239309719058015	450283	3423.9309719058015	0.13151053677620347	-13.972903179194946
34073.75090739176	300	7.06042195389568	0.0	155580	939.5780461043204	0.1655849672574471	-0.15000000000000002
34075.769140413424	750	9.042188932235128	0.0	350812	2018.2330216605533	0.17382135572797255	0.3
34079.2618221662	1200	9.549507179466373	0.0	617681	3492.681752768754	0.1768500664311444	0.75
34082.948944915086	1200	9.862384430576334	0.0	652874	3687.1227488900386	0.17706869135195985	1.2
34085.903680427735	1200	10.907648917921948	0.0	520315	2954.7355126543866	0.17609528763966256	1.2
34089.0875704528	1200	11.723758892860936	0.0	561791	3183.8900250610127	0.1764479914752189	1.2
34095.02675121754	1850	9.7845781281159	0.0	1060487	5939.180764745035	0.17855779138682706	1.2000000000000002
34098.338019902156	1200	10.473309443503947	0.0	584846	3311.268684611952	0.17662293691776879	0.5499999999999999
34101.516550686276	1200	11.294778659378283	0.0	560821	3178.530784125666	0.17644032356108447	1.2
34106.5616481211	1850	10.249681224561078	0.0	939819	5045.097434817204	0.18628361734188228	1.2000000000000002
34109.77112446422	1200	11.040204881435082	0.0	594078	3209.4763431259958	0.18510122415215385	0.5499999999999999
34114.83893381748	1850	9.972395528176431	0.0	946851	5067.80935325865	0.1868363495937679	1.2000000000000002
34118.490366106875	1200	10.32096323878565	0.0	687371	3651.432289390783	0.18824695229791139	0.5499999999999999
34120.994379293705	1200	11.81695005196071	0.0	526950	2504.01318682494	0.2104421824823401	1.2
34125.32103695322	1850	11.490292392446182	0.0	923170	4326.657659514526	0.21336793262806575	1.2000000000000002
34129.84793158021	1850	10.963397765459783	0.0	966699	4526.894626986398	0.21354572607835182	1.85
34132.602847037175	1200	12.208482308497274	0.0	581493	2754.9154569625102	0.21107471684127005	0.5499999999999999
34137.22638478598	1850	11.584944559692856	0.0	987708	4623.537748804417	0.21362602700830283	1.2000000000000002
34141.435177226514	1850	11.376152119159329	0.0	923755	4208.792440533527	0.219482194252112	1.85
34145.084002361924	1850	11.727326983751674	0.0	891604	3648.825135407657	0.2443537212424918	1.85
34148.98750741901	1850	11.823821926662886	0.0	955231	3903.5050570887875	0.2447110958048575	1.85
34152.9422270485	1850	11.869102297177	0.0	968026	3954.719629485885	0.2447774028739033	1.85
34156.521289090335	1850	12.290040255345662	0.0	874175	3579.0620418313383	0.24424695347072028	1.85
34160.19561944304	1850	12.615709902641068	0.0	897976	3674.3303527045937	0.2443917432026817	1.85
34163.90180730115	1850	12.90952204452745	0.0	905935	3706.1878581136198	0.2444384997961501	1.85
34168.29111229749	1850	12.520217048189672	0.0	1076599	4389.304996337779	0.2452777833616624	1.85
34171.405948963984	1850	13.405380381697956	0.0	758197	3114.8366664917153	0.24341468949444722	1.85
34177.48387786589	2850	11.327451479792726	0.0	1498470	6077.928901905231	0.2465428642197968	1.85
34181.469758530635	1850	11.341570815049991	0.0	975811	3985.880664742735	0.24481691301788705	0.8500000000000001
34185.04583455675	1850	11.765494788928558	0.0	873429	3576.0760261214336	0.24424229060569216	1.85
34188.94622551166	1850	11.865103834014445	0.0	954453	3900.3909549141144	0.24470700784429872	1.85
34192.56886497043	1850	12.242464375247804	0.0	885062	3622.6394587666405	0.24431412788214016	1.85
34196.79297845424	1850	12.018350891440559	0.0	1035329	4224.113483807245	0.24509971239381698	1.85
34200.00654624182	1850	12.804783103860563	0.0	1026056	3213.567787579995	0.31928873695011745	1.85
34202.597304481205	1850	14.214024864471721	0.0	943942	2590.758239388843	0.36434970490441243	1.85
34205.707664678455	2850	15.103664667222786	0.0	1139291	3110.3601972489355	0.36628908799941723	1.85
34211.4996368802	4300	13.311692465471364	0.0	2147467	5791.972201751421	0.370766109573287	2.8499999999999996
34215.376535577416	2850	13.434793768256592	0.0	1427478	3876.8986972147727	0.36820100587759064	1.4000000000000001
34219.21451693977	2850	13.596812405908427	0.0	1402287	3837.9813623481646	0.36537097698203747	2.85
34222.909693252455	2850	13.90163609322426	0.0	1339500	3695.1763126841674	0.36249961751540627	2.85
34227.05908308221	2850	13.752246263464876	0.0	1527299	4149.389829759384	0.3680779735483579	2.85
34230.71742542392	2850	14.093903921758038	0.0	1343002	3658.342341706839	0.367106704227524	2.85
34235.02655083243	2850	13.784778513252181	0.0	1587250	4309.1254085058545	0.368346207067193	2.85
34239.00973849824	2850	13.801590847444146	0.0	1464921	3983.187665808036	0.36777604343751746	2.85
34243.042500652846	2850	13.768828692834308	0.0	1483527	4032.762154609838	0.367868707135179	2.85
34246.403635860945	2850	14.407693484734143	0.0	1231456	3361.135208100164	0.3663809765915557	2.85
34250.11935682333	2850	14.691972522348664	0.0	1364537	3715.7209623854797	0.36723344239605443	2.85

