18766.970018682434	300	4.0	1.1000911184302162	181801	1100.0911184302163	-4.4303918092499295
18767.751666327626	300	7.218352354810675	0.0	155580	781.6476451893252	0.3
18768.443029318543	300	10.526989363890042	0.0	139857	691.3629909206343	0.3
18769.238829246933	300	13.731189435500076	0.0	155432	795.7999283899657	0.3
18770.172822210538	300	16.79719647189724	0.0	163442	933.9929636028342	0.3
18771.079305384796	300	19.890713297640737	0.0	126289	906.4831742565043	0.3
18772.02913425336	300	22.940884429075517	0.0	153295	949.8288685652204	0.3
18772.896047540795	300	26.073971141641763	0.0	173849	866.9132874337548	0.3
18773.658224036197	300	29.311794646239772	0.0	150710	762.1764954019936	0.3
18774.34963051509	300	32.62038816734752	0.0	139105	691.4064788922481	0.3
18775.0420798133	300	35.927938869140675	0.0	141840	692.449298206843	0.3
18775.796309459492	300	39.17370922294495	0.0	156148	754.2296461957285	0.3
18776.700597371473	300	42.26942131096413	0.0	160746	904.2879119808233	0.3
18777.837389532124	300	45.132629150314095	0.0	179801	1136.7921606500295	0.3
18781.114628155916	750	45.85539052651865	0.0	337059	3277.2386237954474	0.3
18781.800709177893	300	49.16930950454211	0.0	138313	686.0810219765334	-0.15000000000000002
18782.50955882603	300	52.4604598564047	0.0	143509	708.8496481374154	0.3
18783.336572159988	300	55.63344652244707	0.0	150616	827.0133339576226	0.3
18784.239260789567	300	58.73075789286822	0.0	165384	902.6886295788596	0.3
18785.219723737817	300	59.975693138323415	0.0	140881	755.0647545448059	0.3
18786.36650292903	300	59.724002473620075	0.0	157671	751.690664703339	0.3
18789.923391673095	750	59.855602422095	0.0	399894	3368.400051525073	0.3
18793.81091832066	750	59.96108344932926	0.0	401853	1894.5189727657398	0.75
18797.87334786927	750	59.888372486677895	0.0	343800	2072.710962651364	0.75
18799.811744843548	750	59.622033318265395	0.0	359903	1766.3391684125038	0.75
18803.4062260457	750	59.74782159437116	0.0	379700	1874.2117238942299	0.75
18807.105485461103	750	59.71582668779633	0.0	425781	2031.9949065748278	0.75
18809.955717505403	750	59.839342915314184	0.0	277716	1376.4837724821477	0.75
18813.399982956307	750	59.560084377270925	0.0	400396	1779.258538043259	0.75
18816.91096799602	750	59.601095262345304	0.0	400508	1958.9891149256198	0.75
18819.922095836435	750	59.832029268280785	0.0	358218	1769.0659940645207	0.75
18823.416412718958	750	59.66590175019307	0.0	400322	2166.127518087715	0.75
18826.356349281814	750	59.81702812998436	0.0	369834	1848.8736202087152	0.75
18829.28589062633	750	59.86078895004789	0.0	412837	1956.2391799364607	0.75
18832.097992607312	750	59.899389067595656	0.0	401088	1961.3998824522334	0.75
18835.087068010835	750	59.539202368353145	0.0	365161	1860.186699242516	0.75
18837.3683396744	750	59.92351085245763	0.0	321064	1615.691515895512	0.75
18840.181132025715	750	59.56140476113883	0.0	361565	1862.106091318802	0.75
18842.860152036854	750	59.6557378750661	0.0	378327	1905.6668860727293	0.75
18845.492364554386	750	59.93380824083074	0.0	390680	2221.929634235355	0.75
18847.633421564897	750	59.778921260375164	0.0	345516	1654.8869804555834	0.75
18849.874888485232	750	59.86377275323564	0.0	384505	1915.1485071395311	0.75
18852.073250034286	750	59.639751159306066	0.0	372093	1724.0215939295758	0.75
18854.677765520744	750	59.534663393637445	0.0	438281	2105.0877656686243	0.75
18857.016572955727	750	59.57197351554303	0.0	398987	1962.6898780944089	0.75
18858.938675050296	750	59.763481159203465	0.0	393804	1808.4923563395625	0.75
18860.66396731951	750	59.66463999170899	0.0	331053	1598.8411674944784	0.75
18864.092142426776	750	59.969778040435244	0.0	314107	1694.8619512737448	0.75

