92187.63869230433	750	4.0	2.928319033538743	450283	2928.319033538743	-11.841771844216595
92188.78295549742	300	6.85573680691884	0.0	155580	1144.2631930811608	-0.15000000000000002
92189.81966366938	300	9.81902863495103	0.0	139857	1036.70817196781	0.3
92190.98456508576	300	12.654127218580209	0.0	155432	1164.9014163708225	0.3
92192.2167728754	300	15.421919428935922	0.0	163442	1232.2077896442856	0.3
92193.18706526993	300	18.45162703440828	0.0	126289	970.2923945276441	0.3
92194.34774032967	300	21.290951974671366	0.0	153295	1160.6750597369144	0.3
92200.91306437919	1850	18.725627925147027	0.0	1060487	6565.324049524339	0.30000000000000004
92204.24185427147	1850	19.396838032865904	0.0	852833	3328.789892281123	1.85
92209.17392479196	1850	18.464767512382767	0.0	913888	4932.0705204831365	1.85
92214.1440707304	1850	17.494621573947477	0.0	939819	4970.145938435293	1.85
92217.7625414699	1850	17.876150834443305	0.0	917428	3618.47073950417	1.85
92221.49449514711	1850	18.144197157238924	0.0	946851	3731.9536772043834	1.85
92225.57204280408	1850	18.06664950026524	0.0	1036454	4077.5476569736857	1.85
92228.82102963701	1850	18.81766266732625	0.0	821631	3248.9868329389888	1.85
92233.30894556739	1850	18.32974673694459	0.0	923170	4487.915930381664	1.85
92239.90167751719	1850	15.737014787136511	0.0	966699	6592.731949808077	1.85
92243.75384614263	1200	15.884846161695597	0.0	581493	3852.1686254409137	0.5499999999999999
92249.00326524753	1200	14.635427056797067	0.0	639204	5249.41910489853	1.2
92252.5596696561	1200	15.079022648242251	0.0	586839	3556.404408554815	1.2
92254.77025286657	1200	16.86843943777001	0.0	601738	2210.583210472239	1.2
92258.36750967057	1200	17.271182633763697	0.0	616206	3597.2568040063156	1.2
92263.2555732189	1200	16.38311908542084	0.0	656471	4888.063548342856	1.2
92267.10643644031	1200	16.53225586401699	0.0	536667	3850.8632214038494	1.2
92271.20787693016	1200	16.43081537417366	0.0	587236	4101.440489843331	1.2
92276.3597485495	1200	15.278943754851474	0.0	590335	5151.871619322183	1.2
92290.5880196573	1200	5.050672647037564	0.0	696376	14228.271107813911	1.2
92291.38835403229	300	8.250338272039462	0.0	111155	800.3343749981015	-0.6000000000000001
92292.4637834927	300	11.174908811632072	0.0	153605	1075.4294604073893	0.3
92294.37609370709	300	13.262598597249701	0.0	149029	1912.3102143823735	0.3
92296.97924886238	300	14.659443441951591	0.0	157421	2603.1551552981086	0.3
92298.96135738956	300	16.677334914768313	0.0	157488	1982.1085271832776	0.3
92300.46731510705	300	19.171377197296934	0.0	143881	1505.9577174713786	0.3
92303.81142841422	750	19.82726389012444	0.0	412837	3344.1133071724935	0.3
92306.52125261775	750	21.1174396866089	0.0	401088	2709.8242035155363	0.75
92311.08392768884	1200	20.55476461552448	0.0	598727	4562.675071084419	0.75
92315.46971611549	1200	20.168976188872886	0.0	487812	4385.788426651594	1.2
92319.17055700383	1200	20.468135300535756	0.0	575591	3700.8408883371294	1.2
92323.38565883167	1200	20.25303347268513	0.0	605884	4215.101827850625	1.2
92327.82761126955	1200	19.81108103480857	0.0	587506	4441.95243787656	1.2
92332.05747569731	1200	19.581216607051495	0.0	566904	4229.864427757073	1.2
92338.20027905656	1200	17.43841324779744	0.0	641452	6142.803359254057	1.2
92346.83825580268	1200	12.800436501692172	0.0	599477	8637.976746105267	1.2
92350.44234312396	750	13.1963491804052	0.0	438281	3604.087321286972	0.3
92353.89784036571	750	13.740851938656695	0.0	398987	3455.4972417485046	0.75
92358.7695121868	1200	12.869180117575615	0.0	638661	4871.67182108108	0.75
92364.13776113089	1850	11.500931173488144	0.0	830730	5368.2489440874715	1.2000000000000002
92371.99355298096	2850	7.645139323410346	0.0	1364537	7855.791850077799	1.85

