83307.10439082653	300	4.0	8.752870305814682	450283	8752.870305814682	0	-36.88734231500313
83309.19964851733	300	5.904742309203092	0.0	155580	2095.257690796908	0	-0.15000000000000002
83311.31747570432	300	7.786915122212168	0.0	139857	2117.827186990924	0	0.3
83312.71572505916	300	10.388665767372272	0.0	155432	1398.2493548398968	0	0.3
83314.11834213423	300	12.986048692304667	0.0	163442	1402.6170750676044	0	0.3
83320.90363551216	300	10.200755314363093	0.0	126289	6785.293377941574	0	0.3
83321.80240949566	750	13.30198133086035	0.0	153295	898.7739835027418	1	0.3
83332.870154605	300	6.23423622151848	0.0	437162	11067.74510934187	0	0.3
83334.13631812287	300	8.968072703651528	0.0	150710	1266.1635178669521	0	-0.15000000000000002
83335.97554481008	300	11.128846016447614	0.0	139105	1839.2266872039131	0	0.3
83340.38628043351	300	10.718110393014221	0.0	141840	4410.735623433393	0	0.3
83346.60599205231	300	8.498398774208768	0.0	156148	6219.711618805453	0	0.3
83350.21076618202	300	8.893624644508611	0.0	160746	3604.7741297001567	0	0.3
83351.30184628321	750	11.80254454332103	0.0	179801	1091.0801011875803	1	0.3
83353.27723978952	750	13.827151037021373	0.0	337059	1975.393506299657	1	0.3
83365.28360600768	300	5.8207848188593525	0.0	366214	12006.36621816202	0	0.75
83366.30604042087	300	8.798350405677196	0.0	143509	1022.4344131821559	0	-0.15000000000000002
83367.3751470384	300	11.729243788142103	0.0	150616	1069.1066175350927	0	0.3
83368.6042745374	750	14.500116289146117	0.0	165384	1229.1274989959861	1	0.3
83370.92906242321	750	16.17532840333619	0.0	350713	2324.7878858099243	1	0.3
83395.59382431208	300	4.0	8.489433485529261	386472	24664.761888865454	0	-35.754563987775825
83399.28445156418	300	4.309372747897669	0.0	157812	3690.6272521023307	0	-0.15000000000000002
83410.9487867957	300	4.0	7.354962483625019	163927	11664.335231522688	0	-31.32633867958758
83414.27656443651	300	4.672222359191008	0.0	137654	3327.777640808992	0	0.3
83415.59639970133	300	7.352387094379341	0.0	146754	1319.8352648116675	0	0.3
83419.22067840632	300	7.7281083894002025	0.0	153938	3624.278704979139	0	0.3
83421.24941928635	300	9.699367509359277	0.0	181901	2028.7408800409244	0	0.3
83422.93919117708	300	12.009595618633758	0.0	111155	1689.7718907255185	0	0.3
83429.79526514922	300	9.153521646504643	0.0	153605	6856.073972129117	0	0.3
83434.15647862344	300	8.792308172295758	0.0	149029	4361.2134742088865	0	0.3
83435.21963839875	300	11.7291483969861	0.0	157421	1063.1597753096573	0	0.3
83436.08426059975	750	14.86452619598489	0.0	157488	864.6222010012106	1	0.3
83438.00681347416	750	16.941973321574892	0.0	369834	1922.552874409998	1	0.3
83440.14361193242	750	18.805174863313077	0.0	412837	2136.7984582618155	1	0.75
83448.5350189382	750	14.413767857541208	0.0	401088	8391.407005771869	1	0.75
83454.02937767732	750	12.919409118424326	0.0	365161	5494.358739116881	1	0.75
83458.93146423218	750	12.017322563550174	0.0	321064	4902.086554874152	1	0.75
83463.15165666277	750	11.797130132980238	0.0	361565	4220.192430569936	1	0.75
83468.39245036761	750	10.556336428129791	0.0	378327	5240.793704850446	1	0.75
83476.142365726	300	6.806421069732463	0.0	390680	7749.915358397328	0	0.75
83477.13612254651	300	9.812664249231723	0.0	147968	993.7568205007391	0	-0.15000000000000002
83478.3980811339	750	12.550705661840096	0.0	161857	1261.9585873916267	1	0.3
83485.100520524	300	9.848266271730198	0.0	372093	6702.439390109899	0	0.3
83493.74449294506	300	5.204293850681451	0.0	172312	8643.972421048746	0	-0.15000000000000002
83495.09887824871	300	7.849908547027822	0.0	167025	1354.385303653629	0	0.3
83501.16168993025	300	5.787096865491653	0.0	160064	6062.81168153617	0	0.3
83511.45109435325	300	4.0	4.502307557522099	137507	10289.404423013752	0	-19.059922497345024
83514.5310665697	300	4.9200277835628565	0.0	118421	3079.9722164371433	0	0.3

