35151.212774971274	300	4.0	1.649471255693885	181801	1649.471255693885	-6.792726399483706
35152.486988126584	300	6.725786844695872	0.0	155580	1274.213155304128	0.3
35153.64051344643	300	9.572261524851616	0.0	139857	1153.5253198442565	0.3
35154.913590571734	300	12.29918439954482	0.0	155432	1273.0771253067953	0.3
35156.2481514827	300	14.964623488571576	0.0	163442	1334.560910973244	0.3
35158.77340999669	750	16.439364974583246	0.0	318564	2525.258513988329	0.3
35161.56024709344	750	17.652527877830718	0.0	352642	2786.837096752528	0.75
35164.995849429215	750	18.216925542060935	0.0	437162	3435.602335769785	0.75
35169.56505618475	1200	17.64771878652039	0.0	584846	4569.206755540545	0.75
35172.4298264745	750	18.78294849677517	0.0	362795	2864.770289745218	0.3
35175.22110022895	750	19.991674742330357	0.0	353220	2791.2737544448137	0.75
35179.86117069352	1200	19.35160427776701	0.0	594078	4640.070464563349	0.75
35184.73308338808	1200	18.479691583207476	0.0	624282	4871.91269455953	1.2
35190.089259572516	1200	17.123515398771474	0.0	687371	5356.176184436005	1.2
35192.756483456775	750	18.45629151450837	0.0	337059	2667.223884263106	0.3
35195.64749757463	750	19.565277396649094	0.0	366214	2891.0141178592744	0.75
35200.465372085535	1200	18.747402885746464	0.0	617242	4817.874510902626	0.75
35205.01310716254	1200	18.199667808743122	0.0	581493	4547.735077003346	1.2
35208.23057835399	750	18.98219661728423	0.0	405596	3217.471191458893	0.3
35211.023504354176	750	20.189270617101478	0.0	350713	2792.92600018275	0.75
35215.758223926874	1200	19.454551044408227	0.0	601738	4734.7195726932505	0.75
35220.60486011905	1200	18.607914852226553	0.0	616206	4846.636192181675	1.2
35223.79908105541	750	19.413693915868766	0.0	401853	3194.220936357786	0.3
35228.055822483104	1200	19.15695248817123	0.0	536667	4256.741427697538	0.75
35232.70612945006	1200	18.506645521215198	0.0	587236	4650.306966956029	1.2
35237.699964708394	1200	17.512810262880485	0.0	590335	4993.835258334717	1.2
35241.34093602171	750	17.871838949559518	0.0	425781	3640.9713133209675	0.3
35243.743582427385	750	19.469192543894998	0.0	277716	2402.6464056645223	0.75
35249.033102784524	1200	18.17967218675746	0.0	622896	5289.520357137537	0.75
35252.00952461281	750	19.203250358468207	0.0	400508	2976.4218282892552	0.3
35256.149590080866	1200	19.06318489041791	0.0	570392	4140.065468050292	0.75
35260.64478101748	1200	18.56799395380127	0.0	620283	4495.190936616642	1.2
35264.88419278376	1200	18.32858218752523	0.0	584349	4239.411766276036	1.2
35267.902777559895	750	19.309997411382724	0.0	412837	3018.58477614251	0.3
35270.8377326407	750	20.375042330579774	0.0	401088	2934.9550808029494	0.75
35275.17948739443	1200	20.03328757685015	0.0	598727	4341.754753729623	0.75
35278.73174622011	1200	20.481028751164395	0.0	487812	3552.2588256857553	1.2
35282.90881830882	1200	20.303956662459548	0.0	575591	4177.072088704848	1.2
35287.301516779415	1200	19.91125819185655	0.0	605884	4392.698470602995	1.2
35291.56340015589	1200	19.64937481538501	0.0	587506	4261.883376471541	1.2
35295.570830208606	1200	19.641944762665226	0.0	566904	4007.4300527197834	1.2
35299.859837493845	1200	19.35293747742914	0.0	641452	4289.007285236085	1.2
35303.6878919457	1200	19.524883025566954	0.0	599477	3828.0544518621873	1.2
35306.644628866496	1200	20.568146104780197	0.0	634861	2956.7369207867564	1.2
35309.38028086649	1200	21.83249410478473	0.0	630203	2735.6519999954703	1.2
35312.15157456387	1200	23.061200407406094	0.0	638661	2771.2936973786336	1.2
35315.73223988275	1850	23.480535088522753	0.0	830730	3580.665318883339	1.2000000000000002
35319.37881157987	1850	23.833963391409018	0.0	846370	3646.571697113733	1.85

