87375.8954156162	750	4.0	4.068253215339297	450283	4068.253215339297	0.11068214689838224	-16.743488825958977
87377.39310814491	300	6.502307471300696	0.0	155580	1497.692528699304	0.10387979977112928	-0.15000000000000002
87378.44363562149	300	9.451779994724154	0.0	139857	1050.527476576542	0.13313026371834258	0.3
87383.7606546153	1200	8.13476100091991	0.0	617681	5317.018993804244	0.11617054607473933	0.29999999999999993
87387.40430606443	750	8.491109551797658	0.0	411561	3643.6514491222524	0.11295290061269284	0.3
87389.98187065189	750	9.913544964342911	0.0	318564	2577.5645874547467	0.1235910834399578	0.75
87395.76063242192	1200	8.134783194308389	0.0	561791	5778.761770034523	0.09721650110463782	0.75
87399.8229433435	750	8.07247227273623	0.0	437162	4062.3109215721597	0.10761411630964314	0.3
87402.82942362942	750	9.065991986816933	0.0	374758	3006.480285919296	0.12465007728644051	0.75
87407.39577599408	1200	8.49963962215664	0.0	560821	4566.352364660294	0.12281597108893309	0.75
87410.40744202914	750	9.487973587089433	0.0	353220	3011.666035067207	0.11728392055665551	0.3
87415.23036973686	1200	8.665045879367952	0.0	594078	4822.927707721481	0.12317787783733194	0.75
87418.46994583875	750	9.425469777477103	0.0	386351	3239.576101890849	0.11925973888204011	0.3
87424.12099422286	1200	7.7744213933546416	0.0	687371	5651.048384122461	0.12163601393526915	0.75
87426.86929261134	750	9.026123004872815	0.0	337059	2748.2983884818254	0.12264279650733019	0.3
87431.58095625287	1200	8.314459363344556	0.0	587876	4711.663641528262	0.12477036663196912	0.75
87434.8399347506	750	9.055480865609818	0.0	360831	3258.9784977347376	0.11071904900594087	0.3
87439.60282901359	1200	8.292586602618146	0.0	581493	4762.894262991673	0.1220881606627883	0.75
87443.53476474239	750	8.360650873810267	0.0	405596	3931.9357288078786	0.10315428022598233	0.3
87446.99381913895	750	8.901596477233737	0.0	350713	3459.0543965765282	0.10138984814667999	0.75
87450.29087775754	750	9.604537858657133	0.0	386472	3297.0586185766047	0.11721720621602003	0.75
87456.2586646561	1200	7.636750960091454	0.0	616206	5967.78689856568	0.10325536257806077	0.75
87459.72447535765	750	8.170940258547214	0.0	401853	3465.8107015442397	0.11594776362741013	0.3
87462.85617003276	750	9.039245583447611	0.0	343800	3131.6946750996026	0.1097808169913836	0.75
87469.03124908115	1200	6.86416653505851	0.0	587236	6175.0790483891005	0.09509772998828134	0.75
87470.95598512454	300	8.939430491660957	0.0	153938	1924.7360433975543	0.0799787589202454	-0.6000000000000001
87475.07683558525	750	8.8185800309473	0.0	425781	4120.8504607136565	0.10332357460170066	0.3
87477.81830456441	750	10.077111051777312	0.0	277716	2741.468979169987	0.10130189402474359	0.75
87482.92741167413	1200	8.96800394206738	0.0	622896	5109.107109709932	0.12191875931044334	0.75
87486.74684905731	750	9.148566558890419	0.0	400508	3819.43738317696	0.10486047022634064	0.3
87491.44081699078	1200	8.454598625410803	0.0	570392	4693.967933479617	0.12151595581463016	0.75
87494.80903253536	750	9.086383080834713	0.0	400322	3368.2155445760914	0.11885284498631538	0.3
87498.93550229528	1200	8.95991332091108	0.0	584349	4126.469759923633	0.14160990725661207	0.75
87502.23057219133	750	9.664843424865309	0.0	412837	3295.0698960457707	0.12528929977947437	0.3
87509.00495162883	1200	6.890463987354011	0.0	690253	6774.379437511297	0.10189169448907902	0.75
87510.64655309082	300	9.24886252537337	0.0	159914	1641.6014619806426	0.09741341227063653	-0.6000000000000001
87514.35939304532	1200	9.536022570857254	0.0	487812	3712.8399545161146	0.13138514074829688	0.29999999999999993
87519.32139309672	1200	8.574022519462398	0.0	575591	4962.000051394856	0.11599979726686964	1.2
87523.11988412264	750	8.77553149353636	0.0	378327	3798.49102592604	0.09959928756387336	0.3
87527.07729248641	750	8.81812312975978	0.0	390680	3957.408363776579	0.09872117408352866	0.75
87530.62600718797	750	9.269408428208846	0.0	345516	3548.714701550934	0.09736370180702195	0.75
87535.98641444065	1200	7.909001175517782	0.0	641452	5360.407252691064	0.11966478846881912	0.75
87539.17482975169	750	8.720585864483283	0.0	372093	3188.4153110344996	0.11670154722700547	0.3
87542.58919193834	750	9.306223677831355	0.0	438281	3414.3621866519275	0.12836394501831447	0.75
87547.98452069401	1200	7.910894922167142	0.0	630203	5395.328755664213	0.11680530112986905	0.75
87551.43599868905	750	8.459416927111459	0.0	393804	3451.477995055684	0.11409720721503444	0.3
87554.33861171354	750	9.556803902625324	0.0	331053	2902.6130244861342	0.11405343985135882	0.75
87559.42373729075	1200	8.471678325411629	0.0	550906	5085.125577213696	0.10833675425216524	0.75

