58312.60637571956	300	4.0	0.7337194297513531	181801	733.7194297513531	-2.8549935479308184
58313.162335659516	300	7.444040060040877	0.0	155580	555.9599399591225	0.3
58313.58844923418	300	11.01792648537594	0.0	139857	426.11357466493774	0.3
58314.08787887741	300	14.51849684213784	0.0	155432	499.42964323809906	0.3
58315.50985801263	750	17.09651770692504	0.0	411561	1421.9791352127952	0.3
58316.64658009401	750	19.959795625543347	0.0	318564	1136.7220813816969	0.75
58324.47372280996	1200	16.13265290959366	0.0	561791	7827.142715949686	0.75
58326.32098116165	750	18.285394557909513	0.0	437162	1847.2583516841476	0.3
58328.71792420544	1200	19.888451514115566	0.0	584846	2396.94304379395	0.75
58330.78466741541	1200	21.82170830413979	0.0	560821	2066.743209975774	1.2
58332.70964405232	1200	23.89673166723081	0.0	607410	1924.9766369089762	1.2
58336.04147725522	1850	24.56489846433099	0.0	917428	3331.8332028998184	1.2000000000000002
58338.66867936579	1850	25.937696353767414	0.0	946851	2627.202110563579	1.85
58344.74183437018	2850	23.864541349367247	0.0	1578343	6073.155004400166	1.85
58347.631229180675	1850	24.97514653886653	0.0	821631	2889.3948105007175	0.8500000000000001
58350.77809526572	1850	25.8282804538269	0.0	923170	3146.8660850396313	1.85
58355.16180888567	2850	25.444566833872504	0.0	1491626	4383.713619954392	1.85
58359.921601802096	2850	24.684773917445924	0.0	1358801	4759.7929164265815	2.85
58362.93005981964	1850	25.676315899899883	0.0	987708	3008.4580175460387	0.8500000000000001
58367.426593385106	2850	25.179782334430033	0.0	1336050	4496.533565469852	1.85
58370.82556277977	1850	25.780812939771444	0.0	891604	3398.9693946585903	0.8500000000000001
58378.092734738115	2850	22.513640981426892	0.0	1468126	7267.171958344551	1.85
58383.01938780651	1850	21.58698791302943	0.0	968026	4926.653068397464	0.8500000000000001
58388.43140223371	1200	20.174973485830144	0.0	536667	5412.014427199281	0.5499999999999999
58391.15699436659	1200	21.449381352959914	0.0	587236	2725.592132870233	1.2
58395.46416466371	1200	21.142211055833393	0.0	590335	4307.170297126523	1.2
58399.142557650215	1200	21.46381806932507	0.0	696376	3678.3929865083196	1.2
58401.350764641524	1200	23.25561107801399	0.0	487160	2208.2069913110795	1.2
58406.06014583147	1850	22.54622988806699	0.0	972798	4709.3811899470065	1.2000000000000002
58410.566742312425	1850	22.039633407119922	0.0	975811	4506.596480947066	1.85
58414.441262264205	1850	22.165113455334012	0.0	873429	3874.5199517859123	1.85
58419.84678197103	1850	20.759593748512284	0.0	954453	5405.519706821728	1.85
58422.37909040929	1200	22.22728531025388	0.0	584349	2532.308438258404	0.5499999999999999
58425.9914853461	1850	22.614890373441597	0.0	1035329	3612.3949368122803	1.2000000000000002
58430.115085480385	1850	22.491290239157838	0.0	1026056	4123.600134283757	1.85
58433.41217119049	1850	23.19420452906042	0.0	943942	3297.0857100974154	1.85
58435.75344526388	1850	24.852930455668403	0.0	728962	2341.274073392019	1.85
58439.05337218933	1850	25.55300353021838	0.0	938587	3299.926925450026	1.85
58445.83352521944	2850	22.772850500108724	0.0	1427478	6780.153030109652	1.85
58451.86292835405	1850	20.74344736549929	0.0	930577	6029.403134609435	0.8500000000000001
58454.41970328417	1200	22.186672435378284	0.0	566904	2556.7749301210074	0.5499999999999999
58459.56423973563	1200	21.042135983920847	0.0	641452	5144.53645145744	1.2
58461.613483962865	1200	22.992891756680553	0.0	599477	2049.2442272402923	1.2
58465.41769791742	1850	23.188677802122182	0.0	973972	3804.213954558371	1.2000000000000002
58469.0248431991	1850	23.581532520448132	0.0	958994	3607.1452816740534	1.85
58472.896741068165	1850	23.70963465138082	0.0	982064	3871.897869067311	1.85
58475.953106112254	1850	24.65326960728666	0.0	830730	3056.3650440941606	1.85
58478.822557985506	1850	25.78381773403858	0.0	846370	2869.4518732480815	1.85

