88488.16492680385	300	4.0	3.5279065943090977	181801	3527.9065943090977	-14.869998355529118
88490.40732912798	300	5.757597675861342	0.0	155580	2242.402324138658	0.3
88491.95854442933	300	8.206382374515302	0.0	139857	1551.2153013460395	0.3
88493.62707743143	300	10.537849372418668	0.0	155432	1668.533002096634	0.3
88495.37030968383	300	12.794617120018653	0.0	163442	1743.2322524000153	0.3
88496.7150577329	300	15.449869070948647	0.0	126289	1344.7480490700052	0.3
88499.52853746167	750	16.636389342173114	0.0	352642	2813.4797287755314	0.3
88502.65868722873	750	17.506239575118904	0.0	437162	3130.1497670542144	0.75
88505.55623443951	750	18.60869236431757	0.0	374758	2897.547210801334	0.75
88512.67398396897	1200	15.49094283487154	0.0	560821	7117.74952944603	0.75
88517.04670571594	750	15.118221087901569	0.0	353220	4372.721746969969	0.3
88520.7517174669	750	15.41320933693822	0.0	405134	3705.0117509633483	0.75
88524.19119777445	750	15.973729029401227	0.0	386351	3439.4803075369937	0.75
88531.14803186283	750	13.016894941018007	0.0	434409	6956.834088383222	0.75
88534.51218884208	750	13.652737961754957	0.0	337059	3364.1569792630517	0.75
88539.06861264988	750	13.096314153969516	0.0	366214	4556.423807785441	0.75
88543.35792690367	750	12.806999900173778	0.0	360831	4289.3142537957365	0.75
88544.31436587994	300	15.850560923904892	0.0	150616	956.4389762688867	-0.15000000000000002
88550.17708833676	750	13.98783846709925	0.0	405596	5862.722456805644	0.3
88553.91090279828	750	14.254024005573568	0.0	350713	3733.8144615256806	0.75
88557.50732025858	750	14.657606545282109	0.0	386472	3596.417460291459	0.75
88559.5787377875	750	16.58618901636036	0.0	399894	2071.4175289217483	0.75
88563.5378454603	750	16.62708134354327	0.0	401853	3959.107672817088	0.75
88566.75373949288	750	17.411187310973496	0.0	343800	3215.894032569775	0.75
88569.56728754376	750	18.59763926009552	0.0	359903	2813.5480508779774	0.75
88573.56865668616	1200	18.59627011769743	0.0	590335	4001.369142398087	0.75
88579.03568186013	750	17.129244943721247	0.0	425781	5467.025173976185	0.3
88581.57328345727	750	18.591643346593475	0.0	277716	2537.6015971277716	0.75
88585.81139772452	1200	18.35352907933481	0.0	622896	4238.114267258665	0.75
88591.31017154157	750	16.854755262294244	0.0	400508	5498.773817040563	0.3
88593.87726095093	750	18.287665852933454	0.0	358218	2567.0894093607953	0.75
88599.5076108528	1200	16.657315951068938	0.0	620283	5630.349901864516	0.75
88604.43817555741	750	15.726751246451702	0.0	369834	4930.5647046172335	0.3
88607.67520592219	750	16.489720881688378	0.0	412837	3237.030364763327	0.75
88611.1714593469	750	16.993467456984856	0.0	401088	3496.2534247035182	0.75
88615.32611302733	750	16.838813776536075	0.0	365161	4154.653680448783	0.75
88616.76405112178	750	19.400875682098935	0.0	321064	1437.9380944371349	0.75
88620.21533470924	1200	19.949592094634085	0.0	575591	3451.2835874648526	0.75
88626.21684767952	1200	17.94807912435532	0.0	605884	6001.512970278764	1.2
88629.5248891535	1200	18.64003765038444	0.0	587506	3308.0414739708845	1.2
88632.97703209466	750	19.187894709228377	0.0	345516	3452.142941156062	0.3
88640.17936359209	1200	15.985563211796842	0.0	641452	7202.331497431536	0.75
88643.0941049983	750	17.07082180558828	0.0	372093	2914.7414062085577	0.3
88646.9420647698	1200	17.22286203406716	0.0	634861	3847.959771521125	0.75
88651.91870088122	750	16.246225922663026	0.0	398987	4976.636111404132	0.3
88654.7981473998	750	17.366779404072744	0.0	393804	2879.4465185902827	0.75
88657.41769483495	750	18.74723196892321	0.0	331053	2619.547435149536	0.75
88662.99595455056	750	17.168972253315427	0.0	314107	5578.2597156077845	0.75

