90326.26466465808	750	4.0	2.4928519977445376	450283	2492.8519977445376	-9.96926359030151
90328.62904275637	750	5.635621901722583	0.0	398865	2364.3780982774174	0.75
90330.09420920484	750	8.170455453248126	0.0	350812	1465.1664484744574	0.75
90331.28037681687	750	10.984287841211922	0.0	382355	1186.1676120362033	0.75
90335.2692796192	1850	10.995385038880286	0.0	996749	3988.902802331635	0.75
90342.6499463024	1850	7.614718355679512	0.0	801058	7380.666683200773	1.85
90344.80521086557	750	9.459453792509533	0.0	352642	2155.2645631699784	-0.3500000000000001
90347.59437037457	750	10.67029428350153	0.0	437162	2789.159509008004	0.75
90350.42506243537	750	11.839602222705055	0.0	374758	2830.6920607964735	0.75
90354.86524440216	750	11.399420255928845	0.0	362795	4440.181966776211	0.75
90357.06970905888	750	13.194955599204507	0.0	353220	2204.46465672434	0.75
90359.48846075354	750	14.776203904560317	0.0	405134	2418.751694644189	0.75
90361.07380288333	750	17.190861774767225	0.0	386351	1585.3421297930952	0.75
90364.15729605987	1850	18.107368598212894	0.0	1036454	3083.493176554334	0.75
90366.50284275842	1850	19.761821899677734	0.0	821631	2345.5466985351545	1.85
90368.64193407768	1850	21.622730580415155	0.0	923170	2139.0913192625812	1.85
90371.16223763455	1850	23.10242702353478	0.0	966699	2520.303556880377	1.85
90375.30969880431	1850	22.954965853791837	0.0	885714	4147.461169742945	1.85
90378.3218537295	1850	23.942810928589388	0.0	987708	3012.1549252024492	1.85
90380.73588753617	1850	25.528777121920424	0.0	923755	2414.0338066689656	1.85
90383.81120650937	1850	26.45345814871453	0.0	891604	3075.318973205889	1.85
90386.48505419825	1850	27.779610459838086	0.0	955231	2673.847688876451	1.85
90389.51763671172	1850	28.74702794637715	0.0	968026	3032.582513460937	1.85
90392.22248769764	1850	30.042176960451847	0.0	874175	2704.850985925297	1.85
90393.58984959582	1850	32.67481506227523	0.0	897976	1367.361898176619	1.85
90396.8998474971	4300	33.364817160992956	0.0	2105231	3309.997901282271	1.8499999999999996
90401.54234098436	4300	32.72232367374115	0.0	2395588	4642.493487251806	4.3
90405.79396761711	4300	32.47069704099668	0.0	1972048	4251.626632744468	4.3
90409.59930482678	4300	32.66535983132179	0.0	2134614	3805.3372096748967	4.3
90413.45584348132	4300	32.80882117678719	0.0	2164140	3856.538654534594	4.3
90419.56386499369	4300	30.700799664406116	0.0	2113193	6108.021512381073	4.3
90424.22323107763	4300	30.041433580464297	0.0	2147852	4659.366083941821	4.3
90428.94705310868	4300	29.31761154940971	0.0	2191074	4723.822031054591	4.3
90434.3496816302	4300	27.91498302787201	0.0	2286761	5402.6285215376965	4.3
90447.29137587406	4300	18.973288784017676	0.0	2307787	12941.694243854334	4.3
90449.90971050221	1850	20.35495415586478	0.0	943942	2618.334628152893	-0.6000000000000001
90453.69730272924	1850	20.56736192883344	0.0	728962	3787.592227031344	1.85
90456.63662062922	1850	21.62804402884901	0.0	938587	2939.317899984428	1.85
90462.0384946888	1850	20.22616996927427	0.0	908665	5401.87405957474	1.85
90466.37422904144	1850	19.89043561663203	0.0	930577	4335.734352642241	1.85
90471.54648673053	1850	18.718177927539415	0.0	858450	5172.257689092612	1.85
90474.34670566814	1850	19.917958989927218	0.0	1025005	2800.218937612197	1.85
90478.91058943934	1850	19.35407521871513	0.0	886255	4563.883771212087	1.85
90484.46890601554	1850	17.79575864253114	0.0	973972	5558.316576183988	1.85
90487.54063069809	1850	18.724033959979316	0.0	958994	3071.7246825518287	1.85
90490.39890762199	1850	19.865757036070594	0.0	982064	2858.276923908721	1.85
90492.82843008716	1850	21.436234570901902	0.0	830730	2429.522465168692	1.85
90496.11346443286	1850	22.151200225211536	0.0	846370	3285.034345690368	1.85

