6690.636053531303	750	4.0	8.039413941056264	450283	8039.413941056264	-33.81947994654193
6693.46615873392	300	5.169894797384015	0.0	155580	2830.105202615985	-0.15000000000000002
6696.018336798724	300	6.6177167325796455	0.0	139857	2552.1780648043696	0.3
6698.84582588378	300	7.790227647523676	0.0	155432	2827.4890850559696	0.3
6701.814903493537	300	8.821150037766884	0.0	163442	2969.0776097567928	0.3
6704.12724721338	300	10.508806317923908	0.0	126289	2312.3437198429756	0.3
6706.9169616820445	300	11.719091849258156	0.0	153295	2789.7144686657502	0.3
6710.0699983150935	300	12.566055216210295	0.0	173849	3153.0366330478623	0.3
6712.814019108809	300	13.82203442249481	0.0	150710	2744.0207937154846	0.3
6715.352904468173	300	15.283149063130518	0.0	139105	2538.885359364292	0.3
6717.940134972988	300	16.69591855831594	0.0	141840	2587.2305048145736	0.3
6720.780280410563	300	17.855773120739897	0.0	156148	2840.1454375760436	0.3
6723.7017022572	300	18.93435127410338	0.0	160746	2921.421846636516	0.3
6731.460519913475	750	15.175533617828748	0.0	434409	7758.817656274634	0.3
6737.49853321524	750	13.137520316064116	0.0	337059	6038.013301764631	0.75
6744.051903999858	750	10.584149531446489	0.0	366214	6553.370784617627	0.75
6746.6686365331025	300	11.967416998201744	0.0	143509	2616.732533244745	-0.15000000000000002
6749.410995738637	300	13.225057792666268	0.0	150616	2742.3592055354748	0.3
6752.4144010531345	300	14.221652478169275	0.0	165384	3003.405314496992	0.3
6754.984679823219	300	15.651373708084801	0.0	140881	2570.2787700844747	0.3
6757.851746524605	300	16.7843070066986	0.0	157671	2867.0667013862	0.3
6760.721305608261	300	17.914747923042384	0.0	157812	2869.5590836562146	0.3
6767.904648107213	750	14.731405424091095	0.0	401853	7183.342498951289	0.3
6774.061818493248	750	12.574235038055772	0.0	343800	6157.170386035325	0.75
6780.503633075695	750	10.132420455608793	0.0	359903	6441.8145824469775	0.75
6787.295388734734	750	7.340664796569781	0.0	379700	6791.755659039012	0.75
6794.901693807848	750	4.0	0.2656402765439652	425781	7606.305073113746	-0.3922531891390504
6796.94652183071	300	5.95517197713858	0.0	111155	2044.8280228614208	-0.15000000000000002
6799.741716005075	300	7.159977802772797	0.0	153605	2795.1941743657826	0.3
6802.456022652721	300	8.445671155127485	0.0	149029	2714.3066476453123	0.3
6805.318670236607	300	9.583023571241313	0.0	157421	2862.647583886174	0.3
6808.182502143983	300	10.71919166386513	0.0	157488	2863.8319073761813	0.3
6810.805810324067	300	12.095883483780348	0.0	143881	2623.308180084783	0.3
6813.774923286764	300	13.126770521083555	0.0	163444	2969.112962696793	0.3
6817.024809298943	300	13.87688450890513	0.0	179328	3249.8860121784255	0.3
6819.931524322539	300	14.970169485308698	0.0	159914	2906.7150235964305	0.3
6822.337924539253	300	16.563769268595177	0.0	131610	2406.4002167135222	0.3
6824.610001260437	300	18.291692547412435	0.0	124011	2272.0767211827415	0.3
6827.23990276383	300	19.661791044017612	0.0	144254	2629.9015033948212	0.3
6836.812319873847	750	14.089373934001149	0.0	390680	9572.417110016464	0.3
6839.23904086739	300	15.662652940458134	0.0	147968	2426.720993543015	-0.15000000000000002
6841.635451816484	300	17.26624199136375	0.0	161857	2396.410949094384	0.3
6843.793619791412	300	19.10807401643529	0.0	145210	2158.1679749284585	0.3
6850.146063412511	750	16.755630395337434	0.0	438281	6352.443621097856	0.3
6855.936152289398	750	14.965541518450296	0.0	398987	5790.088876887136	0.75
6861.652064838111	750	13.249628969736525	0.0	393804	5715.912548713771	0.75
6869.44039215243	1200	9.46130165541818	0.0	538612	7788.327314318344	0.75
6881.633187613763	1850	4.0	2.7314938059150573	846370	12192.795461333239	-10.545423365434747

