82873.88967754229	750	4.0	5.7545363326634735	450283	5754.536332663473	0.07824835468396245	-23.994506230452934
82874.6932807464	300	7.196396795878795	0.0	155580	803.603204121205	0.19360301104092456	-0.15000000000000002
82875.97598901874	750	9.913688523546085	0.0	350812	1282.70827233271	0.27349320774397096	0.3
82878.17361911223	1200	11.716058430040901	0.0	617681	2197.630093505184	0.2810668646308938	0.75
82881.67082909291	1850	12.218848449369327	0.0	996749	3497.209980671574	0.2850126259243355	1.2000000000000002
82884.49714074477	1850	13.392536797492264	0.0	801058	2826.311651877062	0.28342875757101543	1.85
82889.33707989575	2850	12.552597646518093	0.0	1388403	4839.939150974173	0.2868637304501122	1.85
82893.0528064034	1850	12.83687113886927	0.0	1060487	3715.7265076488225	0.2854050204763423	0.8500000000000001
82896.05662116464	1850	13.833056377634415	0.0	852833	3003.8147612348553	0.28391664193347393	1.85
82901.03836395848	2850	12.851313583796756	0.0	1429765	4981.7427938376595	0.28700096716526546	1.85
82904.34039765685	1850	13.549279885418551	0.0	939819	3302.033698378206	0.28461823404818437	0.8500000000000001
82909.63133012565	2850	12.258347416630782	0.0	1519951	5290.932468787769	0.28727469287625274	1.85
82912.95747202035	1850	12.932205521922224	0.0	946851	3326.1418947085585	0.2846694548739222	0.8500000000000001
82916.59080485873	1850	13.298872683557725	0.0	1036454	3633.332838364499	0.28526260766865147	1.85
82920.89263617698	2850	12.997041365293942	0.0	1231445	4301.831318263783	0.2862606431758023	1.85
82924.13759118358	1850	13.752086358710963	0.0	923170	3244.9550065829785	0.284493929230816	0.8500000000000001
82955.98563206021	2850	4.0	18.09595451793604	1491626	31848.040876647003	0.04683572235345109	-75.96260442712497
82959.22510531702	300	4.760526743196042	0.0	150616	3239.4732568039585	0.0464939785144566	-2.25
82962.77436704951	300	5.211265010689098	0.0	165384	3549.2617325069446	0.04659673263464416	0.3
82965.80962911923	300	6.176002940976726	0.0	140881	3035.262069712371	0.046414773012779825	0.3
82969.19709517778	300	6.788536882433565	0.0	157671	3387.466058543162	0.04654541101669639	0.3
82972.58751899464	300	7.398113065556564	0.0	157812	3390.4238168770007	0.04654639317197941	0.3
82979.89787308923	750	4.087758970970565	0.0	401853	7310.354094585999	0.05497038786364805	0.3
82982.36470583665	300	5.620926223545163	0.0	137654	2466.832747425403	0.055801918530418194	-0.15000000000000002
82984.98932679222	300	6.996305267992345	0.0	146754	2624.6209555528176	0.05591435962953727	0.3
82987.73851373537	300	8.247118324836523	0.0	153938	2749.1869431558225	0.05599400956825906	0.3
82995.20128527874	750	4.784346781463026	0.0	425781	7462.7715433734975	0.057054004336775994	0.3
82997.20864223197	300	6.776989828231949	0.0	111155	2007.3569532310767	0.05537380873943868	-0.15000000000000002
82999.95205516706	300	8.033576893131778	0.0	153605	2743.412935100171	0.05599047742128961	0.3
83006.97660897594	750	5.009023084264232	0.0	400508	7024.553808867546	0.05701543626791114	0.3
83009.78618892227	300	6.19944313793173	0.0	157421	2809.579946332503	0.05603008385843947	-0.15000000000000002
83012.59693060596	300	7.3887014542426845	0.0	157488	2810.741683689045	0.056030762596902886	0.3
83019.0896167779	750	4.896015282309239	0.0	369834	6492.686171933445	0.056961631935749	0.3
83022.00363171077	300	5.982000349432624	0.0	163444	2914.0149328766147	0.05608893700440091	-0.15000000000000002
83025.19306509396	300	6.792566966237784	0.0	179328	3189.4333831948406	0.05622566094180903	0.3
83028.04587207358	300	7.939759986623781	0.0	159914	2852.806979614002	0.05605496661454365	0.3
83033.69291748613	750	6.292714574072098	0.0	321064	5647.0454125516835	0.05685521835655355	0.3
83035.92318929691	300	8.062442763293104	0.0	124011	2230.2718107789938	0.05560353648405088	-0.15000000000000002
83042.56313868331	750	5.422493376895248	0.0	378327	6639.949386397856	0.0569773921432315	0.3
83045.24388715862	300	6.74174490159425	0.0	149991	2680.748475300998	0.055951164901122924	-0.15000000000000002
83047.8895581015	300	8.096073958715424	0.0	147968	2645.670942878826	0.05592834603950861	0.3
83054.63663007578	750	5.3490019844262315	0.0	384505	6747.071974289192	0.056988424232795855	0.3
83057.23447905405	300	6.751153006164483	0.0	145210	2597.848978261749	0.05589624385985736	-0.15000000000000002
83060.30225946271	300	7.683372597499525	0.0	172312	3067.780408664957	0.0561682966333914	0.3
83067.30044009966	750	4.685191960561847	0.0	398987	6998.180636937678	0.057012961039341226	0.3
83070.15584798381	300	5.829784076418272	0.0	160064	2855.407884143575	0.056056439743286675	-0.15000000000000002
83072.62013184479	300	7.36550021543185	0.0	137507	2464.2838609864216	0.05579998399411571	0.3
83078.14654730525	750	5.8390847549617515	0.0	314107	5526.415460470099	0.05683738442156153	0.3

