15642.439930066404	300	4.0	1.6723239546873343	181801	1672.3239546873342	-6.890993005155537
15643.883285465574	300	6.556644600830467	0.0	155580	1443.3553991695337	0.3
15645.326288950171	300	9.113641116233717	0.0	139857	1443.0034845967498	0.3
15646.784206425074	300	11.655723641329939	0.0	155432	1457.9174749037797	0.3
15648.308446313858	300	14.13148375254613	0.0	163442	1524.239888783808	0.3
15649.503891027945	300	16.936039038458542	0.0	126289	1195.4447140875905	0.3
15651.004602545569	300	19.435327520836516	0.0	153295	1500.7115176220252	0.3
15652.549768423294	300	21.89016164311072	0.0	173849	1545.1658777257987	0.3
15654.06282873531	300	24.377101331094902	0.0	150710	1513.0603120158164	0.3
15655.46554026542	300	26.97438980098436	0.0	139105	1402.7115301105446	0.3
15656.810624492777	300	29.62930557362654	0.0	141840	1345.0842273578187	0.3
15658.319333910447	300	32.120596155957145	0.0	156148	1508.7094176693938	0.3
15659.963275536336	300	34.47665453006704	0.0	160746	1643.9416258901078	0.3
15661.663877344778	300	36.77605272162564	0.0	179801	1700.6018084414025	0.3
15662.968457867899	300	39.47147219850481	0.0	140051	1304.58052312082	0.3
15664.270559391147	300	42.16937067525636	0.0	138313	1302.1015232484558	0.3
15665.811600029709	300	44.62833003669438	0.0	143509	1541.0406385619783	0.3
15667.54185134228	300	46.89807872412374	0.0	150616	1730.2513125706375	0.3
15669.43955197135	300	49.00037809505309	0.0	165384	1897.7006290706565	0.3
15670.93406159141	300	51.50586847499344	0.0	140881	1494.509620059642	0.3
15672.586771457747	300	53.8531586086558	0.0	157671	1652.7098663376423	0.3
15674.078969242184	300	56.36096082421887	0.0	157812	1492.197784436927	0.3
15675.691731519253	300	58.748198547149116	0.0	163927	1612.7622770697576	0.3
15677.846997607732	300	59.77512816852961	0.0	137654	1473.0703786194981	0.3
15681.209660391421	300	59.76089456866291	0.0	146754	1514.2335998666958	0.3
15684.447984159753	300	59.7719473279089	0.0	153938	1488.9472407540159	0.3
15687.89432938939	300	59.88596291487964	0.0	181901	1885.9844130292536	0.3
15690.55487410846	300	59.79637092744826	0.0	111155	1089.591987431384	0.3
15692.250036734134	300	59.86626603098028	0.0	153605	1430.1048964679862	0.3
15695.149708440322	300	59.83695899194011	0.0	149029	1529.3070390401622	0.3
15699.047849342169	300	59.70557088889057	0.0	157421	1631.3881030495425	0.3
15702.185125435843	300	59.80780922715271	0.0	157488	1897.7616617378562	0.3
15704.714432492003	300	59.87241295124019	0.0	143881	1435.3962759125225	0.3
15707.57510718984	300	59.70003103919579	0.0	163444	1672.3819120444036	0.3
15709.188510994978	300	59.60297546467229	0.0	179328	1597.0555745234979	0.3
15712.392401431172	300	59.56370442673167	0.0	159914	2039.2710379406299	0.3
15714.548001759458	300	59.777713878766725	0.0	131610	1285.990547964937	0.3
15716.710306356683	300	59.57436651036496	0.0	124011	1203.3473684017633	0.3
15719.096694546055	300	59.585151051989804	0.0	144254	1489.2154583751535	0.3
15721.30620976529	300	59.64197982887181	0.0	149991	1443.1712231180022	0.3
15723.342770116988	300	59.716871650929974	0.0	147968	1425.1081779418278	0.3
15725.284856962406	300	59.762054279099104	0.0	161857	1454.8173718308726	0.3
15727.623390125254	300	59.95142240596876	0.0	145210	1310.6318731303372	0.3
15729.69744117392	300	59.73234750799508	0.0	172312	1719.0748979736827	0.3
15731.78597626282	300	59.575068075390725	0.0	167025	1657.2794326043563	0.3
15733.992362151253	300	59.89800292282168	0.0	160064	2177.065152569044	0.3
15735.689407429161	300	59.524140651800856	0.0	137507	1373.862271020825	0.3
15738.65431098003	300	59.91028047830968	0.0	118421	1113.8601734911765	0.3

