42372.62643121351	300	4.0	2.144913515894877	181801	2144.913515894877	-8.92312811834797
42374.4735240502	300	6.152907163310846	0.0	155580	1847.0928366891542	0.3
42376.1420335171	300	8.48439769640742	0.0	139857	1668.5094669034263	0.3
42377.987445355335	300	10.638985858174559	0.0	155432	1845.4118382328618	0.3
42379.923835555965	300	12.702595657543702	0.0	163442	1936.3902006308574	0.3
42381.43823835357	300	15.188192859930663	0.0	126289	1514.4027976130392	0.3
42385.52358063482	750	15.102850578687978	0.0	352642	4085.3422812426847	0.3
42390.56890933178	750	14.057521881730118	0.0	437162	5045.328696957861	0.75
42394.90544730126	750	13.720983912248474	0.0	374758	4336.537969481644	0.75
42399.10610834823	750	13.520322865284587	0.0	362795	4200.661046963888	0.75
42403.19801560993	750	13.428415603584218	0.0	353220	4091.907261700367	0.75
42407.879567154465	750	12.746864059046207	0.0	405134	4681.5515445380115	0.75
42412.34777955033	750	12.278651663187539	0.0	386351	4468.212395858668	0.75
42414.469976870874	300	14.156454342647965	0.0	179801	2122.1973205395725	-0.15000000000000002
42418.378325916005	750	14.248105297516137	0.0	337059	3908.3490451318276	0.3
42422.61782029893	750	14.008610914592355	0.0	366214	4239.494382923782	0.75
42426.79617404206	750	13.830257171467377	0.0	360831	4178.353743124979	0.75
42431.11232422621	750	13.514106987317119	0.0	372963	4316.150184150258	0.75
42435.79912321187	750	12.82730800165203	0.0	405596	4686.7989856650875	0.75
42437.479263370806	300	15.147167842726688	0.0	140881	1680.1401589253423	-0.15000000000000002
42441.94885009648	750	14.677581117049025	0.0	386472	4469.586725677664	0.3
42446.570885209185	750	14.055546004341911	0.0	399894	4622.0351127071135	0.75
42451.21517083525	750	13.411260378284277	0.0	401853	4644.2856260576345	0.75
42455.20008481683	750	13.426346396707396	0.0	343800	3984.9139815768817	0.75
42459.367898245306	750	13.258532968227279	0.0	359903	4167.813428480118	0.75
42463.76056793351	750	12.865863280022676	0.0	379700	4392.669688204603	0.75
42468.6766301208	750	11.949801092734177	0.0	425781	4916.0621872885	0.75
42470.01913946815	300	14.607291745374729	0.0	111155	1342.5093473594482	-0.15000000000000002
42474.6468763459	750	13.979554867633432	0.0	400396	4627.736877741295	0.3
42479.27588533057	750	13.35054588295224	0.0	400508	4629.0089846811925	0.75
42483.42456036446	750	13.201870849058967	0.0	358218	4148.6750338932725	0.75
42487.78767317694	750	12.838758036578488	0.0	400322	4363.112812480478	0.75
42489.35215665112	300	15.274274562407811	0.0	143881	1564.483474170678	-0.15000000000000002
42493.69157731142	750	14.934853902096858	0.0	412837	4339.420660310952	0.3
42497.9097783782	750	14.71665283532523	0.0	401088	4218.2010667716295	0.75
42503.80811892672	750	12.81831228680144	0.0	365161	5898.340548523788	0.75
42508.31219166065	750	12.31423955287075	0.0	321064	4504.072733930689	0.75
42510.10099016751	300	14.5254410460077	0.0	124011	1788.798506863051	-0.15000000000000002
42515.39411329938	750	13.232317914140545	0.0	378327	5293.1231318671535	0.3
42520.85745349227	750	11.768977721244298	0.0	390680	5463.3401928962485	0.75
42522.97636534254	300	13.650065870976887	0.0	147968	2118.911850267411	-0.15000000000000002
42528.354617674035	750	12.271813539479055	0.0	384505	5378.252331497831	0.3
42530.435525909445	300	14.190905304067812	0.0	145210	2080.9082354112425	-0.15000000000000002
42536.44001611382	750	12.18641509969495	0.0	438281	6004.490204372861	0.3
42538.4868901885	300	14.13954102501358	0.0	167025	2046.874074681371	-0.15000000000000002
42543.17138439169	750	13.455046821824942	0.0	393804	4684.494203188637	0.3
42547.12217193942	750	13.50425927409001	0.0	331053	3950.787547734932	0.75
42550.87482092389	750	13.751610289618108	0.0	314107	3752.6489844719017	0.75

