21459.50235024544	300	4.0	2.2049407451456746	450283	2204.9407451456746	0	-8.7312452041264
21460.39907451646	300	7.103275728976445	0.0	155580	896.7242710235543	0	-0.15000000000000002
21461.162922995703	750	10.3394272497313	0.0	139857	763.8484792451461	1	0.3
21463.077526537294	750	12.424823708140622	0.0	382355	1914.6035415906779	1	0.3
21465.01292452563	750	14.489425719805027	0.0	411561	1935.3979883355946	1	0.75
21466.877420100787	750	16.624930144650524	0.0	318564	1864.4955751545044	1	0.75
21468.72430743219	750	18.778042813247783	0.0	352642	1846.8873314027414	1	0.75
21470.85762161338	750	20.64472863205758	0.0	437162	2133.314181190206	1	0.75
21472.741466612308	750	22.760883633127904	0.0	374758	1883.844998929673	1	0.75
21474.55634913252	1850	24.94600111291716	0.0	362795	1814.8825202107473	3	0.75
21478.888539040956	1850	24.613811204479536	0.0	939819	4332.189908437624	3	0.75
21483.352115006175	1850	24.150235239261836	0.0	917428	4463.5759652177	3	1.85
21487.742057203777	1850	23.760293041657942	0.0	946851	4389.942197603896	3	1.85
21492.32850483326	1850	23.17384541217525	0.0	1036454	4586.447629482688	3	1.85
21496.9960086992	1850	22.506341546231102	0.0	821631	4667.503865944148	3	1.85
21501.999649468493	1850	21.502700776938177	0.0	923170	5003.640769292923	3	1.85
21506.94903625344	1850	20.553313991990347	0.0	966699	4949.386784947832	3	1.85
21511.384858046524	1850	20.11749219890697	0.0	885714	4435.821793083379	3	1.85
21516.220219090053	1850	19.28213115538017	0.0	987708	4835.361043526799	3	1.85
21521.069754797416	1850	18.432595448015405	0.0	923755	4849.535707364766	3	1.85
21525.42371634645	1850	18.078633898984616	0.0	891604	4353.961549030791	3	1.85
21530.320657418895	1850	17.181692826537777	0.0	955231	4896.94107244684	3	1.85
21535.230039137085	1850	16.272311108350333	0.0	968026	4909.381718187445	3	1.85
21539.820452953947	1850	15.681897291488363	0.0	874175	4590.4138168619675	3	1.85
21544.407628291283	1850	15.094721954150268	0.0	897976	4587.175337338097	3	1.85
21548.696099089	1850	14.806251156433383	0.0	905935	4288.470797716884	3	1.85
21554.118309890106	1850	13.384040355327878	0.0	1076599	5422.210801105507	3	1.85
21558.017702396533	1850	13.484647848900039	0.0	758197	3899.392506427839	3	1.85
21562.577488746898	1850	12.924861498538741	0.0	972798	4559.786350361297	3	1.85
21566.891371731872	1850	12.610978513561863	0.0	975811	4313.882984976879	3	1.85
21571.381860789672	1850	12.12048945576364	0.0	873429	4490.489057798223	3	1.85
21576.665760171156	1850	10.836590074279114	0.0	954453	5283.899381484525	3	1.85
21580.827743916896	1850	10.67460632853854	0.0	885062	4161.983745740576	3	1.85
21585.962346504693	1850	9.540003740743279	0.0	1035329	5134.602587795261	3	1.85
21591.182454907455	1850	8.319895337979782	0.0	1026056	5220.108402763497	3	1.85
21595.77895511553	1850	7.723395129903267	0.0	943942	4596.500208076515	3	1.85
21599.216906068636	1850	8.285444176797961	0.0	728962	3437.950953105307	3	1.85
21603.709109937492	1850	7.793240307941168	0.0	938587	4492.203868856793	3	1.85
21608.034484684315	1850	7.467865561121055	0.0	908665	4325.374746820113	3	1.85
21612.141248733704	1850	7.361101511734214	0.0	930577	4106.764049386841	3	1.85
21615.986704807372	1850	7.515645438064524	0.0	858450	3845.4560736696894	3	1.85
21621.85638449784	750	5.645965747596034	0.0	1025005	5869.679690468491	1	1.85
21624.213065144195	750	7.289285101238026	0.0	372093	2356.680646358008	1	-0.3500000000000001
21626.483154068734	750	9.019196176699488	0.0	438281	2270.0889245385383	1	0.75
21628.470006424548	750	11.032343820888691	0.0	398987	1986.8523558107981	1	0.75
21630.75008176273	750	12.752268482704764	0.0	393804	2280.0753381839286	1	0.75
21632.327544681862	750	15.174805563574154	0.0	331053	1577.462919130611	1	0.75
21633.876196171354	750	17.62615407407979	0.0	314107	1548.6514894943623	1	0.75

