36242.37520806372	300	4.0	0.8242840347065555	181801	824.2840347065555	-3.244421349238189
36243.107138614236	300	7.268069449483396	0.0	155580	731.930550516604	0.3
36243.82979091939	300	10.54541714432877	0.0	139857	722.6523051546253	0.3
36244.89552194539	300	13.479686118326581	0.0	155432	1065.7310260021893	0.3
36247.00991701056	750	15.365291053163192	0.0	411561	2114.3950651633895	0.3
36248.6928211619	750	17.68238690181758	0.0	318564	1682.904151345613	0.75
36250.519917898455	750	19.855290165270944	0.0	352642	1827.0967365466358	0.75
36254.79686216631	1200	19.578345897416863	0.0	709534	4276.944267854081	0.75
36258.788522174524	1200	19.586685889204688	0.0	584846	3991.6600082121768	1.2
36261.395006790444	1200	20.980201273279572	0.0	560821	2606.4846159251147	1.2
36264.29178628631	1200	22.08342177741077	0.0	607410	2896.779495868803	1.2
36271.39582888649	1850	18.979379177229937	0.0	917428	7104.042600180833	1.2000000000000002
36274.81529874993	1200	19.559909313795494	0.0	624282	3419.4698634344422	0.5499999999999999
36278.94855740778	1200	19.426650655942286	0.0	687371	4133.25865785321	1.2
36282.31370909954	1200	20.06149896417458	0.0	526950	3365.151691767709	1.2
36284.70296247724	1200	21.672245586479907	0.0	587876	2389.253377694671	1.2
36288.80542565278	1200	21.569782410940885	0.0	617242	4102.463175539017	1.2
36293.081107244805	1200	21.29410081891362	0.0	581493	4275.681592027266	1.2
36297.443253783444	1200	20.93195428027509	0.0	639204	4362.146538638528	1.2
36302.47688080631	1200	19.89832725740887	0.0	586839	5033.627022866222	1.2
36309.68595819646	1200	16.689249867257328	0.0	601738	7209.077390151544	1.2
36312.26376508115	750	18.111442982566114	0.0	399894	2577.806884691215	0.3
36314.8371996268	750	19.538008436917604	0.0	401853	2573.4345456485116	0.75
36319.354432298984	1200	19.02077576473872	0.0	536667	4517.232672178883	0.75
36322.50866321944	1200	19.866544844272692	0.0	587236	3154.2309204660264	1.2
36326.381203518074	1200	19.994004545642586	0.0	590335	3872.540298630103	1.2
36331.74860631716	1200	18.626601746559835	0.0	696376	5367.402799082751	1.2
36333.614960769366	750	20.760247294360795	0.0	277716	1866.3544521990425	0.3
36337.45220019477	1200	20.92300786895498	0.0	622896	3837.239425405812	0.75
36342.132490451564	1200	20.24271761215938	0.0	641447	4680.290256795601	1.2
36347.790863486334	1200	18.584344577389956	0.0	570392	5658.3730347694245	1.2
36354.2502896996	1200	16.124918364128256	0.0	620283	6459.4262132617005	1.2
36356.49221377767	750	17.88299428606149	0.0	369834	2241.9240780667647	0.3
36358.92386796562	750	19.451340098111118	0.0	412837	2431.6541879503725	0.75
36360.845953279146	750	21.52925478458543	0.0	401088	1922.085313525693	0.75
36364.89081817311	1200	21.48438989061851	0.0	598727	4044.8648939669197	0.75
36372.23998473344	1850	18.135223330292238	0.0	728962	7349.166560326268	1.2000000000000002
36375.06782863722	750	19.307379426511634	0.0	361565	2827.8439037806065	-0.3500000000000001
36380.265225771516	1200	18.109982292212415	0.0	605884	5197.397134299217	0.75
36386.48992961987	1200	15.885278443861145	0.0	587506	6224.70384835127	1.2
36389.98677830313	750	16.388429760598893	0.0	345516	3496.848683262252	0.3
36392.704321197096	750	17.67088686664075	0.0	384505	2717.5428939581448	0.75
36396.83911555483	750	17.536092508900527	0.0	372093	4134.794357740222	0.75
36401.89808679616	1200	16.47712126757228	0.0	634861	5058.97124132825	0.75
36405.30551600602	750	17.06969205771605	0.0	398987	3407.429209856231	0.3
36408.32100579914	750	18.05420226459473	0.0	393804	3015.489793121318	0.75
36412.207813489134	750	18.167394574597623	0.0	331053	3886.8076899971047	0.75
36414.234119280765	750	20.141088782964346	0.0	314107	2026.3057916332773	0.75

