59579.851330453785	300	4.0	1.1623908695672094	181801	1162.3908695672094	-4.698280739139
59580.441530616656	300	7.409799837130869	0.0	155580	590.2001628691307	0.3
59581.018526169166	300	10.832804284623325	0.0	139857	576.9955525075447	0.3
59581.72354422306	300	14.12778623072741	0.0	155432	705.0180538959163	0.3
59582.310708728095	300	17.54062172569538	0.0	163442	587.1645050320292	0.3
59582.74122144379	300	21.110109009999775	0.0	126289	430.51271569560924	0.3
59583.22338301469	300	24.62794743910623	0.0	153295	482.1615708935449	0.3
59583.903084383695	300	27.948246070095802	0.0	173849	679.7013690104257	0.3
59584.54808999359	300	31.303240460201085	0.0	150710	645.0056098947157	0.3
59585.187413104264	300	34.663917349527445	0.0	139105	639.3231106736405	0.3
59585.84743852487	300	38.00389192891791	0.0	141840	660.0254206095352	0.3
59586.604912647505	300	41.24641780628512	0.0	156148	757.474122632793	0.3
59587.27354612997	300	44.577784323828276	0.0	160746	668.6334824568509	0.3
59587.91681256371	300	47.93451789008597	0.0	179801	643.2664337423067	0.3
59589.691764193245	750	50.15956626055324	0.0	337059	1774.9516295327285	0.3
59590.80883883137	750	53.04249162242345	0.0	366214	1117.0746381297972	0.75
59591.86216162154	750	55.989168832252844	0.0	360831	1053.3227901706027	0.75
59592.84528977729	750	59.00604067650529	0.0	372963	983.1281557475515	0.75
59594.18902775814	750	59.88334684840703	0.0	405596	1122.6938280982608	0.75
59595.752692876835	750	59.92703624149058	0.0	350713	1456.31060691645	0.75
59596.795606482025	750	59.90925670428829	0.0	386472	1017.7795372022969	0.75
59597.987765684484	750	59.79124421524547	0.0	399894	1118.0124890428208	0.75
59600.9909298321	750	59.78773542569668	0.0	401853	1003.5087895487899	0.75
59603.97486594452	750	59.759095033270455	0.0	343800	1028.6403924262236	0.75
59607.8761290564	750	59.7466113010757	0.0	359903	2012.483732194747	0.75
59610.85784065319	750	59.65514531647459	0.0	379700	1091.4659846011134	0.75
59614.76352173346	750	59.74946423619737	0.0	425781	2905.681080277225	0.75
59617.58693663852	750	59.90572012990006	0.0	277716	1343.7441062973107	0.75
59621.08757744846	1200	59.60473516056845	0.0	622896	1800.9849693316073	0.75
59624.955321111156	1200	59.731191213268964	0.0	641447	2373.543947299495	1.2
59628.55998608766	1200	59.640958458766804	0.0	570392	2090.232754502157	1.2
59632.1558051772	1200	59.554765185195954	0.0	620283	2086.193273570854	1.2
59634.926410989	1200	59.51427518253466	0.0	584349	1540.4900026612897	1.2
59637.262083102345	1200	59.9219969941767	0.0	670129	1592.2781883579619	1.2
59640.67336548481	1200	59.7895527854462	0.0	690253	2632.4442087305097	1.2
59643.88392821265	1200	59.78869050363448	0.0	598727	2500.8622818117246	1.2
59646.4221423139	1200	59.581433655026025	0.0	487812	1707.256848608449	1.2
59648.738031030116	1200	59.804967965239996	0.0	575591	1776.4656897860318	1.2
59651.70964395713	1850	59.79387290049869	0.0	908665	2511.0950647413038	1.2000000000000002
59654.205941422944	1850	59.99098321317365	0.0	930577	2302.8896873250424	1.85
59657.232725574635	1850	59.529294912027844	0.0	858450	2461.6883011458067	1.85
59660.098384487064	1200	59.58901338108239	0.0	641452	2440.2815309454545	0.5499999999999999
59664.155122787306	1200	59.53227508084195	0.0	599477	4056.7383002404367	1.2
59667.76247875144	1200	59.924919116705475	0.0	634861	2107.3559641364786	1.2
59671.62390119505	1200	59.91994376483311	0.0	630203	2004.9753518723683	1.2
59673.705917983905	1200	59.521158983769546	0.0	638661	1898.784781063566	1.2
59677.57486531366	1200	59.65221165401293	0.0	538612	3368.9473297566174	1.2
59681.1274002598	1200	59.567533818221186	0.0	550906	1584.6778357917444	1.2

