38994.02039325172	750	4.0	1.5079555519251484	450283	1507.9555519251485	0.2986049551826253	-5.7342088732781376
38994.57231128459	300	7.448081967131186	0.0	155580	551.9180328688145	0.28188968421870686	-0.15000000000000002
38995.696767107824	750	10.32362614389778	0.0	350812	1124.455823233406	0.31198379940905974	0.3
38997.539770219526	1200	12.480623032196085	0.0	617681	1843.0031117016947	0.3351491899705359	0.75
39000.49238281324	1850	13.528010438482504	0.0	996749	2952.6125937135803	0.3375820458539608	1.2000000000000002
39004.47023954541	2850	13.550153706318895	0.0	1224260	3977.856732163609	0.3077687514738895	1.85
39008.8982933887	2850	13.122099863025145	0.0	1388403	4428.05384329375	0.3135470003606042	2.85
39013.765003370136	2850	12.255389881591348	0.0	1638769	4866.709981433797	0.3367303591649809	2.85
39016.272228234	1850	13.748165017734825	0.0	852833	2507.224863856524	0.3401501844905138	0.8500000000000001
39020.41189551616	2850	13.608497735563066	0.0	1429765	4139.667282171758	0.3453816218896497	1.85
39024.600000483144	2850	13.420392768587346	0.0	1354548	4188.104966975721	0.3234274237825836	2.85
39029.12391279542	2850	12.896480456314192	0.0	1519951	4523.912312273155	0.3359815343627343	2.85
39031.96466388556	1850	14.055729366167434	0.0	946851	2840.7510901467567	0.3333100894633766	0.8500000000000001
39036.8270820924	2850	13.193311159327287	0.0	1578343	4862.418206840148	0.3246004216131976	1.85
39040.644794398395	2850	13.375598853335052	0.0	1231445	3817.7123059922346	0.32256097403336	2.85
39044.9334228869	2850	13.086970364834832	0.0	1471065	4288.628488500221	0.34301525626306867	2.85
39049.57839673687	2850	12.441996514868139	0.0	1491626	4644.973849966693	0.3211268885853245	2.85
39052.188470621346	1850	13.83192263038598	0.0	885714	2610.07388448216	0.3393444167484654	0.8500000000000001
39056.85424840493	2850	13.16614484680135	0.0	1537156	4665.77778358463	0.32945332403272576	1.85
39060.74460285016	2850	13.275790401575385	0.0	1336050	3890.3544452259644	0.3434262915656771	2.85
39064.85738840404	2850	13.163004847697653	0.0	1415116	4112.785553877731	0.3440772638062203	2.85
39069.15534194352	2850	12.865051308215694	0.0	1468126	4297.9535394819595	0.3415872197113038	2.85
39072.061105610075	1850	13.959287641665641	0.0	968026	2905.7636665500518	0.33313996287568554	0.8500000000000001
39076.1685904543	2850	13.851802797445588	0.0	1323990	4107.484844220055	0.3223359428490854	1.85
39080.32272531377	2850	13.697667937970584	0.0	1383735	4154.134859475003	0.3330982374931553	2.85
39084.847068256524	2850	13.173324995211715	0.0	1480464	4524.342942758868	0.32722187922766927	2.85
39089.718801639385	2850	12.301591612352688	0.0	1547572	4871.733382859027	0.31766352515206636	2.85
39092.06839503658	1850	13.951998215162382	0.0	758197	2349.5933971903055	0.3226928543920273	0.8500000000000001
39096.45563043578	2850	13.56476281595778	0.0	1498470	4387.235399204602	0.34155222221986764	1.85
39101.52961063213	2850	12.490782619598507	0.0	1561263	5073.980196359274	0.30769986077601386	2.85
39104.177809852976	1850	13.842583398759889	0.0	873429	2648.1992208386173	0.32981997469337193	0.8500000000000001
39108.81541073234	2850	13.204982519385233	0.0	1497683	4637.600879374657	0.32294348715104404	1.85
39112.76379902169	2850	13.256594230038877	0.0	1358081	3948.3882893463565	0.34395831931332826	2.85
39117.35706054964	2850	12.663332702090571	0.0	1587293	4593.261527948304	0.34556991591746017	2.85
39120.604071871116	1850	13.416321380611409	0.0	1026056	3247.011321479162	0.3160001300927354	0.8500000000000001
39124.86135787388	2850	13.159035377849875	0.0	1439896	4257.2860027615325	0.3382192314695317	1.85
39128.28979336482	2850	13.730599886907651	0.0	1139291	3428.435490942225	0.3323063837747441	2.85
39132.88800088418	2850	13.132392367546368	0.0	1499009	4598.207519361282	0.32599855349899937	2.85
39137.30294528	2850	12.717447971739254	0.0	1427478	4414.944395807113	0.3233286474356688	2.85
39140.048351487974	1850	13.972041763761645	0.0	930577	2745.4062079776104	0.33895785523319877	0.8500000000000001
39144.22923646346	2850	13.791156788270728	0.0	1339500	4180.884975490917	0.32038671426082865	1.85
39148.701701438134	2850	13.318691813602104	0.0	1527299	4472.464974668622	0.3414893148745479	2.85
39152.81281785396	2850	13.207575397772844	0.0	1343002	4111.116415829261	0.3266757406404169	2.85
39157.41996541382	2850	12.600427837916275	0.0	1587250	4607.147559856569	0.3445190281792091	2.85
39160.23297595779	1850	13.787417293950007	0.0	958994	2813.010543966267	0.34091375947985075	0.8500000000000001
39164.54742433186	2850	13.472968919878015	0.0	1483527	4314.448374071992	0.34385091009904517	1.85
39168.230771383554	2850	13.789621868183485	0.0	1231456	3683.3470516945304	0.33433070050607	2.85
39172.4560458324	2850	13.564347419343298	0.0	1364537	4225.274448840188	0.32294635922988557	2.85

