45401.807242430856	750	4.0	7.6593528623060605	450283	7659.35286230606	0.05878864808748736	-32.18521730791606
45402.9357776567	300	6.871464774161608	0.0	155580	1128.5352258383916	0.13786011853056623	-0.15000000000000002
45403.93138229192	300	9.875860138936465	0.0	139857	995.6046352251433	0.14047443638947413	0.3
45409.188674402656	1200	8.618568028200672	0.0	617681	5257.292110735793	0.11749033285379902	0.29999999999999993
45412.15055751628	750	9.656684914568533	0.0	411561	2961.883113632138	0.13895247861260313	0.3
45415.62657617851	1200	10.180666252338833	0.0	520315	3476.0186622297006	0.14968705595678325	0.75
45419.33399834322	1200	10.473244087628288	0.0	561791	3707.4221647105464	0.15153143479247158	1.2
45424.021221488365	1200	9.786020942489634	0.0	709534	4687.223145138654	0.15137619397017443	1.2
45427.964381288126	1200	9.842861142730843	0.0	584846	3943.1597997587896	0.14831912215066104	1.2
45431.61459676775	1200	10.19264566310487	0.0	560821	3650.2154796259733	0.15364051879410298	1.2
45435.53372095302	1200	10.273521477841179	0.0	607410	3919.1241852636895	0.15498615794924903	1.2
45439.501675929976	1200	10.30556650088385	0.0	594078	3967.9549769573287	0.14971893669407144	1.2
45444.084332945815	1200	9.722909485046323	0.0	624282	4582.657015837529	0.1362270835112686	1.2
45449.85867424392	1200	7.948568186944325	0.0	687371	5774.341298101997	0.11903885906881466	1.2
45452.68271686965	750	9.124525561218713	0.0	337059	2824.042625725613	0.11935336844053324	0.3
45457.0090889254	1200	8.798153505461663	0.0	587876	4326.372055757049	0.13588197973350924	0.75
45459.603622474366	750	10.203619956498219	0.0	360831	2594.5335489634426	0.1390735533730746	0.3
45465.52257375827	1200	8.28466867259064	0.0	581493	5918.951283907581	0.09824257239301169	0.75
45469.61186686808	750	8.195375562784827	0.0	405596	4089.293109805813	0.09918486865796236	0.3
45471.98116498224	750	9.82607744862441	0.0	350713	2369.2981141604178	0.1480240067317482	0.75
45482.06895298655	1200	4.0	0.2617105556856368	601738	10087.788004310047	0.05965014329632077	-0.37535538944823826
45483.160499232625	300	6.908453753922108	0.0	157812	1091.5462460778922	0.1445765587734325	-0.6000000000000001
45484.28891527607	300	9.780037710483379	0.0	163927	1128.4160434387281	0.1452717736097139	0.3
45489.1528944604	1200	8.916058526148285	0.0	536667	4863.979184335093	0.11033497053778253	0.29999999999999993
45492.32226700399	750	9.7466859825587	0.0	359903	3169.372543589585	0.11355654630376116	0.3
45497.60522810836	1200	8.46372487818816	0.0	590335	5282.961104370541	0.11174320392244073	0.75
45502.132527820635	750	7.936425165916379	0.0	425781	4527.29971227178	0.09404745147441208	0.3
45504.3458005751	750	9.72315241144939	0.0	277716	2213.2727544669874	0.12547753070175985	0.75
45510.45442108129	1200	7.614531905257947	0.0	622896	6108.620506191444	0.10196999459512315	0.75
45513.34802732121	750	8.720925665337997	0.0	400508	2893.606239919949	0.13841136864948145	0.3
45516.08613337714	750	9.982819609407374	0.0	358218	2738.1060559306247	0.13082692659917777	0.75
45520.26284017754	1200	9.806112809010356	0.0	620283	4176.706800397019	0.14851006537998757	0.75
45525.98623731134	1200	8.082715675209036	0.0	584349	5723.397133801321	0.10209827945521084	1.2
45528.78238245808	750	9.286570528473442	0.0	412837	2796.145146735594	0.14764505357741298	0.3
45534.52964795126	1200	7.539305035289053	0.0	690253	5747.265493184388	0.12010111605572468	0.75
45536.92422152272	750	9.14473146383142	0.0	365161	2394.5735714576326	0.15249521015038933	0.3
45540.05861817552	1200	10.010334811027297	0.0	487812	3134.3966528041233	0.15563186604464663	0.75
45544.65926301056	1200	9.40968997598649	0.0	575591	4600.644835040805	0.12511094001780182	1.2
45549.504498853676	1200	8.564454132871859	0.0	605884	4845.23584311463	0.12504737016279555	1.2
45552.08443517325	750	9.984517813296625	0.0	390680	2579.936319575235	0.15143009423748965	0.3
45555.85497666037	1200	10.213976326177985	0.0	566904	3770.5414871186413	0.15035081882449056	0.75
45562.00869830421	1200	8.060254682335291	0.0	641452	6153.721643842693	0.10423805903567734	1.2
45564.42527323052	750	9.643679756034588	0.0	372093	2416.574926300703	0.15397536238183213	0.3
45568.49560864463	1200	9.573344341911865	0.0	634861	4070.3354141227223	0.15597264977162362	0.75
45572.781363998416	1200	9.28758898813554	0.0	630203	4285.755353776325	0.1470459575917479	1.2
45577.5853286155	1200	8.48362437104817	0.0	638661	4803.964617087369	0.13294456785304518	1.2
45581.27795160527	750	8.791001381283701	0.0	331053	3692.62298976447	0.08965253179586467	0.3
45584.77735742931	750	9.291595557237434	0.0	314107	3499.405824046267	0.08976009522576799	0.75

