92147.03609116704	300	4.0	2.2346171650319717	450283	2234.6171650319716	0	-8.858853809637479
92147.81648188145	300	7.219609285590385	0.0	155580	780.3907144096145	0	-0.15000000000000002
92148.52609072672	750	10.510000440332734	0.0	139857	709.6088452576518	1	0.3
92150.32737811333	750	12.708713053727204	0.0	382355	1801.2873866055286	1	0.3
92152.26014519659	1850	14.775945970470131	0.0	411561	1932.7670832570725	3	0.75
92155.94635155283	1850	15.089739614231945	0.0	801058	3686.206356238186	3	0.75
92160.10280288178	1850	14.933288285278211	0.0	905515	4156.4513289537335	3	1.85
92164.47103852757	1850	14.56505263949831	0.0	1060487	4368.235645779902	3	1.85
92167.95197056243	1850	15.084120604637613	0.0	852833	3480.9320348606966	3	1.85
92171.67637805542	1850	15.359713111641009	0.0	913888	3724.407492996604	3	1.85
92175.50419333001	1850	15.531897837055311	0.0	939819	3827.815274585699	3	1.85
92179.24271765408	1850	15.793373512975238	0.0	917428	3738.5243240800714	3	1.85
92183.09857517618	1850	15.937515990881362	0.0	946851	3855.8575220938756	3	1.85
92187.3117520247	1850	15.724339142354735	0.0	1036454	4213.1768485266275	3	1.85
92190.66825655577	1850	16.367834611298093	0.0	821631	3356.5045310566425	3	1.85
92194.4296788584	1850	16.606412308663987	0.0	923170	3761.422302634103	3	1.85
92198.3646863419	1850	16.671404825173315	0.0	966699	3935.0074834906727	3	1.85
92201.97674140582	1850	17.05934976125739	0.0	885714	3612.0550639159214	3	1.85
92205.99552869277	1850	17.04056247431119	0.0	987708	4018.787286946201	3	1.85
92209.75928386155	1850	17.276807305523462	0.0	923755	3763.7551687877267	3	1.85
92213.39482709923	1850	17.64126406785567	0.0	891604	3635.543237667793	3	1.85
92217.2841024305	1850	17.751988736586807	0.0	955231	3889.2753312688633	3	1.85
92221.22440173173	1850	17.811689435342526	0.0	968026	3940.2993012442776	3	1.85
92224.71615952214	1850	18.31993164492526	0.0	874175	3491.7577904172663	3	1.85
92227.90208482533	1850	19.134006341744648	0.0	897976	3185.9253031806106	3	1.85
92231.11553877013	1850	19.920552396943307	0.0	905935	3213.4539448013384	3	1.85
92234.91928648218	1850	20.11680468488982	0.0	1076599	3803.747712053487	3	1.85
92237.62174325953	1850	21.414347907542066	0.0	758197	2702.456777347757	3	1.85
92241.61918713633	1850	21.416904030757852	0.0	972798	3997.4438767842144	3	1.85
92245.07982171097	1850	21.956269456112835	0.0	975811	3460.6345746450156	3	1.85
92248.18576041827	1850	22.850330748824618	0.0	873429	3105.938707288216	3	1.85
92251.57240157282	1850	23.463689594263272	0.0	954453	3386.6411545613437	3	1.85
92254.71864206193	1850	24.31744910516808	0.0	885062	3146.2404890951907	3	1.85
92258.38547292726	1850	24.650618239833864	0.0	1035329	3666.8308653342183	3	1.85
92262.02017807931	1850	25.015913087789087	0.0	1026056	3634.7051520447776	3	1.85
92265.51559265332	1850	25.520498513777934	0.0	943942	3495.414574011152	3	1.85
92268.91495447233	1850	26.121136694767646	0.0	728962	3399.361819010285	3	1.85
92273.2202894734	1850	25.815801693703392	0.0	938587	4305.335001064253	3	1.85
92277.39092148593	1850	25.645169681175997	0.0	908665	4170.632012527396	3	1.85
92281.55804092262	1850	25.47805024447375	0.0	930577	4167.119436702248	3	1.85
92285.06137246036	1850	25.974718706732872	0.0	858450	3503.3315377408767	3	1.85
92289.22889292498	1850	25.807198242125633	0.0	1025005	4167.520464607243	3	1.85
92292.84310539161	1850	26.19298577549328	0.0	886255	3614.21246663235	3	1.85
92296.8071161837	1850	26.228974983395247	0.0	973972	3964.010792098034	3	1.85
92300.71139762666	1850	26.324693540440766	0.0	958994	3904.281442954481	3	1.85
92304.70767773998	1850	26.328413427120296	0.0	982064	3996.280113320469	3	1.85
92308.1004673123	1850	26.935623854812675	0.0	830730	3392.7895723076226	3	1.85
92311.5556261609	1850	27.480465006192784	0.0	846370	3455.1588486198916	3	1.85

