17307.218833204508	750	4.0	4.6520478755629275	450283	4652.047875562927	1	-19.253805864920587
17308.790837471304	300	6.427995733205373	0.0	398865	1572.0042667946275	0	0.75
17309.380739723587	750	9.83809348092244	0.0	139857	589.9022522829323	1	-0.15000000000000002
17310.854761300423	750	12.36407190408581	0.0	382355	1474.02157683663	1	0.3
17312.435264534808	1850	14.783568669697713	0.0	411561	1580.5032343880957	3	0.75
17315.43582824209	1850	15.783004962416268	0.0	801058	3000.5637072814457	3	0.75
17318.817229945085	1850	16.401603259419783	0.0	905515	3381.4017029964857	3	1.85
17322.763641421214	1850	16.455191783292236	0.0	1060487	3946.411476127544	3	1.85
17325.638625212196	1850	17.580207992308715	0.0	852833	2874.9837909835214	3	1.85
17334.507658259692	1850	12.711174944812765	0.0	913888	8869.03304749595	3	1.85
17336.782497141026	1850	14.436336063479423	0.0	939819	2274.838881333342	3	1.85
17338.069929816298	1850	17.14890338820743	0.0	917428	1287.432675271991	3	1.85
17347.31527117889	1850	11.903562025616344	0.0	946851	9245.341362591085	3	1.85
17348.30219445192	1850	14.916638752586678	0.0	1036454	986.9232730296656	3	1.85
17349.10114220623	1850	18.117690998279553	0.0	821631	798.9477543071253	3	1.85
17351.314413104854	1850	19.904420099653354	0.0	923170	2213.2708986261964	3	1.85
17355.291460965473	1850	19.92737223903588	0.0	966699	3977.0478606174775	3	1.85
17357.103250202774	1850	22.115583001732634	0.0	885714	1811.789237303244	3	1.85
17359.033444909393	1850	24.185388295113768	0.0	987708	1930.1947066188661	3	1.85
17360.843841556187	1850	26.374991648318648	0.0	923755	1810.396646795116	3	1.85
17362.594012296122	1850	28.624820908383153	0.0	891604	1750.1707399354946	3	1.85
17364.445038430047	1850	30.77379477445679	0.0	955231	1851.0261339263636	3	1.85
17366.306480313702	1850	32.912352890798225	0.0	968026	1861.441883658568	3	1.85
17374.173249246407	1850	29.045583958093218	0.0	874175	7866.768932705006	3	1.85
17391.928503164327	750	15.29033004017648	0.0	897976	17755.25391791674	1	1.85
17417.387589182043	300	4.0	10.16875597754193	379700	25459.086017718408	0	-44.0756507034303
17425.44032345916	300	4.0	4.052734277118389	181901	8052.7342771183885	0	-17.57675739160907
17444.45112245248	300	4.0	15.010798993319437	111155	19010.798993319437	0	-64.24643567127357
17465.57067195743	300	4.0	17.119549504952186	153605	21119.549504952185	0	-73.3140628712944
17476.274087350073	300	4.0	6.703415392646255	149029	10703.415392646255	0	-28.524686188378894
17481.18636218512	300	4.0	0.9122748350481843	157421	4912.274835048184	0	-3.6227817907071924
17496.809627216673	300	4.0	11.623265031553798	157488	15623.265031553798	0	-49.68003963568133
17499.442740679307	300	5.366886537365648	0.0	143881	2633.113462634352	0	0.3
17500.549406536447	300	8.260220680226563	0.0	163444	1106.6658571390853	0	0.3
17501.317286244575	300	11.492340972101134	0.0	179328	767.8797081254299	0	0.3
17502.000398425433	750	14.809228791240937	0.0	159914	683.1121808601964	1	0.3
17503.250960190144	1850	17.558667026531506	0.0	321064	1250.5617647094343	3	0.3
17506.75293853419	1850	18.05668868248379	0.0	938587	3501.97834404771	3	0.75
17510.145824768493	1850	18.663802448182537	0.0	908665	3392.8862343012556	3	1.85
17513.61859959008	1850	19.191027626595528	0.0	930577	3472.774821587009	3	1.85
17516.828407811852	1850	19.981219404824124	0.0	858450	3209.8082217714036	3	1.85
17520.085506582574	1850	20.72412063410669	0.0	1025005	3257.098770717435	3	1.85
17528.859834182822	1850	15.949793033857004	0.0	886255	8774.327600249686	3	1.85
17530.94076769116	1850	17.868859525517347	0.0	973972	2080.933508339659	3	1.85
17532.084435797817	1850	20.725191418861854	0.0	958994	1143.6681066554918	3	1.85
17541.296720225375	1850	15.512906991304916	0.0	982064	9212.284427556937	3	1.85
17542.10362983314	1850	18.70599738354236	0.0	830730	806.9096077625577	3	1.85
17542.92422483359	1850	21.885402383094565	0.0	846370	820.5950004477942	3	1.85

