2109.1890269962278	750	4.0	3.888220918863058	450283	3888.220918863058	-15.969349951111148
2110.3407389114336	300	6.848288084794199	0.0	155580	1151.7119152057999	-0.15000000000000002
2112.787401576671	750	8.401625419556588	0.0	350812	2446.662665237612	0.3
2115.5280420550484	750	9.66098494117953	0.0	382355	2740.6404783770568	0.75
2120.103587705005	750	9.085439291223144	0.0	411561	4575.545649956384	0.75
2122.4848108315055	750	10.704216164722814	0.0	318564	2381.2231265003325	0.75
2125.0309892870796	750	12.158037709148445	0.0	352642	2546.1784555743698	0.75
2128.343612085336	750	12.845414910891963	0.0	437162	3312.6227982564806	0.75
2131.288846082109	750	13.900180914119202	0.0	374758	2945.233996772761	0.75
2134.2004050795854	750	14.98862191664274	0.0	362795	2911.5589974764625	0.75
2136.8706160418374	750	16.318410954390956	0.0	353220	2670.2109622517855	0.75
2142.4475912900657	1200	14.741435706162433	0.0	594078	5576.975248228523	0.75
2146.9631090589023	1200	14.22591793732584	0.0	624282	4515.517768836592	1.2
2153.659404425391	1200	11.52962257083696	0.0	687371	6696.295366488881	1.2
2157.4953022800946	1200	11.69372471613351	0.0	526950	3835.8978547034512	1.2
2163.6636989961494	1200	9.52532800007866	0.0	587876	6168.396716054849	1.2
2166.446110014414	750	10.742916981814394	0.0	360831	2782.4110182642653	0.3
2169.1810844074707	750	12.00794258875781	0.0	372963	2734.9743930565846	0.75
2172.1215380428484	750	13.067488953379849	0.0	405596	2940.453635377963	0.75
2176.1197640917944	750	13.069262904433849	0.0	350713	3998.2260489460004	0.75
2178.961565138994	750	14.227461857233877	0.0	386472	2841.8010471999723	0.75
2181.955147665347	750	15.233879330881276	0.0	399894	2993.582526352601	0.75
2184.9420719124455	750	16.246955083782495	0.0	401853	2986.9242470987806	0.75
2187.408578588193	750	17.78044840803549	0.0	343800	2466.506675747008	0.75
2190.09766949217	750	19.091357504058124	0.0	359903	2689.090903977366	0.75
2192.9526715819475	750	20.236355414281316	0.0	379700	2855.0020897768063	0.75
2200.997969308979	1850	16.191057687249913	0.0	1076599	8045.297727031403	0.75
2207.4570133856523	1850	13.732013610576644	0.0	758197	6459.044076673268	1.85
2214.627737085332	1850	10.561289910896939	0.0	972798	7170.723699679703	1.85
2219.472816862264	1200	9.716210133964648	0.0	641447	4845.079776932292	0.5499999999999999
2223.550767143301	1200	9.6382598529274	0.0	570392	4077.950281037248	1.2
2230.08777457147	1200	7.10125242475869	0.0	620283	6537.00742816871	1.2
2233.1491458569617	750	8.039881139267086	0.0	369834	3061.371285491603	0.3
2236.15864952189	750	9.03037747433894	0.0	412837	3009.5036649281487	0.75
2239.468151302285	750	9.720875693943446	0.0	401088	3309.501780395492	0.75
2242.303125413313	750	10.885901582915402	0.0	365161	2834.974111028044	0.75
2244.763254331422	750	12.425772664806189	0.0	321064	2460.128918109213	0.75
2250.015599261351	1200	11.173427734877459	0.0	575591	5252.34492992873	0.75
2256.3527111852427	1200	8.836315810985957	0.0	605884	6337.1119238915035	1.2
2260.708520602225	750	8.480506394003415	0.0	390680	4355.809416982542	0.3
2263.2174699335915	750	9.971557062637103	0.0	345516	2508.949331366311	0.75
2266.003622826387	750	11.18540416984109	0.0	384505	2786.1528927960126	0.75
2268.6966790782844	750	12.492347917943553	0.0	372093	2693.0562518975385	0.75
2275.0061953493446	1200	10.18283164688383	0.0	634861	6309.516271059722	0.75
2281.1794488859477	1200	8.009578110280577	0.0	630203	6173.253536603254	1.2
2285.743747116088	1200	7.445279880140591	0.0	638661	4564.298230139986	1.2
2289.7740274263847	1200	7.414999569843574	0.0	538612	4030.280310297017	1.2
2295.898466213815	1850	5.290560782413649	0.0	846370	6124.4387874299255	1.2000000000000002

