56172.25290103927	750	4.0	1.5616929339170054	450283	1561.6929339170053	0.2883300488980312	-5.965279615843123
56172.67937987957	300	7.573521159695278	0.0	155580	426.4788403047223	0.3648012170752409	-0.15000000000000002
56173.540643119864	750	10.712257919401022	0.0	350812	861.2632402942554	0.40732262052673135	0.3
56174.99622736307	1200	13.256673676193275	0.0	617681	1455.5842432077466	0.4243526287690394	0.75
56184.25089119252	2850	8.002009846746303	0.0	1472558	9254.663829446972	0.15911523391206692	1.2000000000000002
56185.93808685457	750	10.314814184697378	0.0	318564	1687.1956620489254	0.18881271874130878	-1.35
56188.852393487396	1200	11.400507551875942	0.0	561791	2914.306632821436	0.19277003787899688	0.75
56200.25232956451	1850	4.000571474765152	0.0	1060487	11399.93607711079	0.09302569705888832	1.2000000000000002
56202.787703619855	300	5.4651974194133235	0.0	150710	2535.3740553518287	0.05944290535034535	-1.25
56204.915316945895	300	7.3375840933724215	0.0	139105	2127.613326040903	0.06538077116618217	0.3
56208.78196768888	750	7.470933350386502	0.0	353220	3866.650742985919	0.09135037619850692	0.3
56214.12700787497	750	6.1258931642917265	0.0	405134	5345.040186094775	0.07579624958741449	0.75
56216.026927003804	300	8.225974035462865	0.0	160746	1899.9191288288619	0.08460675907773306	-0.15000000000000002
56221.67332151404	750	6.579579525225848	0.0	434409	5646.394510237016	0.0769356443678189	0.3
56224.07440953632	300	8.178491502946036	0.0	140051	2401.0880222798123	0.058328140701407016	-0.15000000000000002
56227.39963879967	750	8.853262239594315	0.0	366214	3325.229263351721	0.11013195512145482	0.3
56231.167169402426	750	9.085731636831179	0.0	360831	3767.5306027631364	0.09577387367082399	0.75
56235.88573635437	1200	8.367164684883631	0.0	581493	4718.566951947548	0.1232350851268506	0.75
56239.10248364111	750	9.15041739814326	0.0	405596	3216.7472867403717	0.12608886053060228	0.3
56243.06066063304	1200	9.192240406213788	0.0	586839	3958.1769919294716	0.14825991894666052	0.75
56246.23375763413	1200	10.019143405122088	0.0	601738	3173.0970010917003	0.18963744247117964	1.2
56250.17915918214	1200	10.073741857115943	0.0	616206	3945.401548006144	0.15618334217752997	1.2
56253.969983371004	1200	10.282917668251896	0.0	656471	3790.824188864047	0.1731736865899648	1.2
56256.11022288365	1200	12.142678155601399	0.0	536667	2140.239512650497	0.25075090746987727	1.2
56259.659857930346	1850	12.593043108907622	0.0	897976	3549.635046693777	0.25297699289857933	1.2000000000000002
56262.307973508374	1850	13.944927530879285	0.0	905935	2648.115578028337	0.3421055362978216	1.85
56266.77498114283	2850	13.477919896423757	0.0	1547572	4467.007634455529	0.34644489704093134	1.85
56270.09220402831	2850	14.160697010944558	0.0	1141971	3317.2228854791983	0.34425513130240976	2.85
56274.4200188828	2850	13.83288215644824	0.0	1498470	4327.814854496317	0.3462417063528463	2.85
56278.9258373264	2850	13.327063712852116	0.0	1561263	4505.818443596125	0.3464993140633392	2.85
56282.8078310471	2850	13.445069992146786	0.0	1341201	3881.9937207053304	0.34549283087359384	2.85
56287.133414939155	2850	13.119486100092486	0.0	1497683	4325.583892054301	0.3462383431635913	2.85
56291.06325954426	2850	13.189641494989138	0.0	1358081	3929.844605103348	0.34558134900203896	2.85
56295.64286699976	2850	12.610034039492515	0.0	1587293	4579.607455496623	0.34660023057104367	2.85
56298.63149774869	1850	13.621403290565228	0.0	1026056	2988.6307489272886	0.3433197628607292	0.8500000000000001
56302.793268900416	2850	13.459632138837245	0.0	1439896	4161.771151727982	0.34598154187362035	1.85
56306.10289460757	2850	14.150006431686643	0.0	1139291	3309.625707150603	0.3442356026962529	2.85
56310.821735664926	2850	13.431165374328588	0.0	1499009	4718.841057358055	0.3176646515064554	2.85
56314.08074917566	2850	14.172151863591319	0.0	1427478	3259.0135107372703	0.4380092304916738	2.85
56322.98154733878	2850	9.271353700472556	0.0	1402287	8900.798163118761	0.15754620813788356	2.85
56325.92164970313	1200	10.331251336118191	0.0	566904	2940.102364354366	0.19281777630367972	-0.44999999999999996
56329.237856153995	1200	11.015044885255547	0.0	641452	3316.206450862644	0.1934294530526407	1.2
56340.4610736596	1850	4.0	0.20817262034928352	886255	11223.21750560483	0.0789662144173369	0.304857732498081
56343.52653151216	300	4.9345421474457085	0.0	172312	3065.4578525542915	0.05621085276263743	-1.25
56345.54919375324	300	6.911879906361936	0.0	167025	2022.6622410837738	0.08257681218714273	0.3
56347.34918832398	300	9.111885335633168	0.0	160064	1799.994570728766	0.08892471266465804	0.3
56354.042711680435	1200	6.418361979171421	0.0	538612	6693.523356461748	0.0804676358498157	0.29999999999999993
56355.55695379092	300	8.904119868691371	0.0	118421	1514.2421104800496	0.0782047990743421	-0.6000000000000001

