28187.423512795165	750	4.0	8.874277407846808	450283	8874.277407846808	-37.409392853741274
28190.389592372438	300	5.0339204227277365	0.0	155580	2966.0795772722627	-0.15000000000000002
28193.06400316713	300	6.359509628033259	0.0	139857	2674.4107946944778	0.3
28196.027337277264	300	7.39617551789968	0.0	155432	2963.334110133579	0.3
28199.13926052105	300	8.284252274111706	0.0	163442	3111.9232437879746	0.3
28201.56197876076	300	9.861534034401354	0.0	126289	2422.7182397103534	0.3
28204.485670551465	300	10.937842243695918	0.0	153295	2923.6917907054344	0.3
28207.79064836628	300	11.632864428879069	0.0	173849	3304.9778148168502	0.3
28210.666387234327	300	12.757125560832389	0.0	150710	2875.7388680466815	0.3
28216.0441507004	300	11.37936209475675	0.0	139105	5377.7634660756385	0.3
28220.838669142042	300	10.584843653117158	0.0	141840	4794.518441639594	0.3
28225.911409111202	300	9.512103683958063	0.0	156148	5072.7399691590945	0.3
28230.139537761872	300	9.283975033288218	0.0	160746	4228.128650669846	0.3
28234.859389948047	300	8.564122847111957	0.0	179801	4719.852186176259	0.3
28238.267691017696	300	9.155821777465883	0.0	140051	3408.301069646075	0.3
28241.585988302846	300	9.837524492313985	0.0	138313	3318.2972851518975	0.3
28245.025938597428	300	10.397574197729503	0.0	143509	3439.9502945844833	0.3
28248.632283799256	300	10.791228995901488	0.0	150616	3606.345201828015	0.3
28252.442754270498	300	10.980758524662509	0.0	165384	3810.4704712389776	0.3
28255.176587878555	300	12.246924916605048	0.0	140881	2733.833608057461	0.3
28266.30125589876	300	5.1222568963958945	0.0	157671	11124.668020209154	0.3
28269.741371054446	300	5.682141740713106	0.0	157812	3440.115155682789	0.3
28272.955999086615	300	6.467513708543076	0.0	163927	3214.628032170029	0.3
28275.552250564855	300	7.871262230304688	0.0	137654	2596.251478238388	0.3
28278.313745806612	300	9.109766988548904	0.0	146754	2761.495241755785	0.3
28280.80826228289	300	10.615250512269252	0.0	153938	2494.51647627965	0.3
28283.70377222898	300	11.71974056618485	0.0	181901	2895.5099460844035	0.3
28285.50425759221	300	13.919255202954236	0.0	111155	1800.4853632306135	0.3
28287.96179485296	300	15.461717942200888	0.0	153605	2457.537260753348	0.3
28295.66962273631	750	11.753890058852296	0.0	400508	7707.827883348592	0.3
28300.47942009419	300	10.944092700968978	0.0	157421	4809.797357883317	-0.15000000000000002
28304.074657009645	300	11.348855785516468	0.0	157488	3595.2369154525095	0.3
28306.82371482979	300	12.59979796537564	0.0	143881	2749.0578201408302	0.3
28309.93567517448	300	13.487837620680384	0.0	163444	3111.960344695254	0.3
28313.342290924793	300	14.081221870371344	0.0	179328	3406.6157503090394	0.3
28316.388768168137	300	15.034744627024407	0.0	159914	3046.477243346938	0.3
28318.910193371667	300	16.513319423496945	0.0	131610	2521.4252035274617	0.3
28325.69738814192	750	13.726124653240834	0.0	361565	6787.19477025611	0.3
28332.795525616086	750	10.627987179075241	0.0	378327	7098.137474165595	0.75
28338.340453434746	300	9.083059360414484	0.0	149991	5544.927818660754	-0.15000000000000002
28343.33865609107	300	8.084856704093788	0.0	147968	4998.202656320696	0.3
28348.530769772944	300	6.8927430222188875	0.0	161857	5192.113681874901	0.3
28352.3579843933	300	7.065528401862746	0.0	145210	3827.2146203561415	0.3
28356.88457929491	300	6.538933500252613	0.0	172312	4526.594901610133	0.3
28360.95685194458	300	6.466660850584341	0.0	167025	4072.2726496682726	0.3
28364.78440146379	300	6.639111331373902	0.0	160064	3827.549519210438	0.3
28368.08382801653	300	7.339684778632063	0.0	137507	3299.4265527418393	0.3
28370.936397498826	300	8.487115296334862	0.0	118421	2852.5694822972014	0.3

