58161.160238755874	750	4.0	4.264077886776364	450283	4264.077886776364	-17.585534913138364
58162.291284443476	300	6.8689543123957675	0.0	155580	1131.0456876042324	-0.15000000000000002
58163.49167141729	300	9.668567338583337	0.0	139857	1200.3869738124315	0.3
58164.45632069388	300	12.703918062000534	0.0	155432	964.6492765828025	0.3
58167.045752424034	750	14.114486331840856	0.0	411561	2589.431730159676	0.3
58168.94787014283	750	16.212368613040606	0.0	318564	1902.117718800252	0.75
58170.92894693903	750	18.231291816842187	0.0	352642	1981.0767961984195	0.75
58176.26904633729	1850	16.89119241857905	0.0	1060487	5340.099398263138	0.75
58180.912759089486	1850	16.24747966638422	0.0	852833	4643.712752194828	1.85
58185.828217570146	1850	15.332021185721388	0.0	913888	4915.458480662834	1.85
58190.46999262004	1850	14.690246135825815	0.0	939819	4641.775049895571	1.85
58195.824325565154	1850	13.33591319071508	0.0	917428	5354.332945110736	1.85
58201.67610206406	1850	11.484136691802794	0.0	946851	5851.776498912286	1.85
58206.524683673495	1850	10.635555082375756	0.0	1036454	4848.581609427038	1.85
58209.3407201437	1850	11.819518612171704	0.0	821631	2816.036470204053	1.85
58213.77025556827	1850	11.38998318759397	0.0	923170	4429.535424577734	1.85
58217.98699514182	1850	11.173243614047475	0.0	966699	4216.739573546494	1.85
58222.27995245434	1850	10.880286301531317	0.0	885714	4292.957312516157	1.85
58226.74176141288	1850	10.418477342987192	0.0	987708	4461.808958544127	1.85
58231.89744615243	1850	9.262792603438767	0.0	923755	5155.684739548425	1.85
58235.0328395091	1200	10.127399246762577	0.0	601738	3135.39335667619	0.5499999999999999
58238.190028471	1200	10.97021028486499	0.0	616206	3157.188961897588	1.2
58245.18632510868	1200	7.97391364717893	0.0	656471	6996.29663768606	1.2
58249.25608879602	750	7.9041499598411065	0.0	343800	4069.7636873378237	0.3
58250.26925033904	300	10.890988416812325	0.0	146754	1013.1615430287817	-0.15000000000000002
58252.186172538706	750	12.97406621715277	0.0	379700	1916.9221996595543	0.3
58253.97050317363	750	15.189735582229615	0.0	425781	1784.3306349231548	0.75
58255.11962491877	750	18.040613837086124	0.0	277716	1149.1217451434902	0.75
58261.30372894018	1850	15.856509815684678	0.0	972798	6184.104021401445	0.75
58269.74792379535	1200	11.412314960511946	0.0	641447	8444.194855172733	0.5499999999999999
58270.58988737833	300	14.570351377536728	0.0	157421	841.9635829752173	-0.6000000000000001
58272.70925203898	750	16.45098671688318	0.0	400322	2119.3646606535485	0.3
58274.58882311399	750	18.571415641867418	0.0	369834	1879.5710750157639	0.75
58282.10377374095	1200	15.056465014910522	0.0	670129	7514.950626956895	0.75
58285.562090194035	1200	15.598148561828248	0.0	690253	3458.316453082274	1.2
58288.33128549028	1200	16.828953265577788	0.0	598727	2769.1952962504615	1.2
58290.543736130916	1200	18.616502624942992	0.0	487812	2212.4506406347914	1.2
58293.438766390434	1200	19.72147236542571	0.0	575591	2895.030259517282	1.2
58300.59505293193	1200	16.565185823931614	0.0	605884	7156.286541494099	1.2
58302.45693082529	750	18.70330793056903	0.0	390680	1861.8778933625845	0.3
58307.94103360845	750	17.219205147418908	0.0	345516	5484.102783150124	0.75
58308.81841132511	300	20.341827430752396	0.0	161857	877.3777166665119	-0.15000000000000002
58311.04145501084	750	22.118783745023112	0.0	372093	2223.043685729283	0.3
58313.66111367673	750	23.49912507913081	0.0	438281	2619.658665892303	0.75
58315.784783560855	750	25.375455195006207	0.0	398987	2123.669884124598	0.75
58318.61006569217	750	26.550173063693197	0.0	393804	2825.282131313013	0.75
58328.67384184623	2850	20.48639690963513	0.0	1231456	10063.77615405807	0.75
58336.57366972809	2850	16.586569027778022	0.0	1364537	7899.827881857104	2.85

