43553.79209447211	300	4.0	0.41775489305892205	181801	417.75489305892205	-1.4963460401533646
43554.16113527091	300	7.630959201202924	0.0	155580	369.04079879707535	0.3
43554.50096544829	300	11.291129023819183	0.0	139857	339.83017738374184	0.3
43554.86973128862	300	14.922363183488633	0.0	155432	368.76584033055025	0.3
43555.253378327034	300	18.53871614507115	0.0	163442	383.6470384174803	0.3
43555.56800150122	300	22.22409297088884	0.0	126289	314.6231741823103	0.3
43555.932797164234	300	25.859297307875615	0.0	153295	364.79566301322575	0.3
43556.3357786132	300	29.456315858909985	0.0	173849	402.9814489656302	0.3
43556.69577179218	300	33.09632267992357	0.0	150710	359.99317898642	0.3
43557.0342048833	300	36.757889588802165	0.0	139105	338.4330911213984	0.3
43557.37771913257	300	40.414375339532484	0.0	141840	343.51424926968224	0.3
43557.747815177376	300	44.044279294728746	0.0	156148	370.096044803739	0.3
43558.545588680754	750	47.24650579134753	0.0	386351	797.7735033812112	0.3
43559.432645657005	750	50.35944881509969	0.0	434409	887.0569762478383	0.75
43560.138843128414	750	53.65325134369113	0.0	337059	706.1974714085576	0.75
43560.8992055599	750	56.89288891220462	0.0	366214	760.3624314865159	0.75
43561.68879486717	750	59.642527166024216	0.0	360831	750.3617461804055	0.75
43564.45964994936	1200	59.98221349321982	0.0	581493	1160.3136728043944	0.75
43567.357678468	1200	59.800969876619085	0.0	639204	1181.2436166007321	1.2
43570.14486485077	1200	59.72826919345183	0.0	586839	1072.700683167252	1.2
43576.11250127667	1850	57.760632767552785	0.0	891604	5967.636425899043	1.2000000000000002
43579.493089310585	1850	58.38004473363719	0.0	955231	3380.5880339155938	1.85
43582.32195253295	1850	59.55118151127354	0.0	968026	2828.8632223636537	1.85
43585.64562843223	1850	59.82413018197511	0.0	874175	2227.051329298431	1.85
43589.69601480902	2850	59.7737438051829	0.0	1383735	3550.3863767922085	1.85
43593.72767542111	2850	59.742083193089414	0.0	1480464	3531.6606120934885	2.85
43597.88074291628	2850	59.589015697925646	0.0	1547572	3153.0674951637716	2.85
43600.665859083696	2850	59.95232714123454	0.0	1141971	2136.6885566911014	2.85
43603.9829803164	2850	59.82498042844414	0.0	1498470	2627.346712790402	2.85
43608.69421593808	2850	59.11374480676725	0.0	1561263	4711.235621676886	2.85
43617.72584105775	2850	54.082119687094504	0.0	1341201	9031.625119672746	2.85
43621.14389030684	2850	54.66407043800186	0.0	1497683	3418.0492490926504	2.85
43623.491105604866	2850	56.31685513997137	0.0	1358081	2347.215298030485	2.85
43629.83712943425	2850	53.97083131058868	0.0	1587293	6346.023829382698	2.85
43634.45160189531	2850	53.356358849527226	0.0	1492672	4614.472461061454	2.85
43637.49539944643	2850	54.31256129840667	0.0	1439896	3043.7975511205614	2.85
43639.52791724309	2850	56.280043501752104	0.0	1139291	2032.5177966545702	2.85
43645.019804195574	2850	54.78815654926073	0.0	1499009	5491.886952491375	2.85
43646.61363573739	1850	57.194325007450104	0.0	908665	1593.831541810622	0.8500000000000001
43648.24219936984	1850	59.56576137500183	0.0	930577	1628.563632448276	1.85
43651.58567220635	1850	59.98602171007493	0.0	858450	1579.7396649268958	1.85
43660.51169501646	1850	55.059998899964036	0.0	1025005	8926.022810110895	1.85
43667.262837293165	1850	52.30885662325776	0.0	886255	6751.142276706273	1.85
43676.1509389204	1850	47.420754996023085	0.0	973972	8888.101627234677	1.85
43679.97472175143	1850	47.59697216499776	0.0	958994	3823.7828310253244	1.85
43684.333081611956	1850	47.23861230447518	0.0	982064	4358.35986052258	1.85
43690.57820236983	1850	44.99349154660654	0.0	830730	6245.12075786864	1.85
43696.10573186599	1850	43.46596205044661	0.0	846370	5527.529496159929	1.85

