61957.701000873094	300	4.0	4.066217194873262	181801	4066.217194873262	-17.184733937955027
61960.95933626788	300	4.74166460521749	0.0	155580	3258.3353947825103	0.3
61963.54446795965	300	6.156532913449816	0.0	139857	2585.131691767673	0.3
61966.17836449981	300	7.522636373294234	0.0	155432	2633.8965401555824	0.3
61969.136277304344	300	8.564723568756305	0.0	163442	2957.91280453793	0.3
61971.55092049839	300	10.150080374703645	0.0	126289	2414.643194052659	0.3
61974.28599155161	300	11.415009321488572	0.0	153295	2735.071053215072	0.3
61977.15213596624	300	12.548864906864841	0.0	173849	2866.144414623731	0.3
61979.67839983255	300	14.022601040554344	0.0	150710	2526.2638663104976	0.3
61985.54175069669	750	12.15925017641257	0.0	362795	5863.350864141774	0.3
61988.01785984012	300	13.683141032984523	0.0	141840	2476.1091434280474	-0.15000000000000002
61994.688927979594	750	11.012072893505557	0.0	405134	6671.068139478964	0.3
61997.44956554929	300	12.251435323819035	0.0	160746	2760.6375696865225	-0.15000000000000002
62000.46083247048	300	13.240168402617487	0.0	179801	3011.2669212015485	0.3
62005.978659601555	750	11.722341271548208	0.0	337059	5517.827131069279	0.3
62008.43925194503	300	13.261748928076344	0.0	138313	2460.5923434718634	-0.15000000000000002
62014.36764855525	750	11.33335231785377	0.0	360831	5928.396610222574	0.3
62018.11650442608	300	11.584496447029434	0.0	150616	3748.855870824335	-0.15000000000000002
62021.382937185605	300	12.3180636874954	0.0	165384	3266.432759534035	0.3
62023.9295298157	300	13.77147105739808	0.0	140881	2546.592630097321	0.3
62030.099737221804	750	11.601263651293383	0.0	386472	6170.207406104697	0.3
62032.70324239973	300	12.997758473369377	0.0	157812	2603.505177924005	-0.15000000000000002
62039.17786113697	750	10.523139736137095	0.0	401853	6474.618737232283	0.3
62041.483676997756	300	12.217323875341645	0.0	137654	2305.8158607954506	-0.15000000000000002
62043.9270171243	300	13.773983748803989	0.0	146754	2443.340126537656	0.3
62050.10122891248	750	11.599771960620012	0.0	379700	6174.211788183978	0.3
62053.07521098262	300	12.625789890482327	0.0	181901	2973.9820701376843	-0.15000000000000002
62054.9237004182	300	14.777300454908625	0.0	111155	1848.489435573702	0.3
62061.41006487589	750	12.290935997212308	0.0	400396	6486.364457696316	0.3
62063.83901274435	300	13.861988128756959	0.0	149029	2428.94786845535	-0.15000000000000002
62070.06338301365	750	11.637617859456045	0.0	358218	6224.370269300915	0.3
62073.07847366042	300	12.622527212691951	0.0	157488	3015.0906467640916	-0.15000000000000002
62075.65007179363	300	14.050929079475175	0.0	143881	2571.598133216778	0.3
62083.03628987767	750	10.664710995433502	0.0	412837	7386.218084041672	0.3
62106.63813078829	300	4.0	12.937129915182512	179328	23601.840910616014	-55.779658635284804
62112.45530440573	300	4.0	1.8171736174430435	159914	5817.173617443043	-7.513846555005087
62114.623153719964	300	5.832150685771593	0.0	131610	2167.849314228407	0.3
62116.65884268257	300	7.796461723166239	0.0	124011	2035.6889626053544	0.3
62119.31115290297	300	9.144151502771448	0.0	144254	2652.3102203947906	0.3
62121.860867643496	300	10.594436762239972	0.0	149991	2549.7147405314745	0.3
62124.25104669926	300	12.204257706476014	0.0	147968	2390.1790557639592	0.3
62126.9488285905	300	13.506475815233262	0.0	161857	2697.781891242751	0.3
62136.14066624892	750	8.314638156816965	0.0	372093	9191.837658416296	0.3
62139.29245028516	300	9.162854120578029	0.0	172312	3151.7840362389366	-0.15000000000000002
62142.41667083785	300	10.038633567884416	0.0	167025	3124.220552693614	0.3
62145.11319491899	300	11.342109486744071	0.0	160064	2696.5240811403432	0.3
62147.50080731757	300	12.954497088161137	0.0	137507	2387.612398582934	0.3
62149.666567627966	300	14.788736777765083	0.0	118421	2165.7603103960546	0.3

