60755.00637842706	750	4.0	10.775609837458461	450283	10775.609837458462	-45.58512230107138
60759.66118559325	300	4.0	0.6548071661882577	155580	4654.807166188258	-2.9656708146095085
60761.533357091204	300	6.127828502045256	0.0	139857	1872.1714979547442	0.3
60767.496664017155	300	4.164521576091559	0.0	155432	5963.306925953697	0.3
60770.35006052755	300	5.311125065702062	0.0	163442	2853.396510389497	0.3
60771.44391849579	300	8.217267097458128	0.0	126289	1093.857968243933	0.3
60775.1454887181	300	8.515696875151027	0.0	153295	3701.5702223071025	0.3
60776.930565238596	300	10.730620354653471	0.0	173849	1785.076520497557	0.3
60778.61312084467	300	13.048064748580545	0.0	150710	1682.5556060729245	0.3
60785.94353500969	750	9.717650583562536	0.0	362795	7330.414165018009	0.3
60790.7133597829	300	8.947825810347663	0.0	141840	4769.824773214873	-0.15000000000000002
60792.301517049156	300	11.359668544096131	0.0	156148	1588.157266251532	0.3
60794.12399904474	300	13.537186548507815	0.0	160746	1822.481995588315	0.3
60805.26868859764	750	6.392496995615524	0.0	434409	11144.689552892292	0.3
60808.94216896766	300	6.719016625598803	0.0	140051	3673.4803700167213	-0.15000000000000002
60812.330983770415	300	7.330201822842902	0.0	138313	3388.8148027559	0.3
60818.67905979919	300	4.9821257940650705	0.0	143509	6348.076028777832	0.3
60825.18228296643	300	4.0	1.521097373169131	150616	6503.223167234201	-6.240718704627263
60827.01250904594	300	6.169773920481421	0.0	165384	1830.2260795185794	0.3
60828.69310507802	300	8.489177888404388	0.0	140881	1680.5960320770319	0.3
60830.35141805214	300	10.830864914290053	0.0	157671	1658.312974114335	0.3
60837.98980603238	300	7.1924769340487105	0.0	157812	7638.387980241344	0.3
60842.61338714362	300	6.568895822814564	0.0	163927	4623.581111234145	0.3
60846.639900542774	300	6.542382423660582	0.0	137654	4026.5133991539824	0.3
60851.15269229316	300	6.029590673273182	0.0	146754	4512.7917503874005	0.3
60853.15362603459	300	8.028656931847209	0.0	153938	2000.9337414259737	0.3
60854.76090912438	300	10.42137384204976	0.0	181901	1607.2830897974482	0.3
60855.794515709335	300	13.387767257098384	0.0	111155	1033.6065849513775	0.3
60866.78311574612	750	6.399167220314491	0.0	400396	10988.600036783891	0.3
60870.9745985292	300	6.207684437230816	0.0	149029	4191.482783083676	-0.15000000000000002
60872.44401201941	300	8.738270947022382	0.0	157421	1469.4134902084352	0.3
60878.83552846308	300	6.346754503353336	0.0	157488	6391.516443669046	0.3
60884.08310152876	300	5.099181437668796	0.0	143881	5247.57306568454	0.3
60893.37793725922	300	4.0	4.195654292784635	163444	9294.835730453431	-17.741313458973927
60896.91578210215	300	4.46215515706458	0.0	179328	3537.8448429354203	0.3
60898.09634937547	300	7.281587883746686	0.0	159914	1180.5672733178947	0.3
60899.0821215958	300	10.29581566341971	0.0	131610	985.7722203269764	0.3
60904.60395454828	750	8.773982710939617	0.0	361565	5521.832952480091	0.3
60905.780440786526	300	11.597496472693198	0.0	144254	1176.4862382464187	-0.15000000000000002
60907.25416502722	300	14.12377223200488	0.0	149991	1473.724240688318	0.3
60915.114691388146	750	10.263245871077256	0.0	345516	7860.526360927625	0.3
60919.17513419392	300	10.202803065298776	0.0	161857	4060.4428057784794	-0.15000000000000002
60922.88311446467	300	10.49482279455248	0.0	145210	3707.9802707462964	0.3
60935.309200225856	300	4.0	1.9312629666396732	172312	12426.085761192153	-8.004430756550594
60941.75129379227	300	4.0	2.442093566407574	167025	6442.093566407574	-10.201002335552568
60945.5576004306	300	4.193693361671307	0.0	160064	3806.3066383286928	0.3
60946.67469802128	300	7.076595770995056	0.0	137507	1117.0975906762508	0.3
60947.701078668855	300	10.050215123417791	0.0	118421	1026.380647577266	0.3

