32854.498134927	750	4.0	3.8065048294078423	450283	3806.5048294078424	1	-15.61797076645372
32856.663685350635	300	5.8344495763680975	0.0	398865	2165.550423631903	0	0.75
32857.29444955433	750	9.203685372674302	0.0	139857	630.7642036937948	1	-0.15000000000000002
32858.880183604844	750	11.617951322155982	0.0	382355	1585.7340505183215	1	0.3
32860.58093241568	750	13.917202511324762	0.0	411561	1700.7488108312195	1	0.75
32865.46234447623	750	13.035790450768202	0.0	318564	4881.41206055656	1	0.75
32867.430401435944	750	15.067733491057574	0.0	352642	1968.056959710628	1	0.75
32868.869594245574	1850	17.62854068143011	0.0	437162	1439.1928096274628	3	0.75
32872.623070975635	1850	17.875063951368343	0.0	852833	3753.47673006177	3	0.75
32875.17059577701	1850	19.32753914999181	0.0	913888	2547.524801376529	3	1.85
32881.69119806065	1850	16.806936866353116	0.0	939819	6520.602283638694	3	1.85
32895.391509469504	300	7.106625457502141	0.0	917428	13700.311408850976	0	1.85
32896.81914817953	300	9.678986747471798	0.0	160746	1427.638710030344	0	-1.25
32898.627659291604	750	11.870475635401876	0.0	179801	1808.511112069922	1	0.3
32901.311287834396	750	13.186847092606895	0.0	337059	2683.6285427949797	1	0.3
32911.64927714224	300	6.848857784760325	0.0	366214	10337.98930784657	0	0.75
32918.084731462994	300	4.4134034640146735	0.0	143509	6435.454320745651	0	-0.15000000000000002
32921.45246007363	300	5.0456748533765365	0.0	150616	3367.728610638137	0	0.3
32925.28082393235	300	5.217310994657006	0.0	165384	3828.3638587195305	0	0.3
32927.76278829168	300	6.735346635327467	0.0	140881	2481.964359329539	0	0.3
32929.10952568808	300	9.388609238921916	0.0	157671	1346.7373964055523	0	0.3
32931.38031832465	300	11.117816602353276	0.0	157812	2270.792636568639	0	0.3
32935.19693892565	300	11.30119600135392	0.0	163927	3816.6206009993543	0	0.3
32936.64617716228	750	13.851957764725258	0.0	137654	1449.2382366286638	1	0.3
32942.908324595184	750	11.589810331816459	0.0	359903	6262.147432908798	1	0.3
32945.8931673274	750	12.604967599606073	0.0	379700	2984.842732210385	1	0.75
32956.07713992126	300	6.420995005743431	0.0	425781	10183.972593862643	0	0.75
32957.41299516189	300	9.08513976511042	0.0	111155	1335.855240633011	0	-0.15000000000000002
32958.999288432475	300	11.498846494527458	0.0	153605	1586.293270582963	0	0.3
32960.54070817676	750	13.957426750237177	0.0	149029	1541.4197442902796	1	0.3
32966.03331162878	750	12.4648232982259	0.0	358218	5492.603452011277	1	0.3
32969.33835371532	750	13.159781211682454	0.0	400322	3305.042086543446	1	0.75
32972.22758420467	750	14.270550722332223	0.0	369834	2889.230489350232	1	0.75
32975.443462159456	750	15.054672767542016	0.0	412837	3215.8779547902077	1	0.75
32981.79218224841	750	12.705952678585888	0.0	401088	6348.720088956127	1	0.75
32994.0759650982	300	4.4221698287990145	0.0	365161	12283.782849786872	0	0.75
33003.56660624651	300	4.0	5.068471319510649	131610	9490.641148309664	0	-21.944426673895787
33006.30852074591	300	5.258085500605793	0.0	124011	2741.9144993942073	0	0.3
33008.94193399178	300	6.624672254728586	0.0	144254	2633.413245877206	0	0.3
33014.202956753674	300	5.363649492835739	0.0	149991	5261.0227618928475	0	0.3
33017.599530099214	300	5.967076147293368	0.0	147968	3396.57334554237	0	0.3
33020.461757662655	300	7.104848583854644	0.0	161857	2862.2275634387247	0	0.3
33022.69201088214	300	8.874595364365577	0.0	145210	2230.2532194890673	0	0.3
33025.137886203665	300	10.428720042843498	0.0	172312	2445.875321522081	0	0.3
33027.388401262404	300	12.178204984103385	0.0	167025	2250.515058740112	0	0.3
33029.54845707658	300	14.018149169930792	0.0	160064	2160.055814172593	0	0.3
33031.20535643067	750	16.361249815839873	0.0	137507	1656.8993540909203	1	0.3
33034.727008008136	750	16.83959823837954	0.0	314107	3521.651577460328	1	0.3

