82582.06999590367	300	4.0	7.242352224935569	450283	7242.352224935569	0	-30.392114567222947
82584.09103988745	300	5.978956016210478	0.0	155580	2021.043983789523	0	-0.15000000000000002
82585.81176201542	300	8.258233888247009	0.0	139857	1720.7221279634684	0	0.3
82587.71520111246	300	10.354794791214914	0.0	155432	1903.4390970320958	0	0.3
82589.71260893643	300	12.35738696723324	0.0	163442	1997.4078239816756	0	0.3
82591.27415906847	300	14.795836835181367	0.0	126289	1561.5501320518706	0	0.3
82593.13513384051	750	16.93486206315592	0.0	153295	1860.9747720254497	1	0.3
82597.97333638536	750	16.096659518297635	0.0	437162	4838.2025448582835	1	0.3
82602.13231504614	750	15.937680857512843	0.0	374758	4158.978660784791	1	0.75
82606.16108482088	750	15.908911082779767	0.0	362795	4028.7697747330762	1	0.75
82609.85473129574	750	16.2152646079216	0.0	353220	3693.646474858167	1	0.75
82613.15064918995	750	16.91934671371064	0.0	405134	3295.9178942109556	1	0.75
82616.29746928984	750	17.77252661382691	0.0	386351	3146.820099883734	1	0.75
82619.8257695473	750	18.244226356365704	0.0	434409	3528.3002574612033	1	0.75
82622.58131410665	750	19.488681797022743	0.0	337059	2755.544559342959	1	0.75
82625.56828847983	750	20.50170742382629	0.0	366214	2986.9743731964504	1	0.75
82628.51253307468	750	21.557462828985983	0.0	360831	2944.244594840308	1	0.75
82631.55308041353	750	22.516915490133652	0.0	372963	3040.547338852332	1	0.75
82634.85266562292	750	23.217330280745184	0.0	405596	3299.585209388466	1	0.75
82637.27664284092	1850	24.793353062745048	0.0	350713	2423.9772180001355	3	0.75
82641.89487955699	1850	24.17511634668852	0.0	891604	4618.236716056529	3	0.75
82646.66165393227	1850	23.408341971405708	0.0	955231	4766.774375282808	3	1.85
82651.12440223669	1850	22.945593667001003	0.0	968026	4462.748304404708	3	1.85
82655.16223911193	1850	22.9077567917487	0.0	874175	4037.836875252303	3	1.85
82658.81583976134	1850	23.254156142333102	0.0	897976	3653.6006494156004	3	1.85
82662.16836699244	1850	23.901628911230894	0.0	905935	3352.527231102204	3	1.85
82664.43416507616	4300	25.63583082750087	0.0	1076599	2265.7980837300233	5	1.85
82668.31924770927	4300	25.750748194386038	0.0	1972048	3885.0826331148355	5	1.8499999999999996
82683.87804248194	1850	14.191953421710746	0.0	2134614	15558.79477267529	3	4.3
82694.89105311468	750	7.178942788975347	0.0	975811	11013.010632735399	1	-0.6000000000000001
82698.87000544634	300	7.199990457313299	0.0	358218	3978.9523316620493	0	-0.3500000000000001
82700.66415215257	300	9.405843751093085	0.0	157488	1794.1467062202146	0	-0.15000000000000002
82702.31019618284	300	11.759799720832554	0.0	143881	1646.044030260532	0	0.3
82704.16916978241	750	13.900826121247464	0.0	163444	1858.9735995850904	1	0.3
82707.54950046037	750	14.52049544328477	0.0	401088	3380.3306779626946	1	0.3
82710.5281162126	750	15.541879691044851	0.0	365161	2978.615752239918	1	0.75
82713.15669387527	750	16.913302028377817	0.0	321064	2628.577662667034	1	0.75
82716.10676489725	750	17.963231006394018	0.0	361565	2950.0710219837983	1	0.75
82719.18989119415	750	18.880104709506696	0.0	378327	3083.1262968873216	1	0.75
82722.37107451352	750	19.698921390134995	0.0	390680	3181.1833193717043	1	0.75
82725.19374999161	750	20.87624591205566	0.0	345516	2822.675478079333	1	0.75
82728.32591670661	750	21.74407919705869	0.0	384505	3132.1667149969726	1	0.75
82731.34430604923	750	22.725689854431938	0.0	372093	3018.389342626749	1	0.75
82733.93495678541	750	24.135039118248162	0.0	438281	2590.6507361837776	1	0.75
82735.99463293655	1850	26.075362967102155	0.0	398987	2059.6761511460045	3	0.75
82740.9473949055	1850	25.122600998168206	0.0	982064	4952.761968933949	3	0.75
82744.84194207694	1850	25.228053826717833	0.0	830730	3894.5471714503733	3	1.85
82748.75389151053	1850	25.316104393129258	0.0	846370	3911.949433588574	3	1.85

