25727.341819466965	300	4.0	2.798950314562016	181801	2798.950314562016	-11.735486352616668
25729.354908710193	300	5.9869107567694	0.0	155580	2013.0892432306002	0.3
25731.17263889589	300	8.169180571073925	0.0	139857	1817.7301856954753	0.3
25733.183889231754	300	10.157930235209296	0.0	155432	2011.250335864627	0.3
25735.294664216275	300	12.04715525068625	0.0	163442	2110.7749845230474	0.3
25736.94381132669	300	14.398008140271354	0.0	126289	1649.147110414894	0.3
25738.928509331196	300	16.413310135765407	0.0	153295	1984.6980045059445	0.3
25741.168591808677	300	18.173227658285033	0.0	173849	2240.0824774803746	0.3
25743.121171059527	300	20.22064840743477	0.0	150710	1952.5792508502618	0.3
25744.929557607797	300	22.4122618591664	0.0	139105	1808.3865482683675	0.3
25746.77192666719	300	24.569892799776838	0.0	141840	1842.3690593895635	0.3
25748.79207333869	300	26.549746128276826	0.0	156148	2020.146671500011	0.3
25750.869350389028	300	28.472469077933944	0.0	160746	2077.2770503428846	0.3
25753.183386762743	300	30.158432704221994	0.0	179801	2314.0363737119496	0.3
25755.003527408095	300	32.338292058871126	0.0	140051	1820.1406453508725	0.3
25756.802073316943	300	34.53974615002067	0.0	138313	1798.5459088504563	0.3
25758.6651797844	300	36.676639682564826	0.0	143509	1863.1064674558436	0.3
25760.61659108057	300	38.725228386392956	0.0	150616	1951.4112961718733	0.3
25762.751495511744	300	40.59032395521639	0.0	165384	2134.9044311765624	0.3
25764.581948948406	300	42.75987051855635	0.0	140881	1830.4534366600471	0.3
25766.621018970705	300	44.72080049625649	0.0	157671	2039.070022299858	0.3
25768.471118992256	300	46.870700474704066	0.0	157812	1850.1000215524255	0.3
25770.35404336756	300	48.98777609940616	0.0	163927	1882.9243752979003	0.3
25771.948008437117	300	51.39381102984924	0.0	137654	1593.9650695569198	0.3
25773.642058372592	300	53.699761094375106	0.0	146754	1694.0499354741323	0.3
25776.394295898834	300	54.94752356813469	0.0	153938	2752.2375262404157	0.3
25781.97456919158	300	53.36725027538612	0.0	181901	5580.27329274857	0.3
25783.332658732015	300	56.009160734954484	0.0	111155	1358.0895404316334	0.3
25785.178849581353	300	58.16296988561797	0.0	153605	1846.1908493365213	0.3
25787.352870287457	300	59.59894959923877	0.0	149029	2064.0202863791947	0.3
25791.05622058191	300	59.89559930478427	0.0	157421	2203.350294454501	0.3
25794.9760467207	300	59.761361664928195	0.0	157488	2134.237639856072	0.3
25798.804679890865	300	59.696339344564194	0.0	143881	2065.022320364007	0.3
25802.300918510373	300	59.78502546450904	0.0	163444	1911.3138800551524	0.3
25805.89059170602	300	59.75015128886287	0.0	179328	2034.8741756461718	0.3
25809.470357871996	300	59.697167632873466	0.0	159914	2052.9836559893984	0.3
25812.721656617974	300	59.54590956162976	0.0	131610	1651.2580712437077	0.3
25815.052768225753	300	59.98537400450642	0.0	124011	1560.535557123345	0.3
25818.017705860504	300	59.59719328495887	0.0	144254	1888.18071954755	0.3
25821.00154293951	300	59.610653172507014	0.0	149991	1986.5401124518526	0.3
25823.812687127425	300	59.659729613575905	0.0	147968	1950.9235589311113	0.3
25826.847983034288	300	59.53319202113758	0.0	161857	2126.537592438317	0.3
25829.522843260896	300	59.617140915544574	0.0	145210	1916.051105593011	0.3
25832.363141326503	300	59.788896500250466	0.0	172312	2328.244415294108	0.3
25835.301719475774	300	59.529634327769735	0.0	167025	2259.2621724807236	0.3
25837.98113208383	300	59.736086027636	0.0	160064	2293.5483001337398	0.3
25840.61680596975	300	59.56768113463851	0.0	137507	2168.4048929974792	0.3
25842.71819061695	300	59.710123343999456	0.0	118421	1857.5577906390613	0.3

