27177.66734556498	300	4.0	2.1457247488714883	181801	2145.7247488714884	-8.926616420147399
27178.224788029842	300	7.44255753513668	0.0	155580	557.4424648633204	0.3
27178.803976887022	300	10.863368677957869	0.0	139857	579.1888571788106	0.3
27179.374775685767	300	14.292569879213259	0.0	155432	570.7987987446098	0.3
27179.872447480317	300	17.79489808466196	0.0	163442	497.67179455130076	0.3
27180.275284449584	300	21.392061115395016	0.0	126289	402.8369692669438	0.3
27180.747157797254	300	24.92018776772597	0.0	153295	471.87334766904604	0.3
27181.271574051007	300	28.395771513973948	0.0	173849	524.4162537520206	0.3
27181.736839273144	300	31.930506291838835	0.0	150710	465.26522213511157	0.3
27182.172438229583	300	35.494907335398615	0.0	139105	435.5989564402143	0.3
27182.615028761782	300	39.052316803200064	0.0	141840	442.590532198555	0.3
27183.094195332716	300	42.573150232262805	0.0	156148	479.166570937253	0.3
27183.5851159312	300	46.08222963378009	0.0	160746	490.92059848271947	0.3
27184.12474748986	300	49.54259807512363	0.0	179801	539.6315586564608	0.3
27186.880533118627	300	50.78681244635582	0.0	140051	2755.785628767807	0.3
27187.85300575817	300	53.81433980681442	0.0	138313	972.4726395414037	0.3
27188.845910543623	300	56.821435021359484	0.0	143509	992.9047854549333	0.3
27191.233802592556	750	58.43354297242639	0.0	372963	2387.8920489330935	0.3
27194.13390340541	750	59.53344215957382	0.0	405596	2400.1008128525636	0.75
27197.270793725213	750	59.6466383296214	0.0	350713	1886.8038299524205	0.75
27199.266203879335	750	59.72997654898567	0.0	386472	916.6617806357355	0.75
27203.501907418708	1200	59.4942730096093	0.0	616206	4235.703539376362	0.75
27206.648624900317	1200	59.748140225235595	0.0	656471	2246.132784373705	1.2
27210.363737740783	1200	59.55487610212101	0.0	536667	2693.264123114587	1.2
27214.10665907596	1200	59.81195476694733	0.0	587236	3742.9213351736744	1.2
27217.568848040766	1200	59.63724537850451	0.0	590335	2674.7093884428264	1.2
27220.638183460112	1200	59.70631745701656	0.0	696376	2430.9279214879502	1.2
27223.055587555715	1200	59.518819141943126	0.0	487160	1687.4983150734317	1.2
27225.484275195908	1200	59.88342816061054	0.0	622896	2135.3909813325813	1.2
27228.11778072946	1200	59.68682381766591	0.0	641447	2196.6043429446327	1.2
27230.79165476413	1200	59.51483730123218	0.0	570392	2171.986516433731	1.2
27233.237147920852	1200	59.753034481990696	0.0	620283	2261.8028192414768	1.2
27235.541834253818	1200	59.65653655194783	0.0	584349	2096.497930042871	1.2
27239.257456484193	1200	59.940914321572684	0.0	670129	2215.622230375141	1.2
27243.323784251104	1200	59.78565568706417	0.0	690253	2155.2586345085165	1.2
27245.13313300832	1200	59.54251592615883	0.0	598727	1743.1397609053467	1.2
27248.49380501748	1200	59.60528441973516	0.0	487812	1437.231506423659	1.2
27251.68759853933	1200	59.69610794257776	0.0	575591	1409.176477157405	1.2
27254.690050187543	1200	59.789190624618875	0.0	605884	1406.9173179588875	1.2
27257.429366183278	1200	59.92329972417941	0.0	587506	1365.8909004394638	1.2
27260.378388903566	1200	59.60250100038299	0.0	566904	1320.7987237964105	1.2
27263.592762549466	1200	59.51242608717613	0.0	641452	1590.074913206864	1.2
27266.26066429401	1200	59.946624632751195	0.0	599477	1565.801454424932	1.2
27270.40412819975	1200	59.8031607270151	0.0	634861	4143.463905736097	1.2
27274.44623344732	1200	59.76105547944127	0.0	630203	3042.1052475738343	1.2
27278.39652173098	1200	59.81076719578092	0.0	638661	1450.2882836603444	1.2
27280.50558051041	1200	59.72321668561308	0.0	538612	1087.5505101678455	1.2
27282.578149691275	1200	59.65768622980914	0.0	550906	1065.5304558039443	1.2

