35961.00686285081	300	4.0	2.2197873421475984	181801	2219.7873421475983	-9.245085571234672
35962.91803052696	300	6.088832323852326	0.0	155580	1911.1676761476742	0.3
35964.64413939496	300	8.362723455855248	0.0	139857	1726.1088679970771	0.3
35966.55356511959	300	10.4532977312185	0.0	155432	1909.4257246367488	0.3
35968.557268084776	300	12.449594766024205	0.0	163442	2003.7029651942935	0.3
35970.12368237102	300	14.883180479785526	0.0	126289	1566.4142862386789	0.3
35976.75194147825	300	12.254921372555902	0.0	153295	6628.259107229623	0.3
35983.6619562158	300	9.344906635006256	0.0	173849	6910.014737549647	0.3
35990.126995057704	300	6.879867793101968	0.0	150710	6465.0388419042865	0.3
35995.94809786192	300	5.0587649888917365	0.0	139105	5821.102804210232	0.3
36001.1165559015	300	4.0	0.10969305068723316	141840	5168.45803957897	-0.17168011795510257
36005.556303938894	300	4.0	0.4397480373989647	156148	4439.748037398965	-1.590916560815548
36010.124430959535	300	4.0	0.5681270206453746	160746	4568.127020645375	-2.142946188775111
36015.22458528026	300	4.0	1.1001543207237445	179801	5100.154320723745	-4.430663579112101
36019.21489519384	300	4.0096900864195355	0.0	140051	3990.3099135804646	0.3
36023.15667908026	300	4.0679061999991974	0.0	138313	3941.783886420338	0.3
36027.24353847711	300	4.0	0.018953196849229244	143509	4086.8593968484265	0.21850125354831423
36031.528829677765	300	4.0	0.2852912006614397	150616	4285.29120066144	-0.9267521628441906
36036.22645250622	300	4.0	0.6976228284524323	165384	4697.622828452432	-2.699778162345459
36040.23993652943	300	4.0	0.013484023213896763	140881	4013.4840232138968	0.2420187001802439
36045.89567519832	300	4.0	1.6557386688858495	157671	5655.73866888585	-6.819676276209153
36052.5791850861	300	4.0	2.6835098877739747	157812	6683.509887773975	-11.239092517428091
36059.518571985536	300	4.0	2.9393868994317565	163927	6939.386899431756	-12.339363667556551
36065.35858738419	300	4.0	1.8400153986492715	137654	5840.015398649271	-7.612066214191867
36071.57938459904	300	4.0	2.2207972148530017	146754	6220.797214853002	-9.249428023867907
36076.89940511241	300	4.0	1.3200205133740384	153938	5320.020513374038	-5.3760882075083645
36082.483529779085	300	4.0	1.584124666679275	181901	5584.124666679275	-6.511736066720882
36085.92695811276	300	4.556571666319949	0.0	111155	3443.4283336800504	0.3
36090.65487686761	300	4.0	0.17134708852620315	153605	4727.918754846152	-0.43679248066267345
36095.244330883535	300	4.0	0.5894540159237477	149029	4589.454015923748	-2.2346522684721153
36100.087717611226	300	4.0	0.8433867276887876	157421	4843.386727688788	-3.326562929061787
36104.9331316854	300	4.0	0.8454140741721358	157488	4845.414074172136	-3.3352805189401837
36109.36681287003	300	4.0	0.4336811846360406	143881	4433.681184636041	-1.5648290939349745
36114.3924489689	300	4.0	1.0256360988709647	163444	5025.636098870965	-4.110235225145148
36119.89871747884	300	4.0	1.5062685099381579	179328	5506.268509938158	-6.176954592734079
36124.81753965105	300	4.0	0.9188221722109811	159914	4918.822172210981	-3.6509353405072185
36128.8799138402	300	4.0	0.06237418915596572	131610	4062.3741891559657	0.03179098662934737
36132.712350627466	300	4.167563212738998	0.0	124011	3832.4367872610014	0.3
36137.15731838282	300	4.0	0.2774045426177736	144254	4444.967755356772	-0.8928395332564263
36141.775881463174	300	4.0	0.618563080356299	149991	4618.563080356299	-2.359821245532086
36146.23248563975	300	4.0	0.4566041765745749	147968	4456.604176574575	-1.663397959270672
36151.096911285946	300	4.0	0.864425646190989	161857	4864.425646190989	-3.4170302786212527
36155.46925853125	300	4.0	0.3723472453053846	145210	4372.347245305385	-1.3010931548131537
36160.64272963195	300	4.0	1.1734711007028535	172312	5173.471100702854	-4.74592573302227
36165.65991921013	300	4.0	1.017189578177342	167025	5017.189578177342	-4.07391518616257
36170.47134452156	300	4.0	0.8114253114286967	160064	4811.425311428697	-3.189128839143396
36174.61599428852	300	4.0	0.1446497669596265	137507	4144.6497669596265	-0.321993997926394
36178.19646982833	300	4.419524460186565	0.0	118421	3580.475539813435	0.3

