11685.162518226382	750	4.0	1.128865401941827	450283	1128.865401941827	0.39888103508659406	-4.104121228349856
11685.5882697789	300	7.574248447480691	0.0	155580	425.75155251930914	0.36542438677999645	-0.15000000000000002
11686.96747865978	750	10.195039566600771	0.0	350812	1379.2088808799194	0.2543574108775938	0.3
11689.190764063662	1200	11.971754162718721	0.0	617681	2223.285403882052	0.27782353040301283	0.75
11691.560825677665	1850	13.601692548715805	0.0	996749	2370.0616140029147	0.4205582648615372	1.2000000000000002
11694.07379193556	2850	15.088726290821251	0.0	1224260	2512.966257894556	0.48717725363559977	1.85
11697.914201480507	4300	15.248316745871941	0.0	2157535	3840.409544949309	0.5617981558340488	2.8499999999999996
11701.510559498134	4300	15.651958728244546	0.0	2290172	3596.358017627396	0.6368031182587549	4.3
11704.74655166734	4300	16.41596655903867	0.0	2055469	3235.992169205879	0.6351897323980291	4.3
11708.157169336317	4300	17.005348890062116	0.0	2169201	3410.6176689765502	0.6360141213514936	4.3
11711.574421521387	4300	17.588096704990633	0.0	2173522	3417.252185071485	0.6360437808761055	4.3
11722.35749333548	4300	10.805024890898585	0.0	2102452	10783.071814092047	0.1949770933781943	4.3
11726.068290837904	1200	11.094227388474673	0.0	624282	3710.797502423911	0.16823391726231787	-1.9000000000000001
11731.922926114856	1850	9.239592111524528	0.0	1036454	5854.635276950144	0.17703135224845643	1.2000000000000002
11734.721628398682	1200	10.44088982769853	0.0	526950	2798.7022838259977	0.1882836924260579	0.5499999999999999
11737.796199366529	1200	11.366318859850407	0.0	587876	3074.570967848124	0.1912058645409806	1.2
11742.463913412907	1850	10.698604813473	0.0	966699	4667.714046377407	0.2071033037574894	1.2000000000000002
11745.208424274462	1200	11.954093951918283	0.0	581493	2744.5108615547183	0.21187491299290911	0.5499999999999999
11749.749851565679	1850	11.412666660699436	0.0	987708	4541.427291218845	0.21748845388536764	1.2000000000000002
11754.061946497099	1850	11.100571729278922	0.0	923755	4312.094931420515	0.21422417982242595	1.85
11758.400903035312	1850	10.76161519106808	0.0	891604	4338.956538210841	0.2054881149760608	1.85
11761.971813310678	1200	11.190704915701511	0.0	616206	3570.910275366569	0.17256272280230953	0.5499999999999999
11766.926189179232	1850	10.236329047145631	0.0	968026	4954.3758685558805	0.19538808230998503	1.2000000000000002
11769.384414450222	1200	11.778103776156215	0.0	536667	2458.2252709894155	0.21831481692643895	0.5499999999999999
11777.134057136562	1850	8.02846108981661	0.0	897976	7749.642686339605	0.11587321330090146	1.2000000000000002
11779.21790124761	750	9.944616978768023	0.0	379700	2083.8441110485874	0.18221132664714323	-0.3500000000000001
11782.921893286155	1200	10.240624940222586	0.0	696376	3703.992038545437	0.1880068835875435	0.75
11785.53425431185	1200	11.62826391452737	0.0	487160	2612.3610256952165	0.18648264738613382	1.2
11790.898035559085	1850	10.264482667293809	0.0	972798	5363.781247233561	0.18136421959820473	1.2000000000000002
11794.777231605876	1200	10.385286620501793	0.0	641447	3879.1960467920167	0.16535565417748305	0.5499999999999999
11797.882775951637	1200	11.279742274741993	0.0	570392	3105.544345759799	0.18366892772881932	1.2
11802.851212690517	1850	10.311305535861031	0.0	954453	4968.436738880962	0.19210328120530135	1.2000000000000002
11805.996367655765	1200	11.166150570613901	0.0	584349	3145.15496524713	0.18579338902434173	0.5499999999999999
11811.428736273398	1850	9.733781952981936	0.0	1035329	5432.368617631965	0.19058518905355734	1.2000000000000002
11815.312217152024	1200	9.850301074354608	0.0	690253	3883.480878627328	0.17774080047588128	0.5499999999999999
11818.67943370753	1200	10.483084518847903	0.0	598727	3367.216555506705	0.1778106605649848	1.2
11821.23803776557	1200	11.92448046080714	0.0	487812	2558.6040580407625	0.1906555250184116	1.2
11826.035098321023	1850	11.12741990535419	0.0	938587	4797.060555452951	0.19565877669254816	1.2000000000000002
11830.05931883946	1850	11.103199386917845	0.0	908665	4024.220518436343	0.22579900774251613	1.85
11834.244914382429	1850	10.917603843949044	0.0	930577	4185.595542968801	0.22232845731194348	1.85
11836.942085659368	1200	12.220432567008169	0.0	566904	2697.1712769408746	0.21018464969083508	0.5499999999999999
11841.149938053664	1850	12.012580172712532	0.0	1025005	4207.852394295637	0.24359338302587444	1.2000000000000002
11843.910045629533	1850	13.252472596843466	0.0	886255	2760.107575869066	0.3210943688384855	1.85
11847.79024096619	2850	13.37227726018672	0.0	1587250	3880.1953366567473	0.4090644574011591	1.85
11850.689578135276	2850	14.47294009109988	0.0	1464921	2899.3371690868403	0.5052606559937917	2.85
11853.492918328726	2850	15.669599897649364	0.0	1483527	2803.3401934505146	0.5291997751346719	2.85
11856.66538365594	4300	16.49713457043728	0.0	1961140	3172.4653272120854	0.6181753928650248	2.8499999999999996
11860.111810210905	4300	17.05070801547193	0.0	2155012	3446.4265549653483	0.6252888218073944	4.3

