92499.37813523816	300	4.0	10.536082311941774	450283	10536.082311941775	0	-44.55515394134963
92505.04363653284	300	4.0	1.6655012946787255	155580	5665.501294678726	0	-7.31165556711852
92507.81491794255	300	5.228718590278819	0.0	139857	2771.2814097211804	0	0.3
92511.15664578562	300	5.886990747198592	0.0	155432	3341.7278430802276	0	0.3
92520.1882689461	300	4.0	3.1446324132796253	163442	9031.623160478217	0	-13.221919377102388
92524.65589454754	300	4.0	0.46762560141906395	126289	4467.625601419064	0	-1.710790086101975
92531.64504868226	300	4.0	2.9891541347221056	153295	6989.1541347221055	0	-12.553362779305052
92536.21913579415	300	4.0	0.5740871118886999	173849	4574.0871118887	0	-2.1685745811214097
92539.22505249575	300	4.99408329839929	0.0	150710	3005.91670160071	0	0.3
92541.05349008042	300	7.1656457137293215	0.0	139105	1828.4375846699672	0	0.3
92543.74153644862	300	8.47759934551247	0.0	141840	2688.0463682168524	0	0.3
92549.85878687252	300	6.360348921619563	0.0	156148	6117.250423892907	0	0.3
92556.03382410307	300	4.185311691068344	0.0	160746	6175.037230551218	0	0.3
92561.50841047417	300	4.0	1.289274680024827	179801	5474.586371093172	0	-5.243881124106756
92563.95145653911	300	5.55695393505419	0.0	140051	2443.04606494581	0	0.3
92578.50235870137	300	4.0	8.993948227209886	138313	14550.902162264078	0	-38.37397737700251
92588.00613753241	300	4.0	5.503778831037666	143509	9503.778831037665	0	-23.36624897346196
92593.09784425897	300	4.0	1.0917067265529403	150616	5091.70672655294	0	-4.394338924177643
92596.68224366195	300	4.415600597004164	0.0	165384	3584.3994029958353	0	0.3
92600.44160081887	300	4.656243440086783	0.0	140881	3759.357156917381	0	0.3
92604.67473566045	300	4.423108598512118	0.0	157671	4233.134841574665	0	0.3
92607.37715099992	300	5.720693259041518	0.0	157812	2702.4153394706	0	0.3
92613.53904073662	300	4.0	0.44119647765032916	163927	6161.889736691847	0	-1.5971448538964153
92616.19736171098	300	5.341679025633364	0.0	137654	2658.320974366636	0	0.3
92619.44069404066	300	6.098346695954402	0.0	146754	3243.3323296789627	0	0.3
92627.53765771126	300	4.0	1.9986169746620461	153938	8096.963670616448	0	-8.294052991046797
92635.19300626809	300	4.0	3.655348556811171	181901	7655.348556811171	0	-15.417998794288033
92639.5421761869	300	4.0	0.3491699188000939	111155	4349.169918800094	0	-1.2014306508404036
92644.05975377231	300	4.0	0.5175775854202529	153605	4517.577585420253	0	-1.9255836173070875
92647.41176286797	300	4.647990904331358	0.0	149029	3352.009095668642	0	0.3
92649.51604799567	300	6.5437057766388005	0.0	157421	2104.2851276925576	0	0.3
92652.32918501786	300	7.730568754439302	0.0	157488	2813.137022199498	0	0.3
92658.17471109405	300	5.885042678259237	0.0	143881	5845.5260761800655	0	0.3
92663.87962382732	300	4.180129944992042	0.0	163444	5704.912733267195	0	0.3
92669.93522916896	300	4.0	1.8754753966332756	179328	6055.605341625317	0	-7.764544205523085
92672.72655749162	300	5.208671677314525	0.0	159914	2791.328322685475	0	0.3
92687.09193871266	300	4.0	9.156709543714026	131610	14365.38122102855	0	-39.073851037970314
92695.68553175495	300	4.0	4.593593042304934	124011	8593.593042304934	0	-19.452450081911216
92701.2721046802	300	4.0	1.5865729252488372	144254	5586.572925248837	0	-6.52226357857
92704.3174559608	300	4.954648719408289	0.0	149991	3045.3512805917107	0	0.3
92708.00203382286	300	5.270070857337545	0.0	147968	3684.577862070744	0	0.3
92712.28830734295	300	4.983797337239257	0.0	161857	4286.273520098288	0	0.3
92714.98058565991	300	6.2915190202870335	0.0	145210	2692.2783169522236	0	0.3
92721.53490989216	300	4.0	0.2628052119690528	172312	6554.324232256086	0	-0.830062411466927
92724.72675516589	300	4.808154726259738	0.0	167025	3191.8452737402627	0	0.3
92728.25849385584	300	5.276416036293933	0.0	160064	3531.738689965804	0	0.3
92735.76983370999	300	4.0	2.2349238178486965	137507	7511.33985414263	0	-9.310172416749394
92740.8099961104	300	4.0	1.0401624004062195	118421	5040.16240040622	0	-4.172698321746744

