29118.710690245956	300	4.0	4.778290369576298	450283	4778.290369576298	0	-19.79664858917808
29120.27655274136	300	6.434137504597657	0.0	155580	1565.8624954023433	0	-0.15000000000000002
29121.692253159275	300	9.018437086680922	0.0	139857	1415.700417916734	0	0.3
29123.256702184768	750	11.453988061193218	0.0	155432	1564.449025487704	1	0.3
29127.267304154622	300	11.44338609133666	0.0	411561	4010.6019698565606	0	0.3
29128.553423763067	750	14.1572664828917	0.0	126289	1286.1196084449577	1	-0.15000000000000002
29132.001321449814	750	14.709368796147434	0.0	352642	3447.897686744267	1	0.3
29136.394218699435	750	14.316471546525134	0.0	437162	4392.8972496223	1	0.75
29137.386374578255	1850	17.324315667707108	0.0	374758	992.1558788180234	3	0.75
29141.92009417655	1850	16.790596069413493	0.0	913888	4533.7195982936155	3	0.75
29144.19086260117	1850	18.519827644792993	0.0	939819	2270.7684246204985	3	1.85
29146.390936242246	1850	20.319754003715197	0.0	917428	2200.0736410777963	3	1.85
29159.5575710411	750	11.153119204861497	0.0	946851	13166.634798853698	1	1.85
29163.154921035057	750	11.555769210905451	0.0	434409	3597.349993956047	1	-0.3500000000000001
29165.264883978543	750	13.445806267419966	0.0	337059	2109.962943485485	1	0.75
29167.402235747326	750	15.308454498634928	0.0	366214	2137.351768785039	1	0.75
29169.087237562027	750	17.623452683933582	0.0	360831	1685.001814701348	1	0.75
29171.240752775415	750	19.469937470542902	0.0	372963	2153.5152133906777	1	0.75
29174.631656484118	750	20.07903376183731	0.0	405596	3390.9037087055963	1	0.75
29177.4435445963	750	21.267145649656143	0.0	350713	2811.888112181166	1	0.75
29179.056366401706	750	23.65432384425141	0.0	386472	1612.8218054047338	1	0.75
29180.72242242401	1850	25.988267821950906	0.0	399894	1666.0560223005045	3	0.75
29184.641798526285	1850	26.068891719675136	0.0	968026	3919.3761022757735	3	0.75
29188.552602029296	1850	26.158088216661614	0.0	874175	3910.8035030135206	3	1.85
29196.421324319508	1850	22.289365926452213	0.0	897976	7868.722290209398	3	1.85
29200.71556080009	1850	21.995129445870088	0.0	905935	4294.236480582128	3	1.85
29205.607636717592	1850	21.10305352837021	0.0	1076599	4892.075917499873	3	1.85
29209.453748848806	1850	21.25694139715399	0.0	758197	3846.1121312162227	3	1.85
29212.920202888	1850	21.790487357961858	0.0	972798	3466.4540391921337	3	1.85
29217.19940394689	1850	21.51128629907615	0.0	975811	4279.20105888571	3	1.85
29220.78645210669	1850	21.924238139271477	0.0	873429	3587.048159804673	3	1.85
29225.98082437165	1850	20.729865874311848	0.0	954453	5194.37226495963	3	1.85
29228.973581929484	1850	21.73710831648129	0.0	885062	2992.757557830554	3	1.85
29234.934082975942	1850	19.77660727002135	0.0	1035329	5960.501046459939	3	1.85
29237.77366881838	1850	20.937021427583385	0.0	1026056	2839.5858424379653	3	1.85
29240.28307355539	1850	22.4276166905718	0.0	943942	2509.404737011587	3	1.85
29247.020470721476	1850	19.69021952448625	0.0	728962	6737.397166085549	3	1.85
29249.79316018133	1850	20.917530064634477	0.0	938587	2772.6894598517733	3	1.85
29253.84094847429	1850	20.869741771670064	0.0	908665	4047.7882929644124	3	1.85
29259.491387963204	1850	19.219302282757045	0.0	930577	5650.43948891302	3	1.85
29264.16082633454	1850	18.549863911424023	0.0	858450	4669.4383713330235	3	1.85
29269.174824187303	1850	17.535866058663885	0.0	1025005	5013.997852760139	3	1.85
29272.47881898039	1850	18.231871265573407	0.0	886255	3303.99479309048	3	1.85
29275.746697107326	1850	18.963993138637967	0.0	973972	3267.8781269354345	3	1.85
29279.947097924698	1850	18.763592321266884	0.0	958994	4200.4008173710845	3	1.85
29283.111597070358	1850	19.59909317560734	0.0	982064	3164.499145659543	3	1.85
29286.00369853573	1850	20.706991710236547	0.0	830730	2892.1014653707934	3	1.85
29287.851235841204	1850	22.85945440476195	0.0	846370	1847.537305474593	3	1.85

