15151.658440801013	750	4.0	1.3000886568336467	450283	1300.0886568336466	-4.84038122438468
15154.266088229137	1850	5.3923525718763266	0.0	957685	2607.6474281236738	0.75
15157.33129781011	1850	6.32714299090276	0.0	877771	3065.2095809735665	1.85
15164.901314902101	1850	4.0	1.2428741010883677	933276	7570.017091991128	-3.494358634679981
15166.121797378346	750	6.779517523754639	0.0	411561	1220.4824762453609	-0.3500000000000001
15168.597016994885	750	8.304297907216828	0.0	318564	2475.2196165378123	0.75
15170.143920393059	750	10.757394509042316	0.0	352642	1546.9033981745135	0.75
15173.434899548423	750	11.466415353678974	0.0	437162	3290.9791553633395	0.75
15174.317969072843	750	14.583345829258354	0.0	374758	883.0695244206207	0.75
15177.727740075816	1850	15.17357482628531	0.0	913888	3409.7710029730447	0.75
15181.425117404453	1850	15.476197497647211	0.0	939819	3697.3773286380992	1.85
15184.320710625896	1850	16.580604276204987	0.0	917428	2895.593221442225	1.85
15187.868330639376	1850	17.03298426272541	0.0	946851	3547.6200134795754	1.85
15190.411008985153	1850	18.4903059169483	0.0	1036454	2542.6783457771076	1.85
15193.04269010935	1850	19.85862479275146	0.0	821631	2631.681124196842	1.85
15198.862465210643	1850	18.038849691458257	0.0	923170	5819.775101293203	1.85
15204.62585529518	1850	16.275459606919576	0.0	966699	5763.390084538682	1.85
15208.544307235134	1850	16.357007666968617	0.0	885714	3918.4519399509586	1.85
15211.055803566689	1850	17.845511335412354	0.0	987708	2511.4963315562654	1.85
15217.11601027581	1850	15.785304626291675	0.0	923755	6060.206709120679	1.85
15227.17860326002	1850	9.722711642081343	0.0	891604	10062.59298421033	1.85
15230.971863310004	750	9.929451592097276	0.0	399894	3793.260049984067	-0.3500000000000001
15233.264314901067	750	11.637000001034277	0.0	401853	2292.451591062999	0.75
15237.733778168813	750	11.167536733288733	0.0	343800	4469.463267745545	0.75
15238.999284782125	750	13.902030119976978	0.0	359903	1265.5066133117537	0.75
15240.20915249133	750	16.692162410770862	0.0	379700	1209.8677092061134	0.75
15246.251480397137	1850	14.649834504964725	0.0	1076599	6042.327905806139	0.75
15256.200934818247	1850	8.700380083853494	0.0	758197	9949.454421111232	1.85
15257.322833471846	750	11.578481430254229	0.0	400396	1121.8986535992638	-0.3500000000000001
15259.638176928478	1850	13.263137973623584	0.0	975811	2315.3434566306464	0.75
15264.243915774561	1850	12.657399127540204	0.0	873429	4605.73884608338	1.85
15267.91816337203	1850	12.983151530072043	0.0	954453	3674.2475974681615	1.85
15273.328151655855	1850	11.573163246248525	0.0	885062	5409.988283823517	1.85
15279.154368755533	1850	9.746946146570037	0.0	1035329	5826.217099678488	1.85
15284.156587611315	1850	8.744727290788502	0.0	1026056	5002.218855781535	1.85
15286.364324112825	1850	10.536990789277242	0.0	943942	2207.736501511259	1.85
15288.087474916174	1850	12.813839985928466	0.0	728962	1723.1508033487762	1.85
15290.283140730115	1850	14.618174171986562	0.0	938587	2195.6658139419037	1.85
15292.411359464048	1850	16.489955438054043	0.0	908665	2128.2187339325174	1.85
15294.58896996381	1850	18.312344938291513	0.0	930577	2177.610499762531	1.85
15296.603999234381	1850	20.29731566771944	0.0	858450	2015.0292705720694	1.85
15298.994459572763	1850	21.90685532933896	0.0	1025005	2390.460338380481	1.85
15301.072164000732	1850	23.82915090136896	0.0	886255	2077.7044279700035	1.85
15303.34759102469	1850	25.55372387740994	0.0	973972	2275.4270239590187	1.85
15305.589256189001	1850	27.31205871309869	0.0	958994	2241.665164311248	1.85
15313.532267089053	1850	23.369047813048454	0.0	982064	7943.010900050233	1.85
15315.523289651495	1850	25.37802525060657	0.0	830730	1991.0225624418867	1.85
15318.576910018957	1850	26.324404883143647	0.0	846370	3053.620367462924	1.85

