13994.134841946761	750	4.0	6.196414842212308	450283	6196.414842212308	0.07266831086461528	-25.89458382151292
13996.023808119338	300	6.111033827423254	0.0	155580	1888.9661725767453	0.08236251249950802	-0.15000000000000002
13997.729959179873	300	8.404882766888058	0.0	139857	1706.1510605351962	0.081972225809905	0.3
14002.576756520368	750	7.558085426392649	0.0	382355	4846.797340495409	0.07888817566300761	0.3
14007.153851171171	750	6.980990775589513	0.0	411561	4577.094650803137	0.08991752004249769	0.75
14008.69336658415	300	9.441475362611571	0.0	126289	1539.5154129779419	0.08203165680278218	-0.15000000000000002
14015.246165413362	1200	6.888676533398572	0.0	561791	6552.798829212999	0.08573298443032958	0.29999999999999993
14016.983179216173	300	9.151662730589589	0.0	173849	1737.0138028089812	0.10008498477033582	-0.6000000000000001
14023.089559635859	1200	7.045282310902566	0.0	584846	6106.380419687023	0.09577621435350661	0.29999999999999993
14026.718081424438	750	7.4167605223215975	0.0	362795	3628.5217885809684	0.09998424183140452	0.3
14031.049653656188	750	7.085188290572866	0.0	353220	4331.572231748732	0.08154544841963744	0.75
14034.959243599247	750	7.17559834751341	0.0	405134	3909.5899430594563	0.10362570139081177	0.75
14038.295481006491	750	7.839360940268816	0.0	386351	3336.237407244594	0.11580440863142534	0.75
14041.845454183951	750	8.289387762809456	0.0	434409	3549.9731774593606	0.12236965697608373	0.75
14044.650387746646	750	9.484454200115815	0.0	337059	2804.9335626936418	0.12016648254453291	0.75
14049.426522271737	1200	8.708319675023922	0.0	587876	4776.134525091894	0.12308614778573246	0.75
14052.219266034956	750	9.91557591180626	0.0	360831	2792.743763217663	0.1292030456758654	0.3
14057.520970110476	1200	8.613871836285169	0.0	581493	5301.704075521091	0.10968039553260929	0.75
14061.100514948377	750	9.034326998383111	0.0	405596	3579.544837902058	0.11330937824981023	0.3
14065.831169254367	1200	8.30367269239439	0.0	586839	4730.65430598872	0.12405028185151842	0.75
14068.829561234119	750	9.30528071264182	0.0	386472	2998.391979752568	0.12889308756485274	0.3
14073.534803922807	1200	8.600038023953871	0.0	616206	4705.242688687948	0.13096157643078518	0.75
14076.52640451954	750	9.60843742721968	0.0	401853	2991.6005967341916	0.13432708913037605	0.3
14080.446637426432	1200	9.688204520327231	0.0	536667	3920.2329068924505	0.1368967132173311	0.75
14084.627685314841	1200	9.507156631918733	0.0	587236	4181.047888408498	0.14045187131868261	1.2
14089.166580937193	1200	8.96826100956579	0.0	590335	4538.895622352944	0.13006137376077684	1.2
14092.803579496778	750	9.331262449981038	0.0	425781	3636.998559584751	0.11706933423933304	0.3
14096.690338697117	1200	9.444503249642572	0.0	487160	3886.759200338465	0.12533835385469144	0.75
14101.376110663357	1200	8.758731283401936	0.0	622896	4685.771966240636	0.13293348555750256	1.2
14104.56463306591	750	9.57020888085031	0.0	400508	3188.5224025516272	0.12560927898122715	0.3
14109.024304155822	1200	9.110537790936688	0.0	570392	4459.6710899136215	0.12790001515807925	0.75
14115.389543548334	1200	6.745298398424219	0.0	620283	6365.239392512468	0.09744849513902788	1.2
14117.365131475573	300	8.769710471185412	0.0	143881	1975.5879272388086	0.07282945902645602	-0.6000000000000001
14122.260355948016	750	7.87448599874264	0.0	412837	4895.224472442772	0.08433464130685506	0.3
14127.407202622859	750	6.727639323899039	0.0	401088	5146.8466748436	0.0779288806018664	0.75
14129.205443681067	300	8.929398265691528	0.0	159914	1798.2410582075097	0.08892801066359957	-0.15000000000000002
14132.781516892373	750	9.353325054385085	0.0	321064	3576.073211306443	0.08978115967673549	0.3
14139.460507242107	1200	6.674334704650671	0.0	575591	6678.990349734413	0.0861793429635496	0.75
14140.91544105887	300	9.219400887887808	0.0	144254	1454.9338167628619	0.09914815253999405	-0.6000000000000001
14147.0368492387	1200	7.0979927080576894	0.0	587506	6121.4081798301195	0.09597562893058119	0.29999999999999993
14150.509858121784	750	7.624983824975238	0.0	345516	3473.008883082452	0.09948606860266333	0.3
14155.152547725893	750	6.982294220866552	0.0	384505	4642.689604108686	0.08281945010058844	0.75
14156.856490873843	300	9.278351072917392	0.0	145210	1703.9431479491598	0.0852199794193677	-0.15000000000000002
14162.287311877928	1200	7.847530068833022	0.0	634861	5430.8210040843705	0.11689963626540786	0.29999999999999993
14165.558058170547	750	8.57678377621335	0.0	398987	3270.746292619673	0.12198653282900618	0.3
14168.817799804243	750	9.31704214251833	0.0	393804	3259.74163369502	0.12080834748661068	0.75
14173.216034113655	1200	8.918807833106472	0.0	538612	4398.234309411859	0.12246096094685423	0.75
14175.65750473351	750	10.477337213251165	0.0	314107	2441.4706198553076	0.12865483510041803	0.3

