27124.197675509193	750	4.0	2.0849453402743876	450283	2084.9453402743875	-8.215264963179866
27124.85378840246	300	7.343887106732019	0.0	155580	656.1128932679806	-0.15000000000000002
27126.230094584975	750	9.967580924215882	0.0	350812	1376.3061825161378	0.3
27128.70039577318	1200	11.497279736009995	0.0	617681	2470.301188205887	0.75
27131.284081722442	1200	12.913593786748555	0.0	652874	2583.6859492614394	1.2
27135.13889105788	1850	13.058784451313505	0.0	801058	3854.809335435051	1.2000000000000002
27141.987588370182	1850	10.210087139008843	0.0	905515	6848.697312304662	1.85
27146.034317416474	1200	10.16335809271597	0.0	709534	4046.729046292873	0.5499999999999999
27148.126172568922	1200	12.07150294026843	0.0	584846	2091.8551524475397	1.2
27153.303694226677	1850	10.8939812825106	0.0	913888	5177.52165775783	1.2000000000000002
27155.973816151763	1200	12.22385935742375	0.0	607410	2670.12192508685	0.5499999999999999
27158.162034703542	1200	14.035640805647619	0.0	594078	2188.2185517761295	1.2
27161.609477755195	1850	14.588197753992224	0.0	946851	3447.4430516553944	1.2000000000000002
27165.719211487405	1850	14.478464021784578	0.0	1036454	4109.7337322076455	1.85
27168.75776188667	1850	15.439913622516592	0.0	821631	3038.5503992679874	1.85
27172.696962459504	1850	15.500713049682453	0.0	923170	3939.2005728341373	1.85
27177.58325167423	1850	14.614423834955694	0.0	966699	4886.2892147267585	1.85
27181.11276758709	1850	15.084907922100442	0.0	885714	3529.5159128552536	1.85
27186.90852952003	1850	13.289145989157026	0.0	987708	5795.761932943415	1.85
27190.428277620704	1850	13.76939788848504	0.0	923755	3519.7481006719854	1.85
27193.68074819652	1850	14.516927312668786	0.0	891604	3252.470575816255	1.85
27198.387619560333	1850	13.810055948854126	0.0	955231	4706.871363814661	1.85
27204.40260293124	1850	11.795072577946856	0.0	968026	6014.98337090727	1.85
27206.343250591373	1200	13.854424917813125	0.0	536667	1940.6476601337315	0.5499999999999999
27210.3438240566	1850	13.853851452590133	0.0	897976	4000.5734652229917	1.2000000000000002
27214.619792559857	1850	13.577882949332391	0.0	905935	4275.968503257742	1.85
27218.559517208858	1850	13.638158300332421	0.0	1076599	3939.7246489999707	1.85
27221.664715969513	1850	14.53295953967695	0.0	758197	3105.1987606554694	1.85
27225.719453081183	1850	14.478222428008461	0.0	972798	4054.7371116684894	1.85
27230.98500625121	1850	13.212669257983606	0.0	975811	5265.553170024857	1.85
27234.35393841407	1850	13.843737095120064	0.0	873429	3368.93216286354	1.85
27238.00419884556	1850	14.193476663632987	0.0	954453	3650.2604314870773	1.85
27241.42072505965	1850	14.776950449544268	0.0	885062	3416.5262140887203	1.85
27245.456549633323	1850	14.741125875867844	0.0	1035329	4035.8245736764216	1.85
27249.30288569208	1850	14.89478981711239	0.0	1026056	3846.3360587554566	1.85
27254.894400925983	1850	13.303274583208074	0.0	943942	5591.515233904314	1.85
27256.92569020005	1200	15.271985309143194	0.0	487812	2031.2892740648813	0.5499999999999999
27262.039768378072	1850	14.157907131122855	0.0	938587	5114.078178020339	1.2000000000000002
27265.721320851073	1850	14.476354658122082	0.0	908665	3681.5524730007733	1.85
27269.69207092573	1850	14.50560458346871	0.0	930577	3970.7500746533715	1.85
27273.008569358164	1850	15.189106151034737	0.0	858450	3316.4984324339734	1.85
27276.953852767943	1850	15.243822741252485	0.0	1025005	3945.283409782253	1.85
27280.040062664757	1850	16.15761284443903	0.0	886255	3086.209896813454	1.85
27283.553778772435	1850	16.643896736762876	0.0	973972	3513.7161076761545	1.85
27290.305477743215	2850	13.892197765983068	0.0	1464921	6751.6989707798075	1.85
27296.94215893073	2850	11.25551657846813	0.0	1483527	6636.681187514937	2.85
27301.08522765958	2850	11.112447849617933	0.0	1231456	4143.068728850198	2.85
27308.796729174992	2850	7.400946334206545	0.0	1364537	7711.501515411387	2.85

