9952.478726200234	750	4.0	2.850420826626487	450283	2850.420826626487	-11.506809554493893
9962.173296952365	1850	4.0	5.694570752131713	957685	9694.570752131713	-23.736654234166366
9964.72166619211	750	5.451630760254687	0.0	350812	2548.369239745312	-0.3500000000000001
9966.482923524833	750	7.690373427533045	0.0	382355	1761.2573327216433	0.75
9968.816883841988	750	9.356413110377641	0.0	411561	2333.960317155403	0.75
9970.347951657182	750	11.825345295183538	0.0	318564	1531.067815194103	0.75
9975.586986267519	750	10.586310684846664	0.0	352642	5239.034610336876	0.75
9976.74303614609	300	13.430260806275632	0.0	173849	1156.049878571031	-0.15000000000000002
9980.197973703682	750	13.975323248682498	0.0	374758	3454.9375575931335	0.3
9983.570720583755	750	14.60257636860915	0.0	362795	3372.7468800733504	0.75
9985.83631396491	750	16.336982987452938	0.0	353220	2265.593381156211	0.75
9987.871006569518	750	18.30229038284612	0.0	405134	2034.6926046068177	0.75
9989.660179555161	750	20.513117397202354	0.0	386351	1789.1729856437657	0.75
9998.72482633963	1850	15.448470612733109	0.0	1036454	9064.646784469245	0.75
10004.025780056796	1850	14.147516895566353	0.0	821631	5300.953717166753	1.85
10010.07197490518	1850	12.101322047184077	0.0	923170	6046.194848382278	1.85
10016.044418032465	1850	10.12887891989811	0.0	966699	5972.443127285965	1.85
10020.147243635289	1850	10.026053317073947	0.0	885714	4102.825602824162	1.85
10024.236814641994	1850	9.936482310370444	0.0	987708	4089.571006703503	1.85
10031.906569901712	1850	6.266727050651486	0.0	923755	7669.755259718958	1.85
10034.06744091069	750	8.105856041672283	0.0	386472	2160.8710089792035	-0.3500000000000001
10036.022806179586	750	10.150490772776523	0.0	399894	1955.3652688957602	0.75
10038.430912605447	750	11.742384346914712	0.0	401853	2408.1064258618117	0.75
10041.197926354169	750	12.97537059819495	0.0	343800	2767.013748719763	0.75
10044.027962673845	750	14.145334278518794	0.0	359903	2830.036319676156	0.75
10045.748335457956	750	16.42496149440721	0.0	379700	1720.3727841115833	0.75
10047.620699962827	750	18.55259698953711	0.0	425781	1872.364504870097	0.75
10052.926676551519	1850	17.246620400845487	0.0	758197	5305.976588691623	0.75
10057.691597328216	1850	16.48169962414941	0.0	972798	4764.92077669608	1.85
10075.911455385465	1850	4.0	1.73815843309927	975811	18219.85805724868	-5.624081262326861
10082.240956973312	300	4.0	2.3295015878474534	157421	6329.501587847453	-11.26685682774405
10088.573118413444	300	4.0	2.3321614401313653	157488	6332.161440131365	-9.728294192564869
10094.365091644215	300	4.0	1.7919732307702234	143881	5791.973230770223	-7.405484892311961
10100.933702042601	300	4.0	2.5686103983848354	163444	6568.610398384835	-10.745024713054791
10105.307504135792	300	4.0	0.37380209319113056	179328	4373.802093191131	-1.3073490007218613
10106.359200045601	300	6.948304090191493	0.0	159914	1051.6959098085072	0.3
10107.287224327296	300	10.020279808496296	0.0	131610	928.024281695197	0.3
10109.45787898641	750	11.849625149381863	0.0	361565	2170.654659114432	0.3
10111.152085533238	750	14.15541860255293	0.0	378327	1694.206546828934	0.75
10113.083412610986	750	16.22409152480683	0.0	390680	1931.3270777460987	0.75
10115.278201057201	750	18.029303078591372	0.0	345516	2194.78844621546	0.75
10117.711628196646	750	19.59587593914754	0.0	384505	2433.427139443833	0.75
10120.180370514834	750	21.12713362095933	0.0	372093	2468.7423181882064	0.75
10123.586821778179	750	21.72068235761479	0.0	438281	3406.45126334454	0.75
10126.599729415468	750	22.70777472032535	0.0	398987	3012.907637289442	0.75
10129.026544817349	750	24.280959318443653	0.0	393804	2426.815401881697	0.75
10134.626666815626	1850	22.680837320166496	0.0	830730	5600.1219982771545	0.75
10140.721149893232	1850	20.586354242560535	0.0	846370	6094.483077605963	1.85

