64167.30719183132	300	4.0	2.6174252561485205	450283	2617.4252561485205	0	-10.504928601438637
64167.95993524744	750	7.3472565838823485	0.0	155580	652.743416117652	1	-0.15000000000000002
64171.088512054346	750	8.218679776969086	0.0	350812	3128.576806913263	1	0.3
64173.03778788959	750	10.26940394172644	0.0	382355	1949.2758352426465	1	0.75
64175.17037393265	750	12.136817898675169	0.0	411561	2132.5860430512716	1	0.75
64176.551560854234	750	14.75563097708385	0.0	318564	1381.186921591318	1	0.75
64178.05408136948	750	17.253110461832527	0.0	352642	1502.520515251322	1	0.75
64181.950028361854	750	17.357163469457817	0.0	437162	3895.9469923747106	1	0.75
64183.45467158319	1850	19.85252024812599	0.0	374758	1504.6432213318235	3	0.75
64190.33803078382	1850	16.969161047491067	0.0	913888	6883.359200634924	3	0.75
64196.79168694568	1850	14.515504885629165	0.0	939819	6453.656161861901	3	1.85
64202.58252862356	1850	12.72466320774615	0.0	917428	5790.841677883015	3	1.85
64207.25855502963	1850	12.048636801683934	0.0	946851	4676.0264060622185	3	1.85
64211.935167467906	1850	11.372024363411025	0.0	1036454	4676.612438272909	3	1.85
64216.13455449378	1850	11.172637337541609	0.0	821631	4199.387025869415	3	1.85
64224.01016500334	750	7.2970268279845945	0.0	923170	7875.610509557016	1	1.85
64225.46077162551	750	9.846420205812045	0.0	360831	1450.6066221725496	1	-0.3500000000000001
64227.05757190749	750	12.24961992383602	0.0	372963	1596.800281976024	1	0.75
64231.17677593047	750	12.13041590085368	0.0	405596	4119.20402298234	1	0.75
64233.39534377318	750	13.911848058135604	0.0	350713	2218.567842718078	1	0.75
64237.82638200172	750	13.480809829605235	0.0	386472	4431.038228530368	1	0.75
64239.94244787533	750	15.364743955989445	0.0	399894	2116.065873615791	1	0.75
64241.60775254218	1850	17.699439289145545	0.0	401853	1665.304666843899	3	0.75
64245.03711298592	1850	18.27007884540607	0.0	874175	3429.3604437394783	3	0.75
64250.80406998446	1850	16.503121846865184	0.0	897976	5766.956998540882	3	1.85
64257.00250638697	1850	14.304685444354954	0.0	905935	6198.436402510231	3	1.85
64266.06271186697	750	9.24447996434215	0.0	1076599	9060.205480012804	1	1.85
64267.18977007673	750	12.117421754586942	0.0	277716	1127.058209755206	1	-0.3500000000000001
64268.79637506565	1850	14.510816765667494	0.0	400396	1606.6049889194499	3	0.75
64276.73573704687	750	10.571454784449925	0.0	975811	7939.361981217569	1	0.75
64279.277725798616	750	12.02946603270302	0.0	358218	2541.9887517469056	1	-0.3500000000000001
64281.46573081528	750	13.841461016035394	0.0	400322	2188.005016667624	1	0.75
64283.08193121492	750	16.225260616399286	0.0	369834	1616.2003996361102	1	0.75
64287.39330499333	750	15.913886837988448	0.0	412837	4311.373778410835	1	0.75
64294.68700290901	750	12.620188922305566	0.0	401088	7293.697915682883	1	0.75
64296.77407681575	750	14.533115015566963	0.0	365161	2087.073906738602	1	0.75
64298.95089414111	750	16.356297690213832	0.0	321064	2176.8173253531336	1	0.75
64301.347288673016	750	17.959903158308123	0.0	361565	2396.394531905706	1	0.75
64303.12994722562	750	20.177244605695428	0.0	378327	1782.658552612696	1	0.75
64305.0909803099	750	22.2162115214197	0.0	390680	1961.0330842757287	1	0.75
64308.83265511692	750	22.474536714394937	0.0	345516	3741.6748070247636	1	0.75
64310.39451178596	1850	24.91268004535826	0.0	384505	1561.8566690366752	3	0.75
64315.077445655654	1850	24.2297461756657	0.0	886255	4682.9338696925615	3	0.75
64321.846923717334	1850	21.46026811398103	0.0	973972	6769.478061684667	3	1.85
64326.336432457014	1850	20.970759374303228	0.0	958994	4489.508739677802	3	1.85
64330.472089551564	1850	20.835102279758765	0.0	982064	4135.657094544462	3	1.85
64333.92006041559	1850	21.387131415726834	0.0	830730	3447.970864031929	3	1.85
64337.10997072086	1850	22.19722111045498	0.0	846370	3189.9103052718565	3	1.85

