2353.809168421274	300	4.0	6.310273246532645	450283	6310.273246532645	0	-26.384174960090373
2354.781511729398	300	7.0276566918757855	0.0	155580	972.3433081242142	0	-0.15000000000000002
2362.156602528541	300	4.0	0.3474341072667912	139857	7375.0907991425765	0	-1.193966661247202
2363.2575949494053	300	6.899007579135563	0.0	155432	1100.9924208644372	0	0.3
2364.4498382045317	300	9.706764324008875	0.0	163442	1192.2432551266886	0	0.3
2365.444117754831	750	12.71248477370998	0.0	126289	994.2795502988952	1	0.3
2368.8502936671084	750	13.306308861432731	0.0	352642	3406.1759122772464	1	0.3
2374.508076124945	750	11.648526403595865	0.0	437162	5657.782457836868	1	0.75
2377.8991431089107	750	12.257459419630301	0.0	374758	3391.0669839655643	1	0.75
2384.9907917589867	300	9.165810769554477	0.0	362795	7091.648650075824	0	0.75
2386.687481953447	300	11.46912057509425	0.0	141840	1696.690194460227	0	-0.15000000000000002
2387.5949496215485	750	14.561652906992524	0.0	156148	907.4676681017263	1	0.3
2393.222244458081	750	12.934358070459652	0.0	386351	5627.294836532872	1	0.3
2396.468860986048	750	13.6877415424927	0.0	434409	3246.6165279669513	1	0.75
2398.7164175436224	750	15.440184984918808	0.0	337059	2247.5565575738933	1	0.75
2402.03429204249	750	16.122310486051017	0.0	366214	3317.874498867792	1	0.75
2406.22091597633	750	15.935686552210848	0.0	360831	4186.623933840168	1	0.75
2408.8104044338916	750	17.346198094649175	0.0	372963	2589.488457561672	1	0.75
2411.614060583058	750	18.54254194548313	0.0	405596	2803.656149166043	1	0.75
2415.193673769478	1850	18.962928759062525	0.0	350713	3579.6131864206072	3	0.75
2425.1816699351252	750	12.97493259341554	0.0	891604	9987.996165646984	1	0.75
2432.8945078988554	300	9.262094629685585	0.0	399894	7712.837963729955	0	-0.3500000000000001
2434.534509344156	300	11.622093184385314	0.0	163927	1640.0014453002725	0	-0.15000000000000002
2435.770975380153	750	14.385627148388435	0.0	137654	1236.4660359968786	1	0.3
2440.520978724062	750	13.635623804479211	0.0	359903	4750.003343909223	1	0.3
2444.4130329235513	750	13.743569604989913	0.0	379700	3892.0541994892997	1	0.75
2451.095149686461	300	11.061452842080303	0.0	425781	6682.11676290961	0	0.75
2452.182665575964	300	13.973936952576947	0.0	111155	1087.5158895033564	0	-0.15000000000000002
2453.6804144456414	750	16.476188082900087	0.0	153605	1497.7488696768582	1	0.3
2461.307909880324	750	12.848692648217112	0.0	400508	7627.495434682977	1	0.3
2471.189674661339	300	6.966927867202459	0.0	358218	9881.764781014652	0	0.75
2472.432939576597	300	9.723662951944501	0.0	157488	1243.2649152579586	0	-0.15000000000000002
2473.9820639479776	300	12.174538580564073	0.0	143881	1549.12437138043	0	0.3
2476.319421729116	300	13.837180799425536	0.0	163444	2337.357781138537	0	0.3
2477.9593168024494	750	16.197285726092314	0.0	179328	1639.8950733332204	1	0.3
2482.3086084851457	750	15.847994043396461	0.0	365161	4349.2916826958535	1	0.3
2485.720819360532	750	16.435783168010293	0.0	321064	3412.2108753861685	1	0.75
2492.7413612829555	750	13.415241245586891	0.0	361565	7020.541922423403	1	0.75
2494.621486254957	750	15.535116273585448	0.0	378327	1880.1249720014423	1	0.75
2500.4614660737648	750	13.695136454777607	0.0	390680	5839.979818807842	1	0.75
2502.2904337624705	750	15.866168766072294	0.0	345516	1828.967688705313	1	0.75
2506.352375036479	750	15.804227492063536	0.0	384505	4061.9412740087582	1	0.75
2508.776768573472	750	17.37983395507033	0.0	372093	2424.3935369932083	1	0.75
2511.7197306910793	750	18.43687183746295	0.0	438281	2942.9621176073783	1	0.75
2513.7865595155563	1850	20.370043012986116	0.0	398987	2066.828824476834	3	0.75
2519.0723780986996	1850	19.084224429842585	0.0	982064	5285.818583143529	3	0.75
2533.5674653248884	300	8.589137203654007	0.0	830730	14495.08722618858	0	1.85
2534.4385543917165	750	11.718048136825766	0.0	118421	871.0890668282411	1	-1.25

