18879.921867913814	750	4.0	2.983973673386008	450283	2983.973673386008	-12.081086795559834
18881.045675261546	750	6.876192652264634	0.0	398865	1123.8073477353666	0.75
18881.836290426512	750	10.085577487297614	0.0	350812	790.6151649670202	0.75
18882.69080002539	750	13.231067888421393	0.0	382355	854.5095988762214	0.75
18884.885697003083	1850	15.036170910728586	0.0	996749	2194.896977692807	0.75
18887.436294419724	1850	16.48557349408551	0.0	801058	2550.5974166430756	1.85
18892.775615098042	1850	15.146252815768086	0.0	905515	5339.320678317425	1.85
18898.37345114952	1850	13.548416764290723	0.0	1060487	5597.836051477362	1.85
18906.064388039253	1850	9.857479874558454	0.0	852833	7690.936889732269	1.85
18907.138177267465	750	12.783690646346031	0.0	362795	1073.789228212423	-0.3500000000000001
18915.926766990004	1850	7.995100923810722	0.0	939819	8788.58972253531	0.75
18919.841737085033	750	8.08013082877928	0.0	405134	3914.970095031442	-0.3500000000000001
18920.220010010507	300	11.701857903304893	0.0	160746	378.27292547438844	-0.15000000000000002
18921.106079482113	750	14.815788431701222	0.0	434409	886.0694716036704	0.3
18925.14037003044	1850	14.781497883371637	0.0	821631	4034.290548329583	0.75
18927.900803851604	1850	16.02106406220753	0.0	923170	2760.433821164109	1.85
18931.821141804347	1850	16.100726109467843	0.0	966699	3920.337952739688	1.85
18933.807331269458	1850	18.11453664435522	0.0	885714	1986.1894651126224	1.85
18936.422018102752	1850	19.499849811060777	0.0	987708	2614.6868332944446	1.85
18941.956440448077	1850	17.96542746573746	0.0	923755	5534.422345323316	1.85
18943.104718102808	1850	20.81714981100496	0.0	891604	1148.2776547324975	1.85
18950.200524968455	1850	17.721342945356756	0.0	955231	7095.806865648206	1.85
18952.18348708562	1850	19.738380828193574	0.0	968026	1982.962117163181	1.85
18958.251125137518	1850	17.670742776291917	0.0	874175	6067.638051901658	1.85
18963.93571159904	1850	15.986156314774547	0.0	897976	5684.586461517371	1.85
18966.22494503442	1850	17.696922879387973	0.0	905935	2289.233435386576	1.85
18970.89212908048	1850	17.029738833330704	0.0	1076599	4667.184046057269	1.85
18976.069527498665	1850	15.852340415144134	0.0	758197	5177.398418186569	1.85
18981.399373516626	1850	14.522494397182479	0.0	972798	5329.846017961655	1.85
18996.752883838468	1850	4.0	0.8310159246563235	975811	15353.510321838803	-1.7233684760221908
18999.21103498216	300	5.541848856307095	0.0	157421	2458.1511436929045	-1.25
19002.279592693718	300	6.473291144748782	0.0	157488	3068.5577115583123	0.3
19003.000474224857	300	9.752409613608013	0.0	143881	720.8815311407692	0.3
19003.808494192577	300	12.944389645886273	0.0	163444	808.0199677217415	0.3
19004.98621576253	750	15.766668075933737	0.0	401088	1177.7215699525375	0.3
19014.42819530197	1850	10.324688536490907	0.0	943942	9441.97953944283	0.75
19015.891608367227	750	12.86127547123486	0.0	321064	1463.4130652560464	-0.3500000000000001
19022.823335144996	750	9.929548693466138	0.0	361565	6931.726777768722	0.75
19023.436555577962	300	13.316328260498995	0.0	144254	613.2204329671441	-0.15000000000000002
19026.733987432068	750	14.018896406396994	0.0	390680	3297.431854102	0.3
19028.4566164105	750	16.296267427960313	0.0	345516	1722.6289784366797	0.75
19035.27558394776	750	13.477299890698895	0.0	384505	6818.967537261421	0.75
19037.50428209438	750	15.248601744078721	0.0	372093	2228.698146620173	0.75
19039.30999525811	750	17.44288858034951	0.0	438281	1805.713163729212	0.75
19040.356439154017	750	20.39644468444242	0.0	398987	1046.4438959070887	0.75
19057.316507936073	1850	7.436375902388743	0.0	982064	16960.068782053677	0.75
19057.736172447985	300	11.016711390474923	0.0	137507	419.664511913821	-1.25
19058.592067499467	750	14.160816338995982	0.0	314107	855.8950514789399	0.3

