40609.941274744124	300	4.0	0.7084869227443034	181801	708.4869227443033	-2.7464937678005046
40610.644612953816	300	7.296661790302314	0.0	155580	703.3382096976864	0.3
40611.39292141156	300	10.548353332557948	0.0	139857	748.3084577443641	0.3
40612.13465281255	300	13.806621931574362	0.0	155432	741.7314009835873	0.3
40619.49565608182	750	10.445618662306861	0.0	411561	7361.003269267502	0.3
40620.163670775895	300	13.777603968225248	0.0	126289	668.014694081612	-0.15000000000000002
40624.4356731758	750	13.505601568321062	0.0	352642	4272.002399904186	0.3
40626.628682992225	750	15.31259175189831	0.0	437162	2193.0098164227534	0.75
40628.02479358477	750	17.91648115935258	0.0	374758	1396.1105925457314	0.75
40630.34197327678	750	19.59930146734361	0.0	362795	2317.179692008965	0.75
40633.96553660249	1200	19.975738141630753	0.0	607410	3623.5633257128575	0.75
40635.521954399155	1200	22.41932034497025	0.0	594078	1556.4177966605062	1.2
40637.71664190428	1850	24.224632839844794	0.0	946851	2194.687505125455	1.2000000000000002
40640.11144784887	1850	25.829826895258687	0.0	1036454	2394.805944586106	1.85
40642.94174473269	2850	26.999530011430906	0.0	1231445	2830.2968838277793	1.85
40646.30720651573	2850	27.634068228397062	0.0	1471065	3365.4617830338443	2.85
40650.58530674526	2850	27.355967998865868	0.0	1491626	4278.100229531195	2.85
40659.29799986157	2850	22.64327488255949	0.0	1358801	8712.69311630638	2.85
40663.142518045286	1850	22.798756698846667	0.0	987708	3844.518183712821	0.8500000000000001
40666.74328784242	1850	23.19798690170456	0.0	923755	3600.7697971421085	1.85
40673.88041909337	1850	20.060855650755173	0.0	891604	7137.131250949386	1.85
40675.424732809195	1200	22.51654193493341	0.0	616206	1544.3137158217623	0.5499999999999999
40678.72435715308	1850	23.216917591046798	0.0	968026	3299.6243438866163	1.2000000000000002
40681.095686592664	1850	24.84558815146564	0.0	874175	2371.329439581156	1.85
40685.02863103149	1850	24.912643712637447	0.0	897976	3932.9444388281927	1.85
40687.07299212409	1850	26.868282620033888	0.0	905935	2044.361092603558	1.85
40690.99422714119	2850	26.947047602938284	0.0	1547572	3921.2350170956065	1.85
40695.72515480585	2850	26.216119938285797	0.0	1141971	4730.92766465249	2.85
40699.999375534695	2850	25.94189920943229	0.0	1498470	4274.220728853508	2.85
40704.47855143131	2850	25.462723312814518	0.0	1561263	4479.175896617771	2.85
40708.36490551134	2850	25.57636923278688	0.0	1341201	3886.354080027634	2.85
40712.69124404757	2850	25.25003069655347	0.0	1497683	4326.338536233413	2.85
40716.3500777454	2850	25.591196998728016	0.0	1358081	3658.833697825453	2.85
40721.56205808797	2850	24.379216656161734	0.0	1587293	5211.980342566284	2.85
40725.99598767824	2850	23.945287065892437	0.0	1492672	4433.929590269298	2.85
40729.05215194439	1850	24.88912279974487	0.0	943942	3056.1642661475644	0.8500000000000001
40732.25602165617	1850	25.685253087957747	0.0	728962	3203.869711787128	1.85
40735.324058896374	1850	26.61721584775316	0.0	938587	3068.037240204585	1.85
40740.37848435562	2850	25.562790388510784	0.0	1427478	5054.425459242378	1.85
40745.92256892904	2850	24.018705815092236	0.0	1402287	5544.08457341855	2.85
40748.826495380345	1850	25.114779363786937	0.0	858450	2903.9264513052976	0.8500000000000001
40755.05241347762	2850	22.888861266507043	0.0	1527299	6225.918097279894	1.85
40758.603775677984	1850	23.337499066140712	0.0	886255	3551.362200366332	0.8500000000000001
40762.56290725647	1850	23.37836748765813	0.0	973972	3959.131578482577	1.85
40766.34564909438	1850	23.595625649746303	0.0	958994	3782.741837911828	1.85
40770.2690048057	1850	23.672269938426634	0.0	982064	3923.355711319668	1.85
40773.95486477636	1850	23.986409967770467	0.0	830730	3685.8599706561695	1.85
40776.68767917262	1850	25.253595571509724	0.0	846370	2732.814396260742	1.85

