42726.41039357939	300	4.0	1.1181656989766051	181801	1118.1656989766052	-4.508112505599402
42726.98225579733	300	7.428137782061628	0.0	155580	571.8622179383719	0.3
42727.676422445445	300	10.733971133948737	0.0	139857	694.1666481128916	0.3
42731.76769004519	300	10.642703534198798	0.0	155432	4091.2675997499396	0.3
42732.67112467058	300	13.73926890880983	0.0	163442	903.4346253889677	0.3
42735.42287130259	750	14.98752227679929	0.0	318564	2751.746632010542	0.3
42738.58642189365	750	15.823971685737945	0.0	352642	3163.5505910613447	0.75
42740.94812669163	750	17.462266887761405	0.0	437162	2361.704797976537	0.75
42742.48209273238	750	19.928300847003882	0.0	374758	1533.9660407575227	0.75
42744.66496792915	1200	21.74542565023251	0.0	560821	2182.8751967713742	0.75
42749.47325034949	1200	20.937143229898847	0.0	607410	4808.28242033366	1.2
42755.24864291981	1200	19.161750659581564	0.0	594078	5775.392570317282	1.2
42757.776190969016	1200	20.634202610380182	0.0	624282	2527.5480492013803	1.2
42760.09288756002	1200	22.317506019367233	0.0	687371	2316.6965910129506	1.2
42762.84798397946	1850	23.562409599929232	0.0	821631	2755.0964194380003	1.2000000000000002
42765.83428727077	1850	24.576106308621075	0.0	923170	2986.3032913081593	1.85
42770.10379826755	1850	24.30659531183675	0.0	966699	4269.510996784323	1.85
42773.55215730185	1850	24.858236277536204	0.0	885714	3448.3590343005435	1.85
42776.122470624214	1850	26.287922955173176	0.0	987708	2570.3133223630266	1.85
42781.68859853603	2850	24.721795043360288	0.0	1336050	5566.12791181289	1.85
42784.02527401321	1850	26.38511956617389	0.0	891604	2336.6754771863975	0.8500000000000001
42786.283700298605	2850	28.126693280779346	0.0	1468126	2258.426285394549	1.85
42796.62219773229	4300	21.78819584709433	0.0	2221506	10338.497433685015	2.8499999999999996
42797.8942178364	1200	24.516175742984395	0.0	536667	1272.0201041099347	-1.9000000000000001
42800.538780087016	1850	25.871613492373175	0.0	897976	2644.562250611221	1.2000000000000002
42805.06011389815	1850	25.35027968124062	0.0	905935	4521.33381113255	1.85
42818.0520901812	2850	16.35830339819566	0.0	1547572	12991.976283044965	1.85
42819.69186201242	750	18.7185315669745	0.0	277716	1639.7718312211528	-1.35
42826.038000217515	1200	16.372393361882043	0.0	622896	6346.13820509246	0.75
42827.31270315072	750	19.09769042867646	0.0	400508	1274.7029332055827	0.3
42830.82644667247	1200	19.583946906925004	0.0	570392	3513.743521751458	0.75
42836.371675215545	1200	18.038718363854223	0.0	620283	5545.228543070781	1.2
42841.4657247606	750	16.94466881879363	0.0	369834	5094.049545060594	0.3
42844.48194333241	750	17.928450246983754	0.0	412837	3016.218571809879	0.75
42845.44493190335	750	20.965461676039823	0.0	401088	962.9885709439307	0.75
42850.5396392076	1200	19.870754371796174	0.0	598727	5094.70730424365	0.75
42851.67533304574	1200	22.735060533656807	0.0	487812	1135.693838139367	1.2
42853.575407553195	1200	24.834986026207446	0.0	575591	1900.0745074493611	1.2
42864.838400685054	1850	17.571992894345392	0.0	908665	11262.993131862055	1.2000000000000002
42869.144587728566	1200	17.26580585083332	0.0	587506	4306.187043512073	0.5499999999999999
42871.45529787312	750	18.955095706277238	0.0	345516	2310.710144556085	0.3
42873.74298801481	750	20.667405564593377	0.0	384505	2287.6901416838577	0.75
42878.60119546093	1200	19.809198118472942	0.0	599477	4858.207446120435	0.75
42880.85654845778	1200	21.55384512162203	0.0	634861	2255.3529968509156	1.2
42883.03453088238	1200	23.375862697020345	0.0	630203	2177.982424601682	1.2
42886.22434543394	1850	24.186048145457207	0.0	982064	3189.8145515631354	1.2000000000000002
42888.49304151479	1850	25.917352064608334	0.0	830730	2268.696080848871	1.85
42892.09494878401	2850	26.315444795388373	0.0	1364537	3601.907269219963	1.85

