929.608608738551	750	4.0	13.600615466287124	450283	13600.615466287123	-57.73264650503463
932.4186568703892	300	5.1899518681617325	0.0	155580	2810.048131838267	-0.15000000000000002
934.9528048429726	300	6.655803895578467	0.0	139857	2534.1479725832664	0.3
938.3413529931659	300	7.267255745385144	0.0	155432	3388.548150193323	0.3
941.0820605122202	300	8.526548226330712	0.0	163442	2740.70751905443	0.3
943.0200647363113	300	10.588544002239638	0.0	126289	1938.0042240910752	0.3
945.3553898836484	300	12.253218854902647	0.0	153295	2335.325147336992	0.3
948.2609449646404	300	13.347663773910602	0.0	173849	2905.5550809920437	0.3
950.6698993718309	300	14.938709366720156	0.0	150710	2408.954407190448	0.3
952.8462784818098	300	16.762330256741254	0.0	139105	2176.3791099788996	0.3
955.0638753543838	300	18.544733384167248	0.0	141840	2217.596872574006	0.3
961.249439168353	750	16.359169570198006	0.0	405134	6185.563813969242	0.3
967.1519341578893	750	14.456674580661627	0.0	386351	5902.494989536378	0.75
973.7786862716654	750	11.829922466885531	0.0	434409	6626.752113776095	0.75
978.9383271647345	750	10.670281573816425	0.0	337059	5159.640893069106	0.75
984.5373479000194	750	9.071260838531476	0.0	366214	5599.020735284948	0.75
1001.555676541715	750	4.0	7.947067803164236	360831	17018.328641695713	-33.42239155360621
1008.0547142459129	300	4.0	2.499037704197906	150616	6499.037704197906	-10.895862128050995
1013.9710931904161	300	4.0	1.9163789445031854	165384	5916.378944503185	-7.9404294613636965
1018.0577339056795	300	4.0	0.08664071526333555	140881	4086.6407152633356	-0.07255507563234287
1022.7270899185872	300	4.0	0.6693560129077905	157671	4669.3560129077905	-2.578230855503499
1027.5570610184388	300	4.0	0.8299710998515974	157812	4829.9710998515975	-3.268875729361869
1032.2356650383829	300	4.0	0.6786040199439476	163927	4678.604019943948	-2.6179972857589746
1036.9051059140183	300	4.0	0.669440875635496	137654	4669.440875635496	-2.5785957652326332
1043.0685955895722	300	4.0	2.1634896755537403	146754	6163.48967555374	-9.003005604881082
1045.849830641114	300	5.218764948457905	0.0	153938	2781.2350515420953	0.3
1049.1217478877365	300	5.946847701835507	0.0	181901	3271.917246622398	0.3
1051.1522460243511	300	7.916349565221015	0.0	111155	2030.4981366144916	0.3
1054.5126390622106	300	8.555956527361328	0.0	153605	3360.3930378596865	0.3
1057.035069933381	300	10.033525656191003	0.0	149029	2522.4308711703243	0.3
1059.4310981144629	300	11.637497475109189	0.0	157421	2396.0281810818137	0.3
1061.8281120210079	300	13.240483568564239	0.0	157488	2397.0139065449503	0.3
1064.2682760380305	300	14.800319551541532	0.0	143881	2440.164017022707	0.3
1066.8906802330555	300	16.177915356516593	0.0	163444	2622.4041950249384	0.3
1069.6732392570611	300	17.395356332511014	0.0	179328	2782.55902400558	0.3
1075.2563907769852	750	15.812204812587181	0.0	365161	5583.151519923834	0.3
1080.1749793436525	750	14.893616245919805	0.0	321064	4918.588566667376	0.75
1085.7039374177657	750	13.364658171806575	0.0	361565	5528.95807411323	0.75
1091.4855068763832	750	11.583088713189078	0.0	378327	5781.569458617499	0.75
1097.4532419735153	750	9.615353616057009	0.0	390680	5967.735097132068	0.75
1102.7403339153109	750	8.328261674261462	0.0	345516	5287.0919417955465	0.75
1124.511347194494	750	4.0	13.44275160492166	384505	21771.013279183124	-57.053831901163136
1129.7241823940483	300	4.0	1.2128351995541524	145210	5212.8351995541525	-5.365191358082855
1134.709246507833	300	4.0	0.9850641137847542	172312	4985.064113784754	-3.9357756892744433
1139.6765807970173	300	4.0	0.9673342891842321	167025	4967.334289184232	-3.859537443492198
1144.5847863047868	300	4.0	0.9082055077694149	160064	4908.205507769415	-3.605283683408484
1148.3851284036323	300	4.199657901154591	0.0	137507	3800.3420988454086	0.3
1152.5589810312085	300	4.025805273578365	0.0	118421	4173.852627576225	0.3

