18750.603447052305	750	4.0	1.6877313459396475	450283	1687.7313459396476	1	-6.5072447875404835
18751.640817405307	750	6.962629646999129	0.0	398865	1037.370353000871	1	0.75
18752.482222363727	1850	10.121224688575927	0.0	350812	841.4049584232013	3	0.75
18755.220939126375	1850	11.382507925930508	0.0	933276	2738.7167626454197	3	0.75
18761.544375156376	1850	9.0590718959283	0.0	996749	6323.436030002206	3	1.85
18767.913754714424	750	6.689692337882128	0.0	801058	6369.379558046173	1	1.85
18770.258555167995	750	8.344891884307184	0.0	352642	2344.800453574944	1	-0.3500000000000001
18773.368018015775	750	9.235429036527302	0.0	437162	3109.4628477798815	1	0.75
18775.47680882714	750	11.126638225164815	0.0	374758	2108.790811362489	1	0.75
18776.88332866143	750	13.720118390874216	0.0	362795	1406.519834290599	1	0.75
18778.729647488333	750	15.873799563971284	0.0	353220	1846.3188269029313	1	0.75
18782.716192531334	750	15.887254520973961	0.0	405134	3986.545042997323	1	0.75
18784.818650321788	750	17.78479673051805	0.0	386351	2102.457790455914	1	0.75
18786.966387713266	750	19.63705933904315	0.0	434409	2147.737391474897	1	0.75
18790.14061487181	750	20.462832180498815	0.0	337059	3174.2271585443395	1	0.75
18791.42243486869	1850	23.181012183616062	0.0	366214	1281.8199968827553	3	0.75
18798.41181430532	1850	20.191632746986564	0.0	966699	6989.379436629499	3	0.75
18803.236901189062	1850	19.366545863245527	0.0	885714	4825.086883741039	3	1.85
18808.45674913146	1850	18.14669792084719	0.0	987708	5219.847942398338	3	1.85
18813.206808449086	1850	17.396638603220122	0.0	923755	4750.059317627068	3	1.85
18817.899306757987	1850	16.70414029431878	0.0	891604	4692.498308901344	3	1.85
18822.709774169336	1850	15.893672882967287	0.0	955231	4810.467411351491	3	1.85
18828.034318343987	1850	14.569128708319738	0.0	968026	5324.544174647549	3	1.85
18833.555751364907	1850	13.04769568739764	0.0	874175	5521.433020922099	3	1.85
18838.908604696557	1850	11.694842355748861	0.0	897976	5352.85333164878	3	1.85
18845.213512246846	750	9.389934805460202	0.0	905935	6304.907550288659	1	1.85
18847.62213273932	750	10.981314312986967	0.0	425781	2408.620492473233	1	-0.3500000000000001
18848.822815499083	750	13.780631553224108	0.0	277716	1200.6827597628605	1	0.75
18850.62375231871	750	15.979694733597839	0.0	400396	1800.9368196262687	1	0.75
18853.10153463495	750	17.501912417360902	0.0	400508	2477.782316236937	1	0.75
18854.899383141532	750	19.7040639107756	0.0	358218	1797.8485065853022	1	0.75
18856.819031003663	750	21.78441604864556	0.0	400322	1919.647862130037	1	0.75
18858.93978162456	1850	23.663665427746196	0.0	369834	2120.7506208993645	3	0.75
18869.57101420168	750	17.032432850628517	0.0	1035329	10631.232577117678	1	0.75
18872.018958495402	750	18.584488556907782	0.0	401088	2447.944293720733	1	-0.3500000000000001
18873.921181846992	1850	20.68226520531854	0.0	365161	1902.223351589241	3	0.75
18877.450536785822	1850	21.152910266487996	0.0	728962	3529.3549388305446	3	0.75
18882.20414158292	1850	20.39930546939439	0.0	938587	4753.604797093608	3	1.85
18886.227817659827	1850	20.37562939248722	0.0	908665	4023.6760769071693	3	1.85
18891.267850513515	1850	19.33559653879948	0.0	930577	5040.0328536877405	3	1.85
18895.323523689887	1850	19.279923362425215	0.0	858450	4055.673176374263	3	1.85
18900.658519300694	1850	17.944927751616625	0.0	1025005	5334.995610808591	3	1.85
18905.910821119654	1850	16.69262593265877	0.0	886255	5252.301818957855	3	1.85
18911.76346258586	1850	14.839984466453744	0.0	973972	5852.641466205027	3	1.85
18915.928846269897	1850	14.674600782413927	0.0	958994	4165.383684039818	3	1.85
18921.138068455126	1850	13.46537859718772	0.0	982064	5209.222185226209	3	1.85
18926.805325183403	1850	11.798121868912759	0.0	830730	5667.256728274961	3	1.85
18930.445897993086	1850	12.157549059227783	0.0	846370	3640.5728096849743	3	1.85

