69802.674984406	750	4.0	3.0591871253817504	450283	3059.1871253817503	-12.404504639141527
69805.40787939119	750	5.267105014800974	0.0	398865	2732.8949851990265	0.75
69807.83010569587	750	6.844878710119446	0.0	350812	2422.2263046815274	0.75
69810.44768302052	750	8.227301385475778	0.0	382355	2617.577324643669	0.75
69813.3348233614	750	9.34016104460345	0.0	411561	2887.1403408723268	0.75
69815.571103235	750	11.103881171009762	0.0	318564	2236.2798735936894	0.75
69817.97704485094	750	12.697939555068402	0.0	352642	2405.941615941359	0.75
69820.80702739274	750	13.86795701325922	0.0	437162	2829.982541809182	0.75
69823.35449675038	750	15.32048765561986	0.0	374758	2547.4693576393574	0.75
69825.87226338133	750	16.80272102467878	0.0	362795	2517.766630941082	0.75
69828.09056928437	750	18.58441512164131	0.0	353220	2218.3059030374675	0.75
69830.83335182224	750	19.841632583771137	0.0	405134	2742.782537870174	0.75
69833.46554444148	750	21.209439964536102	0.0	386351	2632.1926192350375	0.75
69836.41053057148	750	22.264453834533537	0.0	434409	2944.9861300025614	0.75
69838.65600646417	750	24.018977941838372	0.0	337059	2245.4758926951654	0.75
69841.17854885825	750	25.49643554774442	0.0	366214	2522.5423940939563	0.75
69847.73345279407	1850	22.94153161192304	0.0	966699	6554.903935821379	0.75
69853.5226390701	1850	21.15234533590605	0.0	885714	5789.186276016994	1.85
69859.98806039117	1850	18.686924014826925	0.0	987708	6465.421321079124	1.85
69866.08468209015	1850	16.590302315847346	0.0	923755	6096.621698979579	1.85
69871.00053041078	1850	15.674453995213641	0.0	891604	4915.848320633704	1.85
69876.84390257105	1850	13.831081834942564	0.0	955231	5843.372160271075	1.85
69882.46542938476	1850	12.209555021237641	0.0	968026	5621.526813704923	1.85
69886.69231455769	1850	11.982669848303827	0.0	874175	4226.885172933812	1.85
69892.22670627982	1850	10.448278126176312	0.0	897976	5534.391722127514	1.85
69897.88375763134	1850	8.791226774664224	0.0	905935	5657.051351512088	1.85
69900.7534448473	750	9.921539558690512	0.0	425781	2869.687215973712	-0.3500000000000001
69902.68744091458	750	11.987543491411712	0.0	277716	1933.9960672787997	0.75
69905.22968729357	750	13.44529711241907	0.0	400396	2542.246378992642	0.75
69907.11458532972	750	15.560399076266782	0.0	400508	1884.898036152288	0.75
69909.29987948155	750	17.375104924432247	0.0	358218	2185.294151834535	0.75
69912.21788964402	750	18.457094761967827	0.0	400322	2918.0101624644212	0.75
69914.62404256348	750	20.050941842510966	0.0	369834	2406.1529194568616	0.75
69916.89711230826	750	21.777872097719623	0.0	412837	2273.0697447913394	0.75
69919.3903416213	750	23.284642784693094	0.0	401088	2493.229313026533	0.75
69926.80205922954	1850	19.87292517645702	0.0	943942	7411.717608236073	0.75
69931.3936878848	1850	19.281296521190423	0.0	728962	4591.6286552666	1.85
69936.21701104425	1850	18.457973361748884	0.0	938587	4823.323159441537	1.85
69941.7031538751	1850	16.971830530899364	0.0	908665	5486.142830849518	1.85
69947.41544968929	1850	15.259534716719191	0.0	930577	5712.295814180175	1.85
69953.19316783057	1850	13.481816575431056	0.0	858450	5777.718141288135	1.85
69960.15994187149	1850	10.515042534504532	0.0	1025005	6966.774040926522	1.85
69962.75270369647	750	11.922280709522969	0.0	372093	2592.761824981565	-0.3500000000000001
69965.65411740134	750	13.020867004647924	0.0	438281	2901.4137048750463	0.75
69968.29685939151	750	14.378125014478973	0.0	398987	2642.741990168949	0.75
69970.9738290879	750	15.701155318095088	0.0	393804	2676.9696963838846	0.75
69973.24175529154	750	17.433229114449524	0.0	331053	2267.9262036455643	0.75
69975.23585425787	750	19.439130148115108	0.0	314107	1994.0989663344144	0.75

