29247.65155391801	750	4.0	2.9416782964073285	450283	2941.6782964073286	1	-11.899216674551512
29250.28489076494	750	5.3666631530762015	0.0	398865	2633.3368469237985	1	0.75
29252.58308042285	750	7.068473495166183	0.0	350812	2298.189657910018	1	0.75
29255.17476528265	750	8.476788635365027	0.0	382355	2591.684859801157	1	0.75
29258.07056376049	750	9.580990157522901	0.0	411561	2895.798477842126	1	0.75
29261.57839953592	300	10.073154382097218	0.0	318564	3507.835775425683	0	0.75
29263.798882191957	300	11.852671726063221	0.0	153295	2220.482656033997	0	-0.15000000000000002
29265.47656919148	750	14.174984726540483	0.0	173849	1677.6869995227385	1	0.3
29268.05999658284	750	15.591557335180434	0.0	374758	2583.4273913600473	1	0.3
29270.47369799707	750	17.17785592095027	0.0	362795	2413.7014142301646	1	0.75
29274.123100026616	750	17.528453891404695	0.0	353220	3649.4020295455766	1	0.75
29276.80610968559	750	18.845444232430616	0.0	405134	2683.0096589740797	1	0.75
29279.336587397876	750	20.314966520140832	0.0	386351	2530.477712289782	1	0.75
29283.871092946363	750	19.78046097165554	0.0	434409	4534.505548485292	1	0.75
29286.26017724459	750	21.391376673427533	0.0	337059	2389.0842982280064	1	0.75
29289.627237096927	750	22.02431682108775	0.0	366214	3367.0598523397825	1	0.75
29294.009100561565	750	21.64245335644793	0.0	360831	4381.863464639821	1	0.75
29296.461883155804	750	23.189670762210515	0.0	372963	2452.7825942374184	1	0.75
29299.491196406074	750	24.160357511939612	0.0	405596	3029.3132502709013	1	0.75
29302.088583447632	750	25.562970470382076	0.0	350713	2597.3870415575357	1	0.75
29304.70827440905	1850	26.94327950896322	0.0	386472	2619.690961418855	3	0.75
29311.899794926925	1850	23.751758991090064	0.0	955231	7191.520517873157	3	0.75
29322.864089619554	750	16.78746429846147	0.0	968026	10964.294692628597	1	1.85
29327.198052860713	750	16.453501057302326	0.0	343800	4333.963241159145	1	-0.3500000000000001
29330.083124769317	750	17.56842914870169	0.0	359903	2885.0719086006334	1	0.75
29333.180058823607	750	18.471495094407455	0.0	379700	3096.9340542942346	1	0.75
29336.214304700297	750	19.43724921771892	0.0	425781	3034.245876688532	1	0.75
29338.298825142134	750	21.352728775882365	0.0	277716	2084.520441836557	1	0.75
29341.030422356747	750	22.62113156126766	0.0	400396	2731.597214614706	1	0.75
29344.05646384059	750	23.595090077427205	0.0	400508	3026.041483840454	1	0.75
29346.534904702596	750	25.116649215419173	0.0	358218	2478.4408620080303	1	0.75
29349.20084534103	1850	26.450708576983313	0.0	400322	2665.940638435857	3	0.75
29365.795253346947	750	13.856300571069413	0.0	885062	16594.4080059139	1	0.75
29371.096610424465	750	12.554943493549246	0.0	412837	5301.357077520165	1	-0.3500000000000001
29375.78676246588	750	11.864791452137235	0.0	401088	4690.152041412011	1	0.75
29378.187819180188	750	13.463734737829615	0.0	365161	2401.05671430762	1	0.75
29380.326115417767	750	15.325438500247829	0.0	321064	2138.296237581786	1	0.75
29384.438063694208	750	15.21349022380651	0.0	361565	4111.948276441319	1	0.75
29386.966410728943	750	16.6851431890727	0.0	378327	2528.347034733809	1	0.75
29389.574700329023	750	18.076853588991806	0.0	390680	2608.289600080894	1	0.75
29391.870330223584	750	19.781223694432782	0.0	345516	2295.6298945590224	1	0.75
29394.554220598628	750	21.097333319389083	0.0	384505	2683.8903750436984	1	0.75
29397.10709397148	750	22.54445994653707	0.0	372093	2552.873372852011	1	0.75
29400.01765212517	750	23.633901792845833	0.0	438281	2910.5581536912373	1	0.75
29402.96185244181	750	24.689701476207198	0.0	398987	2944.200316638638	1	0.75
29406.860465380156	750	24.79108853786208	0.0	393804	3898.6129383451157	1	0.75
29409.086967947937	1850	26.564585970079456	0.0	331053	2226.5025677826225	3	0.75
29415.858838176548	1850	23.79271574146815	0.0	846370	6771.870228611306	3	0.75

