52194.863820432714	300	4.0	2.0047767081862182	450283	2004.7767081862182	0	-7.870539845200739
52195.26503010717	750	7.598790325541708	0.0	155580	401.20967445829115	1	-0.15000000000000002
52196.16709779716	750	10.696722635560162	0.0	350812	902.0676899815471	1	0.3
52197.34930666562	750	13.51451376709571	0.0	382355	1182.2088684644516	1	0.75
52198.60764293607	1850	16.256177496649354	0.0	411561	1258.3362704463561	3	0.75
52200.87616204683	1850	17.98765838589005	0.0	801058	2268.519110759307	3	0.75
52203.186194569425	1850	19.67762586329643	0.0	905515	2310.0325225936167	3	1.85
52207.457242032826	1850	19.406578399892815	0.0	1060487	4271.047463403615	3	1.85
52210.35940359882	1850	20.504416833898627	0.0	852833	2902.1615659941885	3	1.85
52213.81172187323	1850	21.052098559489142	0.0	913888	3452.318274409485	3	1.85
52216.2830659853	1850	22.58075444742289	0.0	939819	2471.344112066254	3	1.85
52219.86535321318	1850	22.99846721954546	0.0	917428	3582.2872278774266	3	1.85
52222.27819329307	1850	24.585627139657237	0.0	946851	2412.840079888226	3	1.85
52228.112105872526	1850	22.751714560193385	0.0	1036454	5833.912579463853	3	1.85
52229.980724347515	1850	24.88309608520681	0.0	821631	1868.6184749865745	3	1.85
52232.92569448342	1850	25.938125949303	0.0	923170	2944.9701359038063	3	1.85
52237.37807454915	1850	25.485745883574438	0.0	966699	4452.380065728564	3	1.85
52241.34899524125	1850	25.514825191481826	0.0	885714	3970.92069209261	3	1.85
52245.016262673365	1850	25.84755775936843	0.0	987708	3667.2674321133936	3	1.85
52248.221536676334	1850	26.64228375639825	0.0	923755	3205.274002970182	3	1.85
52251.37174344343	1850	27.492076989301978	0.0	891604	3150.2067670962724	3	1.85
52254.60189674131	1850	28.261923691423323	0.0	955231	3230.1532978786563	3	1.85
52261.75106741701	1850	25.11275301572299	0.0	968026	7149.170675700329	3	1.85
52264.42236111904	1850	26.441459313691535	0.0	874175	2671.293702031457	3	1.85
52266.954907105806	1850	27.908913326926523	0.0	897976	2532.545986765013	3	1.85
52269.68998405526	1850	29.173836377471584	0.0	905935	2735.07694945494	3	1.85
52273.6443608957	1850	29.21945953703091	0.0	1076599	3954.3768404406733	3	1.85
52275.79324845677	1850	31.070571975961098	0.0	758197	2148.887561069813	3	1.85
52278.55834030723	1850	32.305480125500274	0.0	972798	2765.0918504608235	3	1.85
52281.549962814424	1850	33.313857618299494	0.0	975811	2991.6225072007783	3	1.85
52284.26289589493	1850	34.60092453779509	0.0	873429	2712.9330805044037	3	1.85
52289.67186578976	1850	33.19195464297049	0.0	954453	5408.969894824599	3	1.85
52292.291027639534	1850	34.572792793199554	0.0	885062	2619.161849770936	3	1.85
52295.97015030745	1850	34.89367012528264	0.0	1035329	3679.122667916912	3	1.85
52298.65626738805	4300	36.20755304468104	0.0	1026056	2686.1170806015925	5	1.85
52303.59807678431	4300	35.26574364842022	0.0	2143948	4941.809396260829	5	1.8499999999999996
52308.2868685383	4300	34.57695189442922	0.0	1919781	4688.791753991002	5	4.3
52316.445065691165	4300	30.418754741562726	0.0	2147467	8158.197152866495	5	4.3
52322.862312822086	4300	28.0015076106409	0.0	2133870	6417.247130921828	5	4.3
52327.551435044945	4300	27.31238538778512	0.0	2146120	4689.12222285578	5	4.3
52332.306139543354	4300	26.557680889371802	0.0	2108491	4754.704498413322	5	4.3
52339.31667967371	4300	23.54714075900775	0.0	2184571	7010.540130364052	5	4.3
52354.33690386865	1850	12.526916564068724	0.0	2121928	15020.224194939026	3	4.3
52361.31235411556	1850	9.5514663171586	0.0	973972	6975.4502469101235	3	-0.6000000000000001
52365.0298830148	1850	9.833937417915662	0.0	958994	3717.5288992429387	3	1.85
52368.5147380928	1850	10.349082339918917	0.0	982064	3484.8550779967436	3	1.85
52371.94765073933	1850	10.916169693394806	0.0	830730	3432.9126465241116	3	1.85
52377.58076267995	750	9.283057752773285	0.0	846370	5633.111940621521	1	1.85

