32165.918184137267	300	4.0	5.68772079229267	450283	5687.72079229267	0	-23.707199406858482
32166.75197289557	300	7.1662112416978925	0.0	155580	833.7887583021079	0	-0.15000000000000002
32167.491146676613	750	10.427037460654706	0.0	139857	739.1737810431864	1	0.3
32170.01409518452	750	11.904088952748218	0.0	382355	2522.9485079064884	1	0.3
32171.649884945502	750	14.26829919176754	0.0	411561	1635.789760980679	1	0.75
32172.619453495005	1850	17.298730642263145	0.0	318564	969.5685495043952	3	0.75
32177.140672211877	1850	16.777511925387575	0.0	905515	4521.218716875572	3	0.75
32182.01276664217	1850	15.905417495096804	0.0	1060487	4872.09443029077	3	1.85
32184.524750873665	1850	17.39343326360014	0.0	852833	2511.984231496663	3	1.85
32192.38746899528	1850	13.530715141984304	0.0	913888	7862.718121615837	3	1.85
32197.131516399488	1850	12.786667737775238	0.0	939819	4744.047404209066	3	1.85
32204.4389741594	750	9.479209977866354	0.0	917428	7307.457759908883	1	1.85
32205.42291027069	1850	12.495273866576396	0.0	386351	983.9361112899583	3	-0.3500000000000001
32207.92787668281	1850	13.990307454451353	0.0	1036454	2504.966412125043	3	0.75
32209.930226905937	1850	15.987957231324508	0.0	821631	2002.3502231268453	3	1.85
32214.24650685196	1850	15.67167728530227	0.0	923170	4316.279946022238	3	1.85
32225.517236476586	300	8.400947660676422	0.0	966699	11270.729624625848	0	1.85
32228.424986480368	300	9.493197656896923	0.0	150616	2907.7500037795	0	-1.25
32229.087460736522	750	12.830723400741926	0.0	165384	662.4742561549954	1	0.3
32229.881498409064	1850	16.036685728201626	0.0	350713	794.0376725403013	3	0.3
32232.035916697896	1850	17.882267439368242	0.0	891604	2154.4182888333817	3	0.75
32236.3527791355	1850	17.565405001764272	0.0	955231	4316.86243760397	3	1.85
32238.91324720096	1850	19.004936936304613	0.0	968026	2560.468065459658	3	1.85
32244.376432748355	1850	17.541751388908473	0.0	874175	5463.185547396139	3	1.85
32246.20167679355	1850	19.716507343714753	0.0	897976	1825.2440451937202	3	1.85
32253.204366553102	1850	16.71381758416356	0.0	905935	7002.689759551192	3	1.85
32255.815126650985	1850	18.10305748628104	0.0	1076599	2610.760097882523	3	1.85
32258.106392242476	1850	19.81179189478832	0.0	758197	2291.2655914927154	3	1.85
32266.01071563003	1850	15.907468507234789	0.0	972798	7904.323387553534	3	1.85
32269.55441174399	1850	16.363772393271315	0.0	975811	3543.6961139634755	3	1.85
32274.234568606447	1850	15.683615530815784	0.0	873429	4680.156862455532	3	1.85
32276.751274122507	1850	17.166910014758695	0.0	954453	2516.70551605709	3	1.85
32278.571380280944	1850	19.346803856318925	0.0	885062	1820.1061584397671	3	1.85
32280.668088414153	1850	21.250095723109084	0.0	1035329	2096.7081332098433	3	1.85
32286.985513382173	1850	18.93267075509095	0.0	1026056	6317.424968018136	3	1.85
32289.896831759037	1850	20.02135237822889	0.0	943942	2911.3183768620584	3	1.85
32291.787740970896	1850	22.130443166368522	0.0	728962	1890.9092118603705	3	1.85
32295.083881379705	1850	22.834302757558554	0.0	938587	3296.140408809967	3	1.85
32303.216496249013	1850	18.701687888251765	0.0	908665	8132.614869306787	3	1.85
32306.57930052494	1850	19.338883612325265	0.0	930577	3362.8042759265018	3	1.85
32309.15076792907	1850	20.76741620819615	0.0	858450	2571.467404129117	3	1.85
32311.174824097605	1850	22.743360039661336	0.0	1025005	2024.0561685348127	3	1.85
32312.93812029865	1850	24.980063838613766	0.0	886255	1763.296201047572	3	1.85
32314.883974458895	1850	27.034209678369738	0.0	973972	1945.8541602440278	3	1.85
32316.80113501849	1850	29.117049118775558	0.0	958994	1917.1605595941785	3	1.85
32321.314078399533	1850	28.60410573773464	0.0	982064	4512.943381040923	3	1.85
32323.724769646386	1850	30.19341449088335	0.0	830730	2410.6912468512905	3	1.85
32326.179340386094	1850	31.738843751175466	0.0	846370	2454.570739707879	3	1.85

