81370.79831200028	300	4.0	8.38927664706689	450283	8389.27664706689	0	-35.32388958238762
81381.73786879382	300	4.0	6.939556793537955	155580	10939.556793537955	0	-29.990094212213204
81384.19723696737	300	5.540631826448593	0.0	139857	2459.3681735514065	0	0.3
81389.23336832093	300	4.504500472896826	0.0	155432	5036.1313535517675	0	0.3
81391.9313417576	300	5.806527036218023	0.0	163442	2697.973436678803	0	0.3
81394.22206987054	300	7.5157989232912294	0.0	126289	2290.728112926794	0	0.3
81396.12253722188	300	9.615331571946234	0.0	153295	1900.4673513449964	0	0.3
81400.20087021892	300	9.536998574911667	0.0	173849	4078.3329970345667	0	0.3
81402.68774765039	300	11.05012114344004	0.0	150710	2486.8774314716275	0	0.3
81404.98929024945	300	12.748578544376535	0.0	139105	2301.542599063504	0	0.3
81407.33451150138	300	14.403357292436146	0.0	141840	2345.2212519403865	0	0.3
81409.90823519039	750	15.829633603434544	0.0	156148	2573.7236890016034	1	0.3
81416.15835995003	750	13.579508843786913	0.0	386351	6250.124759647632	1	0.3
81423.17598332027	750	10.561885473551637	0.0	434409	7017.623370235275	1	0.75
81428.05397565967	300	9.683893134150368	0.0	337059	4877.992339401269	0	0.75
81429.54233458923	300	12.195534204597916	0.0	138313	1488.3589295524516	0	-0.15000000000000002
81431.2196937216	300	14.518175072211614	0.0	143509	1677.3591323863027	0	0.3
81434.10729815779	750	15.630570636020725	0.0	150616	2887.6044361908903	1	0.3
81441.92915308918	750	11.808715704629652	0.0	405596	7821.854931391073	1	0.3
81451.68164442781	300	6.056224366011058	0.0	350713	9752.491338618594	0	0.75
81454.71554687704	300	7.022321916772631	0.0	157671	3033.902449238427	0	-0.15000000000000002
81459.17837259124	300	6.5594962025762005	0.0	157812	4462.82571419643	0	0.3
81461.5142249234	300	8.223643870413643	0.0	163927	2335.852332162558	0	0.3
81464.41887353192	300	9.31899526189581	0.0	137654	2904.6486085178326	0	0.3
81466.65227929747	300	11.085589496341456	0.0	146754	2233.4057655543525	0	0.3
81470.10549351247	300	11.632375281353312	0.0	153938	3453.214214988144	0	0.3
81476.83644122446	300	8.901427569356787	0.0	181901	6730.947711996524	0	0.3
81481.64008166954	300	8.09778712427997	0.0	111155	4803.640445076818	0	0.3
81483.3906777163	300	10.34719107751459	0.0	153605	1750.5960467653783	0	0.3
81488.96008276957	300	8.777786024248336	0.0	149029	5569.405053266257	0	0.3
81491.64230401105	300	10.095564782776378	0.0	157421	2682.221241471955	0	0.3
81494.58215227767	300	11.155716516167274	0.0	157488	2939.848266609104	0	0.3
81496.30597358196	300	13.431895211872448	0.0	143881	1723.8213042948262	0	0.3
81498.12183163091	750	15.61603716290594	0.0	163444	1815.8580489665087	1	0.3
81507.21919363696	750	10.518675156847738	0.0	401088	9097.362006058202	1	0.3
81511.92611885382	300	9.81174993999029	0.0	365161	4706.925216857448	0	0.75
81513.43739761977	300	12.30047117404053	0.0	131610	1511.2787659497606	0	-0.15000000000000002
81514.79656431849	750	14.941304475313538	0.0	124011	1359.1666987269907	1	0.3
81519.01734990193	750	14.720518891878283	0.0	378327	4220.785583435253	1	0.3
81523.02006804527	750	14.717800748533147	0.0	390680	4002.7181433451365	1	0.75
81527.55154428961	750	14.1863245041925	0.0	345516	4531.476244340647	1	0.75
81534.31503984658	750	11.422828947233132	0.0	384505	6763.495556959368	1	0.75
81553.9247642631	300	4.0	8.18689546928313	372093	19609.724416516263	0	-34.45365051791745
81556.09652722662	300	5.828237036484961	0.0	172312	2171.7629635150392	0	-0.15000000000000002
81558.33847638828	300	7.586287874825666	0.0	167025	2241.949161659296	0	0.3
81561.83333168634	300	8.091432576750526	0.0	160064	3494.855298075139	0	0.3
81564.16569185471	300	9.759072408378007	0.0	137507	2332.3601683725196	0	0.3
81565.67902992216	300	12.245734340933629	0.0	118421	1513.3380674443777	0	0.3

