45966.4685882995	750	4.0	1.036553754190385	450283	1036.553754190385	0.43440390638660115	-3.707181143018656
45967.00369103564	300	7.464897263859374	0.0	155580	535.1027361406261	0.29074790594812666	-0.15000000000000002
45967.778462951836	750	10.690125347667033	0.0	350812	774.7719161923404	0.45279390317099394	0.3
45969.08490279423	1200	13.38368550527474	0.0	617681	1306.4398423922933	0.47279712387593037	0.75
45972.883731205446	2850	13.584857094062906	0.0	1472558	3798.8284112118326	0.3876347759361554	1.2000000000000002
45977.201893187805	2850	13.266695111702147	0.0	1224260	4318.16198236076	0.2835141444440885	2.85
45984.817932093865	2850	9.650656205643354	0.0	1388403	7616.038906058794	0.18229988280331427	2.85
45988.726952234734	1200	9.741636064772257	0.0	709534	3909.0201408710977	0.18151198367626864	-0.44999999999999996
45991.07462099856	1200	11.393967300946873	0.0	584846	2347.668763825383	0.24911776695747706	1.2
45993.986740739325	1850	12.48184756018381	0.0	913888	2912.119740763062	0.31382226053676426	1.2000000000000002
45996.86481018516	1850	13.603778114348025	0.0	939819	2878.069445835787	0.3265449349597184	1.85
46000.78295631457	2850	13.68563198493441	0.0	1519951	3918.1461294136125	0.38792606242776223	1.85
46003.7144703109	2850	14.754117988604907	0.0	1422919	2931.513996329505	0.48538707363553807	2.85
46019.75062505634	2850	4.0	1.2820367568324564	1578343	16036.154745437363	0.09842403151223476	-2.662758054379562
46020.117597544435	300	7.633027511912258	0.0	140051	366.9724880877418	0.38163896353591037	-2.25
46020.844942775875	750	10.90568228047077	0.0	366214	727.345231441489	0.5034940550503354	0.3
46022.01602248704	1200	13.734602569303508	0.0	617242	1171.0797111672616	0.5270708681177393	0.75
46025.0338865265	2850	14.716738529846179	0.0	1358801	3017.864039457329	0.4502525568528723	1.2000000000000002
46027.86061804129	2850	15.890007015053932	0.0	1537156	2826.731514792248	0.5437927132294254	2.85
46032.68938689769	4300	15.061238158657236	0.0	2156729	4828.768856396697	0.4466415900489768	2.8499999999999996
46036.01977989598	4300	15.730845160371805	0.0	2039773	3330.39299828543	0.6124721620091461	4.3
46045.263712385604	4300	10.486912670748312	0.0	2176469	9243.932489623494	0.23544838762541068	4.3
46046.496707489096	1200	13.253917567253154	0.0	656471	1232.9951034951575	0.5324197948062478	-1.9000000000000001
46050.58965744857	2850	13.160967607779986	0.0	1323990	4092.94995947317	0.3234806223163352	1.2000000000000002
46058.48218361584	2850	9.26844144051606	0.0	1383735	7892.5261672639235	0.17532219351256137	2.85
46059.59292555104	1200	12.157699505310656	0.0	590335	1110.7419352054042	0.5314780880140554	-0.44999999999999996
46062.1507601685	1850	13.599864887849357	0.0	1076599	2557.8346174612993	0.42090250583462097	1.2000000000000002
46068.07287316625	2850	11.67775189009323	0.0	1141971	5922.112997756127	0.1928316802520806	1.85
46072.376437497594	1850	11.37418755875435	0.0	972798	4303.564331338878	0.22604472132925074	0.8500000000000001
46076.412370142105	1850	11.338254914248376	0.0	975811	4035.9326445059755	0.241780794168691	1.85
46079.619558744474	1850	12.131066311877944	0.0	873429	3207.1886023704305	0.2723347792376318	1.85
46081.213641448034	1850	14.53698360831486	0.0	954453	1594.0827035630862	0.5987474789523851	1.85
46083.56263159965	2850	16.187993456701104	0.0	1358081	2348.9901516137543	0.5781552549579655	1.85
46090.50763908867	4300	13.242985967684112	0.0	2286761	6945.0074890169935	0.3292668875615095	2.8499999999999996
46098.56202219034	2850	9.188602866014914	0.0	1492672	8054.383101669197	0.18532418698716446	1.4000000000000001
46099.61262514497	1200	12.137999911390077	0.0	598727	1050.6029546248383	0.5698889360289306	-0.44999999999999996
46101.052054128864	1850	14.698570927491884	0.0	728962	1439.4289838981938	0.5064244281269503	1.2000000000000002
46105.557762393844	2850	14.192862662508723	0.0	1499009	4505.708264983161	0.33269109135400315	1.85
46111.52849423394	2850	12.222130822411804	0.0	1427478	5970.73184009692	0.2390792348793257	2.85
46116.225413474494	1850	11.525211581864397	0.0	930577	4696.919240547405	0.19812497348614097	0.8500000000000001
46118.732074204774	1850	13.01855085158291	0.0	858450	2506.6607302814873	0.3424675663641165	1.85
46124.670533252094	2850	11.08009180426077	0.0	1527299	5938.45904732214	0.25718776332872295	1.85
46127.75401854697	1850	11.996606509389197	0.0	886255	3083.485294871572	0.28741988861565587	0.8500000000000001
46132.66254123445	1850	11.088083821911713	0.0	973972	4908.522687477485	0.19842467113063894	1.85
46133.807902937806	1850	13.942722118553773	0.0	958994	1145.3617033579399	0.8372848482609885	1.85
46135.62863914478	2850	16.121985911584087	0.0	1483527	1820.7362069696871	0.8147951330462551	1.85
46138.60047795072	4300	17.150147105640883	0.0	1961140	2971.8388059432027	0.6599079317754494	2.8499999999999996
46146.58475689705	4300	13.165868159312845	0.0	2155012	7984.278946328039	0.2699069026128011	4.3

