4650.520901075365	300	4.0	1.3374165613945568	181801	1337.4165613945568	-5.450891213996594
4651.392729486105	300	7.128171589260001	0.0	155580	871.8284107399993	0.3
4652.159051198702	300	10.361849876662648	0.0	139857	766.3217125973542	0.3
4653.001157065258	300	13.519744010107756	0.0	155432	842.1058665548917	0.3
4655.160399013274	750	15.360502062091117	0.0	411561	2159.241948016639	0.3
4657.713736586697	750	16.807164488668036	0.0	318564	2553.3375734230785	0.75
4659.16996856227	750	19.350932513096172	0.0	352642	1456.231975571865	0.75
4664.63006409916	1200	17.890836976205723	0.0	709534	5460.09553689045	0.75
4666.592751448616	750	19.9281496267504	0.0	374758	1962.6873494553213	0.3
4669.141080342224	1200	21.379820733141845	0.0	560821	2548.3288936085546	0.75
4672.206282958232	1200	22.314618117133836	0.0	607410	3065.202616008008	1.2
4676.161359717484	1850	22.359541357882453	0.0	917428	3955.0767592513844	1.2000000000000002
4680.294356471818	1850	22.226544603547715	0.0	946851	4132.996754334736	1.85
4685.437750166423	1850	21.083150908943153	0.0	1036454	5143.3936946045615	1.85
4688.488514237277	1200	22.032386838088932	0.0	526950	3050.764070854221	0.5499999999999999
4692.774676328478	1200	21.746224746888604	0.0	587876	4286.162091200325	1.2
4695.590255965002	1200	22.930645110363745	0.0	617242	2815.5796365248607	1.2
4699.852074279414	1850	22.66882679595109	0.0	885714	4261.818314412651	1.2000000000000002
4704.92213832427	1850	21.59876275109592	0.0	987708	5070.064044855174	1.85
4708.198871457298	1200	22.32202961806752	0.0	586839	3276.733133028398	0.5499999999999999
4712.95126322303	1850	21.569637852335873	0.0	891604	4752.39176573165	1.2000000000000002
4716.750546551941	1200	21.77035452342489	0.0	616206	3799.2833289109844	0.5499999999999999
4720.113037817905	1850	22.40786325746127	0.0	968026	3362.49126596362	1.2000000000000002
4722.834580412948	1200	23.686320662418627	0.0	536667	2721.5425950426384	0.5499999999999999
4727.3610311298335	1850	23.15986994553328	0.0	897976	4526.450716885348	1.2000000000000002
4732.442123373258	1850	22.07877770210861	0.0	905935	5081.092243424667	1.85
4738.572121832336	1850	19.94877924302998	0.0	1076599	6129.998459078633	1.85
4741.088454387073	1200	21.432446688293002	0.0	487160	2516.332554736976	0.5499999999999999
4744.546791913688	1200	21.974109161678367	0.0	622896	3458.3375266146345	1.2
4750.310656624909	1850	20.2102444504578	0.0	975811	5763.864711220567	1.2000000000000002
4753.411373294015	1200	21.10952778135066	0.0	570392	3100.716669107138	0.5499999999999999
4756.127058814912	1200	22.3938422604544	0.0	620283	2715.6855208962616	1.2
4761.584729154691	1850	20.936171920675463	0.0	885062	5457.670339778934	1.2000000000000002
4764.980010609837	1200	21.540890465528996	0.0	670129	3395.281455146467	0.5499999999999999
4770.64102121846	1850	19.879879856906417	0.0	1026056	5661.010608622578	1.2000000000000002
4775.6342407216	1200	18.886660353765876	0.0	598727	4993.21950314054	0.5499999999999999
4778.207940129652	1200	20.31296094571308	0.0	487812	2573.699408052799	1.2
4780.629532834548	1200	21.89136824081795	0.0	575591	2421.5927048951276	1.2
4784.977628953753	1850	21.54327212161284	0.0	908665	4348.096119205112	1.2000000000000002
4787.614430481816	1200	22.906470593549447	0.0	587506	2636.801528063394	0.5499999999999999
4791.320947684224	1850	23.19995339114199	0.0	858450	3706.5172024074577	1.2000000000000002
4796.454888688212	1850	22.06601238715343	0.0	1025005	5133.941003988557	1.85
4802.4567335959455	1850	20.064167479419826	0.0	886255	6001.8449077336045	1.85
4805.623489917587	1200	20.89741115777905	0.0	634861	3166.756321640776	0.5499999999999999
4808.522566261454	1200	21.998334813912106	0.0	630203	2899.0763438669455	1.2
4813.59677973631	1850	20.92412133905538	0.0	982064	5074.213474856727	1.2000000000000002
4816.27369064542	1200	22.247210429945937	0.0	538612	2676.910909109438	0.5499999999999999
4820.655358289521	1850	21.865542785844635	0.0	846370	4381.667644101306	1.2000000000000002

