7067.211540364346	750	4.0	7.796709320904958	450283	7796.709320904957	0.05775295467187381	-32.77585007989131
7073.47659247847	300	4.0	2.2650521141247575	155580	6265.052114124757	0.024832993751039992	-9.889724090736456
7076.294442286357	300	5.182150192113297	0.0	139857	2817.8498078867033	0.04963252463227919	0.3
7079.3803835508725	300	6.096208927597414	0.0	155432	3085.9412645158827	0.05036777653134753	0.3
7082.169854291589	300	7.306738186880238	0.0	163442	2789.4707407171763	0.058592476921976555	0.3
7087.130649420202	750	6.345943058267421	0.0	318564	4960.795128612816	0.06421631850156244	0.3
7090.058387354146	300	7.418205124322256	0.0	153295	2927.737933945165	0.0523595360850597	-0.15000000000000002
7096.454986077526	750	5.021606400943245	0.0	437162	6396.598723379011	0.06834288328924104	0.3
7098.649230360853	300	6.827362117615946	0.0	150710	2194.244283327299	0.06868423955580141	-0.15000000000000002
7100.66326590258	300	8.81332657588882	0.0	139105	2014.0355417271257	0.06906779801944868	0.3
7105.656112921022	750	7.820479557446636	0.0	353220	4992.847018442183	0.07074520783338722	0.3
7111.436053337335	750	6.0405391411336335	0.0	405134	5779.940416313003	0.07009311010483271	0.75
7113.743912231508	300	7.732680246960764	0.0	160746	2307.8588941728694	0.06965157202889172	-0.15000000000000002
7121.090360213201	750	4.386232265266833	0.0	434409	7346.447981693931	0.05913184182103672	0.3
7123.244387653407	300	6.232204825061575	0.0	140051	2154.027440205258	0.06501820607571021	-0.15000000000000002
7125.258809596386	300	8.217782882082071	0.0	138313	2014.4219429795046	0.06866138471239203	0.3
7130.957757288019	750	6.518835190448902	0.0	360831	5698.947691633169	0.06331537320999613	0.3
7133.180902584331	300	8.29568989413701	0.0	150616	2223.1452963118936	0.06774905816991168	-0.15000000000000002
7138.932672279872	750	6.543920198595805	0.0	405596	5751.769695541205	0.07051673162686253	0.3
7144.337958063579	300	5.138634414888483	0.0	140881	5405.285783707321	0.026063561786991034	-0.15000000000000002
7146.984873748637	300	6.4917187298311765	0.0	157671	2646.9156850573067	0.05956782110216192	0.3
7149.772437385282	300	7.704155093186696	0.0	157812	2787.5636366444805	0.05661287797180681	0.3
7155.440075790093	750	6.036516688374522	0.0	401853	5667.6384048121745	0.07090307660749882	0.3
7157.460664878101	300	8.015927600366668	0.0	137654	2020.5890880078534	0.06812567721808115	-0.15000000000000002
7162.5602257078535	750	6.91636677061438	0.0	359903	5099.560829752288	0.07057529305273183	0.3
7164.804197212922	300	8.672395265544932	0.0	153938	2243.9715050694485	0.06860069285738804	-0.15000000000000002
7170.85476905976	750	6.621823418708048	0.0	425781	6050.571846836884	0.07037037337596275	0.3
7172.470507867916	300	9.006084610551254	0.0	111155	1615.7388081567938	0.06879515391897015	-0.15000000000000002
7184.196184525929	1200	4.0	2.7195920474614415	622896	11725.676658012695	0.05312239269145687	-11.394245804084198
7187.5826749670405	300	4.613509558889303	0.0	149029	3386.490441110697	0.04400691588874577	-0.6000000000000001
7189.849432946922	300	6.346751579006961	0.0	157421	2266.757979882342	0.06944764346133285	0.3
7192.163524850323	300	8.032659675606212	0.0	157488	2314.09190340075	0.06805606975615719	0.3
7197.459900315025	750	6.736284210903904	0.0	369834	5296.375464702307	0.0698277534258586	0.3
7199.808251688098	300	8.387932837831299	0.0	163444	2348.3513730726054	0.06959946534157209	-0.15000000000000002
7206.115349374666	750	6.080835151262906	0.0	401088	6307.097686568392	0.06359311682363154	0.3
7208.421879449262	300	7.7743050766677575	0.0	159914	2306.530074595148	0.06933098413124693	-0.15000000000000002
7213.582864607997	750	6.6133199179317215	0.0	321064	5160.985158736036	0.06220982818687875	0.3
7216.14499114072	300	8.051193385209828	0.0	124011	2562.1265327218935	0.04840159079429072	-0.15000000000000002
7222.910054197053	750	5.286130328877296	0.0	378327	6765.063056332532	0.0559236472520181	0.3
7226.807623332214	300	5.388561193716121	0.0	149991	3897.569135161176	0.038483217307650766	-0.15000000000000002
7229.434976457847	300	6.76120806808285	0.0	147968	2627.35312563327	0.05631827657895637	0.3
7231.81809429554	300	8.378090230390193	0.0	161857	2383.1178376926564	0.06791816898014182	0.3
7238.575975738588	750	5.620208787342219	0.0	372093	6757.881443047974	0.05506059896667508	0.3
7241.062072711347	300	7.134111814582056	0.0	172312	2486.096972760163	0.06931024891144628	-0.15000000000000002
7254.550086031251	750	4.0	6.3539015053215415	398987	13488.013319903597	0.029580857501915015	-27.021776472882628
7258.279869641797	300	4.2702163894553475	0.0	160064	3729.783610544652	0.04291509018042637	-0.15000000000000002
7261.830997455533	300	4.719088575718064	0.0	137507	3551.1278137372838	0.03872206442923964	0.3
7263.612173569262	300	6.9379124619894705	0.0	118421	1781.1761137285937	0.06648472269937726	0.3

