34705.27605598785	750	4.0	3.6046938228349314	450283	3604.6938228349313	-14.750183438190204
34707.66197916668	750	5.614076821167187	0.0	398865	2385.923178832812	0.75
34708.610333936194	750	8.665722051651814	0.0	350812	948.354769515373	0.75
34710.416799846585	750	10.85925614126097	0.0	382355	1806.4659103908434	0.75
34713.694394277285	750	11.581661710558643	0.0	411561	3277.594430702327	0.75
34714.58433251108	750	14.691723476758177	0.0	318564	889.9382338004655	0.75
34719.75326969145	1850	13.522786296384794	0.0	905515	5168.937180373384	0.75
34726.67610648963	1850	10.59994949820589	0.0	1060487	6922.836798178904	1.85
34730.33992966913	1850	10.936126318706249	0.0	852833	3663.8231794996404	1.85
34739.057760528296	1850	6.218295459533323	0.0	913888	8717.830859172926	1.85
34741.860307982664	750	7.415748005169383	0.0	353220	2802.5474543639402	-0.3500000000000001
34743.84335612173	750	9.432699866097574	0.0	405134	1983.048139071809	0.75
34745.56956274458	750	11.706493243254183	0.0	386351	1726.2066228433907	0.75
34747.35540017435	750	13.92065581348838	0.0	434409	1785.8374297658024	0.75
34748.379576765416	750	16.89647922241734	0.0	337059	1024.17659107104	0.75
34754.167123458516	1850	15.108932529326289	0.0	923170	5787.546693091051	0.75
34758.13540843573	1850	15.14064755210921	0.0	966699	3968.2849772170794	1.85
34762.416541968676	1850	14.859514019164958	0.0	885714	4281.13353294425	1.85
34764.091399841054	1850	17.184656146783716	0.0	987708	1674.85787238124	1.85
34772.51468680282	1850	12.76136918501766	0.0	923755	8423.286961766056	1.85
34773.46225415026	750	15.813801837573223	0.0	386472	947.567347444437	-0.3500000000000001
34776.070112075955	1850	17.205943911882258	0.0	955231	2607.857925690963	0.75
34779.98043070764	1850	17.295625280198067	0.0	968026	3910.3186316841934	1.85
34782.625879350766	1850	18.65017663707179	0.0	874175	2645.4486431262735	1.85
34785.786582615125	1850	19.48947337271976	0.0	897976	3160.7032643520324	1.85
34789.60642744349	1850	19.66962854435441	0.0	905935	3819.8448283653493	1.85
34793.85227698082	1850	19.42377900702404	0.0	1076599	4245.84953733037	1.85
34797.30633592161	1850	19.969720066232917	0.0	758197	3454.058940791124	1.85
34802.42720287512	1850	18.848853112719734	0.0	972798	5120.86695351318	1.85
34805.420820640444	1850	19.855235347400377	0.0	975811	2993.617765319359	1.85
34809.7932847047	1850	19.482771283144924	0.0	873429	4372.464064255451	1.85
34814.30709003684	1850	18.968965951005682	0.0	954453	4513.805332139242	1.85
34816.52900883245	1850	20.74704715539644	0.0	885062	2221.91879560924	1.85
34820.495120674736	1850	20.780935313103452	0.0	1035329	3966.111842292992	1.85
34825.1197851578	1850	20.156270830032685	0.0	1026056	4624.664483070765	1.85
34831.63794713333	1850	17.63810885451308	0.0	943942	6518.161975519603	1.85
34835.9670366435	1850	17.309019344329347	0.0	728962	4329.089510183733	1.85
34838.25000873739	1850	19.02604725044206	0.0	938587	2282.972093887288	1.85
34840.20581023694	1850	21.07024575089393	0.0	908665	1955.8014995481267	1.85
34843.1317974573	1850	22.14425853053481	0.0	930577	2925.9872203591203	1.85
34845.28027233156	1850	23.99578365627411	0.0	858450	2148.4748742607	1.85
34849.7111386787	1850	23.564917309135783	0.0	1025005	4430.866347138325	1.85
34857.06271507593	1850	20.213340911902677	0.0	886255	7351.576397233106	1.85
34863.6441659524	1850	17.631890035438097	0.0	973972	6581.450876464578	1.85
34871.00081156333	1850	14.275244424502628	0.0	958994	7356.645610935469	1.85
34874.20136035816	1850	15.074695629682887	0.0	982064	3200.548794819741	1.85
34876.05483405676	1850	17.221221931071195	0.0	830730	1853.4736986116898	1.85
34878.51269388741	1850	18.76336210042176	0.0	846370	2457.8598306494355	1.85

