89884.12480338385	750	4.0	1.155411749928016	450283	1155.4117499280162	1	-4.218270524690469
89884.86231742884	750	7.262485954995404	0.0	398865	737.5140450045958	1	0.75
89886.96634583948	750	9.158457544348831	0.0	350812	2104.0284106465715	1	0.75
89887.91493311478	1850	12.20987026905	0.0	382355	948.587275298831	3	0.75
89891.21807076076	1850	12.906732623074367	0.0	996749	3303.1376459756343	3	0.75
89894.94837873631	1850	13.176424647506952	0.0	801058	3730.3079755674144	3	1.85
89899.50342473837	1850	12.621378645439751	0.0	905515	4555.046002067199	3	1.85
89905.57957663215	1850	10.545226751663161	0.0	1060487	6076.15189377659	3	1.85
89908.05450312693	1850	12.070300256884686	0.0	852833	2474.926494778476	3	1.85
89910.17735665545	1850	13.947446728374304	0.0	913888	2122.8535285103817	3	1.85
89911.90200487009	1850	16.22279851373951	0.0	939819	1724.6482146347955	3	1.85
89916.47896917048	1850	15.645834213349643	0.0	917428	4576.9643003898655	3	1.85
89919.82049232785	1850	16.304311055983042	0.0	946851	3341.5231573666006	3	1.85
89924.8493853602	1850	15.275418023641446	0.0	1036454	5028.893032341596	3	1.85
89927.18941070564	1850	16.935392678192002	0.0	821631	2340.0253454494427	3	1.85
89931.15382827443	1850	16.970975109398633	0.0	923170	3964.41756879337	3	1.85
89934.14767178071	1850	17.977131603125148	0.0	966699	2993.843506273487	3	1.85
89936.29417030801	1850	19.830633075816877	0.0	885714	2146.4985273082693	3	1.85
89939.00348479793	1850	21.1213185859074	0.0	987708	2709.3144899094787	3	1.85
89940.91688277102	1850	23.20792061280276	0.0	923755	1913.3979731046425	3	1.85
89943.72186227531	1850	24.402941108508546	0.0	891604	2804.9795042942137	3	1.85
89948.0327852007	1850	24.09201818311954	0.0	955231	4310.922925389007	3	1.85
89950.92453307932	1850	25.20027030449784	0.0	968026	2891.7478786216993	3	1.85
89952.4832956278	1850	27.641507756021205	0.0	874175	1558.7625484766324	3	1.85
89954.32490698223	1850	29.799896401596055	0.0	897976	1841.61135442515	3	1.85
89958.93956856175	1850	29.185234822079003	0.0	905935	4614.66157951705	3	1.85
89964.02149307888	1850	28.103310304954643	0.0	1076599	5081.92451712436	3	1.85
89965.63671964544	1850	30.488083738380716	0.0	758197	1615.2265665739294	3	1.85
89972.09970682679	1850	28.025096557035273	0.0	972798	6462.987181345445	3	1.85
89974.29712246981	1850	29.8276809140136	0.0	975811	2197.415643021669	3	1.85
89978.79692644862	1850	29.32787693520547	0.0	873429	4499.803978808133	3	1.85
89982.35475705264	1850	29.77004633117782	0.0	954453	3557.830604027651	3	1.85
89983.76067101776	1850	32.36413236606422	0.0	885062	1405.913965113602	3	1.85
89985.5468858751	1850	34.57791750874065	0.0	1035329	1786.2148573235713	3	1.85
89990.9472560728	1850	33.177547311031795	0.0	1026056	5400.370197708854	3	1.85
89994.42357213538	1850	33.701231248464524	0.0	943942	3476.316062567279	3	1.85
89996.41124420658	4300	35.71355917726268	0.0	728962	1987.672071201844	5	1.85
90004.88961686876	4300	31.2351865150774	0.0	2147467	8478.372662185278	5	1.8499999999999996
90009.01481297886	4300	31.109990404971658	0.0	2133870	4125.196110105744	5	4.3
90017.2809626856	4300	26.843840698234473	0.0	2146120	8266.149706737186	5	4.3
90028.74317512482	4300	19.38162825901514	0.0	2108491	11462.21243921933	5	4.3
90033.21810955388	4300	18.906693829952513	0.0	2184571	4474.934429062628	5	4.3
90040.66967048825	4300	15.45513289559453	0.0	2121928	7451.560934357984	5	4.3
90056.69014928161	750	4.0	0.5653458977578139	2219102	16020.478793352344	1	1.8690126396414004
90058.40024380897	750	6.289905472630845	0.0	398987	1710.094527369155	1	-2.8
90060.51039544381	750	8.179753837796074	0.0	393804	2110.1516348347714	1	0.75
90063.1967120566	750	9.493437225013011	0.0	331053	2686.316612783063	1	0.75
90064.42192180901	750	12.268227472589828	0.0	314107	1225.2097524231826	1	0.75

