56925.714690818386	300	4.0	2.1410146305399747	450283	2141.014630539975	0	-8.456362911321891
56929.75408241839	300	4.0	0.03939160000549373	155580	4039.3916000054937	0	-0.31938388002362306
56930.53869381818	750	7.215388600218886	0.0	139857	784.6113997811141	1	0.3
56933.667152639864	750	8.086929778530676	0.0	382355	3128.4588216882107	1	0.3
56937.29350411956	750	8.460578298836236	0.0	411561	3626.3514796944405	1	0.75
56938.871286103065	750	10.882796315336865	0.0	318564	1577.7819834993702	1	0.75
56940.354097744166	750	13.39998467423598	0.0	352642	1482.811641100885	1	0.75
56942.041658597176	1850	15.712423821221545	0.0	437162	1687.5608530144343	3	0.75
56948.02781450992	1850	13.726267908477498	0.0	852833	5986.15591274405	3	0.75
56955.00055001782	750	10.753532400573167	0.0	913888	6972.73550790433	1	1.85
56956.22992345645	750	13.524158961953274	0.0	353220	1229.3734386198928	1	-0.3500000000000001
56957.6282243983	1850	16.125858020098818	0.0	405134	1398.300941854458	3	0.75
56960.789265646614	1850	16.964816771781386	0.0	946851	3161.041248317434	3	0.75
56964.050756498	1850	17.703325920396498	0.0	1036454	3261.4908513848864	3	1.85
56967.31785090381	1850	18.436231514591302	0.0	821631	3267.0944058051964	3	1.85
56971.52176731327	1850	18.23231510512896	0.0	923170	4203.91640946234	3	1.85
56974.1069411123	1850	19.647141306097993	0.0	966699	2585.1737990309657	3	1.85
56977.7123365967	1850	20.041745821704623	0.0	885714	3605.3954843933734	3	1.85
56981.51309154078	1850	20.24099087762637	0.0	987708	3800.7549440782545	3	1.85
56982.97203375359	1850	22.782048664816564	0.0	923755	1458.9422128098056	3	1.85
56984.37155417377	1850	25.38252824463706	0.0	891604	1399.5204201795007	3	1.85
56986.868300879665	1850	26.88578153873958	0.0	955231	2496.7467058974844	3	1.85
56994.06963377364	1850	23.68444864476458	0.0	968026	7201.332893974998	3	1.85
56996.09131115367	1850	25.662771264731333	0.0	874175	2021.6773800332462	3	1.85
56998.58679107012	1850	27.16729134828249	0.0	897976	2495.4799164488477	3	1.85
57003.2049816373	1850	26.549100781101192	0.0	905935	4618.190567181296	3	1.85
57013.037974469175	1850	20.71610794922068	0.0	1076599	9832.99283188051	3	1.85
57017.81341062364	1850	19.940671794761382	0.0	758197	4775.436154459297	3	1.85
57025.278270204486	1850	16.4758122139186	0.0	972798	7464.8595808427835	3	1.85
57032.49357783134	1850	13.260504587071285	0.0	975811	7215.307626847316	3	1.85
57041.092901526164	750	8.6611808922364	0.0	873429	8599.323694834886	1	1.85
57043.03739207586	750	10.716690342548862	0.0	400322	1944.4905496875376	1	-0.3500000000000001
57043.93157548485	1850	13.82250693355513	0.0	369834	894.1834089937311	3	0.75
57049.964956360316	1850	11.78912605808674	0.0	1035329	6033.3808754683905	3	0.75
57058.336622404095	750	7.417460014313948	0.0	1026056	8371.666043772791	1	1.85
57063.03957961271	300	6.714502805695806	0.0	365161	4702.957208618143	0	-0.3500000000000001
57064.09116286949	300	9.662919548915287	0.0	131610	1051.5832567805187	0	-0.15000000000000002
57065.08161867706	750	12.67246374134517	0.0	124011	990.455807570115	1	0.3
57067.81316669243	750	13.940915725975147	0.0	378327	2731.548015370025	1	0.3
57070.271109548026	750	15.482972870380202	0.0	390680	2457.9428555949453	1	0.75
57072.42671415525	750	17.327368263156952	0.0	345516	2155.60460722325	1	0.75
57076.26915600749	750	17.48492641091673	0.0	384505	3842.441852240223	1	0.75
57077.71297113676	1850	20.041111281651776	0.0	372093	1443.815129264951	3	0.75
57081.037223468295	1850	20.71685895010831	0.0	973972	3324.252331543468	3	0.75
57084.19702006739	1850	21.557062351017215	0.0	958994	3159.7965990910952	3	1.85
57086.86695723043	1850	22.887125187976217	0.0	982064	2669.937163040999	3	1.85
57089.02769542207	1850	24.726386996331048	0.0	830730	2160.738191645171	3	1.85
57091.529554769644	1850	26.22452764875331	0.0	846370	2501.8593475777393	3	1.85

