43231.988082059586	300	4.0	2.64190922118572	181801	2641.90922118572	-11.060209651098594
43235.25481277369	300	4.733269285892697	0.0	155580	3266.730714107304	0.3
43238.44406427483	300	5.544017784746411	0.0	139857	3189.2515011462856	0.3
43241.410392226484	300	6.577689833093414	0.0	155432	2966.327951652997	0.3
43242.909736427195	300	9.078345632387714	0.0	163442	1499.3442007057013	0.3
43244.04233005869	300	11.945752000886067	0.0	126289	1132.593631501647	0.3
43245.36283485258	300	14.62524720699901	0.0	153295	1320.5047938870578	0.3
43253.778009629896	750	10.21007242968654	0.0	437162	8415.174777312468	0.3
43263.01788203499	300	4.970200024595886	0.0	150710	9239.872405090655	-0.15000000000000002
43264.19270836471	300	7.795373694870703	0.0	139105	1174.8263297251833	0.3
43265.389060520334	300	10.59902153924567	0.0	141840	1196.3521556250314	0.3
43267.57863297957	300	12.409449080013667	0.0	156148	2189.572459232003	0.3
43274.99552257097	300	8.992559488611565	0.0	160746	7416.889591402101	0.3
43279.35565891207	300	8.6324231475081	0.0	179801	4360.1363411034645	0.3
43281.65428888862	300	10.33379317096076	0.0	140051	2298.629976547339	0.3
43282.51206833387	300	13.476013725709857	0.0	138313	857.779445250904	0.3
43290.064765618605	750	9.923316440976002	0.0	360831	7552.697284733854	0.3
43295.24341837195	300	8.744663687627147	0.0	150616	5178.652753348855	-0.15000000000000002
43296.40950755793	300	11.578574501654716	0.0	165384	1166.0891859724318	0.3
43297.41468369715	300	14.573398362433375	0.0	140881	1005.1761392213403	0.3
43300.11574681476	750	15.872335244822393	0.0	386472	2701.0631176109828	0.3
43302.69050289074	750	17.297579168833167	0.0	399894	2574.756075989228	0.75
43329.88635101676	750	4.0	9.898268957183417	401853	27195.848126016583	-41.81255651588869
43331.517042597785	300	6.369308418974213	0.0	137654	1630.691581025787	-0.15000000000000002
43344.39389471573	300	4.0	6.507543698966679	146754	12876.852117940893	-27.682437905556718
43346.23211583201	300	6.161778883720933	0.0	153938	1838.221116279067	0.3
43350.037243183884	300	6.356651531845316	0.0	181901	3805.127351875617	0.3
43351.311779242045	300	9.082115473680652	0.0	111155	1274.536058164665	0.3
43353.033075957814	300	11.360818757916928	0.0	153605	1721.2967157637224	0.3
43359.529935160994	300	8.863959554737898	0.0	149029	6496.85920317903	0.3
43364.54565367052	300	7.8482410452123785	0.0	157421	5015.718509525519	0.3
43366.05313178592	300	10.340762929807722	0.0	157488	1507.4781154046568	0.3
43366.84996244541	300	13.543932270314587	0.0	143881	796.8306594931372	0.3
43368.98676090368	750	15.40713381205277	0.0	412837	2136.7984582618155	0.3
43371.06502457682	750	17.328870138914667	0.0	401088	2078.263673138103	0.75
43379.19519303142	750	13.198701684320872	0.0	365161	8130.168454593795	0.75
43384.04266806214	750	12.351226653598106	0.0	321064	4847.475030722766	0.75
43385.31077221849	300	15.083122497243096	0.0	124011	1268.104156355009	-0.15000000000000002
43390.62007237207	750	13.773822343656233	0.0	378327	5309.3001535868625	0.3
43395.07167550544	750	13.322219210287596	0.0	390680	4451.603133368637	0.75
43400.26186916838	750	12.132025547347615	0.0	345516	5190.193662939981	0.75
43406.18707909975	300	10.20681561597126	0.0	161857	5925.209931376355	-0.15000000000000002
43407.27316688357	300	13.120727832149862	0.0	145210	1086.0877838213978	0.3
43410.4589436782	750	13.93495103752197	0.0	438281	3185.776794627892	0.3
43424.56141461653	750	4.0	0.16751990080821816	398987	14102.470938330187	0.029664426524661947
43425.86268813393	300	6.698726482598326	0.0	160064	1301.2735174016734	-0.15000000000000002
43431.34767300188	300	5.213741614655494	0.0	137507	5484.984867942832	0.3
43434.98130779642	300	5.580106820114368	0.0	118421	3633.634794541126	0.3

