70265.34370454714	750	4.0	8.437213051254911	450283	8437.213051254912	-35.53001612039612
70267.90161870143	300	5.442085845704233	0.0	155580	2557.914154295767	-0.15000000000000002
70269.8913754347	300	7.452329112433269	0.0	139857	1989.7567332709639	0.3
70272.09380983959	300	9.249894707535606	0.0	155432	2202.434404897663	0.3
70274.40562133276	300	10.938083214372783	0.0	163442	2311.811493162823	0.3
70276.21010611427	300	13.133598432859833	0.0	126289	1804.4847815129508	0.3
70278.38335964057	300	14.960344906566744	0.0	153295	2173.253526293088	0.3
70284.43283612748	750	12.910868419653674	0.0	437162	6049.47648691307	0.3
70289.6301818009	750	11.713522746236112	0.0	374758	5197.345673417562	0.75
70296.40599155752	750	8.937712989604284	0.0	362795	6775.809756631828	0.75
70298.62523711436	300	10.718467432755594	0.0	141840	2219.2455568486907	-0.15000000000000002
70300.43714321262	300	12.906561334514512	0.0	156148	1811.906098241081	0.3
70302.29974932228	300	15.043955224851482	0.0	160746	1862.606109663032	0.3
70307.20073214872	750	14.142972398414642	0.0	434409	4900.982826436839	0.3
70311.02134445302	750	14.322360094120821	0.0	337059	3820.6123042938207	0.75
70315.16551302413	750	14.178191523025976	0.0	366214	4144.168571094844	0.75
70319.24994215484	750	14.09376239230808	0.0	360831	4084.429130717897	0.75
70323.4690097568	750	13.874694790356086	0.0	372963	4219.0676019519915	0.75
70327.80791444588	750	13.535790101271731	0.0	405596	4338.904689084357	0.75
70331.51971907818	750	13.823985468963755	0.0	350713	3711.804632307974	0.75
70335.60182564353	750	13.741878903603112	0.0	386472	4082.1065653606433	0.75
70348.28413869679	750	5.059565850352547	0.0	399894	12682.313053250566	0.75
70353.558623077	300	4.0	0.2149185298624134	163927	5274.48438021496	-1.0741496784083775
70357.5333736819	300	4.025249395101521	0.0	137654	3974.750604898479	0.3
70360.90240400605	300	4.656219070950012	0.0	146754	3369.0303241515094	0.3
70364.17229337177	300	5.386329705226951	0.0	153938	3269.8893657230597	0.3
70368.02162950394	300	5.536993573054322	0.0	181901	3849.33613217263	0.3
70370.40497339853	300	7.153649678454245	0.0	111155	2383.3438946000774	0.3
70373.58260038357	300	7.9760226934285745	0.0	153605	3177.62698502567	0.3
70376.14955812968	300	9.409064947316951	0.0	149029	2566.957746111625	0.3
70378.85655942038	300	10.70206365662428	0.0	157421	2707.0012906926722	0.3
70381.5646787899	300	11.993944287108095	0.0	157488	2708.1193695161855	0.3
70384.00126144972	300	13.55736162728797	0.0	143881	2436.5826598201247	0.3
70386.55711692173	300	15.00150615529469	0.0	163444	2555.85547199328	0.3
70389.34031936033	300	16.218303716687362	0.0	179328	2783.202438607326	0.3
70394.92478104887	750	14.633842028137389	0.0	365161	5584.4616885499745	0.3
70399.71514305662	750	13.843480020405575	0.0	321064	4790.362007731814	0.75
70404.88800594943	750	12.670617127601982	0.0	361565	5172.862892803592	0.75
70410.0850076658	750	11.473615411233427	0.0	378327	5197.001716368558	0.75
70415.16199550588	750	10.396627571150338	0.0	390680	5076.987840083088	0.75
70419.6613137473	750	9.89730932974011	0.0	345516	4499.318241410229	0.75
70424.65932032416	750	8.899302752871197	0.0	384505	4998.006576868914	0.75
70429.49857136435	750	8.060051712684764	0.0	372093	4839.251040186434	0.75
70435.17634456808	750	6.382278508950131	0.0	438281	5677.773203734632	0.75
70440.34465157006	750	5.213971506975637	0.0	398987	5168.307001974494	0.75
70445.446859438	750	4.111763639036172	0.0	393804	5102.207867939465	0.75
70449.74879974665	750	4.0	0.19017666960712176	331053	4301.940308643294	-0.06775967931062354
70453.83462662189	750	4.0	0.08582687523453705	314107	4085.826875234537	0.3809444364914907

