2474.485235739739	750	4.0	6.310273246532645	450283	6310.273246532645	0.0713571318401181	-26.384174960090373
2475.4575790478634	300	7.0276566918757855	0.0	155580	972.3433081242142	0.1600052149277764	-0.15000000000000002
2484.218378427887	750	4.0	1.7331426881475454	350812	8760.79938002333	0.04004337786799836	-7.152513559034445
2485.3898797747006	300	6.82849865318638	0.0	155432	1171.5013468136192	0.13267761101834102	-0.15000000000000002
2486.653131508897	300	9.5652469189898	0.0	163442	1263.251734196581	0.12938197160200057	0.3
2492.4458197393155	1200	7.772558688571258	0.0	520315	5792.688230418542	0.08982271776128464	0.29999999999999993
2496.206521766393	750	8.011856661494088	0.0	352642	3760.70202707717	0.09377025817545948	0.3
2503.484710104408	750	4.733668323479528	0.0	437162	7278.18833801456	0.06006467264891566	0.75
2505.822704515342	300	6.395673912545227	0.0	150710	2337.9944109343005	0.06446123194100102	-0.15000000000000002
2507.365173657058	300	8.853204770829045	0.0	139105	1542.4691417161828	0.09018332765168251	0.3
2509.9449510181457	750	10.27342740974161	0.0	353220	2579.777361087435	0.13691879203525908	0.3
2516.8676887787556	1200	7.350689649131851	0.0	594078	6922.737760609758	0.08581547077809189	0.75
2519.571348795779	750	8.647029632108342	0.0	386351	2703.6600170235088	0.1428992541840887	0.3
2523.2212084416724	750	8.997169986215201	0.0	434409	3649.8596458931415	0.11902074110953864	0.75
2527.2034018605523	750	9.014976567335435	0.0	337059	3982.193418879768	0.08464154413042502	0.75
2531.247253981417	1200	8.971124446470775	0.0	587876	4043.8521208646594	0.1453752467769024	0.75
2534.5397285522463	750	9.678649875641124	0.0	360831	3292.4745708296514	0.10959264596812857	0.3
2541.724165791187	1200	6.494212636700796	0.0	581493	7184.437238940328	0.0809378634207079	0.75
2543.2963235951065	300	8.922054832781294	0.0	165384	1572.157803919501	0.10519554690228039	-0.6000000000000001
2546.631875935789	750	9.58650249209879	0.0	350713	3335.552340682505	0.10514390547031223	0.3
2556.241903862874	1200	4.0	0.02352543498594059	601738	9610.02792708473	0.06261563489363776	0.6488406295604554
2557.381516739112	300	6.8603871237617495	0.0	157812	1139.6128762382507	0.13847860382283655	-0.6000000000000001
2560.6743112851686	300	7.567592577705442	0.0	163927	3292.7945460563083	0.04978354941589993	0.3
2563.753539771851	750	8.488364091023083	0.0	343800	3079.22848668236	0.11165134431788105	0.3
2570.4030604069508	750	5.838843455923467	0.0	359903	6649.520635099616	0.05412465345249783	0.75
2571.8632373236396	300	8.378666539234716	0.0	153938	1460.1769166887495	0.10542421143671137	-0.15000000000000002
2577.7616093492566	750	6.480294513617971	0.0	425781	5898.372025616745	0.07218618936730758	0.3
2580.628982629047	300	7.612921233826887	0.0	111155	2867.3732797910843	0.03876544459118999	-0.15000000000000002
2591.221667334282	750	4.0	2.979763471407542	400396	10592.68470523443	0.03779929367690348	-12.51298292705243
2592.378947750429	300	6.842719583853101	0.0	149029	1157.2804161468996	0.12877518527115814	-0.15000000000000002
2593.8662426798833	300	9.355424654398584	0.0	157421	1487.2949294545165	0.10584383559872423	0.3
2601.2410135172317	1200	5.980653817050103	0.0	620283	7374.770837348481	0.08410878299548843	0.29999999999999993
2602.6908463552063	300	8.530820979075349	0.0	143881	1449.832837974753	0.09923971662897699	-0.6000000000000001
2607.0821699545245	750	8.139497379757183	0.0	412837	4391.323599318168	0.09401197398982401	0.3
2613.775248217076	750	5.446419117205325	0.0	401088	6693.078262551857	0.05992578963914251	0.75
2614.616138094808	300	8.605529239473526	0.0	159914	840.8898777317999	0.19017234507727568	-0.15000000000000002
2620.2456155077402	750	6.976051826541414	0.0	321064	5629.477412932112	0.05703264733995511	0.3
2620.8234693308505	300	10.398198003430952	0.0	124011	577.8538231104624	0.21460617727243814	-0.15000000000000002
2625.7103847482367	1200	9.511282586044793	0.0	605884	4886.915417386162	0.12398086487121276	0.29999999999999993
2629.5414754014478	1200	9.68019193283406	0.0	587506	3831.0906532107324	0.1533521529979008	1.2
2633.0796338050513	1200	10.142033529230044	0.0	566904	3538.1584036040144	0.16022572630511517	1.2
2636.360821657103	1200	10.860845677178336	0.0	641452	3281.1878520517075	0.1954938360505339	1.2
2639.703254675745	1200	11.518412658536342	0.0	599477	3342.4330186419947	0.17935348192663647	1.2
2655.237005241679	1850	4.0	4.01533790739781	973972	15533.750565934151	0.06270037592440435	-16.065953001810584
2656.489826245811	300	6.747178995868307	0.0	167025	1252.8210041316936	0.13331912495812748	-1.25
2657.7765321317	300	9.460473109978736	0.0	160064	1286.7058858895705	0.12439828072235713	0.3
2665.470177938586	1200	5.7668273030928425	0.0	538612	7693.645806885893	0.0700073818732254	0.29999999999999993
2666.581442379056	300	8.655562862622727	0.0	118421	1111.2644404701148	0.10656419452232505	-0.6000000000000001

