10690.941608904464	750	4.0	10.178519156201638	450283	10178.519156201637	-43.01763237166704
10694.264941309684	300	4.676667594779929	0.0	155580	3323.3324052200705	-0.15000000000000002
10697.260500765893	300	5.6811081385717825	0.0	139857	2995.5594562081465	0.3
10700.183798147053	300	6.757810757413542	0.0	155432	2923.2973811582406	0.3
10702.935437297105	300	8.006171607361663	0.0	163442	2751.639150051879	0.3
10705.07976982253	300	9.861839081934283	0.0	126289	2144.332525427379	0.3
10707.402449186704	300	11.539159717760915	0.0	153295	2322.679364173369	0.3
10709.1346799551	300	13.806928949364663	0.0	173849	1732.230768396252	0.3
10710.941331806742	750	16.0002770977227	0.0	374758	1806.6518516419603	0.3
10712.692865592588	750	18.248743311875717	0.0	362795	1751.5337858469863	0.75
10714.400283731859	750	20.54132517260458	0.0	353220	1707.4181392711382	0.75
10718.707221528912	1850	20.234387375551066	0.0	917428	4306.937797053512	0.75
10723.1497222157	1850	19.79188668876375	0.0	946851	4442.500686787317	1.85
10728.005057814249	1850	18.93655109021291	0.0	1036454	4855.335598550841	1.85
10731.870622598768	1850	19.07098630569481	0.0	821631	3865.5647845181034	1.85
10736.204015961632	1850	18.737592942830485	0.0	923170	4333.393362864324	1.85
10740.737963891577	1850	18.203645012885207	0.0	966699	4533.947929945275	1.85
10744.898783295366	1850	18.042825609096077	0.0	885714	4160.819403789131	1.85
10749.529527634599	1850	17.412081269864952	0.0	987708	4630.744339231123	1.85
10753.86561631373	1850	17.075992590734636	0.0	923755	4336.088679130316	1.85
10758.053573175308	1850	16.88803572915629	0.0	891604	4187.956861578348	1.85
10762.534683691681	1850	16.40692521278092	0.0	955231	4481.110516375371	1.85
10767.074745612541	1850	15.866863291921163	0.0	968026	4540.061920859755	1.85
10771.182400478905	1850	15.75920842555644	0.0	874175	4107.654866364723	1.85
10775.39971555458	1850	15.54189334988083	0.0	897976	4217.315075675612	1.85
10779.653700753608	1850	15.287908150853033	0.0	905935	4253.985199027797	1.85
10784.693999551302	1850	14.2476093531599	0.0	1076599	5040.298797693133	1.85
10788.267299905023	1850	14.674308999439955	0.0	758197	3573.3003537199456	1.85
10792.829348234807	1850	14.11226066965488	0.0	972798	4562.048329785076	1.85
10797.405278595208	1850	13.536330309255387	0.0	975811	4575.930360399492	1.85
10801.509496357412	1850	13.432112547052084	0.0	873429	4104.217762203303	1.85
10805.987022333522	1850	12.95458657094157	0.0	954453	4477.525976110514	1.85
10810.144837726702	1850	12.796771177760006	0.0	885062	4157.815393181565	1.85
10814.994990024741	1850	11.946618879720685	0.0	1035329	4850.152298039319	1.85
10819.802418104431	1850	11.13919080003101	0.0	1026056	4807.428079689675	1.85
10824.23151592794	1850	10.710092976521933	0.0	943942	4429.097823509078	1.85
10827.670119579034	1850	11.27148932542809	0.0	728962	3438.6036510938434	1.85
10833.098693732769	1850	9.842915171693397	0.0	938587	5428.574153734693	1.85
10842.827461479686	1850	4.114147424774914	0.0	908665	9728.767746918484	1.85
10846.945189609085	750	4.0	0.0035807046229656405	390680	4117.7281293978795	-0.36539702987875233
10848.55445795108	300	6.390731658004644	0.0	147968	1609.2683419953557	-0.15000000000000002
10850.307270897327	300	8.637918711757196	0.0	161857	1752.8129462474471	0.3
10851.888034954023	300	11.057154655061522	0.0	145210	1580.7640566956745	0.3
10853.748901672136	300	13.196287936947446	0.0	172312	1860.866718114077	0.3
10857.952483716683	750	12.992705892399293	0.0	398987	4203.582044548151	0.3
10862.102498788532	750	12.84269082055174	0.0	393804	4150.015071847555	0.75
10865.603974191474	750	13.341215417609288	0.0	331053	3501.4754029424503	0.75
10868.930310501346	750	14.01487910773732	0.0	314107	3326.3363098719665	0.75

