38660.83802340722	300	4.0	5.580368783853117	450283	5580.368783853117	0	-23.2455857705684
38662.395067946294	300	6.442955460931434	0.0	155580	1557.0445390685663	0	-0.15000000000000002
38663.89526589974	300	8.942757507483488	0.0	139857	1500.197953447946	0	0.3
38665.54929889289	300	11.288724514335346	0.0	155432	1654.0329931481417	0	0.3
38667.23118538165	750	13.606838025566706	0.0	163442	1681.8864887686418	1	0.3
38670.86321281536	750	13.974810591858638	0.0	318564	3632.027433708066	1	0.3
38674.7353316006	750	14.10269180662082	0.0	352642	3872.118785237819	1	0.75
38679.20431553569	750	13.6337078715345	0.0	437162	4468.983935086318	1	0.75
38683.0522303793	750	13.785793027923628	0.0	374758	3847.914843610873	1	0.75
38686.722160388774	750	14.115863018449222	0.0	362795	3669.9300094744076	1	0.75
38690.440273931184	750	14.39774947604461	0.0	353220	3718.1135424046106	1	0.75
38696.7115490827	750	12.126474324534009	0.0	405134	6271.275151510601	1	0.75
38700.695309605944	750	12.142713801286012	0.0	386351	3983.7605232479955	1	0.75
38712.289165137256	300	4.548858269973687	0.0	434409	11593.855531312325	0	0.75
38713.77764201063	300	7.060381396599052	0.0	140051	1488.4768733746346	0	-0.15000000000000002
38717.11716966389	300	7.720853743336682	0.0	138313	3339.52765326237	0	0.3
38720.245549390726	300	8.592474016502765	0.0	143509	3128.3797268339167	0	0.3
38722.17665912642	300	10.661364280812235	0.0	150616	1931.109735690529	0	0.3
38726.41389001661	300	10.424133390623465	0.0	165384	4237.230890188771	0	0.3
38729.538537544715	300	11.299485862515441	0.0	140881	3124.6475281080247	0	0.3
38731.736153679754	300	13.101869727480604	0.0	157671	2197.6161350348375	0	0.3
38734.06211051281	750	14.77591289442472	0.0	157812	2325.9568330558855	1	0.3
38741.5346596309	750	11.303363776328743	0.0	401853	7472.549118095976	1	0.3
38745.971663105185	750	10.866360302048191	0.0	343800	4437.003474280551	1	0.75
38751.75705078982	300	9.080972617416027	0.0	359903	5785.3876846321655	0	0.75
38753.42441722551	300	11.41360618172096	0.0	153938	1667.366435695066	0	-0.15000000000000002
38755.50338601772	300	13.334637389511368	0.0	181901	2078.968792209592	0	0.3
38756.71986148171	750	16.11816192551616	0.0	111155	1216.475463995209	1	0.3
38770.00871936421	300	6.829304043015339	0.0	400396	13288.857882500819	0	0.3
38773.25103710419	300	7.586986303032981	0.0	149029	3242.3177399823576	0	-0.15000000000000002
38774.988509515286	300	9.84951389194587	0.0	157421	1737.472411087112	0	0.3
38776.69175931334	300	12.146264093897058	0.0	157488	1703.249798048812	0	0.3
38779.729983075864	300	13.108040331372822	0.0	143881	3038.223762524236	0	0.3
38781.64687876183	750	15.191144645412168	0.0	163444	1916.8956859606553	1	0.3
38785.791027123814	750	15.046996283422738	0.0	401088	4144.14836198943	1	0.3
38791.25269489487	750	13.585328512369335	0.0	365161	5461.667771053403	1	0.75
38794.67532633419	750	14.162697073057977	0.0	321064	3422.631439311358	1	0.75
38807.47468150099	300	5.36334190624787	0.0	361565	12799.355166810108	0	0.75
38809.028869726375	300	7.809153680870357	0.0	144254	1554.1882253775125	0	-0.15000000000000002
38810.67288245281	300	10.165140954434872	0.0	149991	1644.0127264354844	0	0.3
38812.18535010943	750	12.652673297812573	0.0	147968	1512.4676566222997	1	0.3
38821.5695102474	300	7.26851315984226	0.0	384505	9384.160137970313	0	0.3
38823.35252494849	300	9.485498458758448	0.0	145210	1783.0147010838118	0	-0.15000000000000002
38827.3760541329	300	9.461969274342398	0.0	172312	4023.5291844160492	0	0.3
38829.76765264166	300	11.070370765580437	0.0	167025	2391.5985087619615	0	0.3
38831.910797844735	300	12.927225562501903	0.0	160064	2143.145203078535	0	0.3
38833.85660535065	750	14.981418056587357	0.0	137507	1945.8075059145456	1	0.3
38843.30665382525	300	9.53136958198389	0.0	314107	9450.048474603467	0	0.3

