1296.8627519444037	750	4.0	9.799419294603615	450283	9799.419294603615	-41.387502966795545
1298.1110534860504	300	6.75169845835335	0.0	155580	1248.3015416466499	-0.15000000000000002
1299.2412858341033	300	9.621466110300416	0.0	139857	1130.232348052934	0.3
1300.4884759949286	300	12.374275949474976	0.0	155432	1247.1901608254404	0.3
1303.6590233068046	750	13.203728637599175	0.0	411561	3170.547311875799	0.3
1306.1312254684776	750	14.731526475925932	0.0	318564	2472.202161673244	0.75
1308.8593305735642	750	16.00342137083943	0.0	352642	2728.1051050865008	0.75
1312.2221242395194	750	16.640627704884086	0.0	437162	3362.7936659553457	0.75
1315.116305684078	750	17.746446260325563	0.0	374758	2894.1814445585233	0.75
1317.9206530153654	750	18.94209892903815	0.0	362795	2804.3473312874166	0.75
1320.6530985131185	750	20.209653431285034	0.0	353220	2732.4454977531145	0.75
1323.7753833619001	750	21.087368582503228	0.0	405134	3122.2848487818083	0.75
1326.7566204676768	750	22.106131476726617	0.0	386351	2981.2371057766086	0.75
1330.0987409484917	750	22.764010995911732	0.0	434409	3342.120480814882	0.75
1332.7098281661667	750	24.152923778236723	0.0	337059	2611.0872176750104	0.75
1335.5398498962902	750	25.322902048113402	0.0	366214	2830.02173012332	0.75
1338.3294489037069	750	26.533303040696623	0.0	360831	2789.599007416777	0.75
1345.0605675028714	1850	23.802184441532074	0.0	885714	6731.11859916455	0.75
1352.5575926931062	1850	20.305159251297283	0.0	987708	7497.025190234792	1.85
1359.5743737099708	1850	17.28837823443264	0.0	923755	7016.781016864641	1.85
1366.3497222620874	1850	14.513029682315919	0.0	891604	6775.348552116721	1.85
1373.6028669460359	1850	11.259884998367655	0.0	955231	7253.144683948263	1.85
1376.7005136835041	750	12.162238260899272	0.0	401853	3097.6467374683834	-0.3500000000000001
1379.3622212938533	750	13.50053065055014	0.0	343800	2661.707610349133	0.75
1382.1448516431478	750	14.717900301255538	0.0	359903	2782.6303492946013	0.75
1385.076144195939	750	15.78660774846448	0.0	379700	2931.292552791059	0.75
1393.2041603745504	750	11.65859156985304	0.0	425781	8128.016178611438	0.75
1399.9754837567173	750	8.88726818768623	0.0	277716	6771.32338216681	0.75
1403.7153658538557	300	9.147386090547936	0.0	153605	3739.8820971382934	-0.15000000000000002
1408.2316465303961	300	8.631105414007573	0.0	149029	4516.280676540363	0.3
1412.5871341427676	300	8.275617801636109	0.0	157421	4355.487612371464	0.3
1416.0621461950855	300	8.800605749318231	0.0	157488	3475.012052317877	0.3
1418.3835551510394	300	10.479196793364267	0.0	143881	2321.408955953964	0.3
1421.0097207003264	300	11.853031244077426	0.0	163444	2626.1655492868395	0.3
1423.8833305949845	300	12.979421349419255	0.0	179328	2873.6098946581724	0.3
1426.4545050501413	300	14.408246894262408	0.0	159914	2571.1744551568463	0.3
1428.0866003071267	300	16.776151637276918	0.0	131610	1632.095256985492	0.3
1431.6128965115267	750	17.249855432876803	0.0	361565	3526.2962044001133	0.3
1435.298961545814	750	17.56379039858952	0.0	378327	3686.0650342872827	0.75
1439.1027705459526	750	17.759981398451135	0.0	390680	3803.809000138387	0.75
1442.4760939576752	750	18.38665798672846	0.0	345516	3373.323411722676	0.75
1446.2210452723014	750	18.64170667210214	0.0	384505	3744.9513146263193	0.75
1449.8476902561463	750	19.015061688257322	0.0	372093	3626.644983844816	0.75
1454.1052133758085	750	18.75753856859506	0.0	438281	4257.523119662263	0.75
1457.9882014518253	750	18.874550492578337	0.0	398987	3882.988076016726	0.75
1461.821787198448	750	19.040964745955787	0.0	393804	3833.585746622549	0.75
1464.8601283237374	750	20.002623620666345	0.0	331053	3038.3411252894425	0.75
1467.3166736455073	750	21.546078298896248	0.0	314107	2456.545321770095	0.75

