61029.92984993319	750	4.0	5.670921872783221	450283	5670.92187278322	-23.63496405296785
61031.769977411765	300	6.159872521426736	0.0	155580	1840.127478573265	-0.15000000000000002
61033.43222544345	300	8.49762448973358	0.0	139857	1662.2480316931556	0.3
61035.27067854957	300	10.659171383617116	0.0	155432	1838.453106116466	0.3
61048.7650639913	750	4.0	2.835214058118174	411561	13494.385441735289	-11.891420449908146
61052.68568213505	300	4.079381856251182	0.0	126289	3920.6181437488185	-0.15000000000000002
61055.21767797398	300	5.547386017320463	0.0	153295	2531.995838930719	0.3
61057.99387947375	300	6.771184517554599	0.0	173849	2776.2014997658644	0.3
61060.221703361036	300	8.543360630276906	0.0	150710	2227.823887277693	0.3
61062.24942515277	300	10.51563883854228	0.0	139105	2027.7217917346268	0.3
61064.35695256473	300	12.40811142658359	0.0	141840	2107.527411958691	0.3
61066.67724854871	300	14.087815442605892	0.0	156148	2320.2959839776972	0.3
61072.174165201795	750	12.590898789514219	0.0	386351	5496.916653091674	0.3
61078.40718193406	750	10.357882057254638	0.0	434409	6233.01673225958	0.75
61082.08317740318	750	10.681886588131063	0.0	337059	3675.9954691235766	0.75
61085.76135720231	750	11.003706789002452	0.0	366214	3678.1797991286103	0.75
61090.25347132456	750	10.511592666750335	0.0	360831	4492.114122252116	0.75
61093.62311467618	750	11.141949315133646	0.0	372963	3369.6433516166885	0.75
61097.09937893597	750	11.665685055341154	0.0	405596	3476.264259792494	0.75
61101.02056797991	750	11.744496011399635	0.0	350713	3921.1890439415174	0.75
61107.92505376913	750	8.840010222172834	0.0	386472	6904.485789226802	0.75
61109.30415145675	300	11.460912534553463	0.0	157812	1379.0976876193697	-0.15000000000000002
61116.88141934312	750	7.883644648190545	0.0	401853	7577.267886362918	0.3
61119.63984134309	300	9.125222648215109	0.0	137654	2758.421999975435	-0.15000000000000002
61124.329024178296	300	8.436039813008152	0.0	146754	4689.182835206956	0.3
61132.33508102887	300	4.429982962431795	0.0	153938	8006.056850576358	0.3
61135.76415891556	300	5.000905075740796	0.0	181901	3429.0778866909986	0.3
61140.22873524351	300	4.536328747799479	0.0	111155	4464.576327941317	0.3
61144.23255845816	300	4.532505533143991	0.0	153605	4003.8232146554888	0.3
61147.38503755931	300	5.3800264319986555	0.0	149029	3152.4791011453353	0.3
61149.973951353924	300	6.791112637386548	0.0	157421	2588.9137946121073	0.3
61152.37821331415	300	8.386850677155834	0.0	157488	2404.261960230713	0.3
61154.56366670491	300	10.201397286401443	0.0	143881	2185.453390754391	0.3
61156.987799685616	300	11.777264305697345	0.0	163444	2424.132980704099	0.3
61159.47109992149	300	13.293964069819031	0.0	179328	2483.3002358783137	0.3
61161.71151440493	300	15.053549586378509	0.0	159914	2240.4144834405215	0.3
61163.58378694039	300	17.181277050919217	0.0	131610	1872.272535459294	0.3
61168.441432780084	750	16.323631211219634	0.0	361565	4857.64583969958	0.3
61172.801569999436	750	15.96349399187147	0.0	378327	4360.137219348167	0.75
61181.224958216146	750	11.540105775156837	0.0	390680	8423.388216714633	0.75
61186.57995125803	300	10.185112733275064	0.0	147968	5354.993041881773	-0.15000000000000002
61189.88827990913	300	10.87678408217571	0.0	161857	3308.3286510993526	0.3
61194.17851402496	300	10.58654996633359	0.0	145210	4290.2341158421195	0.3
61196.95492554029	300	11.810138451005306	0.0	172312	2776.4115153282837	0.3
61199.54810274271	300	13.216961248588701	0.0	167025	2593.1772024166053	0.3
61201.869288472	300	14.895775519303548	0.0	160064	2321.1857292851532	0.3
61206.672996784575	750	14.092067206726307	0.0	331053	4803.7083125772415	0.3
61218.69976123274	1850	6.065302758558173	0.0	846370	12026.764448168135	0.75

