65741.18152208602	750	4.0	6.650993003194735	450283	6650.993003194735	-27.84926991373736
65743.8902596592	300	5.291262426819362	0.0	155580	2708.737573180638	-0.15000000000000002
65745.9022959663	300	7.279226119705728	0.0	139857	2012.036307113634	0.3
65748.09529502115	300	9.086227064867233	0.0	155432	2192.9990548384953	0.3
65750.474841325	300	10.706680761003009	0.0	163442	2379.5463038642256	0.3
65752.57528030538	300	12.606241780638666	0.0	126289	2100.4389803643426	0.3
65754.74265410028	300	14.43886798573242	0.0	153295	2167.3737949062447	0.3
65757.34340325672	300	15.838118829291297	0.0	173849	2600.7491564411234	0.3
65759.53186105889	300	17.649661027122782	0.0	150710	2188.4578021685115	0.3
65765.97187313359	750	15.209648952423324	0.0	362795	6440.01207469946	0.3
65773.34063279352	750	11.840889292486937	0.0	353220	7368.759659936388	0.75
65779.07897415767	750	10.102547928339902	0.0	405134	5738.341364147034	0.75
65785.00913875198	750	8.172383334026057	0.0	386351	5930.164594313845	0.75
65792.32839244258	750	4.853129643435898	0.0	434409	7319.253690590159	0.75
65794.87718905977	300	6.304333026239798	0.0	140051	2548.7966171961	-0.15000000000000002
65797.27178937952	300	7.90973270650016	0.0	138313	2394.6003197396376	0.3
65799.34095698918	300	9.840565096833291	0.0	143509	2069.167609666869	0.3
65801.75632204616	300	11.42520003986549	0.0	150616	2415.3650569678007	0.3
65804.55306269415	300	12.628459391871264	0.0	165384	2796.740647994227	0.3
65806.62552226734	300	14.555999818687622	0.0	140881	2072.4595731836407	0.3
65809.3331092743	300	15.848412811722172	0.0	157671	2707.5870069654497	0.3
65811.61381505673	300	17.567707029296855	0.0	157812	2280.7057824253143	0.3
65821.24327176507	750	11.938250320962712	0.0	401853	9629.456708334144	0.3
65823.56687939461	300	13.614642691416872	0.0	137654	2323.6076295458406	-0.15000000000000002
65825.53078487776	300	15.650737208262042	0.0	146754	1963.90548315483	0.3
65827.5973352786	300	17.584186807425596	0.0	153938	2066.5504008364487	0.3
65831.77850388843	300	17.40301819759098	0.0	181901	4181.168609834613	0.3
65833.71978152102	300	19.46174056499949	0.0	111155	1941.2776325914897	0.3
65835.82478788905	300	21.356734196973623	0.0	153605	2105.0063680258663	0.3
65838.00182404948	300	23.179698036552352	0.0	149029	2177.0361604212712	0.3
65840.23882841517	300	24.942693670862557	0.0	157421	2237.0043656897924	0.3
65843.11418142988	300	26.0673406561609	0.0	157488	2875.353014701656	0.3
65845.13583237142	300	28.04568971460025	0.0	143881	2021.6509415606504	0.3
65851.54383706949	750	25.637685016531037	0.0	412837	6408.004698069215	0.3
65859.17940946018	750	22.002112625851634	0.0	401088	7635.5723906794055	0.75
65864.4135154711	750	20.7680066149389	0.0	365161	5234.106010912733	0.75
65869.39946357686	750	19.782058509164518	0.0	321064	4985.948105774384	0.75
65874.57031885855	750	18.61120322748598	0.0	361565	5170.855281678539	0.75
65879.94444576638	750	17.23707631965998	0.0	378327	5374.126907826002	0.75
65885.90739965033	750	15.274122435708076	0.0	390680	5962.953883951905	0.75
65892.06028012664	750	13.121241959405296	0.0	345516	6152.880476302781	0.75
65897.12757955905	750	12.053942526989434	0.0	384505	5067.299432415861	0.75
65902.20564732156	750	10.975874764480967	0.0	372093	5078.067762508468	0.75
65908.44593478466	750	8.735587301389138	0.0	438281	6240.287463091829	0.75
65914.19478317583	750	6.986738910203055	0.0	398987	5748.848391186083	0.75
65919.24718936947	750	5.93433271656847	0.0	393804	5052.406193634585	0.75
65924.23520558605	750	4.946316499984189	0.0	331053	4988.016216584281	0.75
65929.72404355893	750	4.0	0.542521472905014	314107	5488.837972889202	-1.58284233349156

