69395.4317526758	300	4.0	0.5565773758954186	181801	556.5773758954185	-2.0932827163503
69395.88723332823	300	7.5445193475679755	0.0	155580	455.48065243202495	0.3
69396.30476770032	300	11.126984975494535	0.0	139857	417.5343720734395	0.3
69396.75279703016	300	14.67895564564298	0.0	155432	448.0293298515545	0.3
69397.71720348914	750	17.71454918666356	0.0	411561	964.4064589794192	0.3
69398.59112878828	750	20.840623887532935	0.0	318564	873.9252991306256	0.75
69399.96944469822	1200	23.462307977598808	0.0	561791	1378.3159099341296	0.75
69402.48721268105	1850	24.944539994752127	0.0	1060487	2517.767982846684	1.2000000000000002
69404.52764122201	1850	26.904111453793977	0.0	852833	2040.4285409581505	1.85
69407.89427777672	2850	27.537474899083932	0.0	1429765	3366.636554710043	1.85
69411.08801113283	2850	28.343741542966402	0.0	1354548	3193.733356117529	2.85
69441.49455686571	4300	4.0	2.0628041899032286	2102452	30406.545732869632	-6.020058016583883
69442.72110618794	300	6.773450677760357	0.0	160746	1226.549322239643	-3.7
69444.0835686734	300	9.410988192298758	0.0	179801	1362.462485461598	0.3
69445.16250724188	300	12.332049623818147	0.0	140051	1078.9385684806107	0.3
69446.3362847544	300	15.158272111301436	0.0	138313	1173.7775125167116	0.3
69449.12099068462	750	16.373566181103506	0.0	360831	2784.7059301979307	0.3
69451.66312165995	750	17.83143520576402	0.0	372963	2542.1309753394853	0.75
69453.71312190362	750	19.781434962090565	0.0	405596	2050.0002436734594	0.75
69457.9820572514	1200	19.512499614319545	0.0	586839	4268.935347771018	0.75
69460.85157995234	1200	20.64297691336207	0.0	601738	2869.5227009574787	1.2
69464.12706591036	1200	21.36749095535661	0.0	616206	3275.4859580054567	1.2
69467.48384640155	1850	22.010710464175453	0.0	968026	3356.780491181159	1.2000000000000002
69468.95429104734	1200	24.540265818390143	0.0	536667	1470.44464578531	0.5499999999999999
69471.36084721949	1850	26.133709646231786	0.0	897976	2406.556172158358	1.2000000000000002
69475.91355574293	2850	25.58100112281091	0.0	1480464	4552.708523420875	1.85
69480.92772992722	2850	24.566826938504445	0.0	1547572	5014.174184306466	2.85
69483.42511410323	1850	26.069442762505776	0.0	758197	2497.384175998667	0.8500000000000001
69488.28273478257	2850	25.21182208317214	0.0	1498470	4857.620679333633	1.85
69491.47394475855	1850	26.02061210718248	0.0	975811	3191.2099759896637	0.8500000000000001
69495.83013956575	2850	25.66441729998384	0.0	1341201	4356.194807198642	1.85
69500.68525102736	2850	24.8093058383687	0.0	1497683	4855.111461615137	2.85
69506.81023522002	1850	22.68432164571825	0.0	885062	6124.984192650452	0.8500000000000001
69520.7159667168	1850	12.778590148930746	0.0	1035329	13905.731496787503	1.85
69524.10682659416	750	13.38773027156879	0.0	401088	3390.8598773619574	-0.3500000000000001
69527.0379238654	750	14.456633000328209	0.0	365161	2931.0972712405796	0.75
69529.340477789	750	16.154079076714655	0.0	321064	2302.5539236135537	0.75
69531.92474865342	750	17.569808212305713	0.0	361565	2584.2708644089416	0.75
69536.6102780416	750	16.88427882411057	0.0	378327	4685.529388195144	0.75
69542.02032627589	750	15.474230589832187	0.0	390680	5410.048234278384	0.75
69545.35760598883	750	16.136950876894378	0.0	345516	3337.2797129378077	0.75
69553.16502576327	750	12.329531102449128	0.0	384505	7807.419774445251	0.75
69554.79807639727	300	14.696480468447733	0.0	145210	1633.0506340013949	-0.15000000000000002
69558.87183669646	750	14.622720169258887	0.0	438281	4073.7602991888452	0.3
69562.11044600456	750	15.384110861163848	0.0	398987	3238.6093080950386	0.75
69564.81739080028	750	16.677166065431972	0.0	393804	2706.9447957318794	0.75
69567.56655864997	750	17.927998215738562	0.0	331053	2749.1678496934132	0.75
69571.46300637847	750	18.03155048723792	0.0	314107	3896.4477285006456	0.75

