32910.70791941238	750	4.0	0.9627026281131968	450283	962.7026281131969	0.46772802613254594	-3.3896213008867466
32911.03126633169	300	7.676653080693573	0.0	155580	323.3469193064275	0.4811550403316534	-0.15000000000000002
32911.680569630764	750	11.027349781621608	0.0	350812	649.3032990719638	0.5402898776294662	0.3
32913.28210430496	1850	13.425815107416645	0.0	933276	1601.5346742049621	0.582738553858223	0.75
32915.593724235296	2850	15.114195177088622	0.0	1472558	2311.619930328024	0.6370242705906419	1.85
32924.413290114266	4300	10.29462929811553	0.0	1941625	8819.565878973091	0.22014972467398516	2.8499999999999996
32929.913434252114	1200	8.794485160265056	0.0	561791	5500.144137850472	0.10214114138098845	-1.9000000000000001
32932.482897988935	750	10.225021423443826	0.0	437162	2569.4637368212298	0.17013744686695903	0.3
32935.00313011001	1200	11.704789302370123	0.0	584846	2520.2321210737023	0.23206037059429124	0.75
32939.780461952745	1850	10.927457459638903	0.0	913888	4777.33184273122	0.19129673844836506	1.2000000000000002
32943.42847197169	1200	11.279447440695643	0.0	607410	3648.0100189432605	0.1665044769191593	0.5499999999999999
32946.98002663032	1850	11.727892782063726	0.0	917428	3551.554658631916	0.2583172971223255	1.2000000000000002
32952.65990355859	1850	10.048015853794702	0.0	946851	5679.876928269025	0.1667027317594641	1.85
32954.69350273252	1200	12.014416679860393	0.0	687371	2033.5991739343094	0.338007119992174	0.5499999999999999
32958.38387615755	1850	12.324043254829558	0.0	821631	3690.3734250308353	0.22264169648174148	1.2000000000000002
32961.94717144135	1850	12.76074797102911	0.0	923170	3563.295283800448	0.2590776027451166	1.85
32965.43122479095	1850	13.276694621433835	0.0	966699	3484.0533495952754	0.27746389133573296	1.85
32979.3599589282	2850	4.0	0.6520395158184438	1358801	13928.734137252279	0.0975538040004582	-0.953769918019308
32980.36826588738	300	6.99169304082006	0.0	165384	1008.3069591799406	0.16402148025885627	-2.25
32981.22701704504	300	10.132941883160628	0.0	140881	858.7511576594317	0.16405334507376743	0.3
32985.92643306492	1200	9.433525863282153	0.0	601738	4699.416019878473	0.12804527146663658	0.29999999999999993
32988.67480622155	1200	10.685152706657348	0.0	616206	2748.373156624804	0.22420754565829934	1.2
32991.13064245609	1200	12.229316472115693	0.0	656471	2455.836234541655	0.26731057664458663	1.2
32993.76928308375	1850	13.590675844454106	0.0	874175	2638.6406276615876	0.3312974835738469	1.2000000000000002
32996.92205286529	2850	14.437906062911194	0.0	1383735	3152.7697815429133	0.43889503385268525	1.85
33000.322281925415	2850	15.037677002782663	0.0	1480464	3400.229060128529	0.4354012549801684	2.85
33012.02554113436	4300	7.334417793841347	0.0	2395588	11703.259208941317	0.20469409052905238	2.8499999999999996
33012.903712430096	750	10.456246498100569	0.0	277716	878.1712957407786	0.3162435408068463	-2.8
33016.50563226807	1200	10.854326660127334	0.0	622896	3601.9198379732343	0.17293444274720382	0.75
33020.600699526934	1200	10.759259401262105	0.0	641447	4095.0672588652305	0.15663894130465372	1.2
33028.14786659377	1200	7.212092334425997	0.0	570392	7547.167066836108	0.07557696748312706	1.2
33030.721008980974	750	8.63894994722744	0.0	400322	2573.142387198557	0.15557708815167448	0.3
33032.19873474385	750	11.161224184354353	0.0	369834	1477.7257628730865	0.2502724181250963	0.75
33036.718201118536	1850	10.641757809667405	0.0	1035329	4519.466374686946	0.22908213363391047	0.75
33039.06529763958	1200	12.294661288620587	0.0	690253	2347.09652104682	0.29408803336819855	0.5499999999999999
33042.496032397394	1850	12.863926530805317	0.0	943942	3430.7347578152694	0.275142809524894	1.2000000000000002
33044.73747776669	1850	14.622481161511223	0.0	728962	2241.445369294094	0.3252196149797639	1.85
33052.42666591723	2850	10.933293010972422	0.0	1499009	7689.188150538801	0.19495023020017538	1.85
33057.88452834144	1200	9.475430586763393	0.0	605884	5457.862424209029	0.11101122617391856	-0.44999999999999996
33059.895534606934	1200	11.464424321269904	0.0	587506	2011.0062654934877	0.29214528571139475	1.2
33062.172293516385	1850	13.187665411817173	0.0	858450	2276.75890945273	0.37704914492081537	1.2000000000000002
33066.53713983368	2850	12.822819094526537	0.0	1527299	4364.846317290638	0.3499089977005262	1.85
33068.68771202492	1850	14.672246903282865	0.0	886255	2150.572191243671	0.41210195296326263	0.8500000000000001
33072.068063924264	2850	15.291895003937396	0.0	1587250	3380.351899345469	0.4695517056396809	1.85
33076.631031314566	4300	14.728927613633164	0.0	2124950	4562.96739030423	0.46569475918571523	2.8499999999999996
33091.18389235788	2850	4.1760665703160464	0.0	1483527	14552.861043317118	0.10194057344354682	1.4000000000000001
33093.79975197419	300	5.560206954010567	0.0	137507	2615.8596163054785	0.05256665883095388	-2.25
33094.64262116625	300	8.717337761950072	0.0	118421	842.8691920604973	0.14049748302047357	0.3

