74119.80482741928	750	4.0	3.7667387200480547	450283	3766.738720048055	0.11954187254969875	-15.446976496206634
74120.89925290903	300	6.9055745102530075	0.0	155580	1094.4254897469932	0.14215677673586224	-0.15000000000000002
74121.72633570607	300	10.078491713210315	0.0	139857	827.0827970426939	0.16909673432946593	0.3
74124.40649982334	1200	11.398327595949773	0.0	617681	2680.1641172605414	0.23046387197786464	0.29999999999999993
74128.15974991383	1850	11.645077505447585	0.0	996749	3753.2500905021884	0.2655695666330175	1.2000000000000002
74130.42564170131	1850	13.379185717958526	0.0	801058	2265.8917874890594	0.3535287979871668	1.85
74134.43717241831	2850	13.367655000963811	0.0	1388403	4011.5307169947137	0.34610304593158864	1.85
74140.08842515286	2850	11.716402266400554	0.0	1638769	5651.252734563258	0.28998331466884003	2.85
74142.28897666425	1850	13.515850755026488	0.0	852833	2200.5515113740653	0.38755420883898106	0.8500000000000001
74145.62837625234	2850	14.176451166929404	0.0	1429765	3339.399588097083	0.42815031932573683	1.85
74148.22043612701	2850	15.584391292253487	0.0	1354548	2592.0598746759165	0.5225758915655289	2.85
74152.57412152579	4300	15.230705893469064	0.0	2102452	4353.685398784422	0.48291316607006524	2.8499999999999996
74156.98640384214	4300	14.818423577122974	0.0	2209463	4412.282316346091	0.5007528624844898	4.3
74162.02345548935	2850	13.781371929909449	0.0	1578343	5037.051647213527	0.3133465984755451	1.4000000000000001
74164.41247300402	2850	15.392354415253802	0.0	1231445	2389.0175146556458	0.5154608505151546	2.85
74170.50665995979	4300	13.298167459471065	0.0	2152483	6094.186955782736	0.3532026528916252	2.8499999999999996
74176.58882210866	2850	11.21600531058856	0.0	1491626	6082.162148882506	0.24524601013375827	1.4000000000000001
74178.06828732946	1850	13.736540089804667	0.0	885714	1479.4652207838942	0.5986717278360248	0.8500000000000001
74180.72549449977	2850	15.079332919477851	0.0	1537156	2657.2071703268157	0.5784855682934733	1.85
74191.94426744926	4300	7.860559969987591	0.0	2156729	11218.77294949026	0.19224286022278347	2.8499999999999996
74192.61594628813	750	11.188881131115517	0.0	386472	671.6788388720743	0.5753821285318268	-2.8
74194.16024772925	1850	13.644579690013654	0.0	955231	1544.3014411018626	0.6185521651255085	0.75
74196.56447825952	2850	15.240349159735247	0.0	1505760	2404.2305302784052	0.626296014894061	1.85
74203.68612657809	4300	12.11870084116587	0.0	2044075	7121.648318569378	0.2870227380745784	2.8499999999999996
74208.09165048458	1850	11.713176934686901	0.0	897976	4405.523906478969	0.2038295601300437	-0.6000000000000001
74210.55671520218	1850	13.248112217074173	0.0	905935	2465.064717612728	0.36750962095524425	1.85
74213.93230149407	2850	13.87252592518074	0.0	1547572	3375.5862918934326	0.4584602099245807	1.85
74215.80353389612	2850	16.001293523144902	0.0	1141971	1871.2324020358396	0.6102774827742257	2.85
74219.23320123948	4300	16.571626179774626	0.0	2134614	3429.6673433702736	0.6223968059544668	2.8499999999999996
74223.22806687781	4300	16.576760541440997	0.0	2164140	3994.8656383336306	0.5417303598983426	4.3
74228.62707616165	4300	15.177751257605722	0.0	2113193	5399.009283835274	0.3914038463180524	4.3
74232.03772049575	4300	15.76710692350788	0.0	2147852	3410.644334097843	0.6297496278128142	4.3
74237.51904114372	4300	14.285786275545378	0.0	2191074	5481.3206479625	0.39973468817491264	4.3
74240.48869773195	2850	15.316129687301654	0.0	1587293	2969.656588243724	0.5345038905453834	1.4000000000000001
74244.12305690348	4300	15.681770515771314	0.0	2307787	3634.3591715303414	0.6349914499584932	2.8499999999999996
74249.46382004277	4300	14.341007376483194	0.0	2143948	5340.763139288119	0.401431021014306	4.3
74251.68315487941	2850	16.121672539841228	0.0	1139291	2219.3348366419646	0.5133479550674024	1.4000000000000001
74255.67857401256	4300	16.126253406699046	0.0	2147467	3995.419133142185	0.5374822836950103	2.8499999999999996
74259.05765510202	4300	16.747172317246804	0.0	2133870	3379.0810894522397	0.6314941676483732	4.3
74266.82653739127	4300	12.97829002797973	0.0	2146120	7768.882289267074	0.2762456580098947	4.3
74268.36172868304	1850	15.443098736219229	0.0	858450	1535.1912917605016	0.559181129157892	-0.6000000000000001
74275.95783777515	4300	11.84698964412152	0.0	2184571	7596.109092097709	0.2875907880618284	1.8499999999999996
74277.41463387586	1850	14.390193543395801	0.0	886255	1456.796100725718	0.6083589869292642	-0.6000000000000001
74282.34205198308	2850	13.462775436168057	0.0	1587250	4927.418107227745	0.32212610447482726	1.85
74285.06659410607	2850	14.738233313175897	0.0	1464921	2724.542122992159	0.5376760328415066	2.85
74288.31832306107	2850	15.486504358171652	0.0	1483527	3251.7289550042447	0.45622713963195727	2.85
74291.97729367943	4300	15.827533739824798	0.0	1961140	3658.9706183468556	0.5359813468209959	2.8499999999999996
74302.4522558639	4300	9.352571555357217	0.0	2155012	10474.96218446758	0.20572981191239828	4.3

