36043.996922540355	750	4.0	1.936393107400574	450283	1936.393107400574	-7.576490361822469
36051.471217325685	1850	4.0	3.4742947853356663	957685	7474.294785335666	-14.189467576943365
36056.62878591369	750	4.0	1.1575685879927096	350812	5157.56858799271	-5.327544928368651
36057.05866665458	300	7.570119259107857	0.0	155432	429.8807408921428	-0.15000000000000002
36058.06509922704	750	10.563686686649733	0.0	411561	1006.4325724581242	0.3
36058.65988105743	750	13.968904856261952	0.0	318564	594.7818303877809	0.75
36059.84239939498	1850	16.786386518713353	0.0	905515	1182.5183375486004	0.75
36061.21360535427	1850	19.415180559417372	0.0	1060487	1371.2059592959836	1.85
36062.33198022533	1850	22.296805688358816	0.0	852833	1118.3748710585528	1.85
36068.24332634214	1850	20.385459571550314	0.0	913888	5911.346116808504	1.85
36074.884020910344	1850	17.744765003351674	0.0	939819	6640.69456819864	1.85
36079.38195622111	1850	17.24682969259098	0.0	917428	4497.935310760696	1.85
36084.43048145043	1850	16.19830446326359	0.0	946851	5048.525229327387	1.85
36088.29745423139	1850	16.33133168230381	0.0	1036454	3866.9727809597816	1.85
36094.30340803005	1850	14.325377883646267	0.0	821631	6005.953798657542	1.85
36100.283292868975	1850	12.345493044719817	0.0	923170	5979.8848389264485	1.85
36105.083093555666	1850	11.545692358023691	0.0	966699	4799.800686696125	1.85
36107.00582126934	1850	13.62296464434612	0.0	885714	1922.7277136775715	1.85
36114.4812755744	1850	10.1475103392827	0.0	987708	7475.454305063418	1.85
36115.39049868268	750	13.238287231001188	0.0	350713	909.2231082815115	-0.3500000000000001
36118.210937975615	1850	14.417847938068347	0.0	891604	2820.439292932841	0.75
36122.50614904515	1850	14.122636868533819	0.0	955231	4295.211069534529	1.85
36125.23814222932	1850	15.390643684364008	0.0	968026	2731.993184169811	1.85
36127.62513225835	1850	17.00365365533167	0.0	874175	2386.990029032335	1.85
36130.39501366393	1850	18.23377224974971	0.0	897976	2769.8814055819635	1.85
36137.1273801494	1850	15.501405764283634	0.0	905935	6732.366485466074	1.85
36140.19352189994	1850	16.43526401374056	0.0	1076599	3066.141750543074	1.85
36143.14993242123	1850	17.478853492458228	0.0	758197	2956.410521282333	1.85
36152.985292312405	1850	11.643493601282687	0.0	972798	9835.35989117554	1.85
36154.02669178442	750	14.602094129267691	0.0	400508	1041.3994720149976	-0.3500000000000001
36158.870449828944	1850	13.758336084742016	0.0	873429	4843.758044525674	0.75
36162.69676347458	1850	13.93202243910171	0.0	954453	3826.3136456403067	1.85
36168.99458346075	1850	11.634202452936494	0.0	885062	6297.8199861652165	1.85
36174.0254069898	1850	10.60337892388491	0.0	1035329	5030.823529051583	1.85
36177.399394022264	1850	11.22939189141948	0.0	1026056	3373.98703246543	1.85
36184.32000274885	1850	8.308783164836072	0.0	943942	6920.6087265834085	1.85
36190.918696094275	750	5.710089819409314	0.0	321064	6598.693345426758	-0.3500000000000001
36191.56210072359	300	9.066685190099232	0.0	124011	643.404629310082	-0.15000000000000002
36192.29747300022	300	12.331312913474605	0.0	144254	735.3722766246265	0.3
36195.435544536806	750	13.193241376884462	0.0	390680	3138.071536590143	0.3
36197.15420940336	750	15.474576510333868	0.0	345516	1718.664866550592	0.75
36198.522974708234	750	18.105811205453875	0.0	384505	1368.7653048799928	0.75
36203.50361183825	1850	17.125174075437812	0.0	886255	4980.637130016064	0.75
36207.52309109793	1850	17.10569481576127	0.0	973972	4019.4792596765383	1.85
36213.43960646681	1850	15.189179446883477	0.0	958994	5916.515368877795	1.85
36219.751668593606	1850	12.877117320086114	0.0	982064	6312.062126797364	1.85
36222.88472911464	1850	13.74405679905762	0.0	830730	3133.0605210284934	1.85
36226.26306484453	1850	14.365721069165097	0.0	846370	3378.3357298925225	1.85

