69191.25560807032	300	4.0	6.776339876823079	181801	6776.339876823079	-28.838261470339237
69196.32136550976	300	4.0	1.0657574394395752	155580	5065.757439439575	-4.282756989590173
69200.82735361774	300	4.0	0.505988107981153	139857	4505.988107981153	-1.8757488643189577
69205.82160509563	300	4.0	0.9942514778844934	155432	4994.251477884493	-3.9752813549033217
69211.01314515702	300	4.0	1.1915400614033742	163442	5191.540061403374	-4.823622264034509
69215.03249401998	300	4.0	0.01934886296176819	126289	4019.348862961768	0.21679988926439678
69219.89424448082	300	4.0	0.8617504608297176	153295	4861.750460829718	-3.4055269815677858
69225.3971384817	300	4.0	1.502894000879257	173849	5502.894000879257	-6.162444203780805
69230.17825470825	300	4.0	0.781116226567382	150710	4781.116226567382	-3.0587997742397426
69234.59737469166	300	4.0	0.4191199833896608	139105	4419.119983389661	-1.5022159285755412
69239.10180787841	300	4.0	0.5044331867581276	141840	4504.433186758128	-1.8690627030599487
69244.05255233163	300	4.0	0.9507444532283426	156148	4950.7444532283425	-3.788201148881873
69249.14672278451	300	4.0	1.0941704528949658	160746	5094.170452894966	-4.404932947448353
69254.83527827953	300	4.0	1.6885554950105617	179801	5688.555495010562	-6.960788628545415
69259.28390696141	300	4.0	0.44862868188566335	140051	4448.628681885663	-1.6291033321083523
69263.67832198793	300	4.0	0.3944150265092849	138313	4394.415026509285	-1.395984613989925
69268.23481650426	300	4.0	0.5564945163456859	143509	4556.494516345686	-2.0929264202864495
69273.01300057687	300	4.0	0.7781840725942056	150616	4778.184072594206	-3.0461915121550844
69278.25184475453	300	4.0	1.2388441776565577	165384	5238.844177656558	-5.027029963923198
69282.01381278948	300	4.238031965059616	0.0	140881	3761.9680349403843	0.3
69286.2121492384	300	4.039695516122781	0.0	157671	4198.336448936835	0.3
69290.41416858046	300	4.0	0.16232382592248906	157812	4202.01934204527	-0.397992451466703
69294.77591055624	300	4.0	0.3617419757905291	163927	4361.741975790529	-1.255490495899275
69298.45140678283	300	4.324503773414572	0.0	137654	3675.4962265854274	0.3
69302.36459327384	300	4.411317282384033	0.0	146754	3913.1864910305394	0.3
69306.46542447475	300	4.3104860814882535	0.0	153938	4100.83120089578	0.3
69311.29664390252	300	4.0	0.5207333462952902	181901	4831.219427783543	-1.9391533890697479
69314.27999130302	300	5.016652599516881	0.0	111155	2983.3474004831187	0.3
69318.37212460741	300	4.924519295111237	0.0	153605	4092.133304405644	0.3
69322.34473366456	300	4.95191023796942	0.0	149029	3972.609057141817	0.3
69326.53654016118	300	4.7601037413525065	0.0	157421	4191.806496616913	0.3
69330.73009668502	300	4.566547217513855	0.0	157488	4193.556523838652	0.3
69334.568240964	300	4.7284029385438435	0.0	143881	3838.1442789700113	0.3
69338.9173670719	300	4.379276830635401	0.0	163444	4349.1261079084425	0.3
69343.6813802304	300	4.0	0.3847363278715193	179328	4764.01315850692	-1.3543662098475329
69347.93830341155	300	4.0	0.2569231811511627	159914	4256.923181151163	-0.8047696789499994
69351.45593151083	300	4.482371900700974	0.0	131610	3517.628099299026	0.3
69354.77507517941	300	5.163228232118255	0.0	124011	3319.1436685827184	0.3
69358.62296214724	300	5.315341264286922	0.0	144254	3847.886967831333	0.3
69362.62069846092	300	5.31760495061805	0.0	149991	3997.736313668872	0.3
69366.56559440042	300	5.372709011121977	0.0	147968	3944.8959394960743	0.3
69370.873268371	300	5.0650350405403906	0.0	161857	4307.673970581586	0.3
69374.7461258765	300	5.192177535037681	0.0	145210	3872.857505502709	0.3
69379.3268824531	300	4.611420958437015	0.0	172312	4580.756576600666	0.3
69383.76954359804	300	4.1687598134980295	0.0	167025	4442.661144938985	0.3
69388.03038475059	300	4.0	0.09208133904508395	160064	4260.841152543114	-0.09594975789386095
69391.7020413652	300	4.328343385378686	0.0	137507	3671.6566146213145	0.3
69394.87517529991	300	5.155209450669393	0.0	118421	3173.1339347092926	0.3

