81473.97319255973	750	4.0	4.140653235576192	450283	4140.653235576192	-17.054808912977624
81475.45238961947	300	6.520802940263083	0.0	155580	1479.197059736917	-0.15000000000000002
81476.77002740225	300	9.203165157483124	0.0	139857	1317.6377827799586	0.3
81478.22577098812	300	11.747421571613755	0.0	155432	1455.743585869369	0.3
81479.81657381332	300	14.156618746423604	0.0	163442	1590.8028251901499	0.3
81482.72519123477	750	15.248001324972503	0.0	318564	2908.617421451101	0.3
81486.03699853594	750	15.936194023791883	0.0	352642	3311.807301180621	0.75
81490.20434790841	750	15.768844651337583	0.0	437162	4167.3493724543005	0.75
81493.70664143638	750	16.26655112336457	0.0	374758	3502.2935279730127	0.75
81497.72750688055	750	16.24568567919955	0.0	362795	4020.865444165022	0.75
81501.28762709517	750	16.68556546459329	0.0	353220	3560.120214606261	0.75
81505.2087691702	750	16.764423389544987	0.0	405134	3921.1420750483007	0.75
81509.33180694314	750	16.641385616627403	0.0	386351	4123.037772917586	0.75
81513.86325094904	750	16.109941610724423	0.0	434409	4531.44400590298	0.75
81517.37172234997	750	16.601470209793597	0.0	337059	3508.471400930828	0.75
81520.78278785954	750	17.190404700227184	0.0	366214	3411.065509566413	0.75
81524.02170770074	750	17.9514848590276	0.0	360831	3238.91984119958	0.75
81527.67919443871	750	18.293998121061392	0.0	372963	3657.486737966211	0.75
81531.74691413074	750	18.226278429044328	0.0	405596	4067.7196920170636	0.75
81534.96454897424	750	19.00864358553029	0.0	350713	3217.634843514033	0.75
81539.29367812329	750	18.67951443649719	0.0	386472	4329.129149033102	0.75
81543.25204423949	750	18.721148320284485	0.0	399894	3958.3661162127087	0.75
81547.07309683412	750	18.900095725657184	0.0	401853	3821.0525946272955	0.75
81550.06423438972	750	19.908958170060615	0.0	343800	2991.1375555965737	0.75
81554.11463296936	750	19.858559590424683	0.0	359903	4050.39857963593	0.75
81557.78863671156	750	20.184555848233718	0.0	379700	3674.0037421909647	0.75
81561.70847100945	750	20.264721550339576	0.0	425781	3919.834297894143	0.75
81564.4141010164	750	21.5590915433826	0.0	277716	2705.630006956973	0.75
81568.2791266341	750	21.69406592569067	0.0	400396	3865.025617691931	0.75
81571.88600335515	750	22.0871892046402	0.0	400508	3606.8767210504698	0.75
81575.3165762226	750	22.656616337188975	0.0	358218	3430.5728674512243	0.75
81579.33474699856	750	22.638445561220205	0.0	400322	4018.1707759687715	0.75
81582.67680489727	750	23.296387662511012	0.0	369834	3342.0578987091917	0.75
81586.4940684262	750	23.479124133593423	0.0	412837	3817.2635289175873	0.75
81590.13522010043	750	23.837972459346272	0.0	401088	3641.1516742471554	0.75
81594.57304890483	750	23.40014365494359	0.0	365161	4437.828804402683	0.75
81597.67385978457	750	24.299332775200977	0.0	321064	3100.810879742614	0.75
81600.97280895949	750	25.000383600294466	0.0	361565	3298.9491749065087	0.75
81605.58918081401	750	24.384011745770344	0.0	378327	4616.371854524121	0.75
81609.26837384248	750	24.704818717305805	0.0	390680	3679.1930284645396	0.75
81612.31745517987	750	25.65573737991251	0.0	345516	3049.0813373932974	0.75
81617.45707367652	750	24.516118883277922	0.0	384505	5139.618496634585	0.75
81620.94922169154	750	25.023970868252437	0.0	372093	3492.148015025486	0.75
81625.26073412987	750	24.71245842990449	0.0	438281	4311.512438347946	0.75
81629.03951342385	750	24.933679135936682	0.0	398987	3778.7792939678075	0.75
81632.68780290721	750	25.28538965256715	0.0	393804	3648.2894833695327	0.75
81635.64820527658	750	26.324987283198052	0.0	331053	2960.4023693691015	0.75
81639.06709812875	750	26.906094431026712	0.0	314107	3418.892852171339	0.75

