34527.91647125506	750	4.0	3.8065048294078423	450283	3806.5048294078424	-15.61797076645372
34530.082021678696	750	5.8344495763680975	0.0	398865	2165.550423631903	0.75
34531.54353774029	750	8.372933514774989	0.0	350812	1461.5160615931095	0.75
34535.00969501908	1200	8.906776235984644	0.0	617681	3466.157278790344	0.75
34540.739690160975	1200	7.1767810940876275	0.0	652874	5729.995141897016	1.2
34541.81014655519	750	10.106324699876414	0.0	318564	1070.456394211215	0.3
34545.74768022952	1850	10.168791025542173	0.0	905515	3937.533674334239	0.75
34548.69102669434	1850	11.225444560726583	0.0	1060487	2943.346464815592	1.85
34555.098937604525	1850	8.817533650535918	0.0	852833	6407.910910190665	1.85
34559.43294475646	750	8.48352649859886	0.0	362795	4334.007151937058	-0.3500000000000001
34563.0019717184	300	8.91449953666688	0.0	141840	3569.0269619319793	-0.15000000000000002
34566.24278493406	300	9.673686321002254	0.0	156148	3240.8132156646257	0.3
34568.07112473336	300	11.845346521704423	0.0	160746	1828.3397992978319	0.3
34569.75780020662	300	14.158671048436766	0.0	179801	1686.6754732676584	0.3
34571.035199649115	300	16.881271605942622	0.0	140051	1277.3994424941418	0.3
34572.531711522046	300	19.384759733017297	0.0	138313	1496.5118729253268	0.3
34575.90717043906	750	20.009300816001055	0.0	360831	3375.458917016244	0.3
34587.77304458439	750	12.14342667066142	0.0	372963	11865.874145339634	0.75
34592.69213590997	300	11.224335345082741	0.0	165384	4919.091325578678	-0.15000000000000002
34597.97329029467	300	9.943180960386425	0.0	140881	5281.154384696317	0.3
34599.56593741955	300	12.350533835496673	0.0	157671	1592.6471248897508	0.3
34602.0836676982	300	13.83280355685862	0.0	157812	2517.730278638054	0.3
34603.32506687044	300	16.591404384608904	0.0	163927	1241.3991722497176	0.3
34609.56058312947	750	14.355888125584304	0.0	343800	6235.5162590246	0.3
34613.616986218316	300	14.299485036735147	0.0	146754	4056.403088849158	-0.15000000000000002
34615.74382127622	300	16.17264997883793	0.0	153938	2126.8350578972168	0.3
34617.229021522035	300	18.687449733020635	0.0	181901	1485.2002458172922	0.3
34618.15939759235	300	21.757073662705004	0.0	111155	930.3760703156315	0.3
34619.41453156096	300	24.50193969409511	0.0	153605	1255.1339686098922	0.3
34631.840623773955	1200	16.07584748110025	0.0	641447	12426.09221299486	0.29999999999999993
34633.46433779986	300	18.45213345519979	0.0	157421	1623.7140259004632	-0.6000000000000001
34636.915193797664	300	19.00127745739321	0.0	157488	3450.855997806577	0.3
34638.46853140855	300	21.44793984650994	0.0	143881	1553.3376108832701	0.3
34640.16678562982	300	23.74968562523117	0.0	163444	1698.2542212787698	0.3
34641.68255743034	300	26.233913824719732	0.0	179328	1515.7718005114366	0.3
34644.536292172736	750	27.38017908231741	0.0	365161	2853.734742402321	0.3
34647.05506951023	750	28.861401744828857	0.0	321064	2518.7773374885564	0.75
34649.88148931447	750	30.034981940587183	0.0	361565	2826.4198042416774	0.75
34679.44189351506	1850	4.474577740004588	0.0	908665	29560.404200582594	0.75
34682.16397494346	300	5.752496311602623	0.0	149991	2722.081428401965	-1.25
34687.114187147075	300	4.802284107987196	0.0	147968	4950.212203615427	0.3
34691.03362070212	300	4.882850552946156	0.0	161857	3919.4335550410397	0.3
34693.66193719315	300	6.2545340619089425	0.0	145210	2628.3164910372143	0.3
34696.29351375646	300	7.622957498610271	0.0	172312	2631.5765632986718	0.3
34698.658054385036	300	9.258416870025322	0.0	167025	2364.54062858495	0.3
34700.81811019921	300	11.09836105585273	0.0	160064	2160.055814172593	0.3
34704.933853617345	750	10.982617637709	0.0	331053	4115.743418143729	0.3
34714.10851847128	1850	5.807952783779012	0.0	846370	9174.664853929988	0.75

