21174.165139696783	750	4.0	2.112147723620674	450283	2112.147723620674	-8.332235211568896
21176.706341398705	750	5.458798298078224	0.0	398865	2541.2017019217756	0.75
21178.682876748404	750	7.482262948376705	0.0	350812	1976.535349701519	0.75
21182.049482863174	1200	8.115656833607476	0.0	617681	3366.6061147692285	0.75
21185.239256340297	1200	8.925883356482455	0.0	652874	3189.773477125022	1.2
21187.7520603213	1200	10.41307937548035	0.0	520315	2512.8039810021032	1.2
21190.383238236	1200	11.781901460777405	0.0	561791	2631.1779147029465	1.2
21195.445675088784	1850	10.719464607995233	0.0	1060487	5062.436852782172	1.2000000000000002
21200.45384865309	1850	9.71129104369237	0.0	852833	5008.173564302863	1.85
21205.477673958412	1850	8.687465738366514	0.0	913888	5023.825305325855	1.85
21210.120275204354	1850	8.04486449242577	0.0	939819	4642.601245940744	1.85
21215.28758449134	1850	6.877555205441817	0.0	917428	5167.309286983953	1.85
21218.443199381898	1200	7.721940314880878	0.0	624282	3155.6148905609393	0.5499999999999999
21222.77052497908	1200	7.394614717700259	0.0	687371	4327.325597180618	1.2
21225.29667301379	1200	8.868466682995336	0.0	526950	2526.148034704923	1.2
21227.95889969979	1200	10.206239996991098	0.0	587876	2662.226686004239	1.2
21232.49450110913	1850	9.67063858765238	0.0	966699	4535.601409338718	1.2000000000000002
21236.624613181513	1850	9.540526515271981	0.0	885714	4130.112072380398	1.85
21241.68199884495	1850	8.483140851833864	0.0	987708	5057.385663438118	1.85
21246.64596711065	1850	7.519172586136462	0.0	923755	4963.968265697403	1.85
21250.911908604197	1850	7.253231092587451	0.0	891604	4265.941493549011	1.85
21255.37172955393	1850	6.793410142854398	0.0	955231	4459.820949733053	1.85
21260.03606149366	1850	6.129078203123996	0.0	968026	4664.331939730402	1.85
21266.193696348455	1850	4.0	0.028556651668629456	874175	6157.634854792625	1.7272063978248935
21268.03304617115	750	6.160650177306246	0.0	359903	1839.3498226937543	-0.3500000000000001
21270.076024922313	750	8.117671426142085	0.0	379700	2042.9787511641603	0.75
21273.84686879444	1200	8.346827554010844	0.0	696376	3770.8438721312405	0.75
21276.275360727093	1200	9.918335621359617	0.0	487160	2428.491932651228	1.2
21279.26394540159	1200	10.92975094686249	0.0	622896	2988.5846744971273	1.2
21282.316270814597	1200	11.877425533855668	0.0	641447	3052.3254130068203	1.2
21286.72814133925	1850	11.465555009204246	0.0	873429	4411.870524651423	1.2000000000000002
21292.104798953816	1850	10.088897394639119	0.0	954453	5376.657614565128	1.85
21296.486571204878	1850	9.707125143578068	0.0	885062	4381.772251061051	1.85
21301.964463538487	1850	8.229232809968558	0.0	1035329	5477.89233360951	1.85
21307.54496974504	1850	6.648726603416123	0.0	1026056	5580.506206552435	1.85
21312.004178983534	1850	6.18951736491901	0.0	943942	4459.209238497113	1.85
21316.502426188246	1850	5.691270160210524	0.0	728962	4498.247204708486	1.85
21319.187423319272	1200	7.006273029183501	0.0	575591	2684.997131027023	0.5499999999999999
21322.08801215797	1200	8.105684190485999	0.0	605884	2900.5888386975016	1.2
21325.8698710839	1200	8.323825264555651	0.0	587506	3781.8589259303485	1.2
21329.153166371983	1200	9.040529976474373	0.0	566904	3283.295288081278	1.2
21332.893491383587	1200	9.300204964869197	0.0	641452	3740.325011605176	1.2
21335.8132214859	1200	10.380474862558607	0.0	599477	2919.7301023105906	1.2
21338.89690482815	1200	11.296791520306074	0.0	634861	3083.683342252532	1.2
21343.334768413908	1850	10.858927934548142	0.0	958994	4437.863585757934	1.2000000000000002
21351.228183961517	2850	6.965512386937061	0.0	1483527	7893.415547611079	1.85
21355.949803287884	1850	6.243893060574377	0.0	830730	4721.619326362685	0.8500000000000001
21362.628494977598	2850	4.0	0.4347986291394727	1364537	6678.69168971385	-0.01963410529973242

