67052.46748473904	750	4.0	4.759529855010306	450283	4759.529855010306	-19.715978376544314
67054.09543799401	300	6.372046745026475	0.0	155580	1627.9532549735247	-0.15000000000000002
67058.02456506238	300	6.442919676647885	0.0	139857	3929.1270683785892	0.3
67059.60581702527	300	8.861667713768453	0.0	155432	1581.251962879432	0.3
67063.34928384561	300	9.118200893425577	0.0	163442	3743.4668203428755	0.3
67065.79714788136	300	10.67033685768089	0.0	126289	2447.864035744688	0.3
67067.47604853511	300	12.991436203929029	0.0	153295	1678.9006537518626	0.3
67069.22122582198	300	15.24625891704991	0.0	173849	1745.1772868791172	0.3
67072.40507068687	300	16.06241405215879	0.0	150710	3183.844864891121	0.3
67073.81354846997	300	18.653936269070712	0.0	139105	1408.4777830880757	0.3
67075.24980656724	300	21.217678171799157	0.0	141840	1436.2580972715562	0.3
67078.65892971195	300	21.808555027093995	0.0	156148	3409.123144705164	0.3
67080.27830948686	300	24.189175252174632	0.0	160746	1619.3797749193602	0.3
67089.021247817	750	19.44623692204237	0.0	434409	8742.938330132258	0.3
67090.4442737068	300	22.02321103223863	0.0	140051	1423.0258898037387	-0.15000000000000002
67091.83810679907	300	24.629377939964392	0.0	138313	1393.8330922742373	0.3
67093.27806866054	300	27.18941607850249	0.0	143509	1439.9618614619017	0.3
67098.82166955611	750	25.645815182924494	0.0	372963	5543.600895577998	0.3
67104.51025807003	750	23.957226668995883	0.0	405596	5688.58851392861	0.75
67110.83325555292	750	21.634229186111362	0.0	350713	6322.997482884517	0.75
67112.44276841848	300	24.024716320558923	0.0	157671	1609.512865552439	-0.15000000000000002
67119.82950399422	750	20.6379807448176	0.0	399894	7386.735575741324	0.3
67126.40414770058	750	18.063337038449344	0.0	401853	6574.643706368258	0.75
67132.34982446233	750	16.117660276688795	0.0	343800	5945.676761760549	0.75
67138.74646337815	750	13.721021360883869	0.0	359903	6396.638915804924	0.75
67142.09748873791	300	14.36999600111995	0.0	153938	3351.0253597639185	-0.15000000000000002
67144.16205651559	300	16.305428223444427	0.0	181901	2064.567777675526	0.3
67146.89475181258	750	17.572732926453654	0.0	277716	2732.69529699077	0.3
67150.79298549492	750	17.674499244123805	0.0	400396	3898.233682329846	0.75
67155.02289815374	750	17.444586585301582	0.0	400508	4229.912658822225	0.75
67158.85148163994	750	17.616003099097615	0.0	358218	3828.583486203965	0.75
67163.3399228616	750	17.127561877421623	0.0	400322	4488.441221675991	0.75
67170.61149580528	750	13.855988933754722	0.0	369834	7271.5729436669035	0.75
67172.24258400904	300	16.224900729990523	0.0	163444	1631.0882037641961	-0.15000000000000002
67176.5136702186	750	15.953814520425018	0.0	401088	4271.0862095655075	0.3
67182.67620752851	750	13.791277210528671	0.0	365161	6162.537309896346	0.75
67188.06267535538	750	12.404809383651427	0.0	321064	5386.467826877243	0.75
67190.49142563557	300	13.97605910345538	0.0	124011	2428.750280196048	-0.15000000000000002
67191.95896228412	300	16.50852245491003	0.0	144254	1467.5366485453515	0.3
67197.43958693618	750	15.027897802857401	0.0	390680	5480.624652052625	0.3
67201.59667794367	750	14.870806795363652	0.0	345516	4157.091007493749	0.75
67210.90595819325	750	9.56152654578009	0.0	384505	9309.280249583562	0.75
67212.38889211106	300	12.07859262797952	0.0	145210	1482.9339178005696	-0.15000000000000002
67214.12519204391	300	14.34229269512066	0.0	172312	1736.2999328588592	0.3
67217.99740800055	750	14.4700767384858	0.0	398987	3872.215956634862	0.3
67224.31223706703	750	12.155247671998676	0.0	393804	6314.829066487122	0.75
67228.82027812031	750	11.647206618718108	0.0	331053	4508.041053280568	0.75
67236.98718310847	1200	7.480301630547995	0.0	550906	8166.904988170113	0.75

