54753.926862697626	750	4.0	7.508298833257152	450283	7508.298833257152	-31.53568498300575
54756.47210220564	300	5.454760491983057	0.0	155580	2545.239508016942	-0.15000000000000002
54758.91025837029	300	7.016604327331768	0.0	139857	2438.156164651289	0.3
54761.48875886325	300	8.438103834375958	0.0	155432	2578.5004929558086	0.3
54764.27520387065	300	9.651658826972023	0.0	163442	2786.445007403936	0.3
54766.42373722054	300	11.503125477082005	0.0	126289	2148.533349890018	0.3
54768.97620137871	300	12.95066131891155	0.0	153295	2552.464158170455	0.3
54771.78313865485	300	14.14372404277278	0.0	173849	2806.937276138771	0.3
54774.32820169245	300	15.598661005174522	0.0	150710	2545.063037598257	0.3
54776.64541221322	300	17.281450484402942	0.0	139105	2317.210520771577	0.3
54779.029407963775	300	18.897454733848146	0.0	141840	2383.9957505547964	0.3
54786.59002314181	750	15.336839555806469	0.0	405134	7560.615178041677	0.3
54793.208409139166	750	12.71845355845955	0.0	386351	6618.385997346918	0.75
54800.19139541965	750	9.735467277975815	0.0	434409	6982.986280483736	0.75
54806.20290199219	750	7.723960705440848	0.0	337059	6011.506572534967	0.75
54812.5949422957	750	5.331920401926956	0.0	366214	6392.0403035138925	0.75
54815.013656152165	300	6.913206545459123	0.0	143509	2418.713856467832	-0.15000000000000002
54817.444924978234	300	8.481937719392839	0.0	150616	2431.268826066283	0.3
54820.26689573887	300	9.659966958756714	0.0	165384	2821.9707606361267	0.3
54822.63810894935	300	11.288753748281168	0.0	140881	2371.2132104755465	0.3
54825.214316445585	300	12.712546252051487	0.0	157671	2576.2074962296815	0.3
54827.90089437537	300	14.025968322265083	0.0	157812	2686.577929786405	0.3
54830.66322763693	300	15.263635060710154	0.0	163927	2762.3332615549275	0.3
54832.92095615316	300	17.005906544470797	0.0	137654	2257.728516239357	0.3
54838.96006737826	750	14.966795319374146	0.0	359903	6039.111225096649	0.3
54845.28914964875	750	12.63771304888576	0.0	379700	6329.0822704883885	0.75
54852.31304412365	750	9.613818573986057	0.0	425781	7023.894474899701	0.75
54857.218701691374	750	8.708161006260845	0.0	277716	4905.65756772521	0.75
54863.88121569046	750	6.045647007171737	0.0	400396	6662.513999089108	0.75
54866.350790020326	300	7.576072677311691	0.0	149029	2469.574329860045	-0.15000000000000002
54869.250335047844	300	8.67652764979225	0.0	157421	2899.5450275194426	0.3
54871.81023804396	300	10.116624653679581	0.0	157488	2559.90299611267	0.3
54874.10583603107	300	11.821026666565745	0.0	143881	2295.5979871138356	0.3
54876.884986333724	300	13.041876363916973	0.0	163444	2779.1503026487712	0.3
54879.91584426101	300	14.011018436626465	0.0	179328	3030.8579272905104	0.3
54882.73875533712	300	15.188107360520055	0.0	159914	2822.91107610641	0.3
54884.98922124495	300	16.937641452692397	0.0	131610	2250.4659078276545	0.3
54887.03780986427	300	18.889052833368666	0.0	124011	2048.5886193237293	0.3
54893.302326814955	750	16.62453588267815	0.0	378327	6264.5169506905195	0.3
54899.757422337956	750	14.169440359677964	0.0	390680	6455.095523000185	0.75
54905.35122974458	750	12.575632953057655	0.0	345516	5593.807406620308	0.75
54911.653025453474	750	10.273837244160436	0.0	384505	6301.795708897218	0.75
54918.66757537512	750	7.259287322514726	0.0	372093	7014.549921645711	0.75
54921.630607917046	300	8.296254780586745	0.0	172312	2963.032541927981	-0.15000000000000002
54924.60674124294	300	9.320121454696014	0.0	167025	2976.1333258907307	0.3
54927.29350438206	300	10.63335831557409	0.0	160064	2686.763139121924	0.3
54932.60080594106	750	9.32605675657193	0.0	331053	5307.3015590021605	0.3
54942.37882950401	1200	4.0	0.451966806370614	550906	9778.023562942544	-1.19345726739364

