42956.072414727656	300	4.0	2.269986123689417	181801	2269.986123689417	-9.460940331864492
42957.87562774511	300	6.19678698255444	0.0	155580	1803.21301744556	0.3
42959.32689831911	300	8.74551640855053	0.0	139857	1451.2705740039087	0.3
42960.930878726664	300	11.141536001001567	0.0	155432	1603.9804075489644	0.3
42962.55346174102	300	13.518952986636455	0.0	163442	1622.583014365111	0.3
42963.807667434245	300	16.26474729341616	0.0	126289	1254.2056932202952	0.3
42965.31296862233	300	18.759446105330063	0.0	153295	1505.301188086097	0.3
42967.00937611278	300	21.063038614886278	0.0	173849	1696.4074904437844	0.3
42968.502762886885	300	23.569651840788346	0.0	150710	1493.3867740979324	0.3
42969.8980160785	300	26.174398649171366	0.0	139105	1395.2531916169805	0.3
42971.319128998235	300	28.753285729442005	0.0	141840	1421.1129197293592	0.3
42972.927737591905	300	31.144677135772714	0.0	156148	1608.6085936692932	0.3
42974.620303277225	300	33.45211145045694	0.0	160746	1692.5656853157757	0.3
42976.50402419585	300	35.5683905318309	0.0	179801	1883.7209186260422	0.3
42977.98898255745	300	38.08343217022837	0.0	140051	1484.9583616025263	0.3
42979.59240865719	300	40.48000607049168	0.0	138313	1603.4260997366907	0.3
42981.28657871931	300	42.78583600837534	0.0	143509	1694.1700621163425	0.3
42982.97027196045	300	45.10214276724156	0.0	150616	1683.6932411337852	0.3
42984.61293976757	300	47.45947496011387	0.0	165384	1642.6678071276808	0.3
42986.02408548503	300	50.0483292426566	0.0	140881	1411.14571745728	0.3
42987.61497207549	300	52.4574426521941	0.0	157671	1590.88659046249	0.3
42989.22269664325	300	54.8497180844417	0.0	157812	1607.7245677524093	0.3
42990.88961845666	300	57.18279627103112	0.0	163927	1666.9218134105722	0.3
42993.64429801647	300	58.428116711216674	0.0	137654	2754.679559814452	0.3
42999.22678295252	300	56.84563177516208	0.0	146754	5582.4849360545895	0.3
43002.82656691148	300	57.24584781621386	0.0	153938	3599.7839589482155	0.3
43004.59222863721	300	59.48018609047504	0.0	181901	1765.6617257388314	0.3
43007.6051573327	300	59.870121774586174	0.0	111155	1110.0643158888613	0.3
43010.94066977475	300	59.86429770710966	0.0	153605	1505.8240674765182	0.3
43014.372351754595	300	59.774300832022725	0.0	149029	1589.996875086933	0.3
43018.357209444366	300	59.789443142257	0.0	157421	3984.8576897657267	0.3
43023.50468565738	300	58.64196692923912	0.0	157488	5147.476213017882	0.3
43026.124498843594	300	59.87406991140659	0.0	143881	2267.8970178325217	0.3
43029.43978227098	300	59.676386282852064	0.0	163444	1697.6836285545253	0.3
43032.565342552516	300	59.882906005302864	0.0	179328	1793.4802775492008	0.3
43035.4682683215	300	59.80848305030454	0.0	159914	1574.4229549983258	0.3
43039.13482887361	300	59.52545429949022	0.0	131610	1283.0287508143144	0.3
43041.07788891343	300	59.82919005052147	0.0	124011	1196.2642489687569	0.3
43043.743108892515	300	59.61447795926199	0.0	144254	1714.712091259475	0.3
43046.172221408975	300	59.5856757279125	0.0	149991	1528.8022313494896	0.3
43048.4040756609	300	59.629903744490186	0.0	147968	1455.771983422314	0.3
43050.81590979971	300	59.51952787133286	0.0	161857	1610.3758731573246	0.3
43052.615792389435	300	59.98281564729802	0.0	145210	1536.7122240348365	0.3
43054.91514868865	300	59.674222597591445	0.0	172312	1808.593049706568	0.3
43057.12407550864	300	59.7746408485945	0.0	167025	1899.5817489969465	0.3
43059.04022186154	300	59.68224025434061	0.0	160064	1592.4005942538886	0.3
43061.59528493189	300	59.771081520290416	0.0	137507	1411.1587340502024	0.3
43065.92026410934	300	59.446102342838415	0.0	118421	4324.979177451995	0.3

