39494.63487184856	750	4.0	2.6289505583655934	450283	2628.950558365593	-10.554487400972052
39496.67060893264	750	5.964262915920755	0.0	398865	2035.7370840792444	0.75
39497.90045140113	750	8.73442044743141	0.0	350812	1229.8424684893446	0.75
39501.6311514692	1850	9.003720379356713	0.0	933276	3730.700068074696	0.75
39506.7486961536	1850	7.886175694958259	0.0	996749	5117.544684398455	1.85
39510.72769130069	1200	7.907180547861386	0.0	520315	3978.995147096873	0.5499999999999999
39512.11497515044	750	10.519896698111337	0.0	352642	1387.2838497500493	0.3
39514.14124770319	1200	12.493624145358226	0.0	709534	2026.2725527531109	0.75
39515.7080533377	1200	14.926818510853629	0.0	584846	1566.8056345045977	1.2
39519.83050506628	2850	14.804366782268492	0.0	1429765	4122.451728585137	1.2000000000000002
39523.42370313125	2850	15.211168717298419	0.0	1354548	3593.1980649700727	2.85
39527.4689122143	2850	15.1659596342479	0.0	1519951	4045.209083050518	2.85
39531.07878181511	2850	15.556090033444791	0.0	1422919	3609.8696008031097	2.85
39542.78388957891	4300	7.850982269640881	0.0	2275376	11705.10776380391	2.8499999999999996
39544.071764484135	1200	10.563107364413792	0.0	526950	1287.8749052270882	-1.9000000000000001
39545.59125502786	1200	13.043616820687163	0.0	587876	1519.4905437266298	1.2
39547.26492336411	1200	15.369948484439247	0.0	617242	1673.6683362479157	1.2
39549.98013852537	1200	16.654733323184143	0.0	581493	2715.215161255103	1.2
39551.25434806523	1200	19.380523783318125	0.0	639204	1274.2095398660224	1.2
39554.30827042028	2850	20.32660142826944	0.0	1336050	3053.9223550486818	1.2000000000000002
39557.69415491364	2850	20.940716934908874	0.0	1415116	3385.8844933605687	2.85
39563.69177666839	2850	18.943095180161308	0.0	1468126	5997.6217547475635	2.85
39570.37065284615	2850	16.26421900240367	0.0	1505760	6678.8761777576365	2.85
39573.64077610446	1850	16.9940957440972	0.0	874175	3270.1232583064702	0.8500000000000001
39578.114761579505	1850	16.520110269050264	0.0	897976	4473.985475046939	1.85
39579.895139998334	1850	18.7397318502259	0.0	905935	1780.3784188243617	1.85
39589.041016626004	2850	13.593855222549529	0.0	1547572	9145.876627676373	1.85
39590.432907484326	750	16.201964364235824	0.0	277716	1391.8908583137047	-1.35
39591.400767954125	750	19.23410389443259	0.0	400396	967.8604698032332	0.75
39593.56253965431	1850	21.07233219424456	0.0	975811	2161.7717001880314	0.75
39596.850582498235	1850	21.784289350324077	0.0	873429	3288.04284392048	1.85
39598.416079324656	1850	24.218792523906014	0.0	954453	1565.4968264180645	1.85
39606.14249198937	4300	20.492379859192535	0.0	2191074	7726.412664713476	1.8499999999999996
39608.890233118946	1850	21.74463872961788	0.0	1035329	2747.741129574656	-0.6000000000000001
39611.18591223339	1850	23.448959615171212	0.0	1026056	2295.679114446669	1.85
39614.104794028906	1850	24.530077819654256	0.0	943942	2918.881795516955	1.85
39616.73574813706	1850	25.89912371149719	0.0	728962	2630.9541081570696	1.85
39618.98387903232	1850	27.6509928162381	0.0	938587	2248.130895259089	1.85
39625.725856800535	4300	24.909015048022606	0.0	2133870	6741.977768215494	1.8499999999999996
39637.1534542157	4300	17.481417632849595	0.0	2146120	11427.59741517301	4.3
39644.99945670306	1850	13.635415145496522	0.0	858450	7846.002487353074	-0.6000000000000001
39648.09067029552	750	14.54420155303263	0.0	384505	3091.213592463892	-0.3500000000000001
39649.94770597203	750	16.687165876526073	0.0	372093	1857.0356765065565	0.75
39652.057306924995	750	18.57756492356633	0.0	438281	2109.6009529597404	0.75
39656.238834389114	1850	18.396037459443995	0.0	958994	4181.527464122338	0.75
39665.52872795327	2850	13.1061438952877	0.0	1483527	9289.893564156297	1.85
39669.17486200949	1850	13.460009839066869	0.0	830730	3646.1340562208316	0.8500000000000001
39674.40313602763	2850	12.231735820930666	0.0	1364537	5228.274018136202	1.85

