78918.91265919455	300	4.0	5.856825524311645	450283	5856.8255243116455	0	-24.434349754540076
78919.86262251972	300	7.05003667484226	0.0	155580	949.9633251577396	0	-0.15000000000000002
78920.72466687481	750	10.187992319741438	0.0	139857	862.0443551008227	1	0.3
78922.94269764477	750	11.96996154977944	0.0	382355	2218.0307699619975	1	0.3
78925.32404085125	750	13.58861834329246	0.0	411561	2381.3432064869808	1	0.75
78927.18536876433	750	15.72729043022169	0.0	318564	1861.3279130707685	1	0.75
78929.23725208422	750	17.67540711032019	0.0	352642	2051.8833199015016	1	0.75
78931.7617494949	750	19.15090969964653	0.0	437162	2524.497410673658	1	0.75
78933.93729979577	750	20.975359398775826	0.0	374758	2175.5503008707046	1	0.75
78936.04595607902	1850	22.866703115509324	0.0	362795	2108.6562832665004	3	0.75
78941.38118208678	1850	21.531477107754974	0.0	939819	5335.22600775435	3	0.75
78946.59120338432	1850	20.321455810205066	0.0	917428	5210.021297549908	3	1.85
78951.82578949282	1850	19.086869701701964	0.0	946851	5234.586108503097	3	1.85
78957.51068906303	1850	17.40197013150098	0.0	1036454	5684.899570200985	3	1.85
78962.03387635235	1850	16.87878284218201	0.0	821631	4523.187289318971	3	1.85
78967.10616268268	1850	15.806496511845646	0.0	923170	5072.286330336362	3	1.85
78972.4138436117	1850	14.498815582818672	0.0	966699	5307.680929026973	3	1.85
78977.28357669963	1850	13.629082494885202	0.0	885714	4869.733087933469	3	1.85
78982.70486936161	1850	12.207789832901097	0.0	987708	5421.2926619841055	3	1.85
78987.78031923441	750	11.132339960093416	0.0	923755	5075.449872807681	1	1.85
78989.95026895404	750	12.962390240477578	0.0	386472	2169.949719615839	1	-0.3500000000000001
78992.19280169425	750	14.719857500263393	0.0	399894	2242.5327402141847	1	0.75
78994.44592824593	750	16.466730948593973	0.0	401853	2253.1265516694193	1	0.75
78996.38511782138	750	18.527541373142387	0.0	343800	1939.1895754515867	1	0.75
78998.41138863514	1850	20.50127055937347	0.0	359903	2026.2708137689133	3	0.75
79003.39047213728	1850	19.52218705723056	0.0	905935	4979.083502142911	3	0.75
79009.29246642973	1850	17.620192764788438	0.0	1076599	5901.994292442125	3	1.85
79013.47261755985	1850	17.44004163465852	0.0	758197	4180.15113012992	3	1.85
79018.81328044705	1850	16.099378747456214	0.0	972798	5340.662887202306	3	1.85
79024.36428099782	1850	14.548378196699792	0.0	975811	5551.00055075642	3	1.85
79028.36466254453	1850	14.54799664998768	0.0	873429	4000.381546712112	3	1.85
79032.40235472213	1850	14.51030447237361	0.0	954453	4037.69217761407	3	1.85
79036.12787396261	1850	14.784785231885788	0.0	885062	3725.519240487822	3	1.85
79040.44476696773	1850	14.467892226762396	0.0	1035329	4316.893005123392	3	1.85
79044.64415774068	1850	14.268501453814558	0.0	1026056	4199.390772947839	3	1.85
79048.51387873544	1850	14.398780459056058	0.0	943942	3869.720994758502	3	1.85
79051.52050197689	1850	15.392157217605686	0.0	728962	3006.623241450372	3	1.85
79055.36872381606	1850	15.543935378438238	0.0	938587	3848.2218391674473	3	1.85
79059.09681535952	1850	15.815843834993585	0.0	908665	3728.0915434446547	3	1.85
79062.91287879788	1850	15.999780396626203	0.0	930577	3816.0634383673814	3	1.85
79066.6298347926	1850	16.282824401913903	0.0	858450	3716.955994712302	3	1.85
79071.17546035821	1850	15.737198836310466	0.0	1025005	4545.625565603436	3	1.85
79075.14091401147	1850	15.771745183048335	0.0	886255	3965.4536532621296	3	1.85
79079.31587350603	1850	15.59678568849397	0.0	973972	4174.959494554365	3	1.85
79083.31938821987	1850	15.593270974659188	0.0	958994	4003.5147138347825	3	1.85
79087.55172271965	1850	15.360936474870359	0.0	982064	4232.334499788828	3	1.85
79090.92233706034	1850	15.990322134180785	0.0	830730	3370.614340689575	3	1.85
79094.02424854736	1850	16.88841064716505	0.0	846370	3101.9114870157346	3	1.85

