2.3035852781014396	750	4.0	2.3035852781014396	450283	2303.5852781014396	-9.15541669583619
3.3864637271529476	300	6.917121550948492	0.0	155580	1082.8784490515081	-0.15000000000000002
4.0473193126365965	300	10.256265965464843	0.0	139857	660.8555854836486	0.3
4.454254094241036	300	13.849331183860404	0.0	155432	406.9347816044392	0.3
6.7561007410356195	1850	15.54748453706582	0.0	996749	2301.8466467945836	0.30000000000000004
8.45364395456203	1850	17.849941323539408	0.0	801058	1697.5432135264102	1.85
12.087553187238669	4300	18.216032090862768	0.0	2157535	3633.909232676639	1.8499999999999996
19.520516520816702	4300	14.783068757284735	0.0	2290172	7432.963333578034	4.3
20.21250375427604	1850	18.0910815238254	0.0	852833	691.987233459337	-0.6000000000000001
22.00024817324908	4300	20.303337104852353	0.0	2169201	1787.7444189730427	1.8499999999999996
24.107825167202535	4300	22.195760110898902	0.0	2173522	2107.576993953453	4.3
26.037443001504478	4300	24.266142276596963	0.0	2102452	1929.6178343019415	4.3
27.83811250342004	4300	26.465472774681402	0.0	2209463	1800.6695019155582	4.3
29.70605326651236	4300	28.597532011589077	0.0	2275376	1867.940763092322	4.3
31.484966279624253	4300	30.818618998477188	0.0	2005399	1778.913013111891	4.3
33.36484416134053	4300	32.93874111676091	0.0	2152483	1879.8778817162768	4.3
35.299384229710455	4300	35.00420104839098	0.0	2289689	1934.5400683699238	4.3
38.37174013159024	4300	35.93184514651119	0.0	2059512	3072.35590187979	4.3
40.582480151158464	4300	37.72110512694297	0.0	2220726	2210.7400195682194	4.3
47.79731330718507	4300	34.50627197091638	0.0	2156729	7214.833156026599	4.3
48.92256611700194	2850	37.3810191610995	0.0	1415116	1125.2528098168746	1.4000000000000001
52.03557540645939	4300	38.268009871642064	0.0	2176469	3113.0092894574427	2.8499999999999996
55.11739155180855	4300	39.1861937262929	0.0	2221506	3081.816145349166	4.3
70.34764009361687	4300	27.955945184484566	0.0	2044075	15230.248541808334	4.3
71.18150644440172	750	31.122078833699717	0.0	359903	833.8663507848456	-2.8
73.90274068485076	750	32.40084459325068	0.0	379700	2721.234240449033	0.75
75.0902467205793	750	35.213338557522135	0.0	425781	1187.5060357285479	0.75
76.1721119145636	1200	38.131473363537836	0.0	487160	1081.8651939842966	0.75
77.0813319029539	1200	41.22225337514752	0.0	622896	909.2199883903131	1.2
79.08340453392681	4300	43.22018074417463	0.0	2164140	2002.0726309728943	1.1999999999999997
81.93285181238511	4300	44.37073346571633	0.0	2113193	2849.4472784582977	4.3
87.31811757259315	4300	42.985467705508285	0.0	2147852	5385.265760208046	4.3
90.9106125051514	4300	43.39297277295004	0.0	2191074	3592.494932558252	4.3
93.12302799227038	4300	45.180557285831064	0.0	2286761	2212.4154871189744	4.3
95.10683100642653	4300	47.1967542716749	0.0	2307787	1983.8030141561592	4.3
97.17588679841806	4300	49.127698479683374	0.0	2143948	2069.0557919915336	4.3
102.97022227083396	4300	47.33336300726749	0.0	1919781	5794.335472415889	4.3
106.93942792513164	2850	47.364157352969805	0.0	1499009	3969.2056542976816	1.4000000000000001
110.72304512088266	2850	47.580540157218785	0.0	1427478	3783.617195751023	2.85
114.44130381669311	2850	47.86228146140833	0.0	1402287	3718.258695810454	2.85
117.99666051830847	2850	48.30692475979297	0.0	1339500	3555.3567016153634	2.85
122.03926508345998	2850	48.26432019464146	0.0	1527299	4042.6045651515064	2.85
134.49717987067714	4300	39.806405407424286	0.0	2121928	12457.914787217178	2.8499999999999996
135.73335055712494	1850	42.57023472097651	0.0	973972	1236.1706864477842	-0.6000000000000001
138.09001835002837	4300	44.21356692807307	0.0	2124950	2356.6677929034367	1.8499999999999996
146.54893286249577	4300	39.75465241560568	0.0	2246506	8458.914512467389	4.3
159.4437548175498	4300	30.85983046055163	0.0	1961140	12894.82195505405	4.3
167.3643683518605	2850	26.939216926240938	0.0	1364537	7920.613534310693	1.4000000000000001

