85882.86353700288	750	4.0	2.343198200901108	450283	2343.198200901108	-9.325752263874763
85884.7616841158	750	6.101852887071772	0.0	398865	1898.147112928228	0.75
85887.87846350389	1200	6.985073498975501	0.0	571051	3116.779388096271	0.75
85891.70180066861	1200	7.161736334264887	0.0	617681	3823.337164710614	1.2
85895.08247944126	1200	7.781057561625052	0.0	652874	3380.678772639835	1.2
85899.86256172205	1200	7.000975280831429	0.0	520315	4780.082280793623	1.2
85900.75671158644	300	10.106825416459596	0.0	153295	894.1498643718326	-0.6000000000000001
85902.81964756793	750	12.043889434963031	0.0	437162	2062.9359814965637	0.3
85904.96474297345	1200	13.898794029444607	0.0	584846	2145.0954055184247	0.75
85906.60564878468	1200	16.2578882182019	0.0	560821	1640.9058112427108	1.2
85909.08818281787	1850	17.77535418502155	0.0	939819	2482.5340331803495	1.2000000000000002
85911.70090318921	1850	19.16263381367241	0.0	917428	2612.720371349136	1.85
85916.05612502621	2850	18.807411976675983	0.0	1422919	4355.221836996429	1.85
85920.15826423504	2850	18.705272767855252	0.0	1578343	4102.139208820732	2.85
85931.43389058352	4300	11.429646419367577	0.0	2005399	11275.626348487674	2.8499999999999996
85933.17063450528	1200	13.692902497591543	0.0	587876	1736.7439217760336	-1.9000000000000001
85935.54128355492	1850	15.322253447953036	0.0	966699	2370.649049638507	1.2000000000000002
85937.99080702254	1850	16.87272998034368	0.0	885714	2449.523467609357	1.85
85940.34272461389	1850	18.520812388997552	0.0	987708	2351.917591346129	1.85
85942.41097380035	1850	20.45256320254034	0.0	923755	2068.249186457213	1.85
85949.05600763317	4300	17.807529369705982	0.0	2039773	6645.033832834358	1.8499999999999996
85954.18087257411	4300	16.68266442876028	0.0	2176469	5124.864940945704	4.3
85961.15751753697	4300	13.70601946591099	0.0	2221506	6976.64496284929	4.3
85971.0764696479	2850	7.787067354980134	0.0	1323990	9918.952110930855	1.4000000000000001
85972.03203970299	750	10.831497299901514	0.0	359903	955.5700550786205	-1.35
85973.55266087437	750	13.310876128519993	0.0	379700	1520.6211713815205	0.75
85976.4991633465	1200	14.364373656392734	0.0	696376	2946.502472127259	0.75
85977.7813508683	1200	17.08218613459752	0.0	487160	1282.1875217952168	1.2
85980.3155390658	1850	18.547997937091257	0.0	972798	2534.188197506263	1.2000000000000002
85984.86585275993	2850	17.9976842429756	0.0	1561263	4550.313694115656	1.85
85988.25308575759	2850	18.61045124530364	0.0	1341201	3387.23299767196	2.85
85995.31161630101	2850	15.55192070188323	0.0	1497683	7058.530543420411	2.85
85997.47654256779	1850	17.386994435115874	0.0	885062	2164.9262667673565	0.8500000000000001
86003.62244055844	2850	15.241096444465914	0.0	1587293	6145.897990649961	1.85
86008.62024911467	2850	14.243287888240795	0.0	1492672	4997.808556225118	2.85
86012.34820366115	2850	14.515333341738463	0.0	1439896	3727.954546502332	2.85
86015.86821432709	2850	14.995322675817015	0.0	1139291	3520.010665921449	2.85
86020.7739119424	2850	14.089625060513816	0.0	1499009	4905.6976153032	2.85
86025.21308242097	2850	13.650454581928676	0.0	1427478	4439.17047858514	2.85
86033.57433247268	2850	9.28920453021545	0.0	1402287	8361.250051713227	2.85
86034.5124592516	750	12.351077751301125	0.0	345516	938.1267789143241	-1.35
86036.07559367998	1200	14.787943322915947	0.0	641452	1563.134428385179	0.75
86037.98287578742	1850	16.880661215475534	0.0	886255	1907.282107440409	1.2000000000000002
86040.71206660086	1850	18.151470402036576	0.0	973972	2729.1908134389582	1.85
86048.71581652192	2850	14.147720480981864	0.0	1464921	8003.749921054712	1.85
86056.794079199	1850	10.069457803897443	0.0	982064	8078.262677084419	0.8500000000000001
86058.75139463464	1200	12.11214236824218	0.0	538612	1957.3154356552627	0.5499999999999999
86064.39345263691	2850	10.470084365984665	0.0	1364537	5642.058002257516	1.2000000000000002

