60334.52085231563	300	4.0	8.427329486372502	450283	8427.329486372502	0	-35.48751679140175
60342.23615942465	300	4.0	3.7153071090159546	155580	7715.307109015955	0	-16.125820568768603
60349.61412630924	300	4.0	3.3779668845962467	139857	7377.966884596247	0	-14.22525760376386
60352.346078593386	300	5.268047715854771	0.0	155432	2731.9522841452294	0	0.3
60356.237215891684	300	5.376910417558513	0.0	163442	3891.137298296258	0	0.3
60357.82479385179	300	7.7893324574549805	0.0	126289	1587.5779601035317	0	0.3
60362.34831042345	300	7.2658158857930735	0.0	153295	4523.516571661907	0	0.3
60367.85981511372	300	5.754311195525708	0.0	173849	5511.504690267366	0	0.3
60374.09404154283	300	4.0	0.4799152335892131	150710	6234.226429114921	0	-1.7636355044336163
60378.1279924081	300	4.0	0.03395086527387912	139105	4033.950865273879	0	0.15401127932231978
60385.92371150657	300	4.0	3.795719098463017	141840	7795.719098463017	0	-16.02159212339097
60393.04236506676	300	4.0	3.1186535601896375	156148	7118.653560189638	0	-13.11021030881544
60398.70722946017	300	4.0	1.6648643934031762	160746	5664.864393403176	0	-6.858916891633657
60409.07730080655	300	4.0	6.370071346386678	179801	10370.071346386678	0	-27.091306789462713
60411.0186987456	300	6.058602060952901	0.0	140051	1941.3979390470986	0	0.3
60412.6616030708	300	8.415697735751836	0.0	138313	1642.9043252010665	0	0.3
60414.553975105184	300	10.523325701373883	0.0	143509	1892.3720343779505	0	0.3
60415.95534014038	750	13.121960666178786	0.0	150616	1401.3650351950982	1	0.3
60422.03291690366	750	11.044383902902133	0.0	405596	6077.576763276652	1	0.3
60426.98843278959	300	10.088868016966389	0.0	350713	4955.515885935743	0	0.75
60428.44629023136	750	12.631010575195013	0.0	157671	1457.857441771375	1	-0.15000000000000002
60433.97671765406	750	11.100583152492485	0.0	399894	5530.427422702529	1	0.3
60446.988297724114	300	4.0	1.9109969175589485	401853	13011.580070051434	0	-7.467286745503479
60448.362116301294	300	6.626181422823063	0.0	137654	1373.8185771769374	0	-0.15000000000000002
60452.54406494989	300	6.444232774224736	0.0	146754	4181.948648598326	0	0.3
60455.126205634086	300	7.862092090029408	0.0	153938	2582.140684195329	0	0.3
60461.13665096592	300	5.85164675819836	0.0	181901	6010.445331831048	0	0.3
60462.299018460035	300	8.68927926408749	0.0	111155	1162.3674941108695	0	0.3
60463.80570707123	300	11.182590652890207	0.0	153605	1506.6886111972833	0	0.3
60471.65867661076	300	7.329621113360102	0.0	149029	7852.969539530105	0	0.3
60476.35047128445	300	6.637826439668953	0.0	157421	4691.794673691149	0	0.3
60478.458247241186	300	8.530050482934842	0.0	157488	2107.775956734112	0	0.3
60479.9061137645	300	11.082183959624432	0.0	143881	1447.8665233104086	0	0.3
60481.85883883418	300	13.129458889938913	0.0	163444	1952.725069685518	0	0.3
60492.99973189854	300	5.9885658255784495	0.0	179328	11140.893064360464	0	0.3
60496.781481561564	300	6.206816162556574	0.0	159914	3781.7496630218748	0	0.3
60498.134612362606	300	8.85368536151065	0.0	131610	1353.1308010459243	0	0.3
60501.13123358903	300	9.85706413508493	0.0	124011	2996.621226425721	0	0.3
60502.92411694568	300	12.064180778437136	0.0	144254	1792.8833566477933	0	0.3
60504.11354834877	750	14.874749375345196	0.0	149991	1189.43140309194	1	0.3
60508.339297428785	750	14.649000295330836	0.0	345516	4225.749080014361	1	0.3
60519.61941031579	300	7.368887408326078	0.0	384505	11280.112887004758	0	0.75
60521.07914905526	300	9.909148668854384	0.0	145210	1459.7387394716948	0	-0.15000000000000002
60522.76426043664	750	12.224037287472184	0.0	172312	1685.1113813821992	1	0.3
60536.053352279654	300	4.0	1.0650545555461486	398987	13289.091843018332	0	-4.279734588848439
60537.65948796739	300	6.39386431226642	0.0	160064	1606.1356877335804	0	-0.15000000000000002
60538.734155104954	300	9.319197174694049	0.0	137507	1074.6671375723708	0	0.3
60541.7426413593	300	10.310710920350463	0.0	118421	3008.486254343587	0	0.3

