16233.790368996979	300	4.0	1.9423451961949387	450283	1942.3451961949388	0	-7.602084343638236
16234.227779358702	750	7.562589638278367	0.0	155580	437.4103617216328	1	-0.15000000000000002
16235.113691711293	1850	10.6766772856862	0.0	350812	885.9123525921677	3	0.3
16237.350316724001	1850	12.44005227297736	0.0	933276	2236.625012708839	3	0.75
16239.855493494138	1850	13.934875502841543	0.0	996749	2505.176770135818	3	1.85
16241.791971296068	1850	15.998397700912019	0.0	801058	1936.4778019295225	3	1.85
16243.970531571122	1850	17.819837425858015	0.0	905515	2178.560275054005	3	1.85
16249.550059531093	1850	16.240309465886657	0.0	1060487	5579.527959971357	3	1.85
16252.199825565987	1850	17.590543430991957	0.0	852833	2649.766034894698	3	1.85
16254.620666433479	1850	19.169702563502018	0.0	913888	2420.84086748994	3	1.85
16257.112712380638	1850	20.67765661634158	0.0	939819	2492.045947160438	3	1.85
16259.547291814775	1850	22.243077182204257	0.0	917428	2434.579434137325	3	1.85
16261.963276095712	1850	23.827092901266944	0.0	946851	2415.9842809373126	3	1.85
16264.800300297344	1850	24.99006869963511	0.0	1036454	2837.0242016318334	3	1.85
16270.391544222268	1850	23.398824774711642	0.0	821631	5591.24392492347	3	1.85
16275.17198253516	1850	22.61838646181983	0.0	923170	4780.438312891808	3	1.85
16277.60945652921	1850	24.180912467768742	0.0	966699	2437.473994051089	3	1.85
16279.93431594803	1850	25.856053048947498	0.0	885714	2324.8594188212455	3	1.85
16283.424659117843	1850	26.36570987913316	0.0	987708	3490.3431698143386	3	1.85
16290.49286641596	1850	23.297502581018406	0.0	923755	7068.207298114755	3	1.85
16295.912672860908	1850	21.877696136069655	0.0	891604	5419.80644494875	3	1.85
16299.457674458903	1850	22.33269453807502	0.0	955231	3545.001597994634	3	1.85
16301.974193822116	1850	23.81617517486118	0.0	968026	2516.5193632138426	3	1.85
16304.713465594772	1850	25.076903402205417	0.0	874175	2739.2717726557617	3	1.85
16306.993556247766	1850	26.796812749213373	0.0	897976	2280.090652992045	3	1.85
16311.505439332062	1850	26.28492966491531	0.0	905935	4511.88308429806	3	1.85
16314.06079785979	1850	27.729571137186962	0.0	1076599	2555.3585277283482	3	1.85
16317.297613736728	1850	28.49275526024907	0.0	758197	3236.8158769378915	3	1.85
16321.614967355461	1850	28.175401641515304	0.0	972798	4317.353618733763	3	1.85
16325.960479070181	1850	27.829889926795445	0.0	975811	4345.511714719862	3	1.85
16328.334198872059	1850	29.456170124919236	0.0	873429	2373.7198018762056	3	1.85
16330.73201133473	1850	31.058357662246014	0.0	954453	2397.8124626732233	3	1.85
16333.577595909625	1850	32.21277308735066	0.0	885062	2845.584574895352	3	1.85
16337.228575128765	1850	32.56179386821071	0.0	1035329	3650.9792191399524	3	1.85
16339.725649683745	1850	34.06471931323122	0.0	1026056	2497.074554979486	3	1.85
16341.989142788285	4300	35.80122620869117	0.0	943942	2263.4931045400517	5	1.85
16349.211786708016	4300	32.578582288961194	0.0	1919781	7222.643919729981	5	1.8499999999999996
16357.493694983403	4300	28.296674013574275	0.0	2147467	8281.908275386915	5	4.3
16368.067845508998	4300	21.722523487979153	0.0	2133870	10574.150525595122	5	4.3
16376.847536995603	4300	16.94283200137425	0.0	2146120	8779.691486604906	5	4.3
16385.06362414333	4300	12.72674485364696	0.0	2108491	8216.087147727289	5	4.3
16390.39917621182	4300	11.391192785156239	0.0	2184571	5335.5520684907215	5	4.3
16396.596494466437	1850	9.19387453054027	0.0	2121928	6197.31825461597	3	4.3
16403.44024799365	750	6.350121003325894	0.0	973972	6843.753527214376	1	-0.6000000000000001
16404.54437318433	750	9.245995812647752	0.0	398987	1104.1251906781422	1	-0.3500000000000001
16405.68215343999	1850	12.108215556990018	0.0	393804	1137.7802556577333	3	0.75
16408.04159994171	1850	13.748769055272085	0.0	830730	2359.446501717933	3	0.75
16410.336304931367	1850	15.454064065614672	0.0	846370	2294.7049896574126	3	1.85

