59042.94810441456	300	4.0	7.262531807425087	450283	7262.531807425087	0	-30.478886771927872
59044.703197644645	300	6.2449067699127605	0.0	155580	1755.0932300872391	0	-0.15000000000000002
59046.28900503557	300	8.659099378986479	0.0	139857	1585.8073909262823	0	0.3
59048.042504784506	300	10.90559963005397	0.0	155432	1753.499748932509	0	0.3
59049.88224631755	300	13.065858097003973	0.0	163442	1839.7415330499969	0	0.3
59051.32197024694	750	15.62613416761403	0.0	126289	1439.7239293899431	1	0.3
59055.19878363455	750	15.749320780003641	0.0	352642	3876.813387610388	1	0.3
59058.64947229181	750	16.298632122747073	0.0	437162	3450.6886572565713	1	0.75
59060.61139748171	750	18.336706932842215	0.0	374758	1961.925189904857	1	0.75
59063.88753434404	750	19.060570070513645	0.0	362795	3276.1368623285716	1	0.75
59066.297838574355	750	20.650265840198678	0.0	353220	2410.3042303149673	1	0.75
59069.05063590759	750	21.897468506966064	0.0	405134	2752.7973332326146	1	0.75
59071.67951583989	750	23.268588574667728	0.0	386351	2628.879932298335	1	0.75
59074.625449621635	750	24.322654792925768	0.0	434409	2945.9337817419587	1	0.75
59076.929134615595	750	26.018969798968087	0.0	337059	2303.6849939576828	1	0.75
59079.425164380045	1850	27.522940034513738	0.0	366214	2496.0297644543502	3	0.75
59085.88278390652	1850	25.06532050803945	0.0	966699	6457.61952647429	3	0.75
59091.80611973419	1850	23.141984680370598	0.0	885714	5923.33582766885	3	1.85
59098.40234228873	1850	20.54576212582687	0.0	987708	6596.2225545437295	3	1.85
59104.576646643734	1850	18.371457770822612	0.0	923755	6174.304355004255	3	1.85
59110.5388406672	1850	16.409263747364864	0.0	891604	5962.19402345775	3	1.85
59116.920802164925	1850	14.027302249635413	0.0	955231	6381.961497729451	3	1.85
59123.38717633076	750	11.560928083804269	0.0	968026	6466.374165831145	1	1.85
59125.735333837074	750	13.21277057748445	0.0	343800	2348.157506319817	1	-0.3500000000000001
59128.18972793538	750	14.758376479180143	0.0	359903	2454.3940983043085	1	0.75
59130.77472911382	750	16.173375300734435	0.0	379700	2585.001178445709	1	0.75
59133.663741246455	750	17.284363168103955	0.0	425781	2889.0121326304775	1	0.75
59135.57592167119	750	19.372182743365403	0.0	277716	1912.1804247385526	1	0.75
59138.29746091756	750	20.65064349699999	0.0	400396	2721.5392463654152	1	0.75
59141.0197390634	750	21.928365351156078	0.0	400508	2722.278145843913	1	0.75
59143.46301668294	750	23.48508773161311	0.0	358218	2443.2776195429674	1	0.75
59146.18406772787	750	24.764036686688844	0.0	400322	2721.051044924264	1	0.75
59148.703979779035	750	26.244124635518737	0.0	369834	2519.9120511701085	1	0.75
59151.50759624337	1850	27.440508171189023	0.0	412837	2803.6164643297107	3	0.75
59171.27233221329	750	11.675772201265282	0.0	1026056	19764.735969923742	1	0.75
59174.817176321565	750	12.130928092989194	0.0	365161	3544.844108276087	1	-0.3500000000000001
59178.20393703532	750	12.744167379234312	0.0	321064	3386.7607137548825	1	0.75
59182.00783301079	750	12.940271403762804	0.0	361565	3803.895975471508	1	0.75
59185.98436722376	750	12.963737190793603	0.0	378327	3976.5342129692003	1	0.75
59190.08812969993	750	12.859974714621384	0.0	390680	4103.76247617222	1	0.75
59193.72673089712	750	13.221373517434118	0.0	345516	3638.601197187265	1	0.75
59197.766894690765	750	13.18120972379073	0.0	384505	4040.163793643389	1	0.75
59201.67922255768	750	13.268881856875735	0.0	372093	3912.3278669149936	1	0.75
59206.273245906246	750	12.67485850830597	0.0	438281	4594.023348569766	1	0.75
59210.46256534692	750	12.48553906763707	0.0	398987	4189.319440668899	1	0.75
59214.59850309179	750	12.349601322765244	0.0	393804	4135.937744871826	1	0.75
59218.088144330206	750	12.859960084349554	0.0	331053	3489.6412384156906	1	0.75
59220.87984218508	750	14.06826222947312	0.0	314107	2791.697854876433	1	0.75

