90145.84058435989	750	4.0	1.155411749928016	450283	1155.4117499280162	-4.218270524690469
90146.57809840489	750	7.262485954995404	0.0	398865	737.5140450045958	0.75
90150.0782227611	1850	7.762361598776482	0.0	877771	3500.1243562189225	0.75
90153.09910738758	1850	8.74147697231934	0.0	933276	3020.8846264571425	1.85
90159.07626669179	1850	6.764317668109771	0.0	996749	5977.159304209569	1.85
90160.16108138154	750	9.679502978367763	0.0	318564	1084.8146897420083	-0.3500000000000001
90161.35054258353	750	12.49004177637619	0.0	352642	1189.461201991575	0.75
90162.78108214446	750	15.059502215452074	0.0	437162	1430.5395609241148	0.75
90168.16249754484	1850	13.678086815063551	0.0	852833	5381.415400388524	0.75
90170.66301099089	1850	15.17757336902212	0.0	913888	2500.51344604143	1.85
90172.58735218247	1850	17.2532321774491	0.0	939819	1924.3411915730198	1.85
90174.81798208084	1850	19.022602279063896	0.0	917428	2230.629898385201	1.85
90179.9706718862	1850	17.8699124737018	0.0	946851	5152.689805362096	1.85
90182.93087050441	1850	18.909713855505064	0.0	1036454	2960.198618196735	1.85
90187.30529754345	1850	18.535286816468297	0.0	821631	4374.427039036768	1.85
90189.93071739259	1850	19.909866967323925	0.0	923170	2625.419849144371	1.85
90194.58970839664	1850	19.250875963275508	0.0	966699	4658.991004048417	1.85
90196.6477904017	1850	21.19279395822232	0.0	885714	2058.0820050531834	1.85
90199.32512026769	1850	22.515464092226093	0.0	987708	2677.3298659962315	1.85
90201.40729560611	1850	24.433288753807155	0.0	923755	2082.175338418935	1.85
90203.86284994708	1850	25.977734412829605	0.0	891604	2455.5543409775487	1.85
90206.44431629601	1850	27.396268063900745	0.0	955231	2581.4663489288628	1.85
90211.03761875893	1850	26.80296560097605	0.0	968026	4593.302462924695	1.85
90213.21656963068	1850	28.624014729231167	0.0	874175	2178.950871744886	1.85
90214.84927810129	1850	30.991306258619193	0.0	897976	1632.7084706119751	1.85
90218.81096126417	1850	31.02962309573684	0.0	905935	3961.6831628823497	1.85
90222.63784685728	1850	31.202737502639266	0.0	1076599	3826.885593097577	1.85
90226.1285791886	1850	31.71200517132223	0.0	758197	3490.7323313170364	1.85
90228.71506353552	1850	33.12552082439841	0.0	972798	2586.484346923821	1.85
90237.3024665034	4300	28.538117856528885	0.0	2164140	8587.402967869522	1.8499999999999996
90245.32925030685	4300	24.51133405308162	0.0	2113193	8026.783803447268	4.3
90252.58337571121	4300	21.257208648716137	0.0	2147852	7254.125404365486	4.3
90259.80226951641	4300	18.0383148435267	0.0	2191074	7218.893805189435	4.3
90267.7621550073	4300	14.078429352641345	0.0	2286761	7959.885490885355	4.3
90275.9587434416	4300	9.88184091832524	0.0	2307787	8196.588434316105	4.3
90277.95935830362	1850	11.881226056298761	0.0	943942	2000.6148620264787	-0.6000000000000001
90280.3323261055	1850	13.508258254407615	0.0	728962	2372.967801891148	1.85
90284.77867665408	1850	13.061907705828203	0.0	938587	4446.350548579411	1.85
90290.67568986113	1850	11.164894498778029	0.0	908665	5897.013207050173	1.85
90292.49913236333	1850	13.341451996576076	0.0	930577	1823.4425022019536	1.85
90294.17404911194	1850	15.666535247964953	0.0	858450	1674.9167486111214	1.85
90297.4690511461	1850	16.37153321382885	0.0	1025005	3295.002034136102	1.85
90300.74961511583	1850	17.090969244097995	0.0	886255	3280.5639697308557	1.85
90303.54020350153	1850	18.30038085839848	0.0	973972	2790.5883856995147	1.85
90310.2814116264	1850	15.559172733518896	0.0	958994	6741.208124879584	1.85
90319.71346839896	1850	10.127115960962344	0.0	982064	9432.05677255655	1.85
90321.35489195766	750	12.485692402267322	0.0	331053	1641.4235586950238	-0.3500000000000001
90323.77181266034	750	14.068771699588105	0.0	314107	2416.920702679216	0.75

