17264.826994760268	300	4.0	1.0138108345200814	181801	1013.8108345200815	-4.05938658843635
17265.66426792474	300	7.162726835526275	0.0	155580	837.2731644737247	0.3
17266.394258322955	300	10.432736437313055	0.0	139857	729.9903982132212	0.3
17267.169424008294	300	13.657570751972559	0.0	155432	775.165685340497	0.3
17268.611507037906	300	16.21548772236491	0.0	163442	1442.08302960765	0.3
17269.707049138182	300	19.119945622086703	0.0	126289	1095.5421002782061	0.3
17270.710960710247	300	22.11603405002113	0.0	153295	1003.9115720655712	0.3
17271.658730831557	300	25.168263928710886	0.0	173849	947.7701213102431	0.3
17272.860436172745	300	27.966558587521234	0.0	150710	1201.7053411896534	0.3
17273.878859618155	300	30.94813514211394	0.0	139105	1018.4234454072937	0.3
17274.721893362912	300	34.105101397354794	0.0	141840	843.0337447591438	0.3
17275.532485004678	300	37.29450975558931	0.0	156148	810.5916417654857	0.3
17276.364589956695	300	40.46240480357433	0.0	160746	832.1049520149779	0.3
17277.713981250276	300	43.11301350999437	0.0	179801	1349.3912935799644	0.3
17278.807300951412	300	46.01969380885823	0.0	140051	1093.3197011361353	0.3
17279.85884956269	300	48.96814519757944	0.0	138313	1051.5486112787912	0.3
17280.989907487296	300	51.837087272972816	0.0	143509	1131.057924606629	0.3
17282.371590144998	300	54.455404615268456	0.0	150616	1381.6826577043612	0.3
17283.481081597067	300	57.3459131631995	0.0	165384	1109.4914520689554	0.3
17284.54571800349	300	59.55454381279849	0.0	140881	791.3693504010103	0.3
17286.012675275782	300	59.66669865796204	0.0	157671	1387.8451548364542	0.3
17287.73960186635	300	59.553791468106716	0.0	157812	1612.9071898553157	0.3
17289.229257480012	300	59.5754732786817	0.0	163927	1478.3181894250201	0.3
17292.12170689238	300	59.59341727411585	0.0	137654	982.05600456585	0.3
17294.88754435975	300	59.87769533778268	0.0	146754	1215.72193633317	0.3
17297.7872068824	300	59.662921841978054	0.0	153938	1214.7734958046246	0.3
17300.767105508774	300	59.97391703176046	0.0	181901	1689.0048102175901	0.3
17303.21731846987	300	59.60425745929273	0.0	111155	869.6595724677222	0.3
17306.212143767243	300	59.85662142192099	0.0	153605	1747.6360373717403	0.3
17308.35406746923	300	59.87125429437537	0.0	149029	985.3671275456206	0.3
17311.27059840404	300	59.70076703124516	0.0	157421	1670.4872631302128	0.3
17314.273890374145	300	59.78264296497945	0.0	157488	1918.124066265707	0.3
17316.817612681083	300	59.513365763430244	0.0	143881	1269.277201549207	0.3
17318.770379813566	300	59.634204749883224	0.0	163444	879.1610135470173	0.3
17321.24996871249	300	59.64121335988934	0.0	179328	1492.9913899938845	0.3
17322.885426276396	300	59.775783285702104	0.0	159914	865.430074187236	0.3
17324.568967153205	300	59.523026550155635	0.0	131610	752.7567355464696	0.3
17327.233919403407	750	59.87244250143559	0.0	361565	2150.58404872004	0.3
17329.563699768147	750	59.92473641980813	0.0	378327	1947.706081627465	0.75
17332.957382662582	750	59.62893211414547	0.0	390680	2795.8043056626566	0.75
17336.770247401382	750	59.81606737534414	0.0	345516	3812.864738801336	0.75
17340.131258775025	750	59.510933352110044	0.0	384505	2805.134023234097	0.75
17343.737831542858	750	59.69558564339969	0.0	372093	3315.34770871035	0.75
17347.525181892586	750	59.90823529367043	0.0	438281	2287.3503497292645	0.75
17351.55373998605	750	59.879677200206004	0.0	398987	4028.558093464426	0.75
17355.299630215726	750	59.80879895002456	0.0	393804	2070.878250181441	0.75
17359.47509969998	750	59.52457000114676	0.0	331053	2284.228948877799	0.75
17363.200157149524	750	59.79951255160249	0.0	314107	2725.0574495442697	0.75

