4605.6715653275805	750	4.0	1.519371699892576	450283	1519.3716998925759	0.29636131832114315	-5.783298309538076
4606.208310138242	300	7.46325518933741	0.0	155580	536.7448106625899	0.289858414854431	-0.15000000000000002
4607.318208329	750	10.353356998579187	0.0	350812	1109.8981907582238	0.31607583733454303	0.3
4609.211568602782	1200	12.459996724797987	0.0	617681	1893.3602737812007	0.32623532275050793	0.75
4612.217779769276	1850	13.453785558304057	0.0	996749	3006.2111664939316	0.3315632019165451	1.2000000000000002
4615.891907561419	2850	13.779657766159936	0.0	1224260	3674.127792144121	0.3332110555919328	1.85
4620.047919036921	2850	13.62364629065941	0.0	1388403	4156.011475500525	0.33407102174394	2.85
4647.640650554102	2850	4.0	13.969085226522136	1638769	27592.731517181546	0.05939132916143388	-57.21706647404518
4649.03861917179	300	6.6020313823117265	0.0	150710	1397.9686176882738	0.10780642576170196	-2.25
4650.298763949607	300	9.341886604495317	0.0	139105	1260.1447778164088	0.11038810972263244	0.3
4655.395506069092	1200	8.245144485010252	0.0	607410	5096.742119485064	0.11917612972370045	0.29999999999999993
4658.24438046037	750	9.396270093731543	0.0	405134	2848.8743912787095	0.14220844598843713	0.3
4663.632146156967	1200	8.008504397135072	0.0	624282	5387.765696596471	0.11587029487833296	0.75
4666.813418763029	750	8.827231791072201	0.0	434409	3181.2726060628706	0.13655195696593345	0.3
4669.258803998779	750	10.381846555322896	0.0	337059	2445.385235749305	0.13783472439127561	0.75
4673.870964864739	1200	9.769685689362209	0.0	587876	4612.160865960685	0.12746216298280588	0.75
4677.960727602347	1200	9.679922951755008	0.0	617242	4089.7627376072023	0.1509236695625844	1.2
4681.818255644151	1200	9.822394909950619	0.0	581493	3857.528041804389	0.15074239090378774	1.2
4686.376186376724	1200	9.26446417737745	0.0	639204	4557.930732573169	0.14023995481808013	1.2
4694.542378731792	1200	5.098271822309543	0.0	586839	8166.192355067907	0.07186201040633217	1.2
4695.81553675139	300	7.825113802710758	0.0	157671	1273.1580195987847	0.12384244341459474	-0.6000000000000001
4698.945290782899	750	8.695359771202694	0.0	399894	3129.754031508063	0.1277717021766443	0.3
4702.139697262699	750	9.500953291402263	0.0	401853	3194.4064798004315	0.12579895593785093	0.75
4707.099783333324	1200	8.540867220777187	0.0	536667	4960.086070625077	0.10819711439651863	0.75
4710.9448862216395	750	8.695764332461597	0.0	359903	3845.102888315591	0.09360035620728507	0.3
4714.867823739235	750	8.772826814865908	0.0	379700	3922.9375175956884	0.0967897139062038	0.75
4719.378520155085	750	8.262130399016366	0.0	425781	4510.696415849542	0.09439362811115025	0.75
4722.587885644401	750	9.05276490970125	0.0	277716	3209.365489315116	0.08653299255712538	0.75
4728.265422787136	1200	7.375227766965579	0.0	622896	5677.53714273567	0.10971236019071874	0.75
4731.620358357848	750	8.020292196254038	0.0	400508	3354.9355707115405	0.11937874559989156	0.3
4737.643849662037	750	5.996800892064607	0.0	358218	6023.4913041894315	0.05947016139142657	0.75
4738.966413064057	300	8.674237490043978	0.0	157488	1322.5634020206276	0.11907784515992807	-0.15000000000000002
4740.391301416062	750	11.249349138038724	0.0	369834	1424.8883520052548	0.2595529674163805	0.3
4743.964838707946	1850	11.675811846154257	0.0	1035329	3573.537291884465	0.28972105659880515	0.75
4747.389731782526	1850	12.250918771574828	0.0	1026056	3424.8930745794305	0.29958774702068547	1.85
4750.078462551152	1850	13.562188002948607	0.0	943942	2688.7307686262197	0.3510734548116537	1.85
4757.42375085363	2850	10.216899700470767	0.0	1139291	7345.288302477841	0.15510500787500398	1.85
4759.249578283389	1200	12.39107227071125	0.0	575591	1825.8274297595171	0.31524939904961996	-0.44999999999999996
4762.336295812912	1850	13.304354741187604	0.0	908665	3086.717529523646	0.2943790584363023	1.2000000000000002
4766.987607510223	2850	12.653043043876908	0.0	1402287	4651.311697310697	0.30148205307564674	1.85
4769.587806653514	1850	14.052843900585351	0.0	858450	2600.1991432915556	0.330147789724021	0.8500000000000001
4774.151582798136	2850	13.489067755964172	0.0	1527299	4563.776144621179	0.33465686124856486	1.85
4778.174308046942	2850	13.466342507156616	0.0	1343002	4022.7252488075555	0.33385377248871323	2.85
4795.708633165157	2850	4.0	4.067982611058109	1587250	17534.325118214725	0.09052244607641947	-14.642325227549867
4798.411458774024	300	5.297174391134064	0.0	167025	2702.8256088659364	0.06179643978957306	-2.25
4800.3524799353245	300	7.356153229832871	0.0	160064	1941.021161301193	0.08246380987041825	0.3
4805.30533358407	750	6.4032995810887465	0.0	331053	4952.853648744124	0.06684086053783232	0.3
4806.744929847816	300	8.963703317341649	0.0	118421	1439.5962637470968	0.08225986895226048	-0.15000000000000002

