54625.90178411018	750	4.0	0.8685016084477647	450283	868.5016084477647	0.5184596040124454	-2.984556916325388
54626.1821052052	300	7.719678904989283	0.0	155580	280.3210950107177	0.5550063936288905	-0.15000000000000002
54626.71311757897	750	11.188666531214269	0.0	350812	531.0123737750132	0.6606475052663028	0.3
54628.04993868618	1850	13.851845424008614	0.0	933276	1336.821107205655	0.6981308082057579	0.75
54633.98105043318	2850	11.920733677005254	0.0	1472558	5931.11174700336	0.24827689357631755	1.85
54638.29096482717	1850	11.610819283020989	0.0	801058	4309.914393984264	0.18586401649139686	0.8500000000000001
54645.8646912682	1850	8.037092841988883	0.0	905515	7573.726441032104	0.11956003521518815	1.85
54647.752196161826	750	10.1495879483587	0.0	437162	1887.5048936301848	0.23160840614257622	-0.3500000000000001
54649.94253105184	1200	11.959253058344009	0.0	584846	2190.334890014691	0.26701213712396155	0.75
54652.94872389647	1850	12.953060213715561	0.0	913888	3006.192844628447	0.30400178805327205	1.2000000000000002
54656.39045457018	1850	13.511329540006177	0.0	939819	3441.730673709386	0.2730658174909118	1.85
54661.44504902397	2850	12.456735086219808	0.0	1519951	5054.594453786367	0.30070681513556713	1.85
54666.53810485164	1850	11.363679258548414	0.0	946851	5093.0558276713955	0.18591019459390284	0.8500000000000001
54670.54581651657	1850	11.355967593622152	0.0	1036454	4007.711664926263	0.25861491211321197	1.85
54678.30564844363	1850	7.596135666563281	0.0	821631	7759.831927058871	0.10588257680362084	1.85
54679.487069894436	750	10.414714215764423	0.0	366214	1181.421450798859	0.3099774426411267	-0.3500000000000001
54681.169016972	1200	12.732767138190116	0.0	617242	1681.9470775743066	0.3669806310970155	0.75
54684.076528355385	1850	13.82525575480946	0.0	885714	2907.5113833806563	0.30462958978002425	1.2000000000000002
54688.38374312146	2850	13.518040988731872	0.0	1537156	4307.214766077586	0.356879348600448	1.85
54693.34954424799	2850	12.55223986220202	0.0	1336050	4965.801126529852	0.26905024304379344	2.85
54695.15577613731	1850	14.74600797287809	0.0	891604	1806.2318893239317	0.49362654112685683	0.8500000000000001
54698.21646064816	2850	15.685323462037926	0.0	1468126	3060.684510840163	0.4796724375871713	1.85
54703.18310624183	4300	14.718677868365976	0.0	2221506	4966.64559367195	0.4472849850270053	2.8499999999999996
54706.503762534834	2850	15.398021575361113	0.0	1323990	3320.6562930048617	0.3987133515712105	1.4000000000000001
54714.02178169778	4300	11.880002412418758	0.0	2186790	7518.019162942355	0.2908731612150012	2.8499999999999996
54716.84125188175	1850	13.060532228451471	0.0	905935	2819.4701839672875	0.3213139139230958	-0.6000000000000001
54721.863237497535	2850	12.0385466126586	0.0	1547572	5021.9856157928725	0.3081593852306701	1.85
54722.95117658143	1850	14.950607528764532	0.0	758197	1087.9390838940674	0.6969112620590673	0.8500000000000001
54725.04913131778	2850	16.852652792422383	0.0	1498470	2097.9547363421516	0.7142527786908446	1.85
54740.29510989765	4300	5.606674212548038	0.0	2164140	15245.978579874343	0.14194825138064943	2.8499999999999996
54741.13290335211	300	8.768880758090633	0.0	157421	837.7934544574058	0.18789953438100468	-3.7
54742.93780880488	750	10.963975305315046	0.0	400322	1804.9054527755868	0.22179665942300975	0.3
54745.235862533766	1200	12.665921576438821	0.0	584349	2298.0537288762234	0.2542799555368768	0.75
54748.70497241202	1850	13.19681169818452	0.0	1035329	3469.1098782543004	0.29844226223269427	1.2000000000000002
54754.508319934896	2850	11.393464175310113	0.0	1492672	5803.347522874407	0.2572087909808092	1.85
54757.155003516455	1850	12.746780593750799	0.0	943942	2646.6835815593145	0.356650869252708	0.8500000000000001
54759.57253126766	1850	14.329252842552947	0.0	728962	2417.527751197851	0.30153200915224637	1.85
54766.97553701184	2850	10.926247098373112	0.0	1499009	7403.005744179834	0.2024865374687174	1.85
54774.0853510305	1200	7.816433079710277	0.0	605884	7109.814018662836	0.08521798156879923	-0.44999999999999996
54775.34035617065	750	10.561427939551523	0.0	390680	1255.005140158755	0.311297529785878	0.3
54776.85437518122	1200	13.047408928988709	0.0	566904	1514.0190105628126	0.37443651370616704	0.75
54781.60322181377	2850	12.298562296437623	0.0	1527299	4748.846632551084	0.321614724200839	1.2000000000000002
54784.08567194423	1850	13.816112165978199	0.0	886255	2482.450130459425	0.3570081787850383	0.8500000000000001
54789.60815126608	2850	12.29363284412254	0.0	1587250	5522.479321855659	0.28741619614913355	1.85
54791.59488278187	1850	14.306901328334009	0.0	958994	1986.731515788532	0.4826993443144612	0.8500000000000001
54794.6401280401	2850	15.261656070108279	0.0	1483527	3045.245258225731	0.4871617469866305	1.85
54799.08373508977	4300	14.818049020433135	0.0	1961140	4443.607049675144	0.4413396544915852	2.8499999999999996
54802.50740381589	2850	15.394380294311151	0.0	1364537	3423.668726121982	0.3985598809805475	1.4000000000000001

