21106.692592675932	300	4.0	2.2849925791927914	450283	2284.9925791927913	0	-9.075468090529002
21107.496204810126	300	7.196387865803406	0.0	155580	803.6121341965934	0	-0.15000000000000002
21108.220710358906	750	10.471882317025308	0.0	139857	724.5055487780971	1	0.3
21110.563896047937	750	12.128696627993083	0.0	382355	2343.185689032225	1	0.3
21112.488494785033	750	14.204097890897001	0.0	411561	1924.5987370960827	1	0.75
21113.944018602248	750	16.74857407368067	0.0	318564	1455.5238172163333	1	0.75
21116.008710216516	750	18.683882459414907	0.0	352642	2064.69161426576	1	0.75
21119.675319493632	750	19.01727318229559	0.0	437162	3666.609277119318	1	0.75
21121.529166341796	750	21.163426334130186	0.0	374758	1853.8468481654068	1	0.75
21123.321415992017	1850	23.371176683909436	0.0	362795	1792.2496502207487	3	0.75
21127.74608716106	1850	22.946505514867162	0.0	939819	4424.671169042272	3	0.75
21133.89782344355	1850	20.79476923237681	0.0	917428	6151.736282490352	3	1.85
21138.77948506531	1850	19.91310761061567	0.0	946851	4881.661621761145	3	1.85
21143.929687861717	1850	18.762904814210174	0.0	1036454	5150.202796405494	3	1.85
21147.86147690542	1850	18.831115770512174	0.0	821631	3931.7890436980015	3	1.85
21152.12161437874	1850	18.5709782971912	0.0	923170	4260.137473320976	3	1.85
21156.59223659152	1850	18.10035608440784	0.0	966699	4470.622212783363	3	1.85
21160.580270165097	1850	18.112322510834204	0.0	885714	3988.0335735736326	3	1.85
21165.15301135848	1850	17.539581317449773	0.0	987708	4572.741193384429	3	1.85
21170.426835147213	1850	16.265757528717323	0.0	923755	5273.823788732452	3	1.85
21174.815953909027	1850	15.876638766901415	0.0	891604	4389.118761815907	3	1.85
21179.260155943106	1850	15.432436732822975	0.0	955231	4444.202034078441	3	1.85
21183.842269388926	1850	14.850323287004104	0.0	968026	4582.113445818871	3	1.85
21188.243974218352	1850	14.448618457575103	0.0	874175	4401.704829429001	3	1.85
21192.587288960345	1850	14.105303715583238	0.0	897976	4343.314741991865	3	1.85
21197.05161561451	1850	13.640977061416216	0.0	905935	4464.326654167025	3	1.85
21202.324505480126	1850	12.368087195801458	0.0	1076599	5272.889865614758	3	1.85
21206.673325698368	1850	12.019266977558477	0.0	758197	4348.82021824298	3	1.85
21211.970565421616	1850	10.722027254311124	0.0	972798	5297.239723247351	3	1.85
21216.539326104754	1850	10.153266571172015	0.0	975811	4568.76068313911	3	1.85
21220.6812317738	1850	10.011360902122423	0.0	873429	4141.905669049594	3	1.85
21225.497279333857	1850	9.195313342067314	0.0	954453	4816.047560055109	3	1.85
21230.033912686427	750	8.658679989497829	0.0	885062	4536.633352569485	1	1.85
21232.035204457778	750	10.65738821814645	0.0	412837	2001.2917713513793	1	-0.3500000000000001
21234.11429234469	750	12.57830033123641	0.0	401088	2079.0878869100397	1	0.75
21235.971617116513	750	14.720975559412487	0.0	365161	1857.324771823921	1	0.75
21237.541300374538	750	17.15129230138939	0.0	321064	1569.6832580230966	1	0.75
21239.263646884618	750	19.42894579131022	0.0	361565	1722.3465100791689	1	0.75
21241.091219702244	750	21.60137297368312	0.0	378327	1827.5728176270993	1	0.75
21243.459826550086	1850	23.23276612584248	0.0	390680	2368.606847840639	3	0.75
21247.756055490805	1850	22.936537185120553	0.0	858450	4296.228940721928	3	0.75
21253.005157458945	1850	21.68743521698196	0.0	1025005	5249.10196813859	3	1.85
21259.05883687591	1850	19.63375580001933	0.0	886255	6053.679416962631	3	1.85
21263.662344926826	1850	19.03024774909985	0.0	973972	4603.5080509194795	3	1.85
21268.214879013172	1850	18.47771366275269	0.0	958994	4552.5340863471565	3	1.85
21274.617963604793	1850	16.07462907113179	0.0	982064	6403.084591620904	3	1.85
21278.958684947866	1850	15.73390772805779	0.0	830730	4340.721343073997	3	1.85
21283.18022357194	1850	15.512369103982428	0.0	846370	4221.538624075363	3	1.85

