46532.20143706968	750	4.0	3.074955914376657	450283	3074.9559143766573	0.14643559535105713	-12.472310431819626
46532.98126404363	300	7.220173026051316	0.0	155580	779.8269739486844	0.1995057944869675	-0.15000000000000002
46534.36909877719	750	9.832338292489647	0.0	350812	1387.8347335616684	0.25277649529616103	0.3
46536.95398528497	1200	11.247451784711142	0.0	617681	2584.886507778506	0.23895865375182188	0.75
46540.984820044956	1850	11.216617024719573	0.0	996749	4030.8347599915696	0.2472810371423126	1.2000000000000002
46544.66269560196	1850	11.538741467712125	0.0	801058	3677.875557007448	0.2178045416663829	1.85
46548.14470591074	1850	12.05673115893695	0.0	905515	3482.010308775176	0.2600552323805503	1.85
46552.58921533069	1850	11.612221738978718	0.0	1060487	4444.50941995823	0.23860608670055797	1.85
46560.562809215	1850	7.638627854666657	0.0	852833	7973.593884312061	0.10695716541043525	1.85
46562.106702036945	750	10.094735032719626	0.0	362795	1543.8928219470313	0.23498716675324174	-0.3500000000000001
46565.31921425948	1200	10.882222810190404	0.0	607410	3212.5122225292216	0.18907632342696087	0.75
46567.854542123874	1200	12.346894945790888	0.0	594078	2535.327864399517	0.2343199900659417	1.2
46572.13218959383	1850	12.069247475836294	0.0	946851	4277.647469954594	0.2213485348314714	1.2000000000000002
46576.35481630477	1850	11.846620764896455	0.0	1036454	4222.626710939838	0.245452433035293	1.85
46579.90188417942	1850	12.299552890252432	0.0	821631	3547.0678746440226	0.2316366726087691	1.85
46584.03817418436	1850	12.163262885309775	0.0	923170	4136.290004942657	0.22318792901292187	1.85
46587.96618214943	1850	12.235254920239345	0.0	966699	3928.0079650704297	0.24610413435927617	1.85
46594.636097239825	1850	9.565339829850576	0.0	885714	6669.915090388769	0.13279239510504387	1.85
46597.43246357423	1200	10.768973495443431	0.0	639204	2796.3663344071438	0.22858378465478035	0.5499999999999999
46600.05508704855	1200	12.146350021124144	0.0	586839	2622.6234743192867	0.2237602941277404	1.2
46603.561127220484	1850	12.64030984919304	0.0	891604	3506.0401719311053	0.2543051295127945	1.2000000000000002
46607.282817566316	1850	12.918619503364122	0.0	955231	3721.690345828918	0.2566658994267415	1.85
46611.04965502556	1850	13.151782044114698	0.0	968026	3766.8374592494242	0.2569864005209526	1.85
46616.60640394834	2850	11.595033121342327	0.0	1323990	5556.74892277237	0.23826701879116677	1.85
46620.77881520379	1850	11.422621865883391	0.0	897976	4172.411255458936	0.21521751932414177	0.8500000000000001
46625.36521027156	1850	10.83622679811751	0.0	905935	4586.395067765881	0.19752659476875328	1.85
46628.710055548	1200	11.491381521683536	0.0	696376	3344.845276433975	0.20819378549623804	0.5499999999999999
46632.18074619846	1850	12.020690871219582	0.0	758197	3470.690650463954	0.2184570958228864	1.2000000000000002
46636.35259228513	1850	11.848844784545847	0.0	972798	4171.846086673736	0.2331816610175146	1.85
46640.584139925886	1850	11.61729714379126	0.0	975811	4231.547640754587	0.23060380807292283	1.85
46648.206828555565	1850	7.994608514117945	0.0	873429	7622.6886296733155	0.11458279911892878	1.85
46650.236490205614	750	9.964946864066007	0.0	400322	2029.6616500519378	0.19723582991763972	-0.3500000000000001
46653.0664731739	1200	11.134963895780327	0.0	584349	2829.9829682856794	0.20648498826619494	0.75
46659.619287417154	1850	8.58214965253212	0.0	1035329	6552.814243248207	0.15799761164705184	1.2000000000000002
46662.918481346445	750	9.282955723237164	0.0	401088	3299.1939292949555	0.12157151370780842	-0.3500000000000001
46665.34491899014	1200	10.856518079548788	0.0	598727	2426.4376436883754	0.24675144715027092	0.75
46668.003249229274	1200	12.198187840411157	0.0	487812	2658.3302391376337	0.18350316029894273	1.2
46672.487855912426	1850	11.71358115726175	0.0	938587	4484.606683149407	0.2092908177492297	1.2000000000000002
46676.527896867265	1850	11.673540202416683	0.0	908665	4040.0409548450666	0.22491479917060564	1.85
46680.50757641412	1850	11.693860655561014	0.0	930577	3979.6795468556684	0.2338321437803317	1.85
46685.07576348098	1850	11.125673588708938	0.0	858450	4568.187066852078	0.1879191870729486	1.85
46689.85841155265	1850	10.34302551704123	0.0	1025005	4782.648071667708	0.21431746276129013	1.85
46693.57130808558	1200	10.63012898411217	0.0	599477	3712.8965329290604	0.16145804082697657	0.5499999999999999
46696.73160272193	1200	11.469834347756048	0.0	634861	3160.294636356122	0.20088664920559637	1.2
46700.84647992867	1850	11.354957141017964	0.0	958994	4114.877206738086	0.2330553141244782	1.2000000000000002
46705.142746367754	1850	11.05869070193021	0.0	982064	4296.266439087753	0.22858545062873858	1.85
46708.504602113564	1850	11.696834956112445	0.0	830730	3361.855745817765	0.2471045942507942	1.85
46711.813409976385	1850	12.388027093294852	0.0	846370	3308.8078628175936	0.2557930333492617	1.85

