64952.66636716766	300	4.0	0.41775489305892205	181801	417.75489305892205	-1.4963460401533646
64953.035407966454	300	7.630959201202924	0.0	155580	369.04079879707535	0.3
64953.37523814384	300	11.291129023819183	0.0	139857	339.83017738374184	0.3
64953.74400398417	300	14.922363183488633	0.0	155432	368.76584033055025	0.3
64954.588613318236	750	18.077753849424333	0.0	411561	844.6093340642957	0.3
64955.26045027046	750	21.40591689719403	0.0	318564	671.8369522303091	0.75
64956.384161026326	1200	24.28220614133204	0.0	561791	1123.7107558619857	0.75
64958.434362913424	1850	26.23200425423914	0.0	1060487	2050.201887092904	1.2000000000000002
64961.018734787875	2850	27.647632379787122	0.0	1348011	2584.371874452014	1.85
64963.648873049795	2850	29.017494117863848	0.0	1429765	2630.1382619232736	2.85
64966.0629113779	2850	30.603455789761743	0.0	1354548	2414.038328102105	2.85
64969.66607805478	4300	31.000289112873364	0.0	2102452	3603.166676888376	2.8499999999999996
64980.94640713082	4300	23.719960036846285	0.0	2209463	11280.329076027077	4.3
64984.064287567366	1850	24.602079600295934	0.0	1036454	3117.8804365503547	-0.6000000000000001
64986.195611411174	1850	26.470755756482426	0.0	821631	2131.3238438135036	1.85
64989.339092973445	2850	27.327274194208997	0.0	1471065	3143.4815622734304	1.85
64993.861806235276	2850	26.804560932383975	0.0	1491626	4522.713261825021	2.85
64996.75819113211	2850	27.90817603554777	0.0	1358801	2896.3848968362054	2.85
65000.94173773101	4300	27.724629436650115	0.0	2220726	4183.546598897651	2.8499999999999996
65003.50619359147	2850	29.160173576194417	0.0	1336050	2564.4558604556983	1.4000000000000001
65007.06030910846	4300	29.606058059196865	0.0	2039773	3554.115516997553	2.8499999999999996
65012.78142895003	4300	27.88493821762791	0.0	2176469	5721.119841568957	4.3
65022.170468309276	2850	22.495898858382738	0.0	1505760	9389.03935924517	1.4000000000000001
65023.55716434815	1200	25.10920281950573	0.0	536667	1386.6960388770076	-0.44999999999999996
65025.50431522212	1850	27.162051945537375	0.0	897976	1947.1508739683532	1.2000000000000002
65032.299216180734	4300	24.36715098692489	0.0	2105231	6794.900958612483	1.8499999999999996
65037.20055718503	2850	23.465809982629533	0.0	1547572	4901.341004295359	1.4000000000000001
65038.75554807599	1850	25.910819091674938	0.0	758197	1554.990890954594	0.8500000000000001
65041.9227215289	2850	26.743645638762413	0.0	1498470	3167.173452912525	1.85
65048.5483353849	4300	24.1180317827688	0.0	2164140	6625.6138559936135	2.8499999999999996
65050.087999704374	1850	26.57836746328957	0.0	873429	1539.6643194792275	-0.6000000000000001
65052.66861579777	2850	27.997751369899387	0.0	1497683	2580.616093390186	1.85
65061.96269185854	2850	22.703675309117298	0.0	1358081	9294.076060782088	2.85
65066.78246686746	1850	21.883900300201148	0.0	1035329	4819.775008916149	0.8500000000000001
65076.71328267696	1850	15.953084490708447	0.0	1026056	9930.815809492702	1.85
65082.711024590375	750	13.955342577292832	0.0	365161	5997.741913415616	-0.3500000000000001
65083.35111961048	750	17.315247557185927	0.0	321064	640.0950201069029	0.75
65084.06186848281	750	20.60449868485844	0.0	361565	710.7488723274872	0.75
65085.641628629666	1200	23.024738537996853	0.0	605884	1579.7601468615876	0.75
65091.59307460961	1850	21.073292558053154	0.0	930577	5951.4459799437	1.2000000000000002
65095.41534024961	1200	21.25102691806499	0.0	566904	3822.265639988165	0.5499999999999999
65099.661918699814	1200	21.004448467853585	0.0	641452	4246.5784502114075	1.2
65101.94104484424	1200	22.725322323429886	0.0	599477	2279.126144423697	1.2
65103.88549895658	1850	24.780868211083227	0.0	973972	1944.454112346659	1.2000000000000002
65105.869686405655	1850	26.796680762015658	0.0	958994	1984.187449067569	1.85
65108.64774678088	2850	28.01862038678356	0.0	1483527	2778.060375232096	1.85
65112.251646771976	2850	28.414720395688782	0.0	1231456	3603.8999910947787	2.85
65114.87017993259	2850	29.79618723506838	0.0	1364537	2618.5331606204004	2.85

