61538.11038143277	750	4.0	4.084083206728816	450283	4084.083206728816	1	-16.811557788933907
61539.68486938089	300	6.425512051876845	0.0	398865	1574.4879481231542	0	0.75
61540.029942400986	1850	10.080439031786366	0.0	139857	345.07302009048095	3	-0.15000000000000002
61541.40142670816	1850	12.708954724608997	0.0	933276	1371.4843071773676	3	0.30000000000000004
61542.86074610745	1850	15.249635325315825	0.0	996749	1459.3193992931715	3	1.85
61544.04926474088	1850	18.061116691879537	0.0	801058	1188.5186334362909	3	1.85
61545.38233287123	1850	20.728048561536834	0.0	905515	1333.0681303427002	3	1.85
61546.92985407446	1850	23.180527358306918	0.0	1060487	1547.5212032299182	3	1.85
61548.19001989479	1850	25.9203615379676	0.0	852833	1260.1658203393165	3	1.85
61549.53467473486	1850	28.575706697901307	0.0	913888	1344.6548400662937	3	1.85
61550.91521336447	1850	31.19516806829214	0.0	939819	1380.5386296091688	3	1.85
61552.26476692093	1850	33.84561451182533	0.0	917428	1349.5535564668094	3	1.85
61556.17878023811	1850	33.93160119464706	0.0	946851	3914.013317178271	3	1.85
61558.74194929643	4300	35.36843213632683	0.0	1036454	2563.169058320229	5	1.85
61567.32833845795	4300	30.78204297480896	0.0	2005399	8586.389161517873	5	1.8499999999999996
61572.45808116244	4300	29.652300270322527	0.0	2152483	5129.74270448643	5	4.3
61578.372544165344	4300	27.73783726741853	0.0	2289689	5914.463002903997	5	4.3
61584.24911557884	4300	25.861265853921367	0.0	2059512	5876.571413497166	5	4.3
61592.87783706006	4300	21.232544372693162	0.0	2220726	8628.721481228202	5	4.3
61600.80023073536	4300	17.31015069739707	0.0	2156729	7922.393675296091	5	4.3
61604.33816947392	4300	17.77221195883846	0.0	2039773	3537.938738558608	5	4.3
61607.534934746036	4300	18.57544668672842	0.0	2176469	3196.765272110041	5	4.3
61614.56012045321	4300	15.550260979557617	0.0	2221506	7025.185707170805	5	4.3
61619.08692717884	4300	15.02345425392971	0.0	2044075	4526.806725627906	5	4.3
61622.834262728284	4300	15.276118704489422	0.0	2186790	3747.3355494402904	5	4.3
61628.617306593056	4300	13.493074839719895	0.0	2105231	5783.043864769527	5	4.3
61636.538899699175	1850	9.571481733601615	0.0	2395588	7921.59310611828	3	4.3
61638.01622595677	1850	12.094155476003584	0.0	758197	1477.326257598032	3	-0.6000000000000001
61641.38945441242	1850	12.720927020356463	0.0	972798	3373.22845564712	3	1.85
61645.28793091603	1850	12.822450516752877	0.0	975811	3898.476503603585	3	1.85
61647.272334849236	1850	14.838046583541454	0.0	873429	1984.4039332114219	3	1.85
61648.69267552301	1850	17.417705909775925	0.0	954453	1420.3406737655268	3	1.85
61650.015570246374	1850	20.094811186406346	0.0	885062	1322.8947233695787	3	1.85
61651.54948528402	1850	22.560896148757568	0.0	1035329	1533.9150376487778	3	1.85
61653.07037822518	1850	25.040003207605764	0.0	1026056	1520.8929411518025	3	1.85
61654.47595827602	1850	27.634423156754046	0.0	943942	1405.580050851722	3	1.85
61655.579641389006	1850	30.530740043777854	0.0	728962	1103.6831129761927	3	1.85
61656.97770140031	1850	33.132680032475506	0.0	938587	1398.0600113023527	3	1.85
61658.3337418741	4300	35.776639558688785	0.0	908665	1356.0404737867157	5	1.85
61662.204347406434	4300	35.90603402635183	0.0	2146120	3870.6055323369533	5	1.8499999999999996
61669.23403420452	4300	32.87634722826685	0.0	2108491	7029.686798084979	5	4.3
61674.292330659286	4300	31.81805077350544	0.0	2184571	5058.296454761409	5	4.3
61677.75991761146	4300	32.350463821334294	0.0	2121928	3467.586952171151	5	4.3
61685.92589840301	4300	28.184483029783266	0.0	2219102	8165.980791551026	5	4.3
61692.568332105075	4300	25.542049327718754	0.0	2124950	6642.433702064514	5	4.3
61700.21348968897	4300	21.896891743823176	0.0	2246506	7645.157583895577	5	4.3
61702.867813786186	4300	23.24256764661023	0.0	1961140	2654.324097212948	5	4.3
61705.81797809233	4300	24.2924033404723	0.0	2155012	2950.1643061379277	5	4.3

