69275.19555334258	750	4.0	2.2161985052673345	450283	2216.1985052673344	-8.779653572649538
69277.04412630452	750	6.151427038051543	0.0	398865	1848.5729619484566	0.75
69278.6796315956	750	8.515921746970445	0.0	350812	1635.5052910810975	0.75
69280.67113978491	750	10.524413557649943	0.0	382355	1991.5081893205024	0.75
69282.9324252415	750	12.263128101073432	0.0	411561	2261.28545657651	0.75
69284.70839620054	750	14.48715714203541	0.0	318564	1775.970959038022	0.75
69286.66921829684	750	16.526335045727894	0.0	352642	1960.8220963075162	0.75
69289.07390377866	750	18.12164956391351	0.0	437162	2404.685481814386	0.75
69291.14291634422	750	20.052636998339448	0.0	374758	2069.0125655740653	0.75
69293.14843578271	750	22.047117559855298	0.0	362795	2005.51943848415	0.75
69295.10297301976	750	24.092580322810868	0.0	353220	1954.537237044431	0.75
69297.33290684328	750	25.862646499302183	0.0	405134	2229.9338235086825	0.75
69302.95958927555	1850	24.2359640670385	0.0	946851	5626.682432263685	0.75
69307.91651197862	1850	23.279041363947158	0.0	1036454	4956.922703091341	1.85
69311.64171007523	1850	23.553843267344458	0.0	821631	3725.198096602701	1.85
69316.00046930191	1850	23.1950840406582	0.0	923170	4358.759226686256	1.85
69321.14287773788	1850	22.05267560468271	0.0	966699	5142.408435975493	1.85
69325.9779600891	1850	21.217593253462418	0.0	885714	4835.0823512202915	1.85
69332.65707349805	1850	18.538479844509837	0.0	987708	6679.113408952581	1.85
69337.27091371732	1850	17.924639625231805	0.0	923755	4613.840219278034	1.85
69341.51841932605	1850	17.677134016514742	0.0	891604	4247.505608717064	1.85
69346.15044634958	1850	17.045106992986803	0.0	955231	4632.027023527939	1.85
69350.43673390162	1850	16.75881944093614	0.0	968026	4286.287552050664	1.85
69354.28514897378	1850	16.91040436877108	0.0	874175	3848.415072165061	1.85
69358.18171676333	1850	17.013836579211542	0.0	897976	3896.5677895595377	1.85
69362.28633056855	1850	16.90922277399179	0.0	905935	4104.613805219753	1.85
69367.75160067689	1850	15.443952665660712	0.0	1076599	5465.270108331079	1.85
69371.67908350287	1850	15.516469839680955	0.0	758197	3927.482825979758	1.85
69377.373726537	1850	13.821826805536743	0.0	972798	5694.643034144212	1.85
69383.08575953233	1850	12.109793810206469	0.0	975811	5712.032995330273	1.85
69388.20688014594	1850	10.988673196605756	0.0	873429	5121.120613600712	1.85
69393.40668447835	1850	9.78886886418117	0.0	954453	5199.804332424586	1.85
69397.58240446735	1850	9.613148875187935	0.0	885062	4175.719988993234	1.85
69402.89594488223	1850	8.299608460306535	0.0	1035329	5313.5404148814	1.85
69408.63898864354	1850	6.556564698986645	0.0	1026056	5743.04376131989	1.85
69410.70442058706	750	8.491132755467534	0.0	365161	2065.431943519111	-0.3500000000000001
69412.41243768924	750	10.783115653286407	0.0	321064	1708.0171021811275	0.75
69414.32582294437	750	12.86973039816556	0.0	361565	1913.3852551208456	0.75
69416.32420316208	750	14.871350180461679	0.0	378327	1998.3802177038822	0.75
69418.66124497545	750	16.534308367092446	0.0	390680	2337.041813369235	0.75
69420.74540290303	750	18.4501504395104	0.0	345516	2084.1579275820486	0.75
69423.05571566407	750	20.139837678466233	0.0	384505	2310.3127610441643	0.75
69425.21459388731	750	21.980959455218716	0.0	372093	2158.878223247517	0.75
69427.49260190947	750	23.70295143305689	0.0	438281	2278.0080221618264	0.75
69432.39619898563	1850	22.79935435689363	0.0	958994	4903.597076163261	0.75
69437.8371420871	1850	21.358411255427157	0.0	982064	5440.943101466475	1.85
69442.6947835859	1850	20.500769756628348	0.0	830730	4857.641498798808	1.85
69447.43805763854	1850	19.757495703992472	0.0	846370	4743.2740526358775	1.85

