49392.9019811447	300	4.0	5.463826711590288	450283	5463.826711590288	0	-22.74445485983824
49394.96027540704	300	5.941705737657603	0.0	155580	2058.294262342397	0	-0.15000000000000002
49396.569145713605	300	8.332835431090043	0.0	139857	1608.8703065675604	0	0.3
49400.26044448138	300	8.64153666331666	0.0	155432	3691.298767773382	0	0.3
49402.027680231586	300	10.874300913111243	0.0	163442	1767.235750205418	0	0.3
49403.41008964749	300	13.491891497201346	0.0	126289	1382.4094159098966	0	0.3
49405.18896759357	750	15.713013551128324	0.0	153295	1778.8779460730213	1	0.3
49410.62989512024	750	14.272086024454286	0.0	437162	5440.92752667404	1	0.3
49414.910918469446	750	13.99106267524948	0.0	374758	4281.023349204805	1	0.75
49421.13003560698	750	11.771945537711861	0.0	362795	6219.117137537619	1	0.75
49425.66708153258	750	11.234899612119532	0.0	353220	4537.045925592329	1	0.75
49430.16121924978	750	10.74076189491514	0.0	405134	4494.137717204391	1	0.75
49434.90928865218	300	9.992692492511956	0.0	386351	4748.0694024031845	0	0.75
49437.101689668125	300	11.800291476570639	0.0	179801	2192.401015941318	0	-0.15000000000000002
49439.03913607419	300	13.86284507050132	0.0	140051	1937.44640606932	0	0.3
49440.9187344545	750	15.98324669019818	0.0	138313	1879.59838030314	1	0.3
49445.19996333225	750	15.702017812447966	0.0	360831	4281.228877750214	1	0.3
49449.147988855104	750	15.753992289593931	0.0	372963	3948.025522854035	1	0.75
49453.404079807304	750	15.497901337387578	0.0	405596	4256.090952206353	1	0.75
49457.42842885555	750	15.473552289138986	0.0	350713	4024.3490482485918	1	0.75
49461.72642626569	750	15.175554879001847	0.0	386472	4297.997410137138	1	0.75
49466.123176089786	750	14.778805054905808	0.0	399894	4396.749824096039	1	0.75
49471.81903609841	750	13.082945046287337	0.0	401853	5695.860008618471	1	0.75
49475.98784473947	750	12.91413640521614	0.0	343800	4168.808641071197	1	0.75
49480.568120224954	750	12.333860919736834	0.0	359903	4580.2754854793075	1	0.75
49484.79741870933	750	12.104562435358897	0.0	379700	4229.298484377937	1	0.75
49489.70299659986	750	11.198984544828821	0.0	425781	4905.577890530077	1	0.75
49493.70142604991	750	11.200555094777581	0.0	277716	3998.429450051241	1	0.75
49498.438122592284	300	10.463858552405718	0.0	400396	4736.696542371863	0	0.75
49500.12597190191	300	12.776009242785701	0.0	149029	1687.8493096200161	0	-0.15000000000000002
49502.12717472506	750	14.774806419636148	0.0	157421	2001.2028231495542	1	0.3
49506.78836415676	750	14.113616987932707	0.0	400322	4661.189431703442	1	0.3
49512.71585634194	750	12.186124802748527	0.0	369834	5927.492185184178	1	0.75
49518.39779217038	750	10.504188974319758	0.0	412837	5681.935828428768	1	0.75
49524.42327373509	300	8.47870740960259	0.0	401088	6025.48156471717	0	0.75
49528.36383575428	300	8.53814539040874	0.0	159914	3940.562019193851	0	-0.15000000000000002
49529.79536690359	300	11.10661424109316	0.0	131610	1431.5311493155796	0	0.3
49531.175237788906	300	13.726743355783961	0.0	124011	1379.8708853091991	0	0.3
49532.839779261936	750	16.062201882751495	0.0	144254	1664.5414730324662	1	0.3
49537.57253984078	750	15.329441303908327	0.0	390680	4732.760578843167	1	0.3
49541.83363330814	750	15.068347836547195	0.0	345516	4261.093467361132	1	0.75
49546.56469977994	750	14.337281364750528	0.0	384505	4731.066471796667	1	0.75
49551.62048577675	750	13.28149536794115	0.0	372093	5055.785996809379	1	0.75
49556.59516100259	750	12.306820142104135	0.0	438281	4974.675225837013	1	0.75
49561.149351067055	750	11.752630077633013	0.0	398987	4554.1900644711195	1	0.75
49567.43801723429	300	9.463963910396899	0.0	393804	6288.666167236114	0	0.75
49568.927131433345	300	11.974849711347874	0.0	137507	1489.1141990490244	0	-0.15000000000000002
49570.30072056678	300	14.601260577916019	0.0	118421	1373.5891334318542	0	0.3

