13811.015467723295	750	4.0	1.5786867529171147	450283	1578.6867529171147	1	-6.038353037543593
13812.27651445144	750	6.738953271854214	0.0	398865	1261.0467281457854	1	0.75
13813.325719541968	1850	9.689748181325205	0.0	350812	1049.205090529009	3	0.75
13816.347504841568	1850	10.667962881726238	0.0	933276	3021.785299598967	3	0.75
13819.452748160045	1850	11.562719563249003	0.0	996749	3105.243318477236	3	1.85
13823.205599105782	1850	11.809868617510963	0.0	801058	3752.8509457380387	3	1.85
13826.704732306183	1850	12.310735417108768	0.0	905515	3499.133200402196	3	1.85
13830.178643563206	1850	12.83682416008843	0.0	1060487	3473.911257020338	3	1.85
13832.882278239864	1850	14.133189483431687	0.0	852833	2703.634676656742	3	1.85
13835.657423152537	1850	15.358044570756366	0.0	913888	2775.144912675321	3	1.85
13838.954250240937	1850	16.061217482358394	0.0	939819	3296.8270883979735	3	1.85
13842.572030835996	1850	16.44343688729953	0.0	917428	3617.7805950588654	3	1.85
13846.05614577996	1850	16.95932194333455	0.0	946851	3484.1149439649776	3	1.85
13849.46977539814	1850	17.545692325153905	0.0	1036454	3413.6296181806483	3	1.85
13852.61357017557	1850	18.401897547725994	0.0	821631	3143.794777427911	3	1.85
13855.447270840958	1850	19.56819688233859	0.0	923170	2833.700665387404	3	1.85
13858.593560345882	1850	20.42190737741366	0.0	966699	3146.2895049249314	3	1.85
13861.550100457687	1850	21.465367265610176	0.0	885714	2956.5401118034806	3	1.85
13864.77314187995	1850	22.24232584334776	0.0	987708	3223.0414222624186	3	1.85
13867.890034782446	1850	23.12543294085274	0.0	923755	3116.8929024950207	3	1.85
13870.49712733357	1850	24.518340389727122	0.0	891604	2607.092551125617	3	1.85
13873.254292151962	1850	25.761175571335546	0.0	955231	2757.1648183915786	3	1.85
13877.460050067424	1850	25.55541765587186	0.0	968026	4205.757915463683	3	1.85
13880.245343700144	1850	26.770124023151563	0.0	874175	2785.293632720298	3	1.85
13883.141613258196	1850	27.873854465099424	0.0	897976	2896.2695580521404	3	1.85
13886.248702625247	1850	28.76676509804955	0.0	905935	3107.089367049874	3	1.85
13889.789557040871	1850	29.225910682425628	0.0	1076599	3540.8544156239227	3	1.85
13892.82095542724	1850	30.19451229605476	0.0	758197	3031.398386370868	3	1.85
13896.766119714335	1850	30.249348008961473	0.0	972798	3945.1642870932887	3	1.85
13900.093836352406	1850	30.921631370889937	0.0	975811	3327.7166380715344	3	1.85
13902.84294510355	1850	32.172522619745614	0.0	873429	2749.1087511443234	3	1.85
13905.747962779455	1850	33.26750494384059	0.0	954453	2905.0176759050237	3	1.85
13908.992620112487	1850	34.02284761080763	0.0	885062	3244.6573330329597	3	1.85
13913.554696706839	1850	33.46077101645708	0.0	1035329	4562.0765943505485	3	1.85
13917.042753841764	1850	33.972713881530375	0.0	1026056	3488.057134926704	3	1.85
13920.063440485006	4300	34.952027238289624	0.0	943942	3020.6866432407537	5	1.85
13926.169788568448	4300	32.84567915484763	0.0	1919781	6106.348083441991	5	1.8499999999999996
13934.129905732492	4300	28.885561990804288	0.0	2147467	7960.117164043346	5	4.3
13941.444523819306	4300	25.570943903991548	0.0	2133870	7314.618086812738	5	4.3
13948.339540792866	4300	22.675926930431306	0.0	2146120	6895.016973560243	5	4.3
13955.164385256714	4300	19.85108246658306	0.0	2108491	6824.844463848248	5	4.3
13961.403210231161	4300	17.612257492136063	0.0	2184571	6238.824974446995	5	4.3
13969.337033606056	1850	13.678434117241293	0.0	2121928	7933.8233748947705	3	4.3
13972.539073644246	1850	14.476394079052737	0.0	973972	3202.0400381885547	3	-0.6000000000000001
13975.768862980829	1850	15.246604742469142	0.0	958994	3229.7893365835944	3	1.85
13979.180920494531	1850	15.834547228768493	0.0	982064	3412.057513700649	3	1.85
13982.79089631205	1850	16.224571411248874	0.0	830730	3609.9758175196207	3	1.85
13985.984894216628	1850	17.030573506670244	0.0	846370	3193.9979045786285	3	1.85

