1812.492239882156	300	4.0	3.9369563924388737	450283	3936.9563924388735	0	-16.178912487487157
1813.7763818192839	300	6.715858062872067	0.0	155580	1284.1419371279324	0	-0.15000000000000002
1814.8774877712067	300	9.614752110949182	0.0	139857	1101.1059519228866	0	0.3
1816.062939311466	750	12.429300570689986	0.0	155432	1185.451540259196	1	0.3
1819.2236238022447	750	13.268616079911304	0.0	411561	3160.684490778682	1	0.3
1821.4881388706472	750	15.00410101150883	0.0	318564	2264.5150684024734	1	0.75
1823.8443093239132	750	16.64793055824291	0.0	352642	2356.1704532659223	1	0.75
1828.4315773593155	750	16.06066252284062	0.0	437162	4587.268035402289	1	0.75
1831.3778476567047	750	17.114392225451407	0.0	374758	2946.2702973892124	1	0.75
1834.0363476508458	750	18.45589223131047	0.0	362795	2658.499994140939	1	0.75
1836.6355664390828	1850	19.85667344307343	0.0	353220	2599.2187882370404	3	0.75
1843.349696408271	1850	17.142543473885244	0.0	917428	6714.129969188183	3	0.75
1851.052905968363	750	13.439333913793426	0.0	946851	7703.20956009182	1	1.85
1854.5876326360685	750	13.904607246087638	0.0	434409	3534.7266677057864	1	-0.3500000000000001
1857.216190417798	750	15.276049464358278	0.0	337059	2628.55778172936	1	0.75
1859.9095118813154	750	16.582728000840884	0.0	366214	2693.321463517393	1	0.75
1862.621931462314	750	17.870308419842285	0.0	360831	2712.419580998601	1	0.75
1865.3211576838826	750	19.17108219827363	0.0	372963	2699.226221568652	1	0.75
1869.6252232662089	750	18.867016615947367	0.0	405596	4304.065582326262	1	0.75
1874.21169881464	750	18.280541067516257	0.0	350713	4586.475548431111	1	0.75
1877.0432008784057	750	19.44903900375032	0.0	386472	2831.5020637659386	1	0.75
1881.8495821642714	750	18.642657717884454	0.0	399894	4806.381285865862	1	0.75
1884.7535586811146	750	19.73868120104145	0.0	401853	2903.9765168430035	1	0.75
1887.2073452535167	750	21.2848946286394	0.0	343800	2453.7865724020517	1	0.75
1889.7733132571723	750	22.718926624983748	0.0	359903	2565.9680036556488	1	0.75
1892.4956383576196	750	23.99660152453645	0.0	379700	2722.3251004472986	1	0.75
1895.5789265209105	1850	24.913313361245354	0.0	425781	3083.288163291097	3	0.75
1902.1455206000628	1850	22.346719282093204	0.0	758197	6566.594079152148	3	0.75
1908.9447893525519	1850	19.547450529604102	0.0	972798	6799.268752489103	3	1.85
1915.9949823412655	1850	16.497257540890374	0.0	975811	7050.1929887137285	3	1.85
1922.9584493506754	1850	13.533790531480602	0.0	873429	6963.467009409772	3	1.85
1930.0232169757253	750	10.469022906430666	0.0	954453	7064.767625049934	1	1.85
1932.5608308532646	750	11.931409028891274	0.0	369834	2537.613877539393	1	-0.3500000000000001
1935.3544389451397	750	13.137800937016111	0.0	412837	2793.6080918751627	1	0.75
1939.9675237360677	750	12.524716146087961	0.0	401088	4613.08479092815	1	0.75
1942.6962082014716	750	13.796031680684326	0.0	365161	2728.6844654036354	1	0.75
1945.0287509922211	750	15.46348888993481	0.0	321064	2332.5427907495164	1	0.75
1947.6485033653535	750	16.84373651680247	0.0	361565	2619.7523731323413	1	0.75
1950.3723079024796	750	18.119931979676323	0.0	378327	2723.8045371261446	1	0.75
1953.7602131108615	750	18.732026771294322	0.0	390680	3387.905208382002	1	0.75
1956.652762870016	750	19.839477012139913	0.0	345516	2892.5497591544095	1	0.75
1959.6586014261802	750	20.83363845597579	0.0	384505	3005.8385561641235	1	0.75
1962.5059698033085	750	21.98627007884741	0.0	372093	2847.3683771283804	1	0.75
1966.088388358703	750	22.403851523452975	0.0	438281	3582.418555394437	1	0.75
1969.004942296289	750	23.48729758586699	0.0	398987	2916.5539375859844	1	0.75
1971.9910081086537	1850	24.50123177350252	0.0	393804	2986.06581236447	3	0.75
1979.280734455018	1850	21.211505427138004	0.0	830730	7289.726346364519	3	0.75
1987.4175033481106	1850	17.074736534045627	0.0	846370	8136.768893092377	3	1.85

