57407.16007185764	300	4.0	0.6432770111428304	181801	643.2770111428305	-2.4660911479141707
57407.53561108707	300	7.624460770571718	0.0	155580	375.53922942828274	0.3
57407.81110452149	300	11.348967336152533	0.0	139857	275.4934344191843	0.3
57408.10836883789	300	15.051703019753335	0.0	155432	297.26431639919815	0.3
57409.72252040927	750	17.43755144837225	0.0	411561	1614.1515713810861	0.3
57411.422209964585	750	19.737861893057502	0.0	318564	1699.6895553147501	0.75
57412.3064255864	1200	22.853646271242667	0.0	561791	884.2156218148378	0.75
57417.384920685305	1850	21.775151172340774	0.0	1060487	5078.495098901892	1.2000000000000002
57418.64973219922	1850	24.51033965842736	0.0	852833	1264.8115139134165	1.85
57420.398835632965	1850	26.76123622468095	0.0	913888	1749.1034337464062	1.85
57426.624577114104	2850	24.535494743543175	0.0	1354548	6225.741481137777	1.85
57429.98661168104	1850	25.17346017661308	0.0	917428	3362.034566930097	0.8500000000000001
57434.37502520611	2850	24.785046651544413	0.0	1422919	4388.413525068666	1.85
57438.404357587875	1850	24.75571426977768	0.0	1036454	4029.3323817667333	0.8500000000000001
57444.949660099315	2850	22.210411758341575	0.0	1231445	6545.302511436104	1.85
57445.98812115464	1200	25.171950703021093	0.0	587876	1038.4610553204825	-0.44999999999999996
57448.32126531926	1850	26.838806538399545	0.0	966699	2333.1441646215467	1.2000000000000002
57451.26965616343	2850	27.890415694227173	0.0	1358801	2948.3908441723725	1.85
57456.64864246189	4300	26.51142939576387	0.0	2220726	5378.986298463305	2.8499999999999996
57459.069347242745	2850	28.09072461491938	0.0	1336050	2420.7047808444863	1.4000000000000001
57464.00277932843	4300	27.157292529237303	0.0	2039773	4933.43208568208	2.8499999999999996
57466.30559942061	2850	28.854472437061183	0.0	1468126	2302.82009217612	1.4000000000000001
57469.71849633289	4300	29.441575524778177	0.0	2221506	3412.8969122830076	2.8499999999999996
57479.09071679966	4300	24.069355058010398	0.0	2044075	9372.220466767782	4.3
57480.45938995679	1850	26.70068190087841	0.0	897976	1368.6731571319883	-0.6000000000000001
57484.56535784076	2850	26.594714016909062	0.0	1480464	4105.967883969348	1.85
57493.569373948936	2850	21.590697908728572	0.0	1547572	9004.016108180493	2.85
57494.64751630052	1200	24.512555557142758	0.0	487160	1078.142351585814	-0.44999999999999996
57496.99631706046	1850	26.163754797198138	0.0	972798	2348.80075994462	1.2000000000000002
57501.52182093379	2850	25.638250923872643	0.0	1561263	4525.503873325491	1.85
57504.27976732049	2850	26.88030453717362	0.0	1341201	2757.9463866990272	2.85
57507.58445557557	2850	27.57561628209761	0.0	1497683	3304.6882550760074	2.85
57510.94547067303	2850	28.214601184636123	0.0	1358081	3361.0150974614876	2.85
57516.75404235271	4300	26.406029504964707	0.0	2286761	5808.571679671414	2.8499999999999996
57521.08146121879	2850	26.078610638880292	0.0	1492672	4327.418866084416	1.4000000000000001
57528.31078138335	2850	22.849290474320515	0.0	1439896	7229.320164559778	2.85
57531.91502172513	1850	23.2450501325359	0.0	728962	3604.240341784615	0.8500000000000001
57535.25127146269	1850	23.908800394983757	0.0	938587	3336.24973755214	1.85
57539.97296057748	1850	23.187111280190862	0.0	908665	4721.689114792894	1.85
57545.207044368704	1850	21.953027488965407	0.0	930577	5234.0837912254565	1.85
57547.17488042474	1850	23.985191432937093	0.0	858450	1967.8360560283147	1.85
57548.910675157465	1850	26.24939670020914	0.0	1025005	1735.7947327279492	1.85
57553.86659669971	2850	25.293475157964814	0.0	1343002	4955.921542244328	1.85
57556.26230694186	1850	26.897764915809944	0.0	973972	2395.7102421548716	0.8500000000000001
57565.0116929861	2850	22.14837887156897	0.0	1464921	8749.386044240975	1.85
57566.68600694857	1850	24.474064909105472	0.0	982064	1674.3139624634962	0.8500000000000001
57568.76519182345	2850	26.394880034230265	0.0	1231456	2079.184874875209	1.85
57571.10679719532	2850	28.053274662349313	0.0	1364537	2341.6053718809494	2.85

