41712.83355016365	300	4.0	4.988149221486212	181801	4988.149221486213	-21.14904165239071
41717.529091374316	300	4.0	0.695541210668157	155580	4695.541210668157	-2.690827205873075
41721.66884676344	300	4.0	0.13975538912084995	139857	4139.75538912085	-0.3009481732196548
41726.244137371876	300	4.0	0.5752906084376582	155432	4575.290608437658	-2.1737496162819303
41730.97133022337	300	4.0	0.727192851501949	163442	4727.192851501949	-2.826929261458381
41734.565663055924	300	4.405667167449378	0.0	126289	3594.332832550622	0.3
41738.91151084604	300	4.059819377334264	0.0	153295	4345.847790115114	0.3
41744.18840173367	300	4.0	1.2170715102990426	173849	5276.890887633307	-4.933407494285883
41748.094141424604	300	4.094260309067964	0.0	150710	3905.7396909320355	0.3
41751.686111294955	300	4.502290438717102	0.0	139105	3591.969870350863	0.3
41754.94261402533	300	5.245787708344591	0.0	141840	3256.502730372511	0.3
41757.05133859126	300	7.137063142406457	0.0	156148	2108.724565938134	0.3
41759.18653427441	300	9.001867459255836	0.0	160746	2135.19568315062	0.3
41761.56535501662	300	10.623046717052828	0.0	179801	2378.8207422030077	0.3
41763.43595764823	300	12.752444085441917	0.0	140051	1870.602631610911	0.3
41765.28433932195	300	14.904062411723059	0.0	138313	1848.3816737188588	0.3
41767.42650557899	300	16.761896154685825	0.0	143509	2142.1662570372328	0.3
41771.73805756626	300	16.450344167410925	0.0	150616	4311.551987274901	0.3
41776.24115833383	300	15.947243399846132	0.0	165384	4503.100767564797	0.3
41779.432255063235	300	16.756146670444235	0.0	140881	3191.0967294018933	0.3
41782.66862617356	300	17.51977556012618	0.0	157671	3236.371110318052	0.3
41785.99047947074	300	18.197922262947966	0.0	157812	3321.853297178216	0.3
41789.26431424598	300	18.924087487709418	0.0	163927	3273.8347752385494	0.3
41791.96019369117	300	20.228208042511454	0.0	137654	2695.879445197964	0.3
41794.794042709604	300	21.394359024079623	0.0	146754	2833.849018431831	0.3
41797.80584837345	300	22.382553360229565	0.0	153938	3011.805663850057	0.3
41801.436945938905	300	22.751455794775172	0.0	181901	3631.097565454395	0.3
41803.65752310864	300	24.53087862504245	0.0	111155	2220.577169732719	0.3
41806.68773120461	300	25.500670529063935	0.0	153605	3030.2080959785158	0.3
41809.54681159628	300	26.64159013739561	0.0	149029	2859.080391668325	0.3
41812.50275011662	300	27.685651617063552	0.0	157421	2955.938520332058	0.3
41815.48784975452	300	28.700551979159368	0.0	157488	2985.099637904184	0.3
41818.1420320794	300	30.04636965427796	0.0	143881	2654.182324881408	0.3
41821.135236209055	300	31.053165524621495	0.0	163444	2993.2041296564685	0.3
41824.26553168842	300	31.922870045256577	0.0	179328	3130.295479364918	0.3
41831.19737279166	300	28.991028942015237	0.0	159914	6931.841103241339	0.3
41837.16497224735	300	27.02342948632629	0.0	131610	5967.599455688946	0.3
41841.370465303684	300	26.817936429998415	0.0	124011	4205.493056327878	0.3
41845.39234240336	300	26.7960593303228	0.0	144254	4021.8770996756157	0.3
41849.41281692957	300	26.775584804108945	0.0	149991	4020.4745262138554	0.3
41853.05221423843	300	27.13618749525407	0.0	147968	3639.397308854875	0.3
41857.15445008813	300	27.033951645554758	0.0	161857	4102.235849699315	0.3
41862.748568584386	300	25.439833149299186	0.0	145210	5594.118496255569	0.3
41868.81769337126	300	23.370708362424622	0.0	172312	6069.124786874562	0.3
41872.1706512713	300	24.017750462388424	0.0	167025	3352.9579000361996	0.3
41875.13281957472	300	25.055582158967677	0.0	160064	2962.168303420746	0.3
41877.58762521481	300	26.60077651888139	0.0	137507	2454.805640086287	0.3
41879.161076170174	300	29.027325563511056	0.0	118421	1573.4509553703351	0.3

