13973.109043956258	750	4.0	4.443258149880837	450283	4443.258149880837	1	-18.356010044487597
13976.458376443976	750	4.650667512281436	0.0	398865	3349.332487718564	1	0.75
13979.413838238523	750	5.6952057177356	0.0	350812	2955.461794545836	1	0.75
13982.627845041177	750	6.481198915078983	0.0	382355	3214.006802656617	1	0.75
13986.081241423357	750	7.027802532899699	0.0	411561	3453.396382179284	1	0.75
13988.772379614518	750	8.336664341738338	0.0	318564	2691.1381911613616	1	0.75
13991.742841167008	750	9.366202789248021	0.0	352642	2970.4615524903165	1	0.75
13995.40607842522	750	9.702965531037792	0.0	437162	3663.237258210229	1	0.75
14001.549400648548	300	7.559643307710516	0.0	374758	6143.322223327277	0	0.75
14003.525038340415	300	9.584005615844195	0.0	139105	1975.6376918663211	0	-0.15000000000000002
14005.518475509933	300	11.590568446325536	0.0	141840	1993.4371695186585	0	0.3
14007.566492404532	300	13.54255155172601	0.0	156148	2048.0168945995265	0	0.3
14009.65436655859	750	15.454677397667485	0.0	160746	2087.8741540585243	1	0.3
14014.75358959411	750	14.355454362149269	0.0	434409	5099.223035518216	1	0.3
14018.752184777088	750	14.35685917917024	0.0	337059	3998.595182979028	1	0.75
14023.064472859762	750	14.044571096495194	0.0	366214	4312.288082675047	1	0.75
14027.078793371811	750	14.03025058444703	0.0	360831	4014.320512048164	1	0.75
14031.126943872267	750	13.982100083990877	0.0	372963	4048.1505004561527	1	0.75
14035.603426309468	750	13.505617646789489	0.0	405596	4476.482437201388	1	0.75
14040.033280470881	750	13.075763485376287	0.0	350713	4429.854161413204	1	0.75
14046.239417310117	750	10.869626646140896	0.0	386472	6206.136839235391	1	0.75
14052.606943333523	300	8.502100622734874	0.0	399894	6367.526023406022	0	0.75
14054.434728630804	300	10.674315325455241	0.0	163927	1827.785297279633	0	-0.15000000000000002
14058.780609393414	300	10.328434562845	0.0	137654	4345.880762610241	0	0.3
14060.973096704322	300	12.135947251937402	0.0	146754	2192.4873109075975	0	0.3
14062.175174806262	750	14.93386914999719	0.0	153938	1202.0781019402139	1	0.3
14067.119092186407	750	13.98995176985106	0.0	425781	4943.917380146129	1	0.3
14072.675604653705	750	12.43343930255491	0.0	277716	5556.512467296151	1	0.75
14077.388211004176	750	11.720832952084825	0.0	400396	4712.606350470085	1	0.75
14080.94584977483	750	12.163194181430718	0.0	400508	3557.6387706541072	1	0.75
14083.111395884283	750	13.997648071978787	0.0	358218	2165.54610945193	1	0.75
14088.48936470884	750	12.619679247423027	0.0	400322	5377.968824555758	1	0.75
14090.528085964583	750	14.580957991678694	0.0	369834	2038.7212557443331	1	0.75
14094.55873772011	750	14.550306236152162	0.0	412837	4030.651755526532	1	0.75
14099.71528485124	750	13.393759105020917	0.0	401088	5156.547131131245	1	0.75
14102.338864106147	750	14.770179850114415	0.0	365161	2623.5792549065036	1	0.75
14105.108286155382	750	16.000757800878446	0.0	321064	2769.4220492359686	1	0.75
14108.05426972009	750	17.054774236169823	0.0	361565	2945.983564708623	1	0.75
14111.240400011628	750	17.868643944632677	0.0	378327	3186.130291537143	1	0.75
14116.842907159788	750	16.26613679647374	0.0	390680	5602.507148158935	1	0.75
14118.903415456807	750	18.205628499452345	0.0	345516	2060.508297021398	1	0.75
14121.240866719592	750	19.8681772366666	0.0	384505	2337.451262785743	1	0.75
14125.68402567034	750	19.42501828591784	0.0	372093	4443.158950748761	1	0.75
14131.75080591736	750	17.358238038898506	0.0	438281	6066.780247019331	1	0.75
14137.234800703487	750	15.874243252772125	0.0	398987	5483.994786126384	1	0.75
14150.50151277424	300	6.607531182017498	0.0	393804	13266.712070754627	0	0.75
14155.184074625236	300	5.924969331020708	0.0	137507	4682.56185099679	0	-0.15000000000000002
14157.377940079778	300	7.731103876478684	0.0	118421	2193.865454542023	0	0.3

