78494.65152898994	300	4.0	0.8068057204465358	181801	806.8057204465357	-3.1692645979201037
78495.52435236721	300	7.127176622728949	0.0	155580	872.8233772710508	0.3
78496.0981113289	300	10.553417661043623	0.0	139857	573.7589616853265	0.3
78497.90583261522	300	12.74569637473707	0.0	155432	1807.721286306553	0.3
78505.25866141473	300	9.392867575224626	0.0	163442	7352.828799512445	0.3
78507.70790851643	300	10.943620473519516	0.0	126289	2449.2471017051084	0.3
78510.29119023329	300	12.36033875665924	0.0	153295	2583.2817168602755	0.3
78510.98099742141	300	15.670531568540213	0.0	173849	689.8071881190278	0.3
78513.42475565147	750	17.226773338474683	0.0	374758	2443.758230065528	0.3
78516.79783545072	750	17.85369353922492	0.0	362795	3373.079799249759	0.75
78518.23066574888	750	20.42086324106567	0.0	353220	1432.8302981592478	0.75
78533.7836935985	1200	8.867835391450596	0.0	594078	15553.027849615077	0.75
78534.30387051021	300	12.34765847974225	0.0	160746	520.1769117083435	-0.6000000000000001
78534.87622645624	300	15.775302533702712	0.0	179801	572.3559460395397	0.3
78535.87920799037	750	18.772320999583652	0.0	337059	1002.9815341190607	0.3
78537.56901129587	1200	21.082517694074003	0.0	587876	1689.8033055096494	0.75
78539.33922864085	1200	23.31230034909073	0.0	617242	1770.2173449832737	1.2
78541.86539465691	1850	24.786134333028865	0.0	885714	2526.1660160618617	1.2000000000000002
78548.13705283205	1850	22.51447615789377	0.0	987708	6271.658175135093	1.85
78556.53135455798	1850	18.1201744319555	0.0	923755	8394.30172593827	1.85
78562.76537838668	1200	15.886150603255759	0.0	601738	6234.023828699742	0.5499999999999999
78564.17694084042	750	18.47458814952382	0.0	399894	1411.5624537319368	0.3
78565.65904582114	750	20.99248316879702	0.0	401853	1482.104980726803	0.75
78567.23504936862	1200	23.416479621319503	0.0	536667	1576.0035474775134	0.75
78570.25232178137	1850	24.399207208571774	0.0	897976	3017.2724127477322	1.2000000000000002
78573.07524682577	1850	25.576282164167722	0.0	905935	2822.925044404052	1.85
78582.83311530239	2850	19.818413687548652	0.0	1547572	9757.86847661907	1.85
78584.794744641	1200	21.856784348940813	0.0	487160	1961.6293386078376	-0.44999999999999996
78587.43879409184	1200	23.21273489809715	0.0	622896	2644.0494508436627	1.2
78590.7676252304	1850	23.883903759548737	0.0	975811	3328.831138548417	1.2000000000000002
78593.65948829163	1850	24.99204069831092	0.0	873429	2891.8630612378133	1.85
78597.07232426974	1850	25.579204720197282	0.0	954453	3412.8359781136382	1.85
78601.48609959931	2850	25.165429390642036	0.0	1358081	4413.7753295552475	1.85
78607.88080740118	2850	22.770721588768538	0.0	1587293	6394.7078018734965	2.85
78613.30744487773	1850	21.3440841122185	0.0	1026056	5426.637476550038	0.8500000000000001
78616.71255910562	1200	21.93896988433114	0.0	598727	3405.11422788736	0.5499999999999999
78623.09092454246	1850	19.56060444749972	0.0	728962	6378.365436831421	1.2000000000000002
78628.56144317167	1200	18.09008581829823	0.0	575591	5470.518629201491	0.5499999999999999
78630.12842168554	750	20.52310730441862	0.0	378327	1566.978513879612	0.3
78638.54587491037	1200	16.105654079589986	0.0	587506	8417.453224828632	0.75
78643.58636746918	750	15.065161520787097	0.0	345516	5040.492558802892	0.3
78644.70681454307	750	17.94471444689905	0.0	384505	1120.4470738880489	0.75
78652.30877442042	750	14.342754569536964	0.0	372093	7601.959877362084	0.75
78658.82876507318	750	11.822763916776204	0.0	438281	6519.990652760762	0.75
78659.49333705317	300	15.158191936790232	0.0	167025	664.5719799859701	-0.15000000000000002
78660.66979301385	750	17.981735976117463	0.0	393804	1176.4559606727685	0.3
78663.69058644098	750	18.960942548975844	0.0	331053	3020.7934271416175	0.75
78664.72273021437	750	21.92879877559041	0.0	314107	1032.1437733854352	0.75

