2671.927739190977	750	4.0	5.346296811920548	450283	5346.296811920548	0.08422334483862018	-22.239076291258357
2673.495255588829	300	6.432483602147521	0.0	155580	1567.5163978524797	0.09925255022093987	-0.15000000000000002
2675.0300708163077	300	8.897668374668784	0.0	139857	1534.8152274787358	0.09112302086665196	0.3
2680.2952211754573	750	7.632518015519142	0.0	382355	5265.150359149643	0.07261995839027717	0.3
2683.434929123986	750	8.492810066990414	0.0	411561	3139.7079485287272	0.13108257415880298	0.75
2686.694979031963	750	9.232760159013301	0.0	318564	3260.0499079771125	0.09771752242825987	0.75
2691.400121223695	1200	8.527617967281458	0.0	561791	4705.142191731844	0.119399367140745	0.75
2695.7556363704043	750	8.172102820572553	0.0	437162	4355.515146708905	0.10036975771518701	0.3
2699.836980292462	750	8.090758898514352	0.0	374758	4081.343922058201	0.09182220541978031	0.75
2703.6769522661607	750	8.250786924815802	0.0	362795	3839.9719736985508	0.09447855413657258	0.75
2707.223841545962	750	8.703897645014695	0.0	353220	3546.889279801108	0.09958585457164505	0.75
2716.123759158472	750	4.0	0.19601996749533646	405134	8899.917612510031	0.04552109554705649	-0.09288586022994672
2717.290082152419	300	6.833677006052575	0.0	160746	1166.3229939474252	0.1378228851134577	-0.15000000000000002
2718.3632425096744	300	9.760516648797163	0.0	179801	1073.160357255414	0.16754346056896605	0.3
2726.794892397157	1200	5.328866761314711	0.0	526950	8431.64988748245	0.06249666518794917	0.29999999999999993
2734.7658936506114	300	4.0	2.642134492139613	138313	7971.001253454325	0.017352023365955496	-11.961178316200336
2735.731444329087	300	7.0344493215240576	0.0	143509	965.5506784759426	0.14862917421022312	0.3
2738.7281538785396	750	8.037739772071252	0.0	372963	2996.7095494528057	0.12445750709076975	0.3
2746.119730368431	750	4.646163282179891	0.0	405596	7391.576489891361	0.05487273256993128	0.75
2747.5353480029253	300	7.230545647686079	0.0	140881	1415.6176344938112	0.09951910499502604	-0.15000000000000002
2750.6813223287336	750	8.084571321877213	0.0	386472	3145.974325808867	0.12284652065640539	0.3
2754.1082136533905	750	8.65767999722052	0.0	399894	3426.891324656694	0.11669293307398985	0.75
2758.926833053918	750	7.839060596692505	0.0	401853	4818.619400528014	0.08339587890173808	0.75
2766.2172925008413	750	4.54860114976917	0.0	343800	7290.459446923335	0.047157521758808746	0.75
2767.412789254872	300	7.3531043957382405	0.0	146754	1195.4967540309287	0.12275566579765328	-0.15000000000000002
2771.983869409114	750	6.7820242414961776	0.0	379700	4571.080154242063	0.08306570595740484	0.3
2773.068686143447	300	9.697207507163682	0.0	181901	1084.816734332494	0.16767901364641719	-0.15000000000000002
2776.115532720244	1200	10.650360930366316	0.0	487160	3046.846576797367	0.15988990181188206	0.29999999999999993
2781.9465170770422	1200	8.819376573568068	0.0	622896	5830.984356798249	0.10682518797598485	1.2
2785.8486864205447	750	8.91720723006579	0.0	400508	3902.16934350228	0.10263726782306572	0.3
2790.0784554465913	750	8.687438204019193	0.0	358218	4229.769026046596	0.08468973076168482	0.75
2795.7790274478116	750	6.98686620279857	0.0	400322	5700.572001220622	0.07022488268094534	0.75
2797.145973417831	300	9.619920232779132	0.0	143881	1366.9459700194375	0.10525726923790124	-0.15000000000000002
2809.0002856627543	1200	4.0	2.234392012144046	670129	11854.312244923178	0.0565303989092235	-9.307885652219397
2812.6716743454767	300	4.328611317277969	0.0	179328	3671.3886827220313	0.04884473301449606	-0.6000000000000001
2814.2166346065264	300	6.783651056228232	0.0	159914	1544.9602610497368	0.10350686942028207	0.3
2815.337145365586	300	9.663140297168606	0.0	131610	1120.5107590596263	0.11745536482884997	0.3
2822.70981332455	1200	6.290472338204256	0.0	575591	7372.66795896435	0.07807092401335461	0.29999999999999993
2823.8795946509754	300	9.120691011778849	0.0	144254	1169.7813264254069	0.12331706511404858	-0.6000000000000001
2835.749636979798	1200	4.0	2.7493513170441637	587506	11870.042328823012	0.049494852985773205	-11.522210663289904
2837.094305540139	300	6.655331439659513	0.0	147968	1344.6685603404871	0.11004049946890453	-0.6000000000000001
2840.623438374803	300	7.126198604995224	0.0	161857	3529.1328346642886	0.04586310790293525	0.3
2852.6102517439	750	4.0	4.860614764101288	372093	11986.813369096511	0.031041861464140404	-20.600643485635537
2856.9358261254715	300	4.0	0.325574381571847	172312	4325.574381571847	0.03983563448454318	-1.549969840758942
2858.5172755770386	300	6.41855054843301	0.0	167025	1581.4494515669905	0.10561513669279918	0.3
2860.2953814613725	300	8.640444664099125	0.0	160064	1778.1058843338851	0.09001938602771299	0.3
2865.6939040665784	750	7.241922058893362	0.0	331053	5398.522605205762	0.06132288854005494	0.3
2868.391290023977	750	8.544536101494906	0.0	314107	2697.385957398458	0.11644866732491857	0.75

