67147.00923439508	750	4.0	3.9901588380951383	450283	3990.1588380951384	0.11284838981872726	-16.407683003809094
67147.60039537033	300	7.408839024758312	0.0	155580	591.1609752416884	0.2631770473962581	-0.15000000000000002
67148.59294042837	750	10.416293966737289	0.0	350812	992.5450580210245	0.35344692632842567	0.3
67150.21452073299	1200	12.79471366211126	0.0	617681	1621.5803046260287	0.38091298854449923	0.75
67152.79845108582	1850	14.210783309272479	0.0	996749	2583.930352838781	0.38574917427822414	1.2000000000000002
67155.76036901648	2850	15.248865378613399	0.0	1224260	2961.917930659082	0.4133335320764878	1.85
67160.79665874664	4300	14.212575648474198	0.0	2157535	5036.2897301392	0.4283977125240503	2.8499999999999996
67164.39306622898	2850	14.616168166118293	0.0	1638769	3596.407482355905	0.45566833236774623	1.4000000000000001
67172.36722236218	2850	10.64201203291105	0.0	1348011	7974.156133207243	0.16904748006957115	2.85
67173.58841778386	1200	13.42081661123815	0.0	560821	1221.1954216728986	0.45923935681951633	-0.44999999999999996
67176.20150168812	2850	14.807732706975427	0.0	1354548	2613.083904262723	0.5183714146301718	1.2000000000000002
67183.87805299749	2850	11.131181397613663	0.0	1519951	7676.551309361765	0.19799919765355806	2.85
67185.62819467067	1850	13.381039724421699	0.0	946851	1750.1416731919626	0.541013915903793	0.8500000000000001
67188.12315355138	2850	14.886080843719073	0.0	1578343	2494.958880702625	0.6326128306994425	1.85
67189.94220599487	2850	17.06702840022363	0.0	1231445	1819.052443495442	0.6769705867488287	2.85
67192.84337232498	4300	18.165862070128682	0.0	2152483	2901.1663300949485	0.7419371228982773	2.8499999999999996
67195.75651125344	4300	19.252723141664415	0.0	2289689	2913.1389284642682	0.785986887761328	4.3
67198.39535944919	4300	20.61387494590045	0.0	2059512	2638.8481957639633	0.7804586877358279	4.3
67201.22347072682	4300	21.785763668279948	0.0	2220726	2828.111277620501	0.7852328929109398	4.3
67203.97238678746	4300	23.03684760764429	0.0	2156729	2748.9160606356595	0.7845743385490199	4.3
67221.0450056854	4300	9.96422870969915	0.0	2039773	17072.61889794514	0.1194762802469343	4.3
67222.51011407818	1200	12.49912031693072	0.0	616206	1465.10839276843	0.4205873115200941	-1.9000000000000001
67225.56629048592	1850	13.442943909197604	0.0	968026	3056.176407733116	0.3167441504850901	1.2000000000000002
67228.45772416214	2850	14.55151023297048	0.0	1323990	2891.4336762271237	0.45790087142085284	1.85
67231.65467172563	2850	15.354562669484208	0.0	1383735	3196.9475634862724	0.4328300582106003	2.85
67235.07505188939	4300	15.934182505729497	0.0	2105231	3420.3801637547117	0.6154962019452801	2.8499999999999996
67242.12284745387	4300	12.886386941264172	0.0	2395588	7047.795564465324	0.3399060001227121	4.3
67243.35164540826	1850	15.657588986865965	0.0	758197	1228.7979543982076	0.6170233253450685	-0.6000000000000001
67246.6934040053	4300	16.31583038981285	0.0	2134614	3341.758597053116	0.6387696591496406	1.8499999999999996
67252.87623944496	4300	14.132994950164695	0.0	2164140	6182.8354396481545	0.35002387191517337	4.3
67256.94582580839	2850	14.063408586725458	0.0	1341201	4069.5863634392376	0.3295669093176686	1.4000000000000001
67260.6917589253	2850	14.317475469819618	0.0	1497683	3745.9331169058405	0.39981573436022627	2.85
67263.9789682973	2850	15.030266097826368	0.0	1358081	3287.2093719932486	0.41314100999186043	2.85
67269.22971507127	4300	13.779519323847195	0.0	2286761	5250.746773979173	0.4355115754833906	2.8499999999999996
67277.26152621483	2850	9.747708180283723	0.0	1492672	8031.81114356347	0.1858450072243291	1.4000000000000001
67278.78742592722	1200	12.221808467906563	0.0	598727	1525.8997123771612	0.39237637647054674	-0.44999999999999996
67280.4251937042	1850	14.584040690923489	0.0	728962	1637.7677769830732	0.44509484814924044	1.2000000000000002
67283.29997086817	2850	15.70926352695576	0.0	1499009	2874.777163967728	0.5214348502515195	1.85
67292.10151763525	4300	10.907716759870285	0.0	2133870	8801.546767085476	0.24244261338017123	2.8499999999999996
67293.1049535914	1200	13.904280803724006	0.0	587506	1003.4359561462779	0.5854942673734078	-1.9000000000000001
67295.21254725973	2850	15.796687135419262	0.0	1339500	2107.593668304744	0.6355589410540577	1.2000000000000002
67298.28858152326	4300	16.720652871875703	0.0	2184571	3076.034263543559	0.7101907237806243	2.8499999999999996
67301.04233371934	4300	17.966900675803537	0.0	2121928	2753.752196072167	0.7705588044656402	4.3
67303.87599501427	4300	19.133239380864747	0.0	2219102	2833.6612949387873	0.7831218233327837	4.3
67306.58768789726	4300	20.421546497866547	0.0	2124950	2711.6928829982	0.7836248762988735	4.3
67309.44770149366	4300	21.561532901483147	0.0	2246506	2860.0135963834	0.7854878741977994	4.3
67321.00515052828	4300	14.004083866853119	0.0	1961140	11557.44903463003	0.16968623388463672	4.3
67328.41386328274	2850	10.595371112393169	0.0	1364537	7408.712754459949	0.18418003845250533	1.4000000000000001

