91796.04596379917	750	4.0	3.4168820266584783	450283	3416.8820266584785	-13.942592714631456
91797.56534204709	750	6.480621752083308	0.0	398865	1519.378247916692	0.75
91798.6474330335	750	9.398530765662668	0.0	350812	1082.0909864206392	0.75
91802.02427242673	750	10.021691372454763	0.0	382355	3376.8393932079052	0.75
91810.57475360151	750	5.4712101976675225	0.0	411561	8550.48117478724	0.75
91812.20377933048	300	7.842184468691064	0.0	126289	1629.0257289764577	-0.15000000000000002
91813.6537404317	300	10.3922233674631	0.0	153295	1449.9611012279656	0.3
91814.23152405064	300	13.814439748532466	0.0	173849	577.7836189306324	0.3
91815.38457246312	750	16.66139133604113	0.0	374758	1153.048412491334	0.3
91827.97399708426	1850	8.071966714904727	0.0	913888	12589.424621136404	0.75
91828.46614725472	300	11.57981654444221	0.0	141840	492.15017046251666	-1.25
91829.7233613492	750	14.322602449968429	0.0	405134	1257.2140944737819	0.3
91837.1819039086	1850	10.8640598905695	0.0	946851	7458.542559398927	0.75
91840.64656480291	750	11.399398996255695	0.0	434409	3464.6608943138044	-0.3500000000000001
91841.91464511197	750	14.131318687185058	0.0	337059	1268.080309070637	0.75
91844.64827265906	750	15.397691140093851	0.0	366214	2733.627547091207	0.75
91845.92953664942	750	18.116427149742755	0.0	360831	1281.263990351097	0.75
91848.51958579711	1850	19.526378002042428	0.0	885714	2590.0491477003266	0.75
91860.67595376504	1850	11.370010034125395	0.0	987708	12156.367967917033	1.85
91864.49598132836	750	11.549982470786798	0.0	350713	3820.027563338597	-0.3500000000000001
91871.09496429317	750	8.950999505992138	0.0	386472	6598.982964794659	0.75
91871.77814406154	300	12.267819737618204	0.0	157812	683.1797683739353	-0.15000000000000002
91872.48469622417	300	15.561267574980166	0.0	163927	706.5521626380381	0.3
91873.80197176115	750	18.24399203799042	0.0	343800	1317.275536989744	0.3
91876.68099284933	1850	19.364970949806427	0.0	897976	2879.021088183997	0.75
91885.81644984285	1850	14.229513956281414	0.0	905935	9135.456993525011	1.85
91889.4899268997	750	14.556036899433126	0.0	425781	3673.477056848289	-0.3500000000000001
91892.36022904843	750	15.685734750706509	0.0	277716	2870.3021487266183	0.75
91896.45175379892	750	15.594210000226456	0.0	400396	4091.524750480051	0.75
91902.47544338835	750	13.570520410796695	0.0	400508	6023.689589429761	0.75
91911.58957577964	750	8.456388019512769	0.0	358218	9114.132391283925	0.75
91912.25514952758	300	11.790814271566738	0.0	157488	665.5737479460323	-0.15000000000000002
91912.74667644131	300	15.299287357836791	0.0	143881	491.5269137299478	0.3
91914.00746846029	750	18.03849533885214	0.0	412837	1260.7920189846504	0.3
91920.49014373287	1850	15.55582006627995	0.0	1026056	6482.67527257219	0.75
91923.71514269311	1850	16.33082110604273	0.0	943942	3224.9989602372193	1.85
91929.3852920178	1850	14.660671781337216	0.0	728962	5670.149324705516	1.85
91933.09016263213	1850	14.955801167017642	0.0	938587	3704.870614319573	1.85
91939.18312469509	1850	12.862839104054924	0.0	908665	6092.962062962719	1.85
91943.7124706989	1850	12.333493100252717	0.0	930577	4529.346003802206	1.85
91946.18756778227	1850	13.858396016885187	0.0	858450	2475.0970833675283	1.85
91954.33276395098	1850	9.713199848178537	0.0	1025005	8145.196168706652	1.85
91955.84367238534	750	12.202291413812553	0.0	372093	1510.9084343659836	-0.3500000000000001
91963.12822542185	750	8.9177383773037	0.0	438281	7284.553036508853	0.75
91963.79687990625	300	12.249083892903705	0.0	167025	668.6544843999953	-0.15000000000000002
91964.44100139341	300	15.60496240575507	0.0	160064	644.1214871486357	0.3
91966.4826680175	750	17.563295781653025	0.0	331053	2041.6666241020448	0.3
91969.784888763	750	18.2610750361695	0.0	314107	3302.2207454835234	0.75

