43717.76379925512	750	4.0	7.991309666172599	450283	7991.3096661725995	-33.61263156454218
43720.680444959864	300	5.083354295257159	0.0	155580	2916.6457047428416	-0.15000000000000002
43722.7624691137	300	7.001330141424778	0.0	139857	2082.0241538323803	0.3
43724.368533257366	300	9.395265997762687	0.0	155432	1606.0641436620929	0.3
43726.012726176676	300	11.751073078450746	0.0	163442	1644.1929193119392	0.3
43727.301352842944	300	14.462446412190022	0.0	126289	1288.6266662607254	0.3
43730.843749503154	750	14.920049751984754	0.0	352642	3542.3966602052674	0.3
43735.85944795613	750	13.904351299004926	0.0	437162	5015.698452979828	0.75
43739.449969254485	750	14.313830000647956	0.0	374758	3590.52129835697	0.75
43742.928427924984	750	14.835371330152817	0.0	362795	3478.458670495138	0.75
43746.31719340298	750	15.44660585214928	0.0	353220	3388.765478003535	0.75
43750.1225493233	750	15.641249931832194	0.0	405134	3805.355920317089	0.75
43753.91412191599	750	15.849677339142982	0.0	386351	3791.572592689211	0.75
43758.46385986769	750	15.2999393874428	0.0	434409	4549.737951700181	0.75
43762.48773010606	750	15.276069149068363	0.0	337059	4023.870238374439	0.75
43766.12791040113	750	15.635888854005993	0.0	366214	3640.1802950623705	0.75
43769.29799217526	750	16.46580707986675	0.0	360831	3170.081774139241	0.75
43774.08894433082	1200	15.674854924311331	0.0	581493	4790.952155555418	0.75
43779.26400204317	1200	14.499797211954613	0.0	639204	5175.057712356718	1.2
43784.344157879845	1200	13.419641375286602	0.0	586839	5080.155836668012	1.2
43789.83144636264	1200	11.932352892490355	0.0	601738	5487.288482796247	1.2
43794.85692269272	1200	10.906876562404435	0.0	616206	5025.476330085919	1.2
43799.919533542445	1200	9.844265712679007	0.0	656471	5062.610849725427	1.2
43804.07283276951	1200	9.690966485615517	0.0	536667	4153.2992270634895	1.2
43808.609950395345	1200	9.153848859780773	0.0	587236	4537.117625834745	1.2
43816.25271390822	1200	5.511085346900353	0.0	590335	7642.76351288042	1.2
43817.54032213014	300	8.223477124985802	0.0	181901	1287.6082219145499	-0.6000000000000001
43819.464029008916	750	10.299770246204371	0.0	277716	1923.7068787814312	0.3
43822.32308228129	750	11.440716973828534	0.0	400396	2859.053272375838	0.75
43825.22249183886	750	12.541307416265045	0.0	400508	2899.409557563489	0.75
43827.91094362514	750	13.852855629988648	0.0	358218	2688.451786276398	0.75
43830.97481192549	750	14.788987329638895	0.0	400322	3063.8683003497545	0.75
43833.81143271823	750	15.952366536898174	0.0	369834	2836.6207927407213	0.75
43836.968583705464	750	16.795215549664167	0.0	412837	3157.1509872340052	0.75
43842.19350216091	1200	15.570297094217505	0.0	690253	5224.918455446663	0.75
43855.29204951368	1200	6.471749741451575	0.0	598727	13098.54735276593	1.2
43857.392582619075	300	8.37121663605063	0.0	131610	2100.533105400946	-0.6000000000000001
43859.306006560575	300	10.457792694553884	0.0	124011	1913.4239414967456	0.3
43861.25687179748	300	12.506927457648912	0.0	144254	1950.8652369049719	0.3
43863.24418526553	300	14.519613989594474	0.0	149991	1987.3134680544372	0.3
43865.213535341594	300	16.5502639135349	0.0	147968	1969.3500760595768	0.3
43867.28906520116	300	18.474734053965076	0.0	161857	2075.5298595698205	0.3
43872.156330794765	750	17.60746846036298	0.0	372093	4867.265593602096	0.3
43877.88695158908	750	15.876847666050901	0.0	438281	5730.620794312079	0.75
43882.7093295604	750	15.054469694730358	0.0	398987	4822.377971320542	0.75
43887.25692105876	750	14.506878196368795	0.0	393804	4547.591498361562	0.75
43896.233997509706	1850	9.529801745426424	0.0	830730	8977.076450942372	0.75
43905.0113081491	1850	4.7524911060326485	0.0	846370	8777.310639393776	1.85

