10834.06442595425	750	4.0	7.2850113172515965	450283	7285.011317251597	-30.575548664181863
10836.585829302176	300	5.478596652073836	0.0	155580	2521.4033479261634	-0.15000000000000002
10838.860503090778	300	7.203922863470485	0.0	139857	2274.673788603352	0.3
10841.379583982762	300	8.684841971486557	0.0	155432	2519.080891983928	0.3
10844.024359956484	300	10.040065997764048	0.0	163442	2644.7759737225097	0.3
10845.971314986544	300	12.093110967704812	0.0	126289	1946.9550300592373	0.3
10848.22589240054	300	13.838533553708174	0.0	153295	2254.577413996639	0.3
10854.507285867108	750	11.5571400871398	0.0	437162	6281.393466568373	0.3
10859.903442835794	750	10.160983118454896	0.0	374758	5396.156968684905	0.75
10865.129897794604	750	8.934528159644037	0.0	362795	5226.454958810859	0.75
10870.092816923376	750	7.971609030871314	0.0	353220	4962.919128772722	0.75
10875.129074449444	750	6.935351504802416	0.0	405134	5036.257526068899	0.75
10879.93554779272	750	6.128878161527733	0.0	386351	4806.4733432746825	0.75
10885.32994469755	750	4.734481256696085	0.0	434409	5394.396904831648	0.75
10887.123276145378	300	6.941149808870241	0.0	140051	1793.331447825844	-0.15000000000000002
10888.895345552544	300	9.16908040170331	0.0	138313	1772.0694071669318	0.3
10890.730980876435	300	11.333445077813876	0.0	143509	1835.6353238894333	0.3
10895.373670445058	750	10.690755509189087	0.0	372963	4642.689568624789	0.3
10900.415579905986	750	9.648846048261488	0.0	405596	5041.909460927598	0.75
10904.786071313127	750	9.278354641121624	0.0	350713	4370.491407139865	0.75
10909.594024925054	750	8.470401029193471	0.0	386472	4807.953611928152	0.75
10914.56617825489	750	7.498247699357425	0.0	399894	4972.153329836046	0.75
10919.526369512047	750	6.538056442203259	0.0	401853	4960.191257154166	0.75
10923.696840850971	750	6.36758510327661	0.0	343800	4170.471338926649	0.75
10928.058902823903	750	6.005523130345495	0.0	359903	4362.061972931116	0.75
10932.653093454657	750	5.411332499591722	0.0	379700	4594.190630753773	0.75
10937.69164575597	750	4.3727801982798455	0.0	425781	5038.552301311876	0.75
10939.066132548598	300	6.998293405650955	0.0	111155	1374.4867926288903	-0.15000000000000002
10940.934982746807	300	9.129443207443401	0.0	153605	1868.8501982075543	0.3
10945.679211223638	750	8.385214730611846	0.0	400508	4744.228476831556	0.3
10949.930939619859	750	8.13348633439093	0.0	358218	4251.728396220916	0.75
10954.475584775568	750	7.588841178681298	0.0	400322	4544.6451557096325	0.75
10958.276833948365	750	7.787592005883186	0.0	369834	3801.249172798112	0.75
10962.510776919402	750	7.553649034846303	0.0	412837	4233.942971036882	0.75
10966.626502104808	750	7.4379238494408275	0.0	401088	4115.725185405476	0.75
10970.380731811076	750	7.683694143172255	0.0	365161	3754.2297062685725	0.75
10973.691259951851	750	8.373166002397602	0.0	321064	3310.5281407746534	0.75
10977.409306905789	750	8.655119048459486	0.0	361565	3718.046953938116	0.75
10981.29601217301	750	8.768413781239081	0.0	378327	3886.705267220405	0.75
10985.307012640325	750	8.757413313924648	0.0	390680	4011.000467314434	0.75
10988.863575447393	750	9.20085050685847	0.0	345516	3556.5628070661764	0.75
10992.812443407576	750	9.251982546674341	0.0	384505	3948.867960184131	0.75
10996.636422512944	750	9.428003441308237	0.0	372093	3823.9791053661042	0.75
11001.12638159919	750	8.938044355061084	0.0	438281	4489.959086247152	0.75
11005.220966639254	750	8.843459314996622	0.0	398987	4094.5850400644613	0.75
11011.360885942062	1200	6.703540012188888	0.0	638661	6139.919302807733	0.75
11015.423832529403	1200	6.640593424847228	0.0	538612	4062.9465873416607	1.2
11021.762598585727	1850	4.301827368524009	0.0	846370	6338.766056323218	1.2000000000000002

