83820.41683196314	300	4.0	1.3323363989431865	181801	1332.3363989431864	-5.429046515455702
83821.24725251825	300	7.169579444890608	0.0	155580	830.420555109393	0.3
83821.92249196884	300	10.49433999430083	0.0	139857	675.2394505897778	0.3
83822.59915981529	300	13.817672147841702	0.0	155432	676.6678464591286	0.3
83824.23813839303	750	16.178693570115612	0.0	411561	1638.9785777260893	0.3
83826.1698555403	750	18.24697642283635	0.0	318564	1931.7171472792638	0.75
83827.58538453969	750	20.83144742345416	0.0	352642	1415.528999382188	0.75
83831.14034956068	1200	21.276482402476283	0.0	709534	3554.9650209778824	0.75
83838.8724739011	1850	17.54435806206686	0.0	852833	7732.124340409422	1.2000000000000002
83841.00917147336	750	19.407660489800318	0.0	362795	2136.6975722665416	-0.3500000000000001
83844.77186410436	750	19.64496785878997	0.0	353220	3762.692631010347	0.75
83853.49290809671	1200	14.923923866431114	0.0	594078	8721.043992358855	0.75
83856.36552728612	750	16.051304677027083	0.0	386351	2872.619189404029	0.3
83865.75626162319	750	10.660570339963174	0.0	434409	9390.73433706391	0.75
83866.73812651982	300	13.678705443334595	0.0	140051	981.8648966285796	-0.15000000000000002
83870.95855334713	750	13.458278616022692	0.0	366214	4220.426827311903	0.3
83872.34433531696	750	16.07249664618523	0.0	360831	1385.7819698374628	0.75
83875.12916423393	750	17.2876677292093	0.0	372963	2784.828916975927	0.75
83880.8851130839	750	15.531718879249803	0.0	405596	5755.948849959497	0.75
83882.16631365768	750	18.25051830545547	0.0	350713	1281.2005737943339	0.75
83889.75041535834	1200	14.666416604798084	0.0	601738	7584.101700657386	0.75
83893.91676716083	750	14.500064802318626	0.0	399894	4166.351802479458	0.3
83900.15022504497	750	12.266606918192172	0.0	401853	6233.457884126454	0.75
83901.2145343837	300	15.202297579457749	0.0	137654	1064.3093387344234	-0.15000000000000002
83904.25857779577	750	16.1582541673836	0.0	359903	3044.0434120741506	0.3
83906.71579067846	750	17.701041284703617	0.0	379700	2457.212882679981	0.75
83910.64215370548	750	17.774678257685498	0.0	425781	3926.363027018119	0.75
83914.92895319789	750	17.48787876528552	0.0	277716	4286.799492399979	0.75
83926.96462665287	750	9.452205310305661	0.0	400396	12035.673454979857	0.75
83929.1127264722	300	11.304105490976196	0.0	149029	2148.0998193294636	-0.15000000000000002
83931.12506526013	300	13.29176670304429	0.0	157421	2012.338787931908	0.3
83935.4129364069	750	13.003895556278284	0.0	400322	4287.871146766008	0.3
83938.39210055825	300	14.024731404920404	0.0	143881	2979.1641513578807	-0.15000000000000002
83941.11858969057	750	15.298242272607478	0.0	412837	2726.489132312925	0.3
83942.88632000814	750	17.530511955036804	0.0	401088	1767.7303175706763	0.75
83944.47205922651	750	19.9447727366718	0.0	365161	1585.739218365002	0.75
83950.41564608924	1200	18.001185873944696	0.0	487812	5943.5868627271075	0.75
83951.90892092585	750	20.50791103732583	0.0	361565	1493.2748366188632	0.3
83958.75526140822	1200	17.661570554957795	0.0	605884	6846.340482368035	0.75
83960.91738663212	1200	19.49944533106794	0.0	587506	2162.125223889857	1.2
83966.64978431156	1200	17.767047651625056	0.0	566904	5732.397679442884	1.2
83969.67152510249	750	18.74530686070288	0.0	384505	3021.740790922176	0.3
83981.0952401778	1200	11.321591785374483	0.0	599477	11423.715075328397	0.75
83982.79374564892	300	13.623086314258286	0.0	172312	1698.505471116198	-0.6000000000000001
83987.48994885235	750	12.926883110832193	0.0	398987	4696.203203426093	0.3
83989.6956186436	750	14.721213319580395	0.0	393804	2205.6697912517993	0.75
83992.23901826634	750	16.177813696838044	0.0	331053	2543.399622742351	0.75
83996.41221690724	750	16.00461505593441	0.0	314107	4173.1986409036335	0.75

