47549.13943778081	750	4.0	3.05645454651713	450283	3056.4545465171304	-12.392754550023659
47551.85687070058	750	5.28256708022897	0.0	398865	2717.4329197710294	0.75
47554.42261425323	750	6.716823527578546	0.0	350812	2565.743552650425	0.75
47556.51962945476	750	8.619808326052526	0.0	382355	2097.0152015260205	0.75
47558.57953958395	750	10.55989819685751	0.0	411561	2059.9101291950146	0.75
47562.26147970185	1200	10.87795807896437	0.0	520315	3681.940117893138	0.75
47564.59179231708	1200	12.547645463730827	0.0	561791	2330.3126152335444	1.2
47570.32952013568	1850	10.809917645128683	0.0	1060487	5737.727818602143	1.2000000000000002
47577.12656761693	1850	8.01287016388435	0.0	852833	6797.047481244335	1.85
47580.02848313029	750	9.110954650519613	0.0	362795	2901.9155133647364	-0.3500000000000001
47582.155527711606	750	10.983910069204601	0.0	353220	2127.044581315011	0.75
47585.35885060762	1200	11.780587173193855	0.0	594078	3203.3228960107463	0.75
47588.532442416945	1200	12.606995363868684	0.0	624282	3173.5918093251707	1.2
47591.53570259075	1200	13.60373519006227	0.0	687371	3003.2601738064127	1.2
47594.01203890476	1200	15.127398876055036	0.0	526950	2476.336314007234	1.2
47596.992226338	1200	16.14721144280918	0.0	587876	2980.187433245855	1.2
47600.39862616171	1200	16.74081161909724	0.0	617242	3406.399823711941	1.2
47603.77038996843	1850	17.369047812384178	0.0	885714	3371.763806713061	1.2000000000000002
47607.114276010434	1850	18.025161770379178	0.0	987708	3343.8860420049996	1.85
47611.39216909902	2850	17.747268681792786	0.0	1336050	4277.893088586392	1.85
47616.15669780249	2850	16.982739978321476	0.0	1415116	4764.528703471312	2.85
47621.875530383506	2850	15.263907397307086	0.0	1468126	5718.832581014389	2.85
47626.18503428199	2850	14.954403498823678	0.0	1505760	4309.503898483407	2.85
47632.748344646476	2850	12.391093134340284	0.0	1323990	6563.310364483395	2.85
47635.02352048075	1200	14.115917300070922	0.0	587236	2275.175834269363	-0.44999999999999996
47637.191140715324	1200	15.948297065489385	0.0	590335	2167.620234581537	1.2
47641.256872712875	1850	15.882565067938708	0.0	1076599	4065.7319975506766	1.2000000000000002
47644.20505957489	1850	16.934378205927626	0.0	758197	2948.186862011082	1.85
47647.26257281095	1850	17.876864969869892	0.0	972798	3057.513236057732	1.85
47651.806226582055	2850	17.333211198760193	0.0	1561263	4543.6537711097	1.85
47656.10465965766	2850	17.034778123155828	0.0	1341201	4298.433075604363	2.85
47661.51723389937	2850	15.622203881452835	0.0	1497683	5412.574241702995	2.85
47665.38873927616	2850	15.750698504657851	0.0	1358081	3871.505376794984	2.85
47674.36461522101	2850	10.774822559805303	0.0	1587293	8975.875944852549	2.85
47679.01908596982	1200	10.120351811004028	0.0	690253	4654.4707488012755	-0.44999999999999996
47681.19630143839	750	11.943136342442841	0.0	365161	2177.215468561185	0.3
47683.07469084938	750	14.064746931444656	0.0	321064	1878.3894109981868	0.75
47686.344327103456	750	14.795110677361539	0.0	361565	3269.6362540831155	0.75
47688.460986082755	750	16.678451698061536	0.0	378327	2116.658979300004	0.75
47691.11283035896	1200	18.02660742185571	0.0	587506	2651.844276205824	0.75
47694.57474837463	1850	18.564689406184883	0.0	858450	3461.9180156708285	1.2000000000000002
47699.01989571606	1850	18.119542064754953	0.0	1025005	4445.147341429933	1.85
47702.86749424865	1850	18.271943532177865	0.0	886255	3847.5985325770876	1.85
47707.11116873366	1850	18.02826904716466	0.0	973972	4243.6744850132045	1.85
47713.47661889164	2850	15.66281888917683	0.0	1464921	6365.4501579878315	1.85
47719.37998046043	2850	13.75945732039185	0.0	1483527	5903.36156878498	2.85
47725.47320758959	4300	11.66623019123399	0.0	1961140	6093.227129157859	2.8499999999999996
47733.96664816151	4300	7.172789619310197	0.0	2155012	8493.440571923793	4.3

