55786.29055072102	300	4.0	3.091562242208808	181801	3091.5622422088077	-12.993717641497872
55787.497958447944	300	6.792592273089811	0.0	155580	1207.4077269101886	0.3
55788.1144323524	300	10.176118368628163	0.0	139857	616.4739044616471	0.3
55788.7906500027	300	13.499900718326193	0.0	155432	676.2176503019708	0.3
55790.374290405474	750	15.9162603155565	0.0	411561	1583.6404027696938	0.3
55791.615737462795	750	18.674813258231804	0.0	318564	1241.447057324696	0.75
55793.74396169335	1200	20.54658902768002	0.0	561791	2128.224230551784	0.75
55796.410839609154	1200	21.879711111870886	0.0	709534	2666.8779158091343	1.2
55799.60016890638	1850	22.690381814651513	0.0	852833	3189.329297219374	1.2000000000000002
55801.72485663046	1200	24.565694090565003	0.0	560821	2124.687724086505	0.5499999999999999
55806.42946169813	2850	23.86108902289268	0.0	1354548	4704.605067672324	1.2000000000000002
55815.30811377603	1850	18.982436944995094	0.0	917428	8878.652077897586	0.8500000000000001
55816.97247121568	1200	21.318079505340016	0.0	624282	1664.3574396550782	0.5499999999999999
55818.26915310626	1200	24.021397614763583	0.0	687371	1296.6818905764285	1.2
55819.24198180488	1850	27.048568916142113	0.0	821631	972.8286986214704	1.2000000000000002
55828.890381122794	2850	21.400169598230402	0.0	1471065	9648.399317911713	1.85
55829.51048337035	1200	24.780067350671537	0.0	617242	620.1022475588659	-0.44999999999999996
55830.36550535863	1850	27.92504536238436	0.0	885714	855.0219882871764	1.2000000000000002
55837.6156050952	4300	24.67494562582408	0.0	2220726	7250.099736560281	1.8499999999999996
55840.19832111833	2850	26.092229602689574	0.0	1336050	2582.7160231345056	1.4000000000000001
55842.92914518015	2850	27.361405540870027	0.0	1415116	2730.824061819549	2.85
55845.72926676259	2850	28.56128395843876	0.0	1468126	2800.121582431266	2.85
55858.86705687617	4300	19.4234938448483	0.0	2221506	13137.790113590465	2.8499999999999996
55897.46980065395	1200	4.0	19.17924993292899	536667	38602.74377777729	-84.37077471159465
55903.883882796916	300	4.0	2.4140821429616834	146754	6414.0821429616835	-10.980553214735238
55924.93671013105	300	4.0	17.052827334132544	153938	21052.827334132544	-73.02715753676993
55947.37391191432	300	4.0	18.437201783267547	181901	22437.20178326755	-78.97996766805045
55955.776047054635	300	4.0	4.402135140317989	111155	8402.135140317989	-18.62918110336735
55961.31578535812	300	4.0	1.5397383034910335	153605	5539.738303491034	-6.320874705011444
55977.03005543278	300	4.0	11.714270074653799	149029	15714.2700746538	-50.07136132101134
55979.82804052754	300	5.202014905229538	0.0	157421	2797.9850947704626	0.3
55980.96779236664	300	8.062263066133772	0.0	157488	1139.751839095765	0.3
55981.599701830215	300	11.430353602554215	0.0	143881	631.9094635795581	0.3
55982.305084191226	300	14.72497124154283	0.0	163444	705.3823610113852	0.3
55983.84740409344	750	17.182651339330878	0.0	401088	1542.3199022119504	0.3
55985.25873835877	750	19.771317074003523	0.0	365161	1411.3342653273548	0.75
55987.117243814275	1200	21.912811618497958	0.0	487812	1858.505455505565	0.75
55989.29578122959	1200	23.73427420318242	0.0	575591	2178.5374153155385	1.2
55992.68866746389	1850	24.341387968881165	0.0	908665	3392.8862343012556	1.2000000000000002
55996.16144228548	1850	24.868613147294155	0.0	930577	3472.774821587009	1.85
55999.24618195512	1850	25.783873477657657	0.0	858450	3084.7396696365	1.85
56009.791334831054	2850	19.23872060172377	0.0	1527299	10545.152875933885	1.85
56011.101765490144	1200	21.92828994263294	0.0	599477	1310.4306590908304	-0.44999999999999996
56012.405085127	1850	24.62497030577276	0.0	973972	1303.3196368601793	1.2000000000000002
56021.63673503677	1850	19.393320396003336	0.0	958994	9231.649909769425	1.85
56022.27557944712	1200	22.754475985661536	0.0	638661	638.8444103417992	0.5499999999999999
56023.08248905488	1850	25.947566377898976	0.0	830730	806.9096077625577	1.2000000000000002
56027.274850537404	2850	25.755204895372326	0.0	1364537	4192.3614825266495	1.85

