35945.48850172573	750	4.0	71.72932638428236	450283	71729.32638428237	-307.68610345241416
35990.088520981015	300	4.0	40.600019255282625	155580	44600.01925528263	-174.73008279771526
36019.58296257756	300	4.0	25.49444159654512	139857	29494.44159654512	-109.326098865144
36050.320360594225	300	4.0	26.737398016668017	155432	30737.398016668016	-114.67081147167247
36077.17965164261	300	4.0	22.859291048381515	163442	26859.291048381514	-97.99495150804051
36118.67821077094	300	4.0	37.49855912832302	126289	41498.559128323024	-160.94380425178898
36153.740104938544	300	4.0	31.061894167612053	153295	35061.89416761205	-133.26614492073182
36180.29482368611	300	4.0	22.554718747574135	173849	26554.718747574134	-96.68529061456879
36190.07140065948	300	4.0	5.776576973362693	150710	9776.576973362693	-24.539280985459577
36202.22501622723	300	4.0	8.15361556775441	139105	12153.61556775441	-34.76054694134397
36211.359325858895	300	4.0	5.134309631666005	141840	9134.309631666005	-21.777531416163818
36216.67844737763	300	4.0	1.3191215187274101	156148	5319.12151872741	-5.372222530527863
36223.25827083477	300	4.0	2.57982345713615	160746	6579.82345713615	-10.793240865685444
36231.66578439254	300	4.0	4.407513557776439	179801	8407.51355777644	-18.652308298438687
36239.65095997539	300	4.0	3.9851755828498043	140051	7985.175582849804	-16.836255006254156
36242.434222140175	300	5.216737835211542	0.0	138313	2783.262164788458	0.3
36246.918682199714	300	4.732277775672471	0.0	143509	4484.460059539071	0.3
36253.25499310936	300	4.0	1.604033133968095	150616	6336.310909640566	-6.597342476062809
36257.0823260865	300	4.172667022864449	0.0	165384	3827.3329771355507	0.3
36269.27646598283	300	4.0	8.021472873465404	140881	12194.139896329852	-34.19233335590124
36276.071890135434	300	4.0	2.7954241526038115	157671	6795.424152603811	-11.720323856196389
36287.483262225665	300	4.0	7.411372090229533	157812	11411.372090229534	-31.568899987986992
36295.33950861182	300	4.0	3.856246386155627	163927	7856.246386155627	-16.281859460469196
36310.43706135475	300	4.0	11.097552742924623	137654	15097.552742924623	-47.41947679457588
36319.082540296695	300	4.0	4.645478941945246	146754	8645.478941945246	-19.675559450364556
36329.56660357015	300	4.0	6.4840632734530335	153938	10484.063273453034	-27.58147207584804
36339.886301500104	300	4.0	6.3196979299567975	181901	10319.697929956797	-26.874701098814228
36346.618474615636	300	4.0	2.7321731155260314	111155	6732.173115526031	-11.448344396761934
36355.46197849657	300	4.0	4.843503880930799	153605	8843.503880930799	-20.52706668800243
36363.13881069528	300	4.0	3.676832198713868	149029	7676.832198713868	-15.510378454469631
36374.30039300811	300	4.0	7.161582312831486	157421	11161.582312831486	-30.494803945175388
36382.13393271329	300	4.0	3.8335397051736164	157488	7833.539705173616	-16.184220732246548
36385.89401267268	300	4.239920040607105	0.0	143881	3760.079959392895	0.3
36396.400178139294	300	4.0	6.266245426008068	163444	10506.165466615174	-26.64485533183469
36404.862025075825	300	4.0	4.461846936533338	179328	8461.846936533339	-18.885941827093355
36410.8035122555	300	4.0	1.9414871796807338	159914	5941.487179680734	-8.048394872627155
36417.280986076585	300	4.0	2.477473821079101	131610	6477.473821079101	-10.353137430640134
36419.76655761824	300	5.514428458348677	0.0	124011	2485.571541651323	0.3
36423.50855444988	300	5.772431626709751	0.0	144254	3741.996831638926	0.3
36426.82751849828	300	6.453467578311398	0.0	149991	3318.9640483983526	0.3
36428.71815861539	300	8.562827461206172	0.0	147968	1890.6401171052248	0.3
36430.477510593046	300	10.803475483541977	0.0	161857	1759.351977664194	0.3
36436.89229610549	300	8.38868997110362	0.0	145210	6414.785512438357	0.3
36449.0835822213	300	4.0	3.802596144710005	172312	12191.286115813626	-16.051163422253023
36453.12618791977	300	4.0	0.042605698476948874	167025	4042.605698476949	0.11679549654911983
36455.44292432587	300	5.68326359390696	0.0	160064	2316.7364060930395	0.3
36457.24932982108	300	7.876858098692744	0.0	137507	1806.405495214216	0.3
36460.364617257364	300	8.761570662408902	0.0	118421	3115.2874362838425	0.3

