59224.07820579867	750	4.0	3.198363613590189	450283	3198.363613590189	1	-13.002963538437811
59225.629176653674	750	6.449029144991307	0.0	398865	1550.9708550086925	1	0.75
59226.99943887473	750	9.078766923934479	0.0	350812	1370.262221056829	1	0.75
59228.48571406353	750	11.592491735137678	0.0	382355	1486.2751887968025	1	0.75
59230.07940689604	750	13.998798902622342	0.0	411561	1593.6928325153347	1	0.75
59231.33106320822	750	16.74714259044161	0.0	318564	1251.6563121807342	1	0.75
59232.708056042444	1850	19.370149756222933	0.0	352642	1376.9928342186763	3	0.75
59236.68845372559	1850	19.38975207307101	0.0	1060487	3980.3976831519262	3	0.75
59239.90511438934	1850	20.173091409323593	0.0	852833	3216.6606637474165	3	1.85
59243.34633111134	1850	20.731874687326673	0.0	913888	3441.216721996919	3	1.85
59246.88005948402	1850	21.198146314644124	0.0	939819	3533.7283726825485	3	1.85
59252.56646710461	1850	19.51173869405233	0.0	917428	5686.4076205917945	3	1.85
59256.744653632384	1850	19.333552166278352	0.0	946851	4178.186527773978	3	1.85
59264.09278948928	1850	15.985416309381101	0.0	1036454	7348.135856897249	3	1.85
59267.67821476591	1850	16.39999103275091	0.0	821631	3585.4252766301915	3	1.85
59271.91248657762	1850	16.165719221049308	0.0	923170	4234.271811701601	3	1.85
59276.5022529428	1850	15.57595285586492	0.0	966699	4589.766365184389	3	1.85
59282.21203213775	1850	13.866173660915898	0.0	885714	5709.779194949022	3	1.85
59289.039823489125	750	11.03838230954431	0.0	987708	6827.791351371586	1	1.85
59291.357284132166	750	12.720921666497494	0.0	350713	2317.460643046817	1	-0.3500000000000001
59293.54959932664	750	14.528606472026587	0.0	386472	2192.3151944709084	1	0.75
59296.661802331684	750	15.41640346698379	0.0	399894	3112.2030050427957	1	0.75
59299.902561700896	750	16.175644097775415	0.0	401853	3240.7593692083738	1	0.75
59302.57823487269	750	17.49997092598269	0.0	343800	2675.673171792724	1	0.75
59304.997560239855	750	19.08064555881782	0.0	359903	2419.3253671648704	1	0.75
59307.545563679436	750	20.53264211924521	0.0	379700	2548.00343957261	1	0.75
59310.15742896906	750	21.920776829615527	0.0	425781	2611.8652896296835	1	0.75
59312.265843023735	750	23.81236277494462	0.0	277716	2108.414054670906	1	0.75
59315.21989447344	750	24.8583113252386	0.0	400396	2954.051449706021	1	0.75
59318.169983440835	750	25.908222357840867	0.0	400508	2950.088967397731	1	0.75
59320.7921052667	1850	27.286100531978583	0.0	358218	2622.1218258622835	3	0.75
59325.93780372746	1850	26.140402071217306	0.0	954453	5145.6984607612785	3	0.75
59329.22928062103	1850	26.848925177639693	0.0	885062	3291.476893577612	3	1.85
59332.938515363996	1850	27.139690434669774	0.0	1035329	3709.2347429699194	3	1.85
59335.3422996612	1850	28.735906137474856	0.0	1026056	2403.7842971949167	3	1.85
59338.08230551359	1850	29.995900285079202	0.0	943942	2740.0058523956527	3	1.85
59340.696787214154	1850	31.381418584517114	0.0	728962	2614.481700562089	3	1.85
59344.27457731788	1850	31.80362848078058	0.0	938587	3577.7901037365295	3	1.85
59347.294388395334	1850	32.78381740333329	0.0	908665	3019.8110774472902	3	1.85
59349.62726565817	1850	34.450940140495135	0.0	930577	2332.8772628381525	3	1.85
59354.096608679014	1850	33.98159711965719	0.0	858450	4469.343020837951	3	1.85
59362.51252481937	1850	29.565680979294857	0.0	1025005	8415.916140362326	3	1.85
59367.03075813705	1850	29.047447661621494	0.0	886255	4518.2333176733655	3	1.85
59371.97364905326	1850	28.10455674540776	0.0	973972	4942.89091621373	3	1.85
59376.57359063654	1850	27.504615162129834	0.0	958994	4599.941583277927	3	1.85
59381.02340917832	1850	27.054796620342785	0.0	982064	4449.818541787047	3	1.85
59384.71916941947	1850	27.359036379200703	0.0	830730	3695.7602411420858	3	1.85
59388.48300290965	1850	27.59520288902287	0.0	846370	3763.833490177828	3	1.85

