11988.110977751045	750	4.0	3.1785455284047144	450283	3178.5455284047143	-12.917745772140272
11989.332768356197	300	6.778209394847567	0.0	155580	1221.7906051524328	-0.15000000000000002
11990.238624234582	300	9.872353516462267	0.0	139857	905.8558783853008	0.3
11993.137301564879	750	10.973676186165598	0.0	382355	2898.6773302966694	0.3
11996.034624985281	750	12.0763527657628	0.0	411561	2897.323420402797	0.75
11998.71870918371	750	13.392268567334664	0.0	318564	2684.084198428136	0.75
12001.23945303938	750	14.871524711664179	0.0	352642	2520.743855670486	0.75
12004.24860656312	750	15.862371187925612	0.0	437162	3009.153523738567	0.75
12006.85556304654	750	17.25541470450547	0.0	374758	2606.956483420141	0.75
12010.675205371916	1200	17.435772379129055	0.0	560821	3819.642325376415	0.75
12014.769309854228	1200	17.341667896817167	0.0	607410	4094.104482311885	1.2
12019.17082757274	1200	16.94015017830678	0.0	594078	4401.517718510391	1.2
12023.79376640713	1200	16.317211343915798	0.0	624282	4622.93883439098	1.2
12028.393047760186	1200	15.717929990860032	0.0	687371	4599.281353055767	1.2
12031.941328148989	1200	16.169649602057806	0.0	526950	3548.280388802225	1.2
12035.878807252298	1200	16.232170498748705	0.0	587876	3937.4791033091024	1.2
12040.099223800831	1200	16.01175395021634	0.0	617242	4220.416548532363	1.2
12044.06513400772	1200	16.045843743326284	0.0	581493	3965.9102068900565	1.2
12048.42828880769	1200	15.68268894335582	0.0	639204	4363.1547999704635	1.2
12052.450127035685	1200	15.660850715361518	0.0	586839	4021.838227994304	1.2
12056.463395335717	1200	15.64758241532874	0.0	601738	4013.2683000327775	1.2
12060.811903284828	1200	15.299074466218	0.0	616206	4348.50794911074	1.2
12065.325385516853	1200	14.785592234190913	0.0	656471	4513.482232027088	1.2
12069.055791646277	1200	15.055186104767342	0.0	536667	3730.4061294235703	1.2
12073.243135265484	1200	14.867842485560134	0.0	587236	4187.343619207209	1.2
12077.212504839945	1200	14.898472911098805	0.0	590335	3969.3695744613287	1.2
12081.955773256857	1200	14.155204494187434	0.0	696376	4743.26841691137	1.2
12085.319123787829	1200	14.79185396321469	0.0	487160	3363.3505309727443	1.2
12089.22689282646	1200	14.884084924584956	0.0	622896	3907.769038629734	1.2
12093.60014799388	1200	14.510829757164379	0.0	641447	4373.255167420577	1.2
12097.455806993292	1200	14.655170757753412	0.0	570392	3855.658999410966	1.2
12101.60222462847	1200	14.50875312257497	0.0	620283	4146.417635178444	1.2
12105.612712461478	1200	14.498265289567943	0.0	584349	4010.487833007027	1.2
12111.436963120803	1200	12.674014630241789	0.0	670129	5824.250659326152	1.2
12119.573488600416	1200	8.537489150629025	0.0	690253	8136.525479612765	1.2
12124.473923338941	1200	7.63705441210565	0.0	598727	4900.434738523374	1.2
12127.792365113342	1200	8.318612637704309	0.0	487812	3318.4417744013413	1.2
12133.281208353928	1200	6.8297693971167535	0.0	575591	5488.843240587556	1.2
12134.06022168218	300	10.050756068864958	0.0	144254	779.0133282517969	-0.6000000000000001
12137.939164188365	1200	10.171813562681296	0.0	587506	3878.9425061836605	0.29999999999999993
12141.81480949449	1200	10.296168256556838	0.0	566904	3875.645306124459	1.2
12146.186558467476	1200	9.924419283571021	0.0	641452	4371.748972985815	1.2
12150.30547597774	1200	9.805501773304915	0.0	599477	4118.917510266107	1.2
12154.92495903065	1200	9.186018720395198	0.0	634861	4619.483052909716	1.2
12159.216974895666	1200	8.894002855380746	0.0	630203	4292.015865014454	1.2
12165.644107608281	1850	6.466870142765693	0.0	982064	6427.132712615054	1.2000000000000002
12172.253270933918	1850	4.0	0.14229318286935633	830730	6609.163325635049	1.238139313661768
12175.974172285976	1200	4.279098647940499	0.0	550906	3720.901352059501	0.5499999999999999

