77845.07498730776	300	4.0	2.2919890857297367	450283	2291.989085729737	0	-9.105553068637867
77845.58765534354	750	7.487331964223682	0.0	155580	512.6680357763182	1	-0.15000000000000002
77846.6432636413	1850	10.431723666455579	0.0	350812	1055.6082977681046	3	0.3
77849.31870453188	1850	11.756282775870805	0.0	933276	2675.440890584774	3	0.75
77852.17066385823	1850	12.904323449530597	0.0	996749	2851.959326340207	3	1.85
77854.4784064434	1850	14.596580864346732	0.0	801058	2307.742585183866	3	1.85
77857.07664398303	1850	15.998343324714435	0.0	905515	2598.2375396322973	3	1.85
77860.10585871023	1850	16.96912859752379	0.0	1060487	3029.2147271906438	3	1.85
77862.55758758898	1850	18.517399718778293	0.0	852833	2451.728878745499	3	1.85
77865.17911044462	1850	19.895876863144224	0.0	913888	2621.5228556340653	3	1.85
77868.74887616117	1850	20.32611114659217	0.0	939819	3569.7657165520577	3	1.85
77878.66830267789	750	14.406684629879186	0.0	917428	9919.426516712982	1	1.85
77880.0255616352	1850	17.049425672566255	0.0	386351	1357.2589573129283	3	-0.3500000000000001
77882.80101063795	1850	18.273976669810438	0.0	1036454	2775.449002755822	3	0.75
77885.01778126124	1850	20.057206046528293	0.0	821631	2216.770623282142	3	1.85
77887.49861878598	1850	21.576368521781326	0.0	923170	2480.8375247469667	3	1.85
77890.09265979071	1850	22.982327517052653	0.0	966699	2594.041004728672	3	1.85
77892.47608755308	1850	24.59889975467548	0.0	885714	2383.427762377173	3	1.85
77895.12476551044	1850	25.950221797319006	0.0	987708	2648.677957356475	3	1.85
77897.60712441256	1850	27.467862895196284	0.0	923755	2482.358902122723	3	1.85
77900.00586997451	1850	29.069117333258077	0.0	891604	2398.7455619382067	3	1.85
77902.57008678139	1850	30.5049005263844	0.0	955231	2564.216806873674	3	1.85
77905.16757884214	1850	31.907408465625593	0.0	968026	2597.4920607588065	3	1.85
77907.52099776086	1850	33.55398954690458	0.0	874175	2353.4189187210154	3	1.85
77909.93631463329	4300	35.13867267447352	0.0	897976	2415.3168724310603	5	1.85
77915.49127328995	4300	33.58371401782244	0.0	2105231	5554.958656651084	5	1.8499999999999996
77921.80134745206	4300	31.27363985571412	0.0	2395588	6310.074162108319	5	4.3
77931.87989776458	4300	25.195089543192232	0.0	1972048	10078.550312521884	5	4.3
77937.68738996451	4300	23.387597343254246	0.0	2134614	5807.492199937988	5	4.3
77942.70376810821	4300	22.37121919955811	0.0	2164140	5016.378143696134	5	4.3
77947.74713119715	4300	21.327856110638834	0.0	2113193	5043.363088919275	5	4.3
77952.8718996292	4300	20.2030876785735	0.0	2147852	5124.768432065336	5	4.3
77958.09818575483	4300	18.97680155293769	0.0	2191074	5226.286125635809	5	4.3
77964.80941742634	4300	16.265569881433507	0.0	2286761	6711.2316715041825	5	4.3
77985.31169874435	750	4.0	4.236711436591261	2307787	20502.28131802477	1	-13.917859177342418
77988.41452543509	750	4.897173309262709	0.0	365161	3102.8266907372904	1	-2.8
77991.0773882081	750	6.234310536266526	0.0	321064	2662.862772996183	1	0.75
77994.0660692764	750	7.245629467948793	0.0	361565	2988.6810683177337	1	0.75
77997.189595565	750	8.122103179360453	0.0	378327	3123.52628858834	1	0.75
78000.41249800236	750	8.89920074198302	0.0	390680	3222.9024373774346	1	0.75
78003.27206971977	750	10.0396290245854	0.0	345516	2859.5717173976195	1	0.75
78006.44529614979	750	10.866402594556194	0.0	384505	3173.2264300292068	1	0.75
78009.51867179388	750	11.79302695047131	0.0	372093	3073.375644084883	1	0.75
78013.12450987916	750	12.187188865193795	0.0	438281	3605.8380852775144	1	0.75
78016.88086317168	750	12.430835572673146	0.0	398987	3756.353292520649	1	0.75
78022.69243794106	750	10.61926080329693	0.0	393804	5811.574769376218	1	0.75
78025.37360869614	750	11.938090048204568	0.0	331053	2681.1707550923597	1	0.75
78028.62549305771	750	12.686205686640841	0.0	314107	3251.884361563727	1	0.75

