13590.293132817655	750	4.0	1.9863003758137205	450283	1986.3003758137206	-7.791091615998997
13591.640966141162	750	6.6521666764923575	0.0	398865	1347.833323507643	0.75
13592.811374437855	750	9.48175837979923	0.0	350812	1170.4082966931282	0.75
13594.07863584997	750	12.21449696768537	0.0	382355	1267.2614121138595	0.75
13595.436585645399	750	14.856547172257057	0.0	411561	1357.9497954283117	0.75
13599.80774284877	750	14.48538996888516	0.0	318564	4371.1572033718985	0.75
13602.89430142666	750	15.398831390994806	0.0	352642	3086.558577890353	0.75
13604.608511932996	750	17.684620884658127	0.0	437162	1714.2105063366769	0.75
13609.59229160286	1850	16.700841214796004	0.0	852833	4983.779669862124	0.75
13613.83532159528	1850	16.45781122237637	0.0	913888	4243.029992419634	1.85
13621.022046773784	1850	13.271086043871804	0.0	939819	7186.725178504567	1.85
13624.179390333762	1850	14.113742483892349	0.0	917428	3157.343559979456	1.85
13626.964115361001	1850	15.329017456653473	0.0	946851	2784.7250272388765	1.85
13631.384754407123	1850	14.908378410531636	0.0	1036454	4420.639046121838	1.85
13634.414131651693	1850	15.879001165961558	0.0	821631	3029.377244570078	1.85
13637.523257130904	1850	16.769875686749554	0.0	923170	3109.125479212003	1.85
13640.986412853448	1850	17.306719964206827	0.0	966699	3463.155722542727	1.85
13644.105238568525	1850	18.18789424912905	0.0	885714	3118.8257150777767	1.85
13647.468223669077	1850	18.824909148579042	0.0	987708	3362.9851005500077	1.85
13650.818097618327	1850	19.47503519932947	0.0	923755	3349.873949249573	1.85
13654.13598030497	1850	20.157152512685062	0.0	891604	3317.8826866444083	1.85
13657.613410958782	1850	20.679721858874732	0.0	955231	3477.4306538103287	1.85
13662.820331739149	1850	19.472801078508652	0.0	968026	5206.920780366081	1.85
13665.990821127854	1850	20.302311689801943	0.0	874175	3170.4893887067064	1.85
13669.1017195593	1850	21.191413258357745	0.0	897976	3110.8984314441977	1.85
13672.291104369628	1850	22.00202844802921	0.0	905935	3189.3848103285327	1.85
13675.657267135308	1850	22.635865682348612	0.0	1076599	3366.162765680597	1.85
13678.553341616036	1850	23.739791201619504	0.0	758197	2896.0744807291085	1.85
13681.780048553279	1850	24.513084264377945	0.0	972798	3226.706937241561	1.85
13684.582575900728	1850	25.710556916929214	0.0	975811	2802.5273474487303	1.85
13687.267269484015	1850	27.02586333364201	0.0	873429	2684.6935832872023	1.85
13689.908446238684	1850	28.38468657897374	0.0	954453	2641.1767546682718	1.85
13692.806964482656	1850	29.486168335000755	0.0	885062	2898.518243972982	1.85
13695.835769112144	1850	30.457363705512016	0.0	1035329	3028.8046294887395	1.85
13699.263528408608	1850	31.029604409048822	0.0	1026056	3427.7592964631967	1.85
13702.339040807783	1850	31.954092009872888	0.0	943942	3075.5123991759338	1.85
13704.866049062586	1850	33.427083755070704	0.0	728962	2527.0082548021865	1.85
13708.312133958003	1850	33.980998859653305	0.0	938587	3446.0848954174	1.85
13711.184135175241	1850	35.10899764241386	0.0	908665	2872.0012172394468	1.85
13714.760072123632	1850	35.533060694022346	0.0	930577	3575.9369483915143	1.85
13720.455269444705	1850	33.83786337295042	0.0	858450	5695.197321071927	1.85
13724.36171861941	1850	33.93141419824387	0.0	1025005	3906.449174706547	1.85
13727.51973168907	1850	34.77340112858516	0.0	886255	3158.01306965871	1.85
13730.969839685697	1850	35.323293131957875	0.0	973972	3450.107996627283	1.85
13734.129776408827	1850	36.163356408828406	0.0	958994	3159.9367231294736	1.85
13737.34237672061	1850	36.95075609704527	0.0	982064	3212.600311783132	1.85
13744.323960626494	4300	33.96917219116083	0.0	1961140	6981.583905884433	1.8499999999999996
13751.013148247175	4300	31.279984570479495	0.0	2155012	6689.187620681337	4.3

