38879.9451898616	300	4.0	0.5444905639775145	181801	544.4905639775145	-2.0413094251033126
38880.423022685325	300	7.522167176278681	0.0	155580	477.83282372131913	0.3
38880.86092774806	300	11.084262113554225	0.0	139857	437.9050627244572	0.3
38881.38676850302	300	14.558421358591898	0.0	155432	525.8407549623271	0.3
38881.90576754956	300	18.039422312048814	0.0	163442	518.9990465430851	0.3
38882.72455217774	300	21.22063768387605	0.0	126289	818.7846281727641	0.3
38883.179220396596	300	24.765969465019797	0.0	153295	454.6682188562519	0.3
38883.66650649632	300	28.27868336528431	0.0	173849	487.28609973548714	0.3
38884.11054029402	300	31.834649567585288	0.0	150710	444.0337976990205	0.3
38884.53063200424	300	35.41455785736504	0.0	139105	420.0917102202504	0.3
38884.957410395946	300	38.987779465663515	0.0	141840	426.7783917015227	0.3
38885.41916978897	300	42.52602007263328	0.0	156148	461.75939303024086	0.3
38885.89217063043	300	46.05301923117492	0.0	160746	473.0008414583542	0.3
38886.41235900688	300	49.53283085473055	0.0	179801	520.1883764443696	0.3
38886.853365290204	300	53.09182457140048	0.0	140051	441.00628333007234	0.3
38887.87734680439	750	56.067843057213224	0.0	366214	1023.981514187254	0.3
38888.89135679009	750	59.05383307151367	0.0	360831	1014.0099856995587	0.75
38891.17744127256	750	59.997119685228974	0.0	372963	1056.7133862847	0.75
38895.50394823476	1200	59.67061272302502	0.0	639204	4326.506962203949	0.75
38898.65100598336	1200	59.78552285120229	0.0	586839	1885.0898718227338	1.2
38910.17479902466	1200	52.26172980990528	0.0	601738	11523.793041297004	1.2
38912.5711770365	1200	53.86535179806279	0.0	616206	2396.3780118424975	1.2
38914.7385247721	1200	55.6980040624613	0.0	656471	2167.347735601487	1.2
38916.55375492073	1200	57.882773913832175	0.0	536667	1815.230148629127	1.2
38918.72773837393	1200	59.61014051610722	0.0	587236	1772.6333977249535	1.2
38922.76734141781	1200	59.57053747222189	0.0	590335	3039.6030438853354	1.2
38926.76314716278	1200	59.57473172725502	0.0	696376	3995.8057449668718	1.2
38930.66689694032	1200	59.67098194971143	0.0	487160	2903.749777543588	1.2
38934.128212812866	1200	59.51557838162119	0.0	622896	2155.4035680902357	1.2
38936.78964693032	1200	59.90931738067016	0.0	641447	2106.2610009510317	1.2
38939.786212108425	1200	59.53212144907449	0.0	570392	1877.1959315956713	1.2
38943.57451736521	1200	59.74381619228797	0.0	620283	3288.3052567865143	1.2
38946.60424633234	1200	59.85578898136936	0.0	584349	1388.0272109186158	1.2
38950.50906559114	1200	59.9509697225707	0.0	670129	3404.8192587986555	1.2
38952.36966948371	1200	59.70742815883771	0.0	690253	1743.5415637329957	1.2
38955.75917340534	1200	59.79120735289407	0.0	598727	1916.2208059436343	1.2
38959.15573825583	1200	59.728066651441594	0.0	487812	3063.1407014524702	1.2
38969.38106138438	1200	53.50274352288962	0.0	575591	10225.323128551978	1.2
38970.96675995788	1200	55.917044949392945	0.0	605884	1585.698573496664	1.2
38972.79545330198	1200	58.088351605292736	0.0	587506	1828.6933441002136	1.2
38974.97949142768	1200	59.9043134795896	0.0	566904	1684.0381257031404	1.2
38978.23283968019	1200	59.73622793753254	0.0	641452	1668.085542057056	1.2
38982.14583516254	1200	59.82323245517751	0.0	599477	3912.9954823550265	1.2
38991.38295907866	1200	54.58610853905548	0.0	634861	9237.123916122033	1.2
38993.24164515627	1200	56.72742246145092	0.0	630203	1858.6860776045612	1.2
38995.19151630017	1200	58.77755131754513	0.0	638661	1949.8711439057868	1.2
38997.63911330687	1200	59.88072247440398	0.0	538612	1396.8288431411488	1.2
39000.12695400814	1200	59.87318625227591	0.0	550906	1507.5362221280798	1.2

