6286.209446547477	750	4.0	3.754617073919357	450283	3754.617073919357	-15.394853417853234
6287.388838315234	300	6.820608232241741	0.0	155580	1179.3917677582588	-0.15000000000000002
6288.46163154369	300	9.747815003787156	0.0	139857	1072.793228454585	0.3
6289.651401096596	300	12.558045450881249	0.0	155432	1189.7695529059074	0.3
6292.665253583389	750	13.544192964087113	0.0	411561	3013.852486794137	0.3
6295.012719917681	750	15.19672662979516	0.0	318564	2347.466334291954	0.75
6297.551907185671	750	16.657539361805437	0.0	352642	2539.187267989722	0.75
6302.604929090417	1200	15.60451745705894	0.0	709534	5053.021904746498	0.75
6306.804545414906	1200	15.404901132569549	0.0	584846	4199.6163244893905	1.2
6310.915010186441	1200	15.294436361034867	0.0	560821	4110.464771534682	1.2
6315.191952904637	1200	15.01749364283835	0.0	607410	4276.942718196517	1.2
6319.450734461856	1200	14.75871208561932	0.0	594078	4258.781557219029	1.2
6323.846877969513	1200	14.362568577962552	0.0	624282	4396.143507656769	1.2
6328.732609564819	1200	13.476836982656824	0.0	687371	4885.73159530573	1.2
6335.682947114798	1200	10.526499432678097	0.0	526950	6950.337549978725	1.2
6338.5483154841195	750	11.66113106335616	0.0	366214	2865.3683693219377	0.3
6341.2410338058	750	12.968412741675664	0.0	360831	2692.718321680498	0.75
6343.947610767137	750	14.261835780337664	0.0	372963	2706.5769613380003	0.75
6346.790909670611	750	15.418536876864346	0.0	405596	2843.298903473319	0.75
6349.255261878666	750	16.954184668809415	0.0	350713	2464.3522080549324	0.75
6353.583723194474	1200	16.625723353000293	0.0	601738	4328.4613158091215	0.75
6357.998407758842	1200	16.211038788632138	0.0	616206	4414.684564368154	1.2
6362.917539119543	1200	15.291907427931292	0.0	656471	4919.131360700847	1.2
6366.930591427388	1200	15.278855120086224	0.0	536667	4013.052307845067	1.2
6371.419345271813	1200	14.790101275661783	0.0	587236	4488.75384442444	1.2
6375.757695582178	1200	14.451750965297503	0.0	590335	4338.350310364282	1.2
6381.955529072996	1200	12.253917474479069	0.0	696376	6197.833490818432	1.2
6385.441911755642	1200	12.767534791833732	0.0	487160	3486.3826826453374	1.2
6391.248354249105	1200	10.961092298369891	0.0	622896	5806.44249346384	1.2
6395.871533309529	1200	10.33791323794738	0.0	641447	4623.179060422512	1.2
6401.6687175219895	1200	8.540729025486176	0.0	570392	5797.184212461203	1.2
6406.362917691964	1200	7.846528855512491	0.0	620283	4694.200169973685	1.2
6410.6431795718845	1200	7.566266975591489	0.0	584349	4280.261879921002	1.2
6413.6917817096	750	8.517664837876186	0.0	412837	3048.602137715304	0.3
6416.643988440122	750	9.565458107355065	0.0	401088	2952.20673052112	0.75
6419.407899500534	750	10.801547046942975	0.0	365161	2763.91106041209	0.75
6421.743987477314	750	12.465459070162819	0.0	321064	2336.0879767801553	0.75
6424.402657816292	750	13.80678873118462	0.0	361565	2658.6703389781997	0.75
6427.22049007623	750	14.988956471246537	0.0	378327	2817.832259938082	0.75
6430.072285660068	750	16.137160887408683	0.0	390680	2851.7955838378525	0.75
6432.516111924154	750	17.69333462332231	0.0	345516	2443.826264086368	0.75
6437.257764348102	1200	16.951682199373852	0.0	641452	4741.652423948461	0.75
6441.698090862662	1200	16.511355684814493	0.0	599477	4440.326514559357	1.2
6448.936520174485	1850	13.272926372991352	0.0	973972	7238.429311823143	1.2000000000000002
6455.969177932616	1850	10.240268614860724	0.0	958994	7032.657758130627	1.85
6462.975396606875	1850	7.23404994060133	0.0	982064	7006.218674259395	1.85
6468.95478503595	1850	5.254661511526106	0.0	830730	5979.388429075223	1.85
6475.171345053133	1850	4.0	0.9618985056577695	846370	6216.560017183876	-2.2861635743284086

