65793.11755302643	300	4.0	5.911320451323405	450283	5911.320451323405	0	-24.668677940690642
65795.13985966209	300	5.977693364339554	0.0	155580	2022.3066356604468	0	-0.15000000000000002
65797.03640300086	300	8.081150025559406	0.0	139857	1896.543338780147	0	0.3
65799.08685836721	300	10.030694659216179	0.0	155432	2050.455366343228	0	0.3
65801.11634011878	300	12.001212907649126	0.0	163442	2029.4817515670525	0	0.3
65802.99645757387	300	14.121095452554	0.0	126289	1880.1174550951248	0	0.3
65805.12168741455	750	15.995865611877653	0.0	153295	2125.229840676347	1	0.3
65810.92730015755	750	14.190252868882826	0.0	437162	5805.6127429948265	1	0.3
65816.22133077333	750	12.896222253095083	0.0	374758	5294.030615787743	1	0.75
65821.28955161959	750	11.828001406842	0.0	362795	5068.220846253082	1	0.75
65825.99003328921	300	11.12751973721198	0.0	353220	4700.48166963002	0	0.75
65828.22888782498	300	12.888665201449587	0.0	156148	2238.854535762394	0	-0.15000000000000002
65830.95757748006	300	14.159975546369516	0.0	160746	2728.6896550800707	0	0.3
65833.56541808454	750	15.552134941875618	0.0	179801	2607.840604493899	1	0.3
65838.01367237272	750	15.1038806537027	0.0	337059	4448.254288172919	1	0.3
65843.2666074345	750	13.850945591917823	0.0	366214	5252.935061784878	1	0.75
65848.30135707949	750	12.816195946926904	0.0	360831	5034.749644990918	1	0.75
65853.42490245364	750	11.692650572782517	0.0	372963	5123.545374144386	1	0.75
65858.96128240193	300	10.156270624489098	0.0	405596	5536.37994829342	0	0.75
65860.92430754226	300	12.193245484169724	0.0	140881	1963.0251403193747	0	-0.15000000000000002
65863.23921487184	300	13.878338154592743	0.0	157671	2314.90732957698	0	0.3
65865.56445048396	750	15.55310254245949	0.0	157812	2325.235612133254	1	0.3
65870.78509388353	750	14.332459142883591	0.0	401853	5220.643399575898	1	0.3
65875.30517965609	750	13.812373370327377	0.0	343800	4520.085772556215	1	0.75
65880.78233702257	750	12.335216003856566	0.0	359903	5477.157366470812	1	0.75
65885.83029416016	750	11.28725886626242	0.0	379700	5047.957137594145	1	0.75
65891.71063387294	300	9.406919153485346	0.0	425781	5880.339712777076	0	0.75
65893.16176854608	300	11.955784480333682	0.0	111155	1451.1346731516633	0	-0.15000000000000002
65895.81707159558	300	13.3004814308405	0.0	153605	2655.3030494931813	0	0.3
65897.92671131111	750	15.19084171529908	0.0	149029	2109.639715541422	1	0.3
65902.85757215177	750	14.259980874643807	0.0	358218	4930.860840655272	1	0.3
65908.17243112625	750	12.945121900163201	0.0	400322	5314.858974480605	1	0.75
65913.33938941878	750	11.77816360764142	0.0	369834	5166.958292521782	1	0.75
65919.44922164443	300	9.668331381978023	0.0	412837	6109.832225663397	0	0.75
65921.88258816417	300	11.234964862243888	0.0	179328	2433.3665197341343	0	-0.15000000000000002
65923.987310967	300	13.130242059409039	0.0	159914	2104.722802834851	0	0.3
65925.99455734399	750	15.122995682423154	0.0	131610	2007.246376985884	1	0.3
65931.43597544439	750	13.681577582019509	0.0	361565	5441.4181004036445	1	0.3
65936.80948435472	750	12.308068671693642	0.0	378327	5373.508910325867	1	0.75
65942.33551603182	750	10.782036994594819	0.0	390680	5526.031677098823	1	0.75
65947.69566947928	300	9.421883547132115	0.0	345516	5360.153447462704	0	0.75
65950.4198046925	300	10.69774833391531	0.0	161857	2724.135213216805	0	-0.15000000000000002
65952.4753762568	300	12.642176769611433	0.0	145210	2055.5715643038775	0	0.3
65954.76988725622	300	14.347665770200456	0.0	172312	2294.5109994109775	0	0.3
65957.17967153671	750	15.937881489702528	0.0	167025	2409.784280497928	1	0.3
65962.6914702735	750	14.42608275292018	0.0	393804	5511.798736782348	1	0.3
65967.81157939266	750	13.305973633758175	0.0	331053	5120.109119162005	1	0.75
65972.06396658336	750	13.053586443049245	0.0	314107	4252.38719070893	1	0.75

