91975.06476363025	750	4.0	5.279874867243303	450283	5279.874867243303	-21.953461929146204
91977.0394535568	300	6.025310073429274	0.0	155580	1974.689926570725	-0.15000000000000002
91978.88245506493	300	8.182308565318637	0.0	139857	1843.0015081106371	0.3
91980.85042496661	300	10.214338663622383	0.0	155432	1967.9699016962536	0.3
91982.81331292125	300	12.251450708985205	0.0	163442	1962.8879546371786	0.3
91984.43725143524	300	14.627512194989194	0.0	126289	1623.9385139960104	0.3
91986.39155126271	300	16.67321236753922	0.0	153295	1954.2998274499737	0.3
91991.85964274098	750	15.20512088927244	0.0	437162	5468.091478266782	0.3
91996.63836249615	750	14.426401134104916	0.0	374758	4778.719755167524	0.75
92001.05684886791	750	14.007914762351495	0.0	362795	4418.486371753422	0.75
92005.25242670748	750	13.812336922784226	0.0	353220	4195.577839567267	0.75
92010.11682660763	750	12.947937022632109	0.0	405134	4864.399900152117	0.75
92014.56998457442	750	12.494779055844424	0.0	386351	4453.157966787687	0.75
92019.94888281489	750	11.115880815375718	0.0	434409	5378.898240468705	0.75
92024.33845484641	750	10.726308783847093	0.0	337059	4389.572031528625	0.75
92028.56695667857	750	10.497806951696349	0.0	366214	4228.501832150743	0.75
92032.87116373511	750	10.193599895163246	0.0	360831	4304.207056533103	0.75
92037.36150948812	750	9.703254142149587	0.0	372963	4490.345753013659	0.75
92039.3573341008	300	11.707429529477922	0.0	165384	1995.824612671666	-0.15000000000000002
92041.1176566849	300	13.947106945363164	0.0	140881	1760.322584114758	0.3
92042.95682339459	300	16.107940235669318	0.0	157671	1839.1667096938468	0.3
92047.76596038727	750	15.298803242997613	0.0	399894	4809.136992671706	0.3
92052.8141406169	750	14.250623013364628	0.0	401853	5048.180229632985	0.75
92056.8855774875	750	14.179186142770279	0.0	343800	4071.436870594349	0.75
92061.26722096564	750	13.797542664625263	0.0	359903	4381.643478145016	0.75
92065.81333999033	750	13.25142363993245	0.0	379700	4546.1190246928145	0.75
92070.92337277268	750	12.141390857583653	0.0	425781	5110.032782348796	0.75
92074.23310670388	750	12.831656926385994	0.0	277716	3309.7339311976593	0.75
92078.96272542924	750	12.102038201028815	0.0	400396	4729.618725357179	0.75
92083.65373484282	750	11.411028787444035	0.0	400508	4691.009413584781	0.75
92088.20159055637	750	10.863173073892431	0.0	358218	4547.855713551604	0.75
92093.04759296727	750	10.017170662983233	0.0	400322	4846.002410909196	0.75
92097.7707548603	750	9.294008769945616	0.0	369834	4723.161893037618	0.75
92099.76982304013	300	11.294940590122795	0.0	163444	1999.0681798228213	-0.15000000000000002
92102.17398755485	300	12.89077607540881	0.0	179328	2404.1645147139843	0.3
92104.19777792036	300	14.866985709896705	0.0	159914	2023.790365512106	0.3
92108.14460754789	750	14.920156082363716	0.0	321064	3946.829627532989	0.3
92112.4350897496	750	14.62967388065982	0.0	361565	4290.482201703897	0.75
92116.95131680793	750	14.113446822339428	0.0	378327	4516.227058320389	0.75
92121.49420251837	750	13.570561111896717	0.0	390680	4542.885710442712	0.75
92125.70696136172	750	13.357802268542018	0.0	345516	4212.758843354699	0.75
92130.70448946164	750	12.36027416861205	0.0	384505	4997.528099929969	0.75
92135.09733005386	750	11.967433576387462	0.0	372093	4392.840592224588	0.75
92140.26434452107	750	10.8004191091838	0.0	438281	5167.014467203662	0.75
92145.05760469346	750	10.007158936805801	0.0	398987	4793.260172377998	0.75
92149.70788755946	750	9.356876070806024	0.0	393804	4650.282865999778	0.75
92153.62103297656	750	9.44373065370986	0.0	331053	3913.145417096164	0.75
92157.53639952326	750	9.528364107008665	0.0	314107	3915.366546701194	0.75

