74457.20937436486	300	4.0	2.979480895759363	450283	2979.4808957593627	0	-12.061767851765259
74458.10209718585	300	7.107277179001351	0.0	155580	892.7228209986486	0	-0.15000000000000002
74459.57109596637	300	9.63827839848069	0.0	139857	1468.9987805206608	0	0.3
74460.92848908655	750	12.280885278292592	0.0	155432	1357.3931201880982	1	0.3
74462.86707528915	750	14.34229907569611	0.0	411561	1938.586202596482	1	0.3
74465.01249118558	750	16.196883179261818	0.0	318564	2145.4158964342905	1	0.75
74466.08314872748	1850	19.126225637348508	0.0	352642	1070.657541913311	3	0.75
74469.22021963689	1850	19.989154727957285	0.0	1060487	3137.0709093912205	3	0.75
74479.25613874842	750	13.953235616427001	0.0	852833	10035.919111530284	1	1.85
74480.67704221075	1850	16.532332154098075	0.0	362795	1420.9034623289247	3	-0.3500000000000001
74486.88426059458	1850	14.325113770283092	0.0	939819	6207.218383814984	3	0.75
74495.50795806672	750	9.701416298143833	0.0	917428	8623.69747213926	1	1.85
74500.2891478327	300	8.920226532170686	0.0	386351	4781.189765973148	0	-0.3500000000000001
74501.08083330271	750	12.12854106215017	0.0	179801	791.6854700205153	1	-0.15000000000000002
74502.41325986563	750	14.796114499231605	0.0	337059	1332.4265629185666	1	0.3
74506.17318349729	750	15.036190867568795	0.0	366214	3759.923631662809	1	0.75
74510.86162207549	750	14.347752289367035	0.0	360831	4688.438578201759	1	0.75
74513.38329988453	750	15.826074480336846	0.0	372963	2521.677809030191	1	0.75
74519.00581709194	750	14.20355727291565	0.0	405596	5622.517207421197	1	0.75
74521.30385457883	750	15.905519786037793	0.0	350713	2298.0374868778545	1	0.75
74527.06279737841	750	14.146576986440241	0.0	386472	5758.942799597553	1	0.75
74530.5528592601	750	14.656515104767266	0.0	399894	3490.0618816729752	1	0.75
74531.88450064501	1850	17.32487371985051	0.0	401853	1331.6413849167593	3	0.75
74537.92651606446	1850	15.282858300415663	0.0	874175	6042.015419434845	3	0.75
74543.10288148544	1850	14.106492879439086	0.0	897976	5176.365420976575	3	1.85
74550.11791729885	750	11.091457066022867	0.0	905935	7015.035813416221	1	1.85
74556.55288165457	750	8.656492710302334	0.0	425781	6434.964355720533	1	-0.3500000000000001
74559.31804423567	750	9.891330129212792	0.0	277716	2765.1625810895434	1	0.75
74560.60063812806	750	12.608736236822894	0.0	400396	1282.5938923898984	1	0.75
74565.82816989209	750	11.381204472797505	0.0	400508	5227.53176402539	1	0.75
74567.59910788258	750	13.610266482308639	0.0	358218	1770.937990488867	1	0.75
74569.10915482853	750	16.100219536346515	0.0	400322	1510.0469459621227	1	0.75
74570.18378328983	1850	19.025591075042765	0.0	369834	1074.6284613037474	3	0.75
74577.3426899287	1850	15.866684436180794	0.0	1035329	7158.90663886197	3	0.75
74582.63882947303	1850	14.57054489183928	0.0	1026056	5296.139544341514	3	1.85
74588.73761797715	1850	12.47175638771856	0.0	943942	6098.788504120719	3	1.85
74593.68978581691	750	11.519588547964123	0.0	728962	4952.167839754438	1	1.85
74595.69722675373	750	13.512147611132356	0.0	361565	2007.4409368317658	1	-0.3500000000000001
74597.07447959555	1850	16.134894769313494	0.0	378327	1377.2528418188626	3	0.75
74603.33337664235	1850	13.875997722525227	0.0	930577	6258.897046788265	3	0.75
74614.48603446872	750	6.723339896153616	0.0	858450	11152.657826371611	1	1.85
74615.69182422917	750	9.51755013571882	0.0	384505	1205.7897604347982	1	-0.3500000000000001
74617.836081857	750	11.373292507876581	0.0	372093	2144.2576278422384	1	0.75
74621.11505232957	750	12.094322035321063	0.0	438281	3278.970472555516	1	0.75
74622.94492053906	750	14.264453825834975	0.0	398987	1829.868209486089	1	0.75
74625.79506338778	750	15.414310977101279	0.0	393804	2850.142848733696	1	0.75
74632.84329747783	750	12.366076887053241	0.0	331053	7048.234090048038	1	0.75
74634.53836720649	750	14.671007158385866	0.0	314107	1695.0697286673746	1	0.75

