93840.6208610835	750	4.0	2.2346171650319717	450283	2234.6171650319716	-8.858853809637479
93842.49647325925	750	6.124387824251247	0.0	398865	1875.6121757487522	0.75
93844.15576023253	750	8.465100850967627	0.0	350812	1659.2869732836205	0.75
93847.01643921998	1200	9.604421863519079	0.0	617681	2860.678987448548	0.75
93850.03555020648	1200	10.585310877020413	0.0	652874	3019.110986498667	1.2
93852.45790651557	1200	12.162954567931592	0.0	520315	2422.3563090888197	1.2
93856.33940851408	1850	12.2814525694226	0.0	905515	3881.5019985089934	1.2000000000000002
93860.64842428957	1850	11.972436793938636	0.0	1060487	4309.015775483965	1.85
93864.12935632444	1850	12.49150475907794	0.0	852833	3480.932034860697	1.85
93867.85376381743	1850	12.767097266081334	0.0	913888	3724.4074929966037	1.85
93871.68157909201	1850	12.939281991495637	0.0	939819	3827.8152745856987	1.85
93875.42010341608	1850	13.200757667415564	0.0	917428	3738.5243240800714	1.85
93879.27596093819	1850	13.344900145321688	0.0	946851	3855.8575220938756	1.85
93885.65008566213	2850	10.970775421374402	0.0	1578343	6374.124723947288	1.85
93890.64084867161	2850	9.980012411888334	0.0	1231445	4990.763009486067	2.85
93896.58716960884	2850	8.033691474656365	0.0	1471065	5946.320937231969	2.85
93902.61548381273	2850	6.005377270783952	0.0	1491626	6028.314203872414	2.85
93906.22753887664	1850	6.39332220686803	0.0	885714	3612.0550639159214	0.8500000000000001
93910.24632616359	1850	6.374534919921829	0.0	987708	4018.787286946201	1.85
93914.01008133237	1850	6.610779751134102	0.0	923755	3763.7551687877267	1.85
93917.63628829517	1850	6.9845727883375455	0.0	891604	3626.206962796556	1.85
93921.02024756944	1850	7.600613514055696	0.0	955231	3383.9592742818495	1.85
93924.448462274	1850	8.17239880950155	0.0	968026	3428.214704554146	1.85
93927.55206452163	1850	9.06879656188256	0.0	874175	3103.60224761899	1.85
93930.7379898248	1850	9.882871258701948	0.0	897976	3185.9253031806106	1.85
93934.50341920689	1850	10.117441876622769	0.0	905935	3765.429382079181	1.85
93938.3132273382	1850	10.3076337453061	0.0	1076599	3809.808131316668	1.85
93941.01995217796	1850	11.600908905565488	0.0	758197	2706.7248397406124	1.85
93944.4701484075	1850	12.150712676023577	0.0	972798	3450.196229541911	1.85
93947.93078298216	1850	12.690078101378562	0.0	975811	3460.6345746450156	1.85
93951.03672168945	1850	13.584139394090345	0.0	873429	3105.938707288216	1.85
93956.30534831044	2850	12.315512773097067	0.0	1497683	5268.626620993277	1.85
93961.98444061965	2850	10.636420463892055	0.0	1358081	5679.0923092050125	2.85
93969.21012308686	2850	7.410737996689456	0.0	1587293	7225.682467202598	2.85
93973.90922640903	1850	6.711634674512625	0.0	1026056	4699.103322176831	0.8500000000000001
93977.75816659455	1850	6.86269448899013	0.0	943942	3848.9401855224964	1.85
93980.74512518784	1850	7.875735895694462	0.0	728962	2986.9585932956666	1.85
93984.5680274862	1850	8.05283359735024	0.0	938587	3822.902298344222	1.85
93988.27160667164	1850	8.349254411909838	0.0	908665	3703.579185440403	1.85
93992.06256664879	1850	8.558294434746005	0.0	930577	3790.9599771638327	1.85
93995.56589818654	1850	9.05496289700513	0.0	858450	3503.3315377408767	1.85
93999.73341865114	1850	8.887442432397886	0.0	1025005	4167.520464607243	1.85
94003.34763111778	1850	9.273229965765536	0.0	886255	3614.2124666323502	1.85
94007.31164190987	1850	9.3092191736675	0.0	973972	3964.010792098034	1.85
94013.23346177077	2850	7.387399312756671	0.0	1464921	5921.81986091083	1.85
94019.22947873878	2850	5.391382344744429	0.0	1483527	5996.016968012243	2.85
94024.22028561414	2850	4.400575469399062	0.0	1231456	4990.806875345366	2.85
94029.7417936187	2850	4.0	1.120932535160695	1364537	5521.508004559757	-1.9700099011909882

