32759.485383934807	300	4.0	3.4239309719058015	450283	3423.9309719058015	0	-13.972903179194946
32760.424961980912	300	7.06042195389568	0.0	155580	939.5780461043204	0	-0.15000000000000002
32761.27767059895	300	10.207713335859866	0.0	139857	852.7086180358142	0	0.3
32762.216430946435	750	13.268952988372485	0.0	155432	938.7603474873811	1	0.3
32764.570301625397	750	14.915082309411563	0.0	411561	2353.870678960922	1	0.3
32766.410364748415	750	17.07501918639333	0.0	318564	1840.0631230182335	1	0.75
32768.438708502974	750	19.046675431834135	0.0	352642	2028.3437545591967	1	0.75
32770.93402446769	1850	20.551359467114654	0.0	437162	2495.3159647194816	3	0.75
32775.725918822965	1850	19.759465111842214	0.0	852833	4791.894355272439	3	0.75
32780.85514148268	1850	18.63024245212898	0.0	913888	5129.222659713236	3	1.85
32786.12763267507	1850	17.357751259741036	0.0	939819	5272.4911923879445	3	1.85
32791.154540431	1850	16.330843503808705	0.0	917428	5026.90775593233	3	1.85
32796.222349784264	1850	15.263034150550055	0.0	946851	5067.809353258649	3	1.85
32801.76216865273	1850	13.723215282087814	0.0	1036454	5539.81886846224	3	1.85
32806.00976393157	1850	13.47562000323923	0.0	821631	4247.595278848585	3	1.85
32810.33642159109	1850	13.148962343724703	0.0	923170	4326.657659514526	3	1.85
32814.86331621808	1850	12.622067716738304	0.0	966699	4526.894626986398	3	1.85
32819.01767320784	1850	12.467710726975584	0.0	885714	4154.356989762719	3	1.85
32823.641210956644	1850	11.844172978171166	0.0	987708	4623.537748804417	3	1.85
32827.88366754849	1850	11.601716386317875	0.0	923755	4242.456591853291	3	1.85
32831.5324926839	1850	11.95289125091022	0.0	891604	3648.825135407657	3	1.85
32835.43599774099	1850	12.049386193821432	0.0	955231	3903.505057088788	3	1.85
32839.39071737048	1850	12.094666564335547	0.0	968026	3954.7196294858845	3	1.85
32842.969779412306	1850	12.51560452250421	0.0	874175	3579.0620418313383	3	1.85
32846.64410976501	1850	12.841274169799616	0.0	897976	3674.3303527045937	3	1.85
32850.350297623125	1850	13.135086311685999	0.0	905935	3706.1878581136198	3	1.85
32854.73960261946	1850	12.74578131534822	0.0	1076599	4389.304996337779	3	1.85
32857.854439285955	1850	13.630944648856504	0.0	758197	3114.8366664917153	3	1.85
32861.828259809496	1850	13.657124125312086	0.0	972798	3973.820523544419	3	1.85
32865.81414047424	1850	13.67124346056935	0.0	975811	3985.880664742735	3	1.85
32869.39021650037	1850	14.095167434447918	0.0	873429	3576.0760261214336	3	1.85
32873.29060745528	1850	14.194776479533802	0.0	954453	3900.3909549141154	3	1.85
32876.913246914046	1850	14.572137020767162	0.0	885062	3622.6394587666405	3	1.85
32881.13736039786	1850	14.348023536959918	0.0	1035329	4224.113483807245	3	1.85
32885.1324929342	1850	14.352891000617248	0.0	1026056	3995.1325363426695	3	1.85
32887.72325117359	1850	15.762132761228406	0.0	943942	2590.7582393888424	3	1.85
32889.74219164631	1850	17.743192288507235	0.0	728962	2018.9404727211734	3	1.85
32892.3187063089	1850	19.166677625918588	0.0	938587	2576.5146625886505	3	1.85
32894.81563249249	1850	20.6697514423244	0.0	908665	2496.926183594186	3	1.85
32897.370841636846	1850	22.11454229797469	0.0	930577	2555.2091443497075	3	1.85
32899.73420270204	1850	23.751181232778574	0.0	858450	2363.361065196116	3	1.85
32902.54057757377	1850	24.944806361054717	0.0	1025005	2806.374871723857	3	1.85
32904.97789618386	1850	26.507487750960497	0.0	886255	2437.3186100942207	3	1.85
32907.72530497273	1850	27.760078962088024	0.0	973972	2747.408788872471	3	1.85
32910.36048272797	1850	29.12490120684804	0.0	958994	2635.177755239983	3	1.85
32913.05712901254	1850	30.428254922281088	0.0	982064	2696.6462845669516	3	1.85
32915.35055559978	4300	32.134828335033916	0.0	830730	2293.4265872471688	5	1.85
32921.17244629428	4300	30.312937640540287	0.0	2155012	5821.890694493633	5	1.8499999999999996

