36733.91401968356	750	4.0	2.806070080816987	450283	2806.070080816987	-11.316101347513044
36737.53825482997	750	4.375764853590174	0.0	398865	3624.235146409827	0.75
36738.98005447715	300	6.933965206410303	0.0	139857	1441.7996471798708	-0.15000000000000002
36739.785890223255	300	10.128129460300345	0.0	155432	805.8357461099578	0.3
36741.78779617252	750	12.126223511044332	0.0	411561	2001.9059492560111	0.3
36743.35542509464	750	14.558594588919076	0.0	318564	1567.6289221252546	0.75
36745.08219132797	750	16.831828355584193	0.0	352642	1726.7662333348842	0.75
36747.20364872697	750	18.710370956587067	0.0	437162	2121.4573989971263	0.75
36749.03369217066	750	20.8803275128903	0.0	374758	1830.0434436967648	0.75
36753.38136278123	1850	20.532656902327886	0.0	913888	4347.6706105624135	0.75
36757.742077840674	1850	20.171941842884227	0.0	939819	4360.71505944366	1.85
36761.21979824504	1850	20.69422143851821	0.0	917428	3477.7204043660154	1.85
36764.793614450144	1850	21.120405233411617	0.0	946851	3573.8162051065933	1.85
36768.67473147436	1850	21.239288209189375	0.0	1036454	3881.1170242222406	1.85
36771.76800131724	1850	22.146018366312855	0.0	821631	3093.2698428765225	1.85
36775.2336577991	1850	22.680361884451386	0.0	923170	3465.6564818614675	1.85
36778.85895361174	1850	23.055066071806912	0.0	966699	3625.2958126444737	1.85
36782.18724303317	1850	23.726776650383506	0.0	885714	3328.2894214234084	1.85
36785.82822854432	1850	24.085791139238054	0.0	987708	3640.985511145448	1.85
36789.38636347527	1850	24.527656208282497	0.0	923755	3558.1349309555576	1.85
36792.68306938149	1850	25.23095030206542	0.0	891604	3296.7059062170783	1.85
36795.617690288265	1850	26.29632939528688	0.0	955231	2934.6209067785426	1.85
36798.59054788805	1850	27.323471795496662	0.0	968026	2972.857599790214	1.85
36801.28294031583	1850	28.631079367714133	0.0	874175	2692.3924277825286	1.85
36804.04645986596	1850	29.86755981758922	0.0	897976	2763.5195501249113	1.85
36806.833764163224	1850	31.08025552032247	0.0	905935	2787.304297266755	1.85
36810.13108229215	1850	31.782937391391485	0.0	1076599	3297.3181289309837	1.85
36812.103881655334	1850	33.810138028210496	0.0	758197	1972.7993631809913	1.85
36817.232158396924	4300	32.68186128662106	0.0	2134614	5128.276741589438	1.8499999999999996
36822.430262947695	4300	31.483756735848242	0.0	2164140	5198.104550772817	4.3
36827.507879880955	4300	30.406139802580864	0.0	2113193	5077.616933267377	4.3
36832.66746396313	4300	29.246555720411273	0.0	2147852	5159.58408216959	4.3
36837.92926634674	4300	27.98475333679469	0.0	2191074	5261.802383616587	4.3
36843.41751410115	4300	26.496505582390192	0.0	2286761	5488.247754404494	4.3
36848.57173585735	4300	25.34228382618469	0.0	2307787	5154.221756205503	4.3
36853.07503980718	4300	24.8389798763508	0.0	2143948	4503.303949833895	4.3
36857.11585176724	4300	24.798167916305093	0.0	1919781	4040.811960045703	4.3
36861.62641597086	4300	24.287603712677978	0.0	2147467	4510.564203627115	4.3
36866.18645438324	4300	23.727565300297233	0.0	2133870	4560.038412380746	4.3
36870.243113063334	4300	23.670906620203795	0.0	2146120	4056.658680093439	4.3
36874.23004698923	4300	23.683972694305478	0.0	2108491	3986.9339258983173	4.3
36878.47769190487	4300	23.436327778670805	0.0	2184571	4247.644915634672	4.3
36882.68516201094	4300	23.22885767259825	0.0	2121928	4207.470106072556	4.3
36886.905742177165	4300	23.008277506369613	0.0	2219102	4220.580166228637	4.3
36890.43107591357	4300	23.482943769963285	0.0	2124950	3525.3337364063314	4.3
36894.15349710506	4300	23.760522578481485	0.0	2246506	3722.4211914817956	4.3
36897.413233947715	4300	24.500785735818877	0.0	1961140	3259.73684266261	4.3
36900.987309359356	4300	24.926710324180732	0.0	2155012	3574.075411638147	4.3

