11257.465323647331	300	4.0	4.295994955520737	450283	4295.994955520737	0	-17.722778308739166
11259.389992522405	300	6.075331124925336	0.0	155580	1924.6688750746634	0	-0.15000000000000002
11260.980547109048	300	8.484776538283272	0.0	139857	1590.554586642063	0	0.3
11264.747370471303	300	8.717953176028667	0.0	155432	3766.8233622546068	0	0.3
11266.897059698016	300	10.568263949315293	0.0	163442	2149.689226713373	0	0.3
11268.257887636217	300	13.207436011113916	0.0	126289	1360.8279382013777	0	0.3
11271.516083413091	750	13.94924023423925	0.0	153295	3258.1957768746647	1	0.3
11277.47640831376	750	11.988915333568565	0.0	437162	5960.324900670685	1	0.3
11281.313414836788	750	12.151908810540943	0.0	374758	3837.0065230276236	1	0.75
11285.760306432756	750	11.705017214574669	0.0	362795	4446.8915959662745	1	0.75
11290.902150474618	750	10.56317317271274	0.0	353220	5141.84404186193	1	0.75
11295.780364230955	300	9.684959416374054	0.0	405134	4878.213756338685	0	0.75
11297.439072586803	300	12.026251060526462	0.0	160746	1658.7083558475938	0	-0.15000000000000002
11299.618893672023	750	13.846429975306936	0.0	179801	2179.821085219526	1	0.3
11305.115556138377	750	12.349767508953512	0.0	337059	5496.662466353423	1	0.3
11312.683998616583	300	8.781325030745727	0.0	366214	7568.442478207784	0	0.75
11315.059687088016	300	10.40563655931251	0.0	143509	2375.6884714332173	0	-0.15000000000000002
11316.667919941523	300	12.797403705805845	0.0	150616	1608.2328535066636	0	0.3
11318.53375990922	750	14.931563738108206	0.0	165384	1865.8399676976387	1	0.3
11326.892316811518	300	10.573006835810242	0.0	350713	8358.556902297965	0	0.3
11328.59000616268	300	12.875317484648654	0.0	157671	1697.6893511615867	0	-0.15000000000000002
11330.00202762217	750	15.463296025161043	0.0	157812	1412.0214594876127	1	0.3
11334.300512551163	750	15.164811096168341	0.0	401853	4298.4849289927	1	0.3
11338.116981079467	750	15.348342567863988	0.0	343800	3816.4685283043545	1	0.75
11342.304823159506	300	15.16050048782475	0.0	359903	4187.842080039236	0	0.75
11343.924270549216	750	17.541053098116606	0.0	153938	1619.4473897081466	1	-0.15000000000000002
11347.487952163785	750	17.9773714835454	0.0	425781	3563.681614571206	1	0.3
11350.63543895628	750	18.829884691049692	0.0	277716	3147.4867924957107	1	0.75
11355.319145616313	750	18.146178031016788	0.0	400396	4683.706660032902	1	0.75
11358.88274426623	750	18.582579381100647	0.0	400508	3563.5986499161418	1	0.75
11365.385045596828	750	16.080278050502343	0.0	358218	6502.301330598303	1	0.75
11372.747783336155	750	12.717540311174453	0.0	400322	7362.737739327892	1	0.75
11377.275344640722	750	12.189979006607468	0.0	369834	4527.561304566986	1	0.75
11384.353932173068	300	9.11139147426217	0.0	412837	7078.5875323452965	0	0.75
11386.447937966723	300	11.017385680607655	0.0	179328	2094.005793654517	0	-0.15000000000000002
11388.400920821796	300	13.06440282553516	0.0	159914	1952.982855072494	0	0.3
11390.137765278063	750	15.327558369267503	0.0	131610	1736.8444562676577	1	0.3
11395.765113492236	750	13.700210155095132	0.0	361565	5627.348214172371	1	0.3
11399.763608767153	750	13.701714880177931	0.0	378327	3998.4952749172003	1	0.75
11405.332140974318	750	12.133182673011353	0.0	390680	5568.532207166579	1	0.75
11408.986339216704	750	12.478984430625932	0.0	345516	3654.198242385423	1	0.75
11412.55013618607	750	12.915187461260924	0.0	384505	3563.796969365007	1	0.75
11421.525446727926	300	7.939876919403018	0.0	372093	8975.310541857907	0	0.75
11423.06344165758	300	10.401881989750539	0.0	172312	1537.9949296524794	0	-0.15000000000000002
11424.40729344547	750	13.058030201859497	0.0	167025	1343.8517878910413	1	0.3
11438.052308886201	300	4.0	0.5869852388704039	393804	13645.015440729901	0	-2.224036527142737
11439.050695826669	300	7.001613059532154	0.0	137507	998.3869404678459	0	-0.15000000000000002
11440.209897171195	300	9.842411715005467	0.0	118421	1159.201344526688	0	0.3

