67689.08409706634	750	4.0	3.36936317338222	450283	3369.36317338222	-13.738261645543545
67690.86641354958	750	6.217683516767946	0.0	398865	1782.316483232054	0.75
67692.27242944634	750	8.811667619996955	0.0	350812	1406.0158967709901	0.75
67693.45835264472	750	11.62574442161326	0.0	382355	1185.9231983836937	0.75
67701.55536617905	1850	7.528730887294936	0.0	996749	8097.013534318325	0.75
67703.33184948379	750	9.75224758255377	0.0	318564	1776.4833047411676	-0.3500000000000001
67704.72717379505	750	12.35692327129728	0.0	352642	1395.3243112564896	0.75
67706.22387612484	750	14.860220941496511	0.0	437162	1496.7023298007703	0.75
67707.37491503291	750	17.70918203342702	0.0	374758	1151.0389080694913	0.75
67709.56281751038	1850	19.52127955595483	0.0	913888	2187.902477472185	0.75
67713.15429934769	1850	19.92979771865889	0.0	939819	3591.4818372959407	1.85
67715.42717954499	1850	21.656917521357514	0.0	917428	2272.880197301374	1.85
67725.83654814465	1850	15.247548921687784	0.0	946851	10409.368599669731	1.85
67739.73380241702	1850	5.350294649338524	0.0	1036454	13897.254272349259	1.85
67742.21364779751	300	6.8704492688425125	0.0	140051	2479.845380496012	-1.25
67743.62716641385	300	9.45693065251374	0.0	138313	1413.5186163287729	0.3
67744.87550842155	300	12.208588644802052	0.0	143509	1248.3420077116878	0.3
67747.54195061883	750	13.542146447526058	0.0	372963	2666.4421972759937	0.3
67750.04537278098	750	15.03872428537648	0.0	405596	2503.4221621495776	0.75
67752.60829332696	750	16.475803739388983	0.0	350713	2562.920545987499	0.75
67759.48979494597	750	13.594302120375747	0.0	386472	6881.5016190132355	0.75
67770.17731709732	750	6.906779969030162	0.0	399894	10687.522151345585	0.75
67771.47468903605	300	9.609408030296931	0.0	163927	1297.3719387332305	-0.15000000000000002
67772.36769183022	300	12.716405236142451	0.0	137654	893.002794154479	0.3
67774.5220082774	750	14.562088788964582	0.0	359903	2154.316447177868	0.3
67776.35071600834	750	16.733381058036436	0.0	379700	1828.7077309281424	0.75
67778.88294292137	750	18.201154145003922	0.0	425781	2532.226913032513	0.75
67783.24984435977	750	17.834252706606318	0.0	277716	4366.901438397605	0.75
67786.30850811924	750	18.775588947138495	0.0	400396	3058.6637594678273	0.75
67788.51516292141	750	20.5689341449597	0.0	400508	2206.654802178794	0.75
67789.59866707808	750	23.48542998830074	0.0	358218	1083.5041566589612	0.75
67794.54922256713	1850	22.534874499246193	0.0	954453	4950.555489054548	0.75
67797.58284552897	1850	23.501251537391195	0.0	885062	3033.622961854997	1.85
67807.71310836723	1850	17.370988699138504	0.0	1035329	10130.262838252693	1.85
67818.1360533493	1850	10.948043717065591	0.0	1026056	10422.944982072911	1.85
67821.441428429	750	11.642668637369423	0.0	365161	3305.375079696169	-0.3500000000000001
67823.68727222015	750	13.396824846211477	0.0	321064	2245.8437911579463	0.75
67825.99237453633	750	15.091722530028497	0.0	361565	2305.10231618298	0.75
67834.03475451464	750	11.049342551727877	0.0	378327	8042.37997830062	0.75
67838.35160553026	750	10.732491536104767	0.0	390680	4316.851015623109	0.75
67840.10397792529	750	12.980119141079271	0.0	345516	1752.3723950254978	0.75
67842.19410339139	750	14.889993674975695	0.0	384505	2090.1254661035737	0.75
67848.66241087804	750	12.421686188337455	0.0	372093	6468.307486638242	0.75
67852.40588411476	750	12.678212951614736	0.0	438281	3743.47323672272	0.75
67855.1358649939	750	13.948232072477492	0.0	398987	2729.9808791372457	0.75
67857.97272406658	750	15.111372999794003	0.0	393804	2836.859072683488	0.75
67863.62421135837	750	13.459885708014962	0.0	331053	5651.48729177904	0.75
67866.0689237524	750	15.0151733139703	0.0	314107	2444.7123940446627	0.75

