55051.893270609624	300	4.0	12.811880093683968	181801	12811.880093683967	-54.79108440284106
55053.555543619346	300	6.337726990274279	0.0	155580	1662.273009725721	0.3
55055.05791125222	300	8.835359357408809	0.0	139857	1502.3676328654722	0.3
55057.51772038606	300	10.375550223567636	0.0	155432	2459.8091338411728	0.3
55058.446097430584	300	13.447173179039678	0.0	163442	928.3770445279578	0.3
55059.147399767025	300	16.74587084260351	0.0	126289	701.3023364361696	0.3
55059.981563167355	300	19.911707442275826	0.0	153295	834.1634003276819	0.3
55060.91684581182	300	22.97642479780884	0.0	173849	935.2826444669896	0.3
55061.73829182156	300	26.154978788066934	0.0	150710	821.4460097419026	0.3
55062.50264486506	300	29.390625744571828	0.0	139105	764.3530434951053	0.3
55063.28045325218	300	32.61281735745889	0.0	141840	777.8083871129417	0.3
55064.128652519175	300	35.76461809046149	0.0	156148	848.1992669974028	0.3
55064.999472506446	300	38.893798103188104	0.0	160746	870.819987273385	0.3
55066.34470953265	300	41.5485610769877	0.0	179801	1345.2370262004054	0.3
55067.27782989832	300	44.615440711312814	0.0	140051	933.120365674894	0.3
55068.23294075979	300	47.660329849838284	0.0	138313	955.1108614745245	0.3
55075.034279472835	300	44.85899113679925	0.0	143509	6801.3387130390365	0.3
55075.90737369346	300	47.985896916177396	0.0	150616	873.0942206218525	0.3
55076.95904084827	300	50.93422976136932	0.0	165384	1051.667154808073	0.3
55077.83970049767	300	54.05357011197038	0.0	140881	880.6596493989431	0.3
55078.75822184536	300	57.13504876428335	0.0	157671	918.5213476870326	0.3
55080.347682926586	300	59.54558768305522	0.0	157812	1089.4610812281308	0.3
55082.433014297385	300	59.687068159118965	0.0	163927	1358.5195239362497	0.3
55086.14364071107	300	59.652160854710914	0.0	137654	1034.90730440805	0.3
55090.03006495205	300	59.764808305056725	0.0	146754	3387.3525496541943	0.3
55091.513015343546	300	59.96286897407303	0.0	153938	1301.939330983692	0.3
55100.7836107369	300	54.69227358072088	0.0	181901	9270.595393352154	0.3
55101.589931545066	300	57.8859527725594	0.0	111155	806.3208081614791	0.3
55103.547129881335	300	59.92875443628379	0.0	153605	957.1983362756141	0.3
55104.934642232496	300	59.72556104265648	0.0	149029	1203.1933936273085	0.3
55108.14123192441	300	59.85942573745762	0.0	157421	1366.1353051988597	0.3
55111.359310532054	300	59.62511354880127	0.0	157488	1234.3121886563558	0.3
55112.47982053819	300	59.50974178577806	0.0	143881	1115.3717630232045	0.3
55115.22168126129	300	59.59988053528243	0.0	163444	909.861250495636	0.3
55118.07240398312	300	59.54401902412053	0.0	179328	1055.8615111618985	0.3
55124.268603678895	300	57.34781932833929	0.0	159914	6196.199695781238	0.3
55126.06172044822	300	59.554702559014856	0.0	131610	793.1167693244344	0.3
55128.013017445366	300	59.83814276777682	0.0	124011	716.5597912380317	0.3
55134.36470385304	300	57.48645636009735	0.0	144254	6351.686407679475	0.3
55136.010769437446	300	59.84039077569436	0.0	149991	1146.0655844029866	0.3
55138.53265698125	300	59.68719162728794	0.0	147968	1153.1991484064174	0.3
55141.811913515885	300	59.68690756266844	0.0	161857	2000.2840646195048	0.3
55143.90693402869	300	59.7363834842771	0.0	145210	950.5240783913413	0.3
55146.26645700937	300	59.82737021013915	0.0	172312	1409.0132741379412	0.3
55148.318827919626	300	59.9864396082821	0.0	167025	1340.9306018570583	0.3
55157.837440076444	300	54.46782745146415	0.0	160064	9518.612156817942	0.3
55159.18103538263	300	57.12423214527499	0.0	137507	1343.5953061891653	0.3
55160.349243399345	300	59.95602412856146	0.0	118421	1168.2080167135284	0.3

