11863.330605250825	300	4.0	4.581550581717161	181801	4581.550581717161	-19.40066750138379
11866.653937656045	300	4.676667594779929	0.0	155580	3323.3324052200705	0.3
11869.649497112254	300	5.6811081385717825	0.0	139857	2995.5594562081465	0.3
11872.969744203192	300	6.360861047633577	0.0	155432	3320.2470909382055	0.3
11876.456973506276	300	6.873631744548484	0.0	163442	3487.2293030850933	0.3
11878.677101330393	300	8.653503920429507	0.0	126289	2220.1278241189752	0.3
11881.262876611578	300	10.067728639245951	0.0	153295	2585.775281183556	0.3
11884.184629616298	300	11.145975634526422	0.0	173849	2921.7530047195282	0.3
11886.107485369519	300	13.223119881305935	0.0	150710	1922.855753220489	0.3
11887.378934075776	300	15.95167117504702	0.0	139105	1271.4487062589149	0.3
11889.086352215048	750	18.24425303577588	0.0	353220	1707.4181392711382	0.3
11891.903494260634	1200	19.42711099018979	0.0	594078	2817.1420455860916	0.75
11894.859797558353	1200	20.470807692470334	0.0	624282	2956.3032977194516	1.2
11898.10677574138	1200	21.223829509442925	0.0	687371	3246.9781830274096	1.2
11900.614633700976	1200	22.71597154984572	0.0	526950	2507.857959597209	1.2
11904.948027063841	1850	22.382578186981394	0.0	923170	4333.393362864324	1.2000000000000002
11909.481974993785	1850	21.848630257036117	0.0	966699	4533.947929945275	1.85
11913.642794397576	1850	21.68781085324699	0.0	885714	4160.819403789131	1.85
11916.66784899328	1200	22.6627562575427	0.0	639204	3025.0545957042877	0.5499999999999999
11921.003937672413	1850	22.326667578412383	0.0	923755	4336.088679130316	1.2000000000000002
11925.19189453399	1850	22.138710716834037	0.0	891604	4187.956861578348	1.85
11929.673005050365	1850	21.657600200458667	0.0	955231	4481.110516375371	1.85
11934.213066971224	1850	21.11753827959891	0.0	968026	4540.061920859756	1.85
11936.765694825106	1200	22.564910425716842	0.0	536667	2552.6278538820675	0.5499999999999999
11940.98300990078	1850	22.34759535004123	0.0	897976	4217.315075675612	1.2000000000000002
11945.236995099809	1850	22.093610151013436	0.0	905935	4253.985199027797	1.85
11950.277293897501	1850	21.053311353320304	0.0	1076599	5040.298797693132	1.85
11952.60182427723	1200	22.728780973592862	0.0	487160	2324.5303797274437	0.5499999999999999
11957.163872607016	1850	22.166732643807784	0.0	972798	4562.048329785076	1.2000000000000002
11961.739802967415	1850	21.59080228340829	0.0	975811	4575.930360399492	1.85
11964.447814652185	1200	22.882790598636355	0.0	570392	2708.011684771935	0.5499999999999999
11968.925340628297	1850	22.405264622525838	0.0	954453	4477.525976110514	1.2000000000000002
11973.083156021477	1850	22.247449229344273	0.0	885062	4157.815393181564	1.85
11977.933308319516	1850	21.397296931304954	0.0	1035329	4850.152298039319	1.85
11982.740736399206	1850	20.58986885161528	0.0	1026056	4807.428079689675	1.85
11985.579298146195	1200	21.75130710462646	0.0	598727	2838.5617469888193	0.5499999999999999
11989.017901797288	1850	22.312703453532617	0.0	728962	3438.6036510938434	1.2000000000000002
11991.74986724149	1200	23.580738009330098	0.0	575591	2731.9654442025185	0.5499999999999999
11996.016430583091	1850	23.31417466772767	0.0	908665	4266.563341602426	1.2000000000000002
12000.383950796524	1850	22.94665445429548	0.0	930577	4367.52021343219	1.85
12004.419154640183	1850	22.911450610636265	0.0	858450	4035.2038436592165	1.85
12009.22174036535	1850	22.108864885468908	0.0	1025005	4802.585725167355	1.85
12018.302500258655	1850	17.028104992165453	0.0	886255	9080.759893303457	1.85
12024.9438704797	1200	14.386734771120945	0.0	634861	6641.370221044506	0.5499999999999999
12029.147452524247	750	14.183152726572795	0.0	398987	4203.582044548151	0.3
12033.297467596096	750	14.033137654725241	0.0	393804	4150.015071847555	0.75
12036.798942999038	750	14.53166225178279	0.0	331053	3501.4754029424507	0.75
12040.12527930891	750	15.205325941910822	0.0	314107	3326.3363098719665	0.75

