16891.20302985556	750	4.0	5.163773744747733	450283	5163.773744747733	-21.45422710241525
16893.54639261935	300	5.656637236205139	0.0	155580	2343.3627637948607	-0.15000000000000002
16894.311566401084	300	8.891463454474914	0.0	139857	765.173781730224	0.3
16895.114140884212	300	12.088888971346034	0.0	155432	802.5744831288816	0.3
16897.001206302262	750	14.201823553297366	0.0	411561	1887.0654180486665	0.3
16898.212830518827	750	16.990199336733088	0.0	318564	1211.6242165642807	0.75
16902.222758019525	1850	16.980271836035733	0.0	905515	4009.927500697353	0.75
16909.03791057715	1850	14.165119278414801	0.0	1060487	6815.1525576209315	1.85
16912.476375211638	1850	14.72665464392562	0.0	852833	3438.4646344891808	1.85
16914.720845175227	1850	16.482184680339525	0.0	913888	2244.469963586097	1.85
16917.42146916229	1850	17.781560693271278	0.0	939819	2700.623987068246	1.85
16921.936100966406	1850	17.266928889158613	0.0	917428	4514.6318041126615	1.85
16925.272818752754	1850	17.930211102809537	0.0	946851	3336.7177863490792	1.85
16930.183196368533	1850	17.019833487029697	0.0	1036454	4910.3776157798375	1.85
16948.85997895532	1850	4.0	1.6569490997523864	821631	18676.782586782083	-5.274881128935261
16956.596955471057	300	4.0	3.7369765157409884	138313	7736.976515740988	-17.31899901768625
16961.31247846579	300	4.0	0.7155229947318621	143509	4715.522994731862	-2.776748877347007
16966.86164042019	300	4.0	1.5491619544034712	150616	5549.161954403471	-6.361396403934926
16975.823640267634	300	4.0	4.961999847441584	165384	8961.999847441584	-21.03659934399881
16987.172517981035	300	4.0	7.348877713401294	140881	11348.877713401294	-31.300174167625563
16999.31656999489	300	4.0	8.144052013860392	157671	12144.052013860392	-34.71942365959969
17002.445296109363	300	4.871273885528769	0.0	157812	3128.726114471231	0.3
17005.948985403622	300	5.367584591269831	0.0	163927	3503.6892942589375	0.3
17008.414783750275	300	6.90178624462003	0.0	137654	2465.7983466498013	0.3
17010.367296835415	300	8.949273159477794	0.0	146754	1952.5130851422362	0.3
17012.37957542405	300	10.936994570842183	0.0	153938	2012.2785886356123	0.3
17013.927385214676	300	13.389184780214496	0.0	181901	1547.8097906276846	0.3
17014.834627577176	300	16.481942417710258	0.0	111155	907.2423625042381	0.3
17017.926978088246	750	17.389591906643748	0.0	400396	3092.3505110665124	0.3
17023.923894761145	750	15.392675233742859	0.0	400508	5996.916672900889	0.75
17028.4488288701	750	14.86774112478727	0.0	358218	4524.934108955587	0.75
17033.80043929254	750	13.516130702347601	0.0	400322	5351.61042243967	0.75
17037.19413514151	750	14.122434853377845	0.0	369834	3393.695848969756	0.75
17040.80377707175	750	14.512792923139315	0.0	412837	3609.641930238529	0.75
17045.63641753895	750	13.680152455937558	0.0	401088	4832.640467201757	0.75
17049.0189989063	750	14.297571088588004	0.0	365161	3382.5813673495545	0.75
17053.279277941983	750	14.037292052904144	0.0	321064	4260.2790356838605	0.75
17059.19576084897	750	12.12080914591851	0.0	361565	5916.482906985633	0.75
17067.725956750357	750	7.590613244530936	0.0	378327	8530.195901387575	0.75
17068.767783253053	300	10.548786741831327	0.0	149991	1041.8265026996082	-0.15000000000000002
17069.73627012881	300	13.580299866072972	0.0	147968	968.4868757583547	0.3
17072.660253075832	750	14.656316919054621	0.0	384505	2923.9829470183504	0.3
17074.726382014687	750	16.590187980198976	0.0	372093	2066.128938855644	0.75
17078.969587278807	750	16.346982716079577	0.0	438281	4243.2052641194	0.75
17081.693175242286	750	17.62339475260078	0.0	398987	2723.587963478798	0.75
17086.846271293572	750	16.47029870131484	0.0	393804	5153.096051285943	0.75
17088.984655333967	750	18.33191466092318	0.0	331053	2138.3840403916574	0.75
17091.211427814138	750	20.105142180750846	0.0	314107	2226.7724801723343	0.75

