38019.860463843186	750	4.0	1.862897639637223	450283	1862.897639637223	-7.260459850440059
38021.893911874926	1200	5.9665519682628165	0.0	611087	2033.4480317371838	0.75
38026.17712341806	1850	5.6833404251247215	0.0	877771	4283.211543138095	1.2000000000000002
38027.39423129353	1200	8.466232549659228	0.0	617681	1217.1078754654943	0.5499999999999999
38038.75090923344	2850	4.0	2.8904453902438525	1472558	11356.67793990308	-11.228915178048567
38039.01191554888	300	7.738993684561677	0.0	126289	261.0063154383224	-2.25
38039.59734697274	750	11.153562260694192	0.0	352642	585.4314238674856	0.3
38040.30391843082	750	14.446990802612746	0.0	437162	706.5714580814473	0.75
38045.937080228585	1850	12.813829004853364	0.0	852833	5633.1617977593805	0.75
38048.31266001505	750	14.438249218390784	0.0	362795	2375.5797864625797	-0.3500000000000001
38049.658151750315	750	17.092757483126473	0.0	353220	1345.4917352643106	0.75
38050.92019504784	750	19.830714185597994	0.0	405134	1262.0432975284773	0.75
38053.699269651464	750	21.051639581974857	0.0	386351	2779.0746036231376	0.75
38054.7793475795	750	23.971561653944214	0.0	434409	1080.0779280306435	0.75
38057.0141638013	1850	25.736745432143557	0.0	821631	2234.816221800653	0.75
38058.10231852658	1850	28.648590706860592	0.0	923170	1088.1547252829664	1.85
38067.34613726734	4300	23.40477196609539	0.0	2289689	9243.818740765204	1.8499999999999996
38067.8332738858	1200	26.917635347636146	0.0	581493	487.13661845924076	-1.9000000000000001
38069.468131595466	4300	29.282777637974092	0.0	2220726	1634.8577096620525	1.1999999999999997
38079.05393639752	4300	23.696972835921525	0.0	2156729	9585.804802052568	4.3
38080.261448470155	1200	26.489460763285866	0.0	601738	1207.5120726356633	-1.9000000000000001
38081.30761383399	1200	29.44329539944968	0.0	616206	1046.1653638361827	1.2
38085.99184256235	1200	28.759066671088963	0.0	656471	4684.228728360718	1.2
38086.58968217367	750	32.16122705976465	0.0	343800	597.8396113243186	0.3
38087.55419078913	1200	35.19671844430319	0.0	587236	964.5086154614531	0.75
38090.400562633724	2850	36.35034659971571	0.0	1480464	2846.3718445874847	1.2000000000000002
38096.32659992071	2850	34.42430931273652	0.0	1547572	5926.037286979181	2.85
38098.56398932777	1200	36.186919905675325	0.0	487160	2237.3894070611923	-0.44999999999999996
38099.54168307302	1200	39.20922616042441	0.0	622896	977.6937452509225	1.2
38109.20668034661	4300	33.544228886831895	0.0	2164140	9664.99727359251	1.1999999999999997
38118.37281488198	1850	28.37809435145688	0.0	873429	9166.134535375017	-0.6000000000000001
38122.47290857918	1200	28.278000654261007	0.0	620283	4100.0936971958745	0.5499999999999999
38128.42769483627	1200	26.323214397176372	0.0	584349	5954.786257084634	1.2
38130.04505969986	750	28.705849533580167	0.0	412837	1617.364863596205	0.3
38131.026015277064	750	31.72489395637508	0.0	401088	980.9555772050886	0.75
38132.658447558904	2850	34.09246167453479	0.0	1439896	1632.432281840287	0.75
38138.17724131268	4300	32.5736679207563	0.0	1919781	5518.79375377849	2.8499999999999996
38147.29976879642	2850	27.45114043701916	0.0	1499009	9122.527483737138	1.4000000000000001
38148.23564269719	1850	30.515266536251104	0.0	908665	935.8739007680562	0.8500000000000001
38151.354051567425	4300	31.396857666019212	0.0	2146120	3118.4088702318913	1.8499999999999996
38168.450428434866	4300	18.30048079858127	0.0	2108491	17096.376867437943	4.3
38169.43054520759	300	21.320364025855987	0.0	161857	980.1167727252816	-3.7
38169.68850314379	300	25.06240608965057	0.0	145210	257.95793620541633	0.3
38170.54653877039	1200	28.20437046305938	0.0	634861	858.035626591191	0.29999999999999993
38176.32609472658	2850	26.424814506869676	0.0	1464921	5779.555956189703	1.2000000000000002
38177.4114192916	1200	29.339489941844068	0.0	638661	1085.3245650256085	-0.44999999999999996
38184.91189364677	4300	25.839015586677153	0.0	1961140	7500.474355166914	1.1999999999999997
38193.56627752094	4300	21.184631712505883	0.0	2155012	8654.383874171268	4.3

