65386.31369403355	300	4.0	11.028273269348015	450283	11028.273269348014	0	-46.67157505819646
65389.265936767915	300	5.0477572656438605	0.0	155580	2952.242734356139	0	-0.15000000000000002
65392.14610632085	300	6.167587712710409	0.0	139857	2880.169552933451	0	0.3
65395.401849526315	300	6.911844507243236	0.0	155432	3255.7432054671735	0	0.3
65398.60697035588	300	7.706723677678568	0.0	163442	3205.1208295646684	0	0.3
65401.990863721425	300	8.322830312138981	0.0	126289	3383.893365539586	0	0.3
65404.99939475038	300	9.314299283180706	0.0	153295	3008.531028958276	0	0.3
65407.9019356919	300	10.411758341662473	0.0	173849	2902.540941518234	0	0.3
65410.41720469377	300	11.896489339799572	0.0	150710	2515.2690018629005	0	0.3
65415.98876778425	300	10.32492624931927	0.0	139105	5571.563090480302	0	0.3
65419.83594038125	300	10.477753652313044	0.0	141840	3847.172597006227	0	0.3
65424.346533264965	300	9.967160768601191	0.0	156148	4510.592883711853	0	0.3
65427.89657271592	300	10.417121317640092	0.0	160746	3550.0394509611006	0	0.3
65430.8568390397	300	11.456854993865866	0.0	179801	2960.2663237742267	0	0.3
65433.22171445635	300	13.091979577214614	0.0	140051	2364.875416651251	0	0.3
65435.45421752199	750	14.859476511578679	0.0	138313	2232.5030656359336	1	0.3
65441.36243970785	750	12.951254325711119	0.0	360831	5908.22218586756	1	0.3
65452.60861168525	300	5.705082348306931	0.0	372963	11246.171977404189	0	0.75
65455.339221437636	300	6.97447259593112	0.0	165384	2730.609752375811	0	-0.15000000000000002
65457.71131690676	300	8.602377126808415	0.0	140881	2372.095469122705	0	0.3
65460.28317875067	300	10.030515282895614	0.0	157671	2571.8618439128004	0	0.3
65462.87784604675	300	11.435847986815025	0.0	157812	2594.6672960805904	0	0.3
65466.18686227566	300	12.126831757911186	0.0	163927	3309.0162289038385	0	0.3
65471.73125346561	300	10.58244056796295	0.0	137654	5544.391189948237	0	0.3
65474.67131845524	300	11.642375578325638	0.0	146754	2940.0649896373097	0	0.3
65482.963255359035	300	7.350438674534014	0.0	153938	8291.936903791624	0	0.3
65489.25753330417	300	5.056160729393586	0.0	181901	6294.2779451404285	0	0.3
65491.06449913521	300	7.249194898348605	0.0	111155	1806.9658310449804	0	0.3
65493.46032856168	300	8.85336547187653	0.0	153605	2395.8294264720766	0	0.3
65495.7871678156	300	10.52652621796092	0.0	149029	2326.839253915609	0	0.3
65498.353372730235	300	11.960321303328824	0.0	157421	2566.204914632098	0	0.3
65500.995987551665	300	13.317706481895819	0.0	157488	2642.6148214330037	0	0.3
65503.406439100596	750	14.907254932967152	0.0	143881	2410.4515489286655	1	0.3
65510.984582044824	750	11.32911198873338	0.0	412837	7578.142944233771	1	0.3
65520.12148863902	300	6.192205394536968	0.0	401088	9136.906594196413	0	0.75
65524.19256696024	300	6.121127073312697	0.0	159914	4071.078321224272	0	-0.15000000000000002
65527.48671146928	300	6.826982564274248	0.0	131610	3294.1445090384486	0	0.3
65532.47448890147	300	5.8392051320926575	0.0	124011	4987.7774321815905	0	0.3
65539.50783479562	300	4.0	1.1941407620478603	144254	7033.345894140518	0	-4.8348052768058
65545.07937200194	300	4.0	1.5715372063276853	149991	5571.537206327685	0	-6.457609987209047
65549.70298039223	300	4.0	0.6236083903018452	147968	4623.608390301845	0	-2.3815160782979348
65554.87262834366	300	4.0	1.1696479514075544	161857	5169.6479514075545	0	-4.729486191052484
65559.39458545185	300	4.0	0.5219571082028633	145210	4521.957108202863	0	-1.944415565272312
65564.11652810192	300	4.0	0.7219426500651817	172312	4721.942650065182	0	-2.8043533952802813
65568.09677762115	300	4.019750480760198	0.0	167025	3980.249519239802	0	0.3
65572.28386181778	300	4.0	0.16733371587402415	160064	4187.084196634222	0	-0.4195349782583038
65575.83579489216	300	4.448066925620764	0.0	137507	3551.933074379236	0	0.3
65578.95491225642	300	5.328949561357435	0.0	118421	3119.11736426333	0	0.3

