88154.92664760437	750	4.0	4.57222494254812	450283	4572.2249425481195	-18.910567252956916
88156.49327289115	300	6.433374713222109	0.0	155580	1566.6252867778908	-0.15000000000000002
88157.89923620631	300	9.02741139806969	0.0	139857	1405.96331515242	0.3
88159.45286376876	300	11.4737838356254	0.0	155432	1553.627562444289	0.3
88163.23847100486	750	11.688176599528633	0.0	411561	3785.607236096766	0.3
88165.6955552927	750	13.231092311697306	0.0	318564	2457.084287831326	0.75
88170.93667530271	1200	11.98997230167817	0.0	561791	5241.120010019136	0.75
88176.74303939895	1200	10.183608205446378	0.0	709534	5806.364096231793	1.2
88180.79720861415	1200	10.129438990247527	0.0	584846	4054.1692151988505	1.2
88185.20944711588	1200	9.717200488514031	0.0	560821	4412.238501733496	1.2
88190.79718912358	1200	8.129458480811088	0.0	607410	5587.742007702943	1.2
88195.73992753962	1200	7.186720064776248	0.0	594078	4942.73841603484	1.2
88199.84349100714	1200	7.083156597262661	0.0	624282	4103.563467513586	1.2
88204.2104765119	1200	6.716171092498818	0.0	687371	4366.985504763844	1.2
88207.90974061858	1200	7.0169069858288164	0.0	526950	3699.2641066700003	1.2
88212.01938496741	1200	6.907262636981511	0.0	587876	4109.644348847305	1.2
88216.09874361109	1200	6.827903993314316	0.0	617242	4079.358643667196	1.2
88220.14190545611	1200	6.784742148289898	0.0	581493	4043.1618450244177	1.2
88225.18922121673	1200	5.737426387678177	0.0	639204	5047.315760611721	1.2
88228.75361843506	1200	6.173029169340321	0.0	586839	3564.3972183378564	1.2
88232.73528002176	1200	6.191367582644248	0.0	601738	3981.661586696073	1.2
88237.07904650715	1200	5.847601097247276	0.0	616206	4343.766485396972	1.2
88241.71068538561	1200	5.215962218778814	0.0	656471	4631.638878468462	1.2
88245.52922374179	1200	5.397423862615038	0.0	536667	3818.538356163776	1.2
88250.04610712582	1200	4.88054047857757	0.0	587236	4516.883384037468	1.2
88252.88385513259	750	6.04279247179632	0.0	379700	2837.74800678125	0.3
88256.05628785337	750	6.8703597510290635	0.0	425781	3172.432720767256	0.75
88258.15332958486	750	8.77331801952719	0.0	277716	2097.0417315018735	0.75
88261.06146898468	750	9.865178619709601	0.0	400396	2908.139399817591	0.75
88265.56548501799	1200	9.36116258640843	0.0	641447	4504.016033301172	0.75
88269.56437274705	1200	9.362274857349236	0.0	570392	3998.887729059193	1.2
88273.59698455204	1200	9.329663052357477	0.0	620283	4032.611804991759	1.2
88278.6535040361	1200	8.273143568303668	0.0	584349	5056.519484053807	1.2
88283.40868958358	1200	7.517958020822155	0.0	670129	4755.185547481514	1.2
88287.8556212833	1200	7.0710263210927184	0.0	690253	4446.931699729436	1.2
88292.44104513775	1200	6.485602466653292	0.0	598727	4585.423854439427	1.2
88296.3632401917	1200	6.563407412707931	0.0	487812	3922.1950539453605	1.2
88300.61073880916	1200	6.315908795237959	0.0	575591	4247.498617469972	1.2
88304.64548990919	1200	6.281157695216012	0.0	605884	4034.751100021947	1.2
88308.68687519756	1200	6.239772406846069	0.0	587506	4041.385288369943	1.2
88312.6909218274	1200	6.2357257770208685	0.0	566904	4004.0466298252	1.2
88318.68711706526	1200	4.239530539151232	0.0	641452	5996.195237869637	1.2
88320.11767526278	300	6.8089723416409305	0.0	145210	1430.558197510301	-0.6000000000000001
88323.98797429753	750	6.93867330688775	0.0	438281	3870.2990347531804	0.3
88326.53388927084	750	8.392758333587441	0.0	398987	2545.9149733003087	0.75
88329.45954635604	750	9.467101248386887	0.0	393804	2925.6570852005534	0.75
88334.11239464955	1200	8.81425295487261	0.0	538612	4652.848293514277	0.75
88341.88200224022	1850	5.044645364190773	0.0	846370	7769.607590681836	1.2000000000000002

