40801.71168102161	300	4.0	2.638001737517281	450283	2638.001737517281	0	-10.593407471324308
40802.483399166245	750	7.22828185535897	0.0	155580	771.7181446410294	1	-0.15000000000000002
40805.291423984694	750	8.420257036916006	0.0	350812	2808.024818442965	1	0.3
40807.864540651186	750	9.847140370419588	0.0	382355	2573.1166664964185	1	0.75
40810.82555562059	750	10.886125401018212	0.0	411561	2961.0149694013735	1	0.75
40812.60966131178	750	13.102019709830422	0.0	318564	1784.1056911877918	1	0.75
40815.05449231045	750	14.657188711145468	0.0	352642	2444.8309986849536	1	0.75
40817.27083822013	750	16.440842801466935	0.0	437162	2216.345909678531	1	0.75
40820.498923333835	750	17.212757687766917	0.0	374758	3228.08511370002	1	0.75
40824.038592277204	750	17.673088744390093	0.0	362795	3539.6689433768247	1	0.75
40826.02048050506	750	19.69120051653906	0.0	353220	1981.8882278510366	1	0.75
40828.200765774425	750	21.510915247168725	0.0	405134	2180.2852693703317	1	0.75
40831.09916570892	750	22.61251531268256	0.0	386351	2898.399934486166	1	0.75
40833.409350408176	1850	24.30233061342617	0.0	434409	2310.1846992563883	3	0.75
40837.31931348435	1850	24.392367537241007	0.0	821631	3909.963076185165	3	0.75
40842.72286191158	1850	22.9888191100198	0.0	923170	5403.548427221203	3	1.85
40848.34933182219	1850	21.362349199413682	0.0	966699	5626.469910606121	3	1.85
40854.652491193	1850	19.059189828599642	0.0	885714	6303.159370814039	3	1.85
40860.767846153365	1850	16.94383486823814	0.0	987708	6115.354960361502	3	1.85
40866.12876070539	1850	15.582920316213883	0.0	923755	5360.914552024256	3	1.85
40872.081285634085	1850	13.630395387520489	0.0	891604	5952.524928693396	3	1.85
40878.91609234418	1850	10.795588677426647	0.0	955231	6834.806710093841	3	1.85
40884.05622261582	1850	9.655458405779752	0.0	968026	5140.1302716468945	3	1.85
40888.47087638076	750	9.240804640848099	0.0	874175	4414.653764931653	1	1.85
40891.76897033376	750	9.942710687844171	0.0	359903	3298.093953003928	1	-0.3500000000000001
40895.05244636198	750	10.659234659623475	0.0	379700	3283.476028220695	1	0.75
40897.16146808902	750	12.550212932583365	0.0	425781	2109.02172704011	1	0.75
40898.76282352931	750	14.948857492294596	0.0	277716	1601.355440288767	1	0.75
40900.730561971504	750	16.981119050099316	0.0	400396	1967.738442195279	1	0.75
40903.25506284631	750	18.45661817529498	0.0	400508	2524.500874804337	1	0.75
40905.06707787316	750	20.644603148450432	0.0	358218	1812.0150268445516	1	0.75
40907.04418733851	1850	22.66749368308767	0.0	400322	1977.1094653627633	3	0.75
40911.36638318348	1850	22.34529783812155	0.0	885062	4322.195844966116	3	0.75
40917.26228484409	1850	20.44939617751455	0.0	1035329	5895.901660607001	3	1.85
40923.61810891003	1850	18.09357211156964	0.0	1026056	6355.824065944912	3	1.85
40929.81728724476	1850	15.894393776842975	0.0	943942	6199.178334726665	3	1.85
40934.3122117885	1850	15.399469233106545	0.0	728962	4494.924543736429	3	1.85
40941.701652359734	1200	12.010028661873767	0.0	938587	7389.44057123278	2	1.85
40945.459203601866	750	12.252477419741462	0.0	605884	3757.5512421323033	1	0.5499999999999999
40947.92113192068	750	13.790549100927143	0.0	390680	2461.928318814321	1	0.3
40949.63722823146	750	16.074452790147927	0.0	345516	1716.0963107792168	1	0.75
40951.52012051134	750	18.19156051027141	0.0	384505	1882.892279876514	1	0.75
40953.31573544462	750	20.395945576986296	0.0	372093	1795.6149332851119	1	0.75
40956.24094722326	750	21.470733798348533	0.0	438281	2925.2117786377657	1	0.75
40958.314433549545	1850	23.397247472063253	0.0	398987	2073.48632628528	3	0.75
40964.05856004328	1850	21.653120978329735	0.0	982064	5744.126493733518	3	0.75
40970.1418255615	1850	19.569855460111988	0.0	830730	6083.265518217747	3	1.85
40974.16411346364	1850	19.54756755797372	0.0	846370	4022.287902138265	3	1.85

