76302.86787335752	750	4.0	1.802334509593895	450283	1802.334509593895	0.24983320110841048	-7.000038391253748
76303.21115610977	300	7.65671724775857	0.0	155580	343.2827522414302	0.4532123999360761	-0.15000000000000002
76303.8848233477	750	10.983050009814615	0.0	350812	673.6672379439556	0.520749682099258	0.3
76306.77108192774	1200	12.096791429768091	0.0	617681	2886.2585800465245	0.21400750586596556	0.75
76320.8547843606	1850	4.0	1.9869110030832982	996749	14083.702432851389	0.07077322208079329	-7.343717313258182
76321.1820061461	300	7.672778214496548	0.0	126289	327.22178550345177	0.38594312969014655	-1.25
76321.95233376675	750	10.902450593852562	0.0	352642	770.3276206439853	0.4577818457362275	0.3
76326.23503581513	1200	10.61974854545508	0.0	709534	4282.702048397481	0.16567437846055538	0.75
76328.8282106403	1200	12.02657372028587	0.0	584846	2593.1748251692115	0.2255328080172293	1.2
76342.30141138777	1850	4.0	1.4466270271795383	913888	13473.200747465407	0.06783005887980416	-5.020496216872015
76343.46734525244	300	6.834066135329987	0.0	141840	1165.9338646700126	0.12165355540139848	-1.25
76343.80733415365	300	10.494077234117784	0.0	156148	339.98890121220336	0.45927381583124255	0.3
76344.92677360357	1200	13.37463778419491	0.0	624282	1119.4394499228727	0.5576737536300083	0.29999999999999993
76347.47605346932	2850	14.825357918456096	0.0	1578343	2549.279865738816	0.6191328858052133	1.2000000000000002
76352.77884298826	2850	13.522568399507582	0.0	1231445	5302.789518948514	0.23222588707314604	2.85
76354.8930211139	2850	15.40839027388598	0.0	1471065	2114.178125621601	0.6958093938123044	2.85
76361.21673553724	4300	13.08467585053906	0.0	2289689	6323.714423346918	0.3620797598870932	2.8499999999999996
76363.60758388511	2850	14.693827502666839	0.0	1358801	2390.848347872223	0.5683342488908962	1.4000000000000001
76368.40818569405	2850	13.893225693709912	0.0	1537156	4800.601808956926	0.3202006875746258	2.85
76371.7886339806	2850	14.512777407160804	0.0	1336050	3380.448286549108	0.39522864624676485	2.85
76376.17891879714	2850	14.1224925906185	0.0	1415116	4390.284816542304	0.3223289738897887	2.85
76379.72591193645	2850	14.5754994513266	0.0	1468126	3546.9931392919	0.4139072003655151	2.85
76382.67536941626	2850	15.626041971509832	0.0	1505760	2949.4574798167673	0.5105210060846662	2.85
76386.30031959378	4300	16.00109179400362	0.0	2044075	3624.9501775062135	0.5638905088086542	2.8499999999999996
76395.60076693537	4300	10.700644452397826	0.0	2186790	9300.447341605794	0.23512739975606745	4.3
76396.8387717757	1200	13.462639612086797	0.0	590335	1238.0048403110304	0.4768438545455824	-1.9000000000000001
76400.15659818021	2850	14.144813207566992	0.0	1547572	3317.826404519802	0.4664415226462049	1.2000000000000002
76401.9442081952	2850	16.357203192590212	0.0	1141971	1787.61001497678	0.6388255774091943	2.85
76407.16153045576	4300	15.13988093201758	0.0	2134614	5217.322260572632	0.409139764306166	2.8499999999999996
76413.92028510876	4300	12.381126279025775	0.0	2164140	6758.754652991804	0.32019804107581123	4.3
76416.028472924	1850	14.27293846379774	0.0	873429	2108.187815228035	0.41430321989861435	-0.6000000000000001
76431.22766664128	2850	4.0	0.9262552534817987	1497683	15199.193717279539	0.09853700320282952	-2.1328975899717344
76431.71634455308	300	7.511322088212307	0.0	143881	488.6779117876932	0.29442910458885097	-2.25
76432.96896194569	750	10.2587046955844	0.0	412837	1252.6173926279068	0.32957948886043786	0.3
76434.40613064507	1200	12.821535996194022	0.0	690253	1437.1686993903772	0.48028669166869115	0.75
76436.35963142397	1850	14.868035217304154	0.0	943942	1953.5007788898686	0.48320533587727643	1.2000000000000002
76440.41135130767	2850	14.81631533360046	0.0	1139291	4051.7198837036944	0.2811870101342172	1.85
76444.79208226294	2850	14.435584378336166	0.0	1499009	4380.730955264293	0.3421823926892045	2.85
76448.88492142093	2850	14.342745220340033	0.0	1427478	4092.839157996134	0.34877451688057476	2.85
76450.85018460594	2850	16.37748203533479	0.0	1402287	1965.263185005244	0.7135364925671562	2.85
76453.81014709947	4300	17.417519541794864	0.0	2108491	2959.962493539927	0.7123370666357258	2.8499999999999996
76457.77796235938	4300	17.44970428188936	0.0	2184571	3967.8152599055015	0.550572760298328	4.3
76463.85462182383	4300	15.373044817447855	0.0	2121928	6076.6594644415045	0.3491931730610846	4.3
76472.08282498555	4300	11.144841655732241	0.0	2219102	8228.203161715614	0.269694604810573	4.3
76475.69604314317	1850	11.531623498110257	0.0	958994	3613.2181576219837	0.2654127036246147	-0.6000000000000001
76477.53998886798	1850	13.687677773294967	0.0	982064	1843.9457248152894	0.5325883439971504	1.85
76486.34045467869	2850	8.887211962594957	0.0	1231456	8800.465810700009	0.13993077485770575	1.85
76487.10968014933	750	12.11798649194225	0.0	314107	769.2254706527065	0.4083419127209511	-1.35

