47825.5777836937	300	4.0	3.05645454651713	450283	3056.4545465171304	0	-12.392754550023659
47826.7505618382	300	6.827221855505701	0.0	155580	1172.7781444942996	0	-0.15000000000000002
47827.718535954584	750	9.859247739115963	0.0	139857	967.974116389739	1	0.3
47830.53468583658	750	11.043097857118752	0.0	382355	2816.1498819972117	1	0.3
47832.851251247404	750	12.726532446294652	0.0	411561	2316.5654108240997	1	0.75
47834.32499483655	750	15.252788857156844	0.0	318564	1473.743589137809	1	0.75
47836.940043020324	750	16.637740673379486	0.0	352642	2615.048183777358	1	0.75
47839.397100306596	750	18.180683387109905	0.0	437162	2457.057286269581	1	0.75
47840.959422440144	1850	20.618361253562163	0.0	374758	1562.3221335477408	3	0.75
47844.99366423277	1850	20.58411946093177	0.0	913888	4034.241792630392	3	0.75
47852.16971199109	1850	17.408071702614045	0.0	939819	7176.047758317728	3	1.85
47859.141503407205	1850	14.436280286498302	0.0	917428	6971.791416115742	3	1.85
47863.98282843119	1850	13.594955262512187	0.0	946851	4841.3250239861145	3	1.85
47868.70805718933	1850	12.86972650437308	0.0	1036454	4725.2287581391065	3	1.85
47872.766276014256	1850	12.811507679451207	0.0	821631	4058.218824921873	3	1.85
47877.54907138358	1850	12.028712310122938	0.0	923170	4782.79536932827	3	1.85
47880.97053528835	1850	12.607248405353184	0.0	966699	3421.4639047697533	3	1.85
47884.01257939575	1850	13.565204297955448	0.0	885714	3042.0441073977363	3	1.85
47887.14483154194	1850	14.432952151766887	0.0	987708	3132.2521461885613	3	1.85
47890.369980494426	1850	15.20780319928135	0.0	923755	3225.148952485537	3	1.85
47894.30672714464	1850	15.271056549063475	0.0	891604	3936.7466502178763	3	1.85
47897.37751662569	1850	16.200267068021514	0.0	955231	3070.7894810419602	3	1.85
47900.25527144069	1850	17.322512253015876	0.0	968026	2877.7548150056355	3	1.85
47902.968161972225	1850	18.609621721480302	0.0	874175	2712.8905315355746	3	1.85
47907.55828976511	1850	18.019493928595594	0.0	897976	4590.1277928847085	3	1.85
47911.31210276987	1850	18.265680923833614	0.0	905935	3753.8130047619807	3	1.85
47915.477743126154	1850	18.10004056755383	0.0	1076599	4165.640356279783	3	1.85
47918.05071913604	1850	19.52706455766868	0.0	758197	2572.976009885149	3	1.85
47921.758083604116	1850	19.81970008958364	0.0	972798	3707.3644680850375	3	1.85
47924.681901752425	1850	20.89588194127348	0.0	975811	2923.8181483101607	3	1.85
47927.224044596594	1850	22.353739097106086	0.0	873429	2542.1428441673957	3	1.85
47930.11497742565	1850	23.46280626805112	0.0	954453	2890.932829054962	3	1.85
47933.14161614677	1850	24.43616754692519	0.0	885062	3026.638721125933	3	1.85
47937.23326778552	1850	24.344515908177677	0.0	1035329	4091.651638747513	3	1.85
47939.85168584764	1850	25.726097846060682	0.0	1026056	2618.4180621169944	3	1.85
47943.46711617077	1850	26.11066752293524	0.0	943942	3615.4303231254407	3	1.85
47947.1397969694	1850	26.437986724303837	0.0	728962	3672.680798631406	3	1.85
47953.745571195395	1850	23.832212498312547	0.0	938587	6605.77422599129	3	1.85
47959.02312420097	1850	22.554659492738672	0.0	908665	5277.5530055738745	3	1.85
47965.30419754224	1850	20.27358615147578	0.0	930577	6281.073341262893	3	1.85
47969.01695400995	1850	20.560829683758254	0.0	858450	3712.756467717524	3	1.85
47973.09825332382	1850	20.47953036988659	0.0	1025005	4081.2993138716643	3	1.85
47977.14308258885	1850	20.43470110485706	0.0	886255	4044.8292650295307	3	1.85
47981.27212057169	1850	20.30566312201773	0.0	973972	4129.037982839329	3	1.85
47985.319766756664	1850	20.258016937041234	0.0	958994	4047.6461849764987	3	1.85
47989.82704232322	1850	19.750741370483976	0.0	982064	4507.275566557259	3	1.85
47993.42590636451	1850	20.151877329195784	0.0	830730	3598.8640412881896	3	1.85
47996.48910220196	1850	21.08868149174484	0.0	846370	3063.1958374509436	3	1.85

