6677.270203390016	300	4.0	2.9485282087284	181801	2948.5282087284	-12.378671297532119
6677.943765947605	300	7.326437442410679	0.0	155580	673.5625575893207	0.3
6678.511407624428	300	10.758795765587971	0.0	139857	567.6416768227085	0.3
6679.125773347902	300	14.14443004211412	0.0	155432	614.3657234738517	0.3
6679.76767696219	300	17.502526427826115	0.0	163442	641.9036142880055	0.3
6680.281850831482	300	20.98835255853415	0.0	126289	514.1738692919686	0.3
6680.875925469033	300	24.394277920983377	0.0	153295	594.0746375507683	0.3
6681.452071194021	300	27.818132195995634	0.0	173849	576.1457249877466	0.3
6681.9621807846015	300	31.308022605414706	0.0	150710	510.1095905809253	0.3
6682.439170994924	300	34.83103239509184	0.0	139105	476.9902103228692	0.3
6682.923966591288	300	38.34623679872797	0.0	141840	484.79559636386733	0.3
6683.449595629508	300	41.82060776050868	0.0	156148	525.6290382192975	0.3
6683.98834684872	300	45.281856541296136	0.0	160746	538.7512192125369	0.3
6684.581478920221	300	48.68872446979431	0.0	179801	593.1320715018311	0.3
6685.061168909409	300	52.2090344806068	0.0	140051	479.68998918750697	0.3
6685.535898839752	300	55.73430455026363	0.0	138313	474.7299303431725	0.3
6686.645670412169	750	58.62453297784703	0.0	360831	1109.7715724166005	0.3
6689.385186808929	1200	59.88501658108721	0.0	581493	1739.51639675983	0.75
6693.004251815043	1200	59.928239862300636	0.0	639204	2456.776718786566	1.2
6696.6624297615845	1200	59.844295028843895	0.0	586839	2083.9448334567396	1.2
6699.863131321747	1200	59.992060852055026	0.0	601738	1852.234176788874	1.2
6703.776749937766	1200	59.667985225232165	0.0	616206	2324.075626822858	1.2
6707.613812061673	1200	59.50522558542658	0.0	656471	2162.759639805584	1.2
6710.56986741736	1200	59.57334922208426	0.0	536667	1431.876363342325	1.2
6715.46557903135	1200	58.67763760809423	0.0	587236	4895.711613990033	1.2
6718.245029522743	1200	59.65985764936493	0.0	590335	1517.7799587292966	1.2
6721.011699267194	1200	59.62585802342152	0.0	696376	1533.9996259434088	1.2
6723.484527388878	1850	59.962779120082786	0.0	758197	1663.0789033387346	1.2000000000000002
6726.442587369512	1850	59.85162364068876	0.0	972798	2111.155479394028	1.85
6739.648060441995	1850	50.64615056820515	0.0	975811	13205.473072483603	1.85
6752.096487413612	1850	42.19772359658909	0.0	873429	12448.426971616058	1.85
6760.5739989988415	1850	37.720212011359195	0.0	954453	8477.511585229895	1.85
6768.194168181951	1850	34.10004282824923	0.0	885062	7620.169183109968	1.85
6770.467207443045	1200	35.827003567156	0.0	670129	2273.0392610932304	0.5499999999999999
6772.517112792572	1200	37.77709821762872	0.0	690253	2049.9053495272738	1.2
6774.3058131100015	1200	39.98839790019958	0.0	598727	1788.7003174291401	1.2
6775.777974344163	1200	42.516236666038196	0.0	487812	1472.161234161385	1.2
6777.500647088852	1200	44.79356392134929	0.0	575591	1722.6727446889086	1.2
6779.6684143153225	1200	46.62579669487825	0.0	605884	2167.767226471043	1.2
6781.885340958489	1200	48.40887005171157	0.0	587506	2216.926643166685	1.2
6783.901211515603	1200	50.392999494598016	0.0	566904	2015.8705571135515	1.2
6786.171649474413	1200	52.12256153578735	0.0	641452	2270.4379588106667	1.2
6788.011826576394	1200	54.282384433806406	0.0	599477	1840.177101980939	1.2
6789.883922904454	1200	56.41028810574598	0.0	634861	1872.0963280604349	1.2
6792.178799770939	1200	58.11541123926138	0.0	630203	2294.8768664845984	1.2
6796.126272894058	1200	58.16793811614196	0.0	638661	3947.473123119414	1.2
6798.56304875658	1200	59.73116225361913	0.0	538612	1436.775862522824	1.2
6801.51590403375	1200	59.763417525839216	0.0	550906	1467.744727779921	1.2

