2791.576421795525	300	4.0	10.294943271340475	181801	10294.943271340475	-43.96825606676404
2798.688860566485	300	4.0	3.112438770959624	155580	7112.438770959624	-13.083486715126382
2803.7985121752376	300	4.0	1.109651608752878	139857	5109.651608752878	-4.471501917637376
2809.193820393914	300	4.0	1.3953082186761185	155432	5395.3082186761185	-5.69982534030731
2814.584179585942	300	4.0	1.3903591920282525	163442	5390.359192028252	-5.6785445257214855
2818.6903424875823	300	4.0	0.10616290164024395	126289	4106.162901640244	-0.15650047705304898
2824.087632888973	300	4.0	1.3972904013906082	153295	5397.290401390608	-5.708348725979615
2829.2285728426546	300	4.0	1.1409399536816562	173849	5140.939953681656	-4.606041800831122
2833.397252533977	300	4.0	0.16867969132208782	150710	4168.679691322088	-0.42532267268497764
2837.378794039743	300	4.018458494233705	0.0	139105	3981.5415057662944	0.3
2841.244970014363	300	4.15228251961353	0.0	141840	3866.1759746201756	0.3
2844.601402193158	300	4.79585034081855	0.0	156148	3356.4321787949802	0.3
2848.027188936388	300	5.370063597588519	0.0	160746	3425.786743230031	0.3
2851.463862527436	300	5.933390006540367	0.0	179801	3436.673591048152	0.3
2853.8319470724045	300	7.565305461572267	0.0	140051	2368.0845449680996	0.3
2856.2672860893963	300	9.129966444580575	0.0	138313	2435.339016991693	0.3
2858.791108051102	300	10.606144482874438	0.0	143509	2523.821961706137	0.3
2861.0872269047777	300	12.31002562919856	0.0	150616	2296.118853675878	0.3
2863.7472503346225	300	13.650002199354002	0.0	165384	2660.0234298445553	0.3
2865.634223334032	300	15.763029199944251	0.0	140881	1886.9729994097527	0.3
2867.7363477858808	300	17.660904748095504	0.0	157671	2102.124451848744	0.3
2869.8218643978466	300	19.57538813612975	0.0	157812	2085.516611965756	0.3
2871.983586679302	300	21.413665854674512	0.0	163927	2161.7222814552374	0.3
2873.905977314064	300	23.49127521991246	0.0	137654	1922.3906347620532	0.3
2875.7155358047307	300	25.681716729245522	0.0	146754	1809.5584906669367	0.3
2877.4618042819757	300	27.93544825200066	0.0	153938	1746.2684772448624	0.3
2879.220388615717	300	30.176863918259077	0.0	181901	1758.584333741581	0.3
2880.247175808835	300	33.150076725141226	0.0	111155	1026.7871931178524	0.3
2881.598247939759	300	35.79900459421707	0.0	153605	1351.0721309241594	0.3
2882.9106828285353	300	38.486569705440765	0.0	149029	1312.4348887763053	0.3
2884.29251758973	300	41.10473494424627	0.0	157421	1381.8347611944973	0.3
2885.7298056040154	300	43.66744692996065	0.0	157488	1437.2880142856175	0.3
2887.0018126259633	300	46.39543990801279	0.0	143881	1272.0070219478578	0.3
2888.28736589805	300	49.109886635925584	0.0	163444	1285.5532720872088	0.3
2889.596873909875	300	51.800378624101214	0.0	179328	1309.508011824373	0.3
2890.727447556466	300	54.66980497750995	0.0	159914	1130.57364659126	0.3
2891.6270347748405	300	57.77021775913537	0.0	131610	899.5872183745819	0.3
2894.5170444460327	750	58.8802080879429	0.0	361565	2890.009671192467	0.3
2898.550833200316	750	58.84641933365998	0.0	378327	4033.7887542829167	0.75
2901.7418419100595	750	59.65541062391644	0.0	390680	2691.0087097435394	0.75
2903.922603954067	750	59.77871128435054	0.0	345516	1876.699339565894	0.75
2907.035188744118	750	59.834450241545746	0.0	384505	2944.2610428047988	0.75
2910.968564838903	750	59.901074146760585	0.0	372093	3933.3760947851633	0.75
2913.6370889945165	750	59.53416200546943	0.0	438281	2366.91214129115	0.75
2916.127280730736	750	59.653372129020816	0.0	398987	2380.78987644862	0.75
2919.846672593371	750	59.55837712758901	0.0	393804	3594.9950014318065	0.75
2923.40481304461	750	59.802005296571	0.0	331053	1756.3718310180097	0.75
2926.966704558407	750	59.63144388578308	0.0	314107	1670.5614107879223	0.75

