17997.47190148226	300	4.0	3.1902321405605707	450283	3190.2321405605708	0	-12.967998204410453
17998.22064529365	300	7.251256188605383	0.0	155580	748.7438113946176	0	-0.15000000000000002
17999.451585237417	300	10.020316244840615	0.0	139857	1230.9399437647687	0	0.3
18000.21136898692	750	13.2605324953397	0.0	155432	759.783749500916	1	0.3
18001.788802259747	750	15.683099222512466	0.0	411561	1577.4332728272325	1	0.3
18002.867175623694	1850	18.604725858564024	0.0	318564	1078.3733639484442	3	0.75
18010.00008602752	750	15.471815454737072	0.0	905515	7132.91040382695	1	0.75
18013.56019215726	750	15.911709324996048	0.0	437162	3560.106129741025	1	-0.3500000000000001
18017.04219285203	750	16.429708630225875	0.0	374758	3482.000694770173	1	0.75
18019.0158104763	750	18.45609100595942	0.0	362795	1973.61762426646	1	0.75
18020.70778735222	1850	20.764114130037413	0.0	353220	1691.9768759220026	3	0.75
18024.145490167222	1850	21.326411315036538	0.0	917428	3437.7028150008773	3	0.75
18031.448610906853	1850	18.02329057540386	0.0	946851	7303.120739632678	3	1.85
18037.625054693865	1850	15.846846788396466	0.0	1036454	6176.4437870073925	3	1.85
18040.290012131307	1850	17.181889350951657	0.0	821631	2664.957437444807	3	1.85
18043.436420671645	1850	18.03548081061367	0.0	923170	3146.408540337985	3	1.85
18045.906475683918	1850	19.56542579834185	0.0	966699	2470.0550122718196	3	1.85
18047.47975425052	1850	21.99214723174017	0.0	885714	1573.2785666016825	3	1.85
18055.13434308485	1850	18.337558397409133	0.0	987708	7654.588834331035	3	1.85
18058.079839657166	1850	19.392061825093297	0.0	923755	2945.496572315837	3	1.85
18063.406193614293	1850	18.06570786796644	0.0	891604	5326.353957126854	3	1.85
18066.65944286437	1850	18.812458617890638	0.0	955231	3253.249250075804	3	1.85
18070.68039070079	1850	18.791510781473463	0.0	968026	4020.9478364171773	3	1.85
18073.569428280007	1850	19.902473202252366	0.0	874175	2889.037579221096	3	1.85
18076.604468588845	1850	20.86743289341517	0.0	897976	3035.0403088371977	3	1.85
18078.802080245867	1850	22.6698212363911	0.0	905935	2197.6116570240715	3	1.85
18081.8134137432	1850	23.658487739060785	0.0	1076599	3011.333497330316	3	1.85
18083.76457683657	1850	25.707324645692616	0.0	758197	1951.1630933681654	3	1.85
18086.250670315458	1850	27.221231166802447	0.0	972798	2486.0934788901686	3	1.85
18088.8050228933	1850	28.666878588963083	0.0	975811	2554.3525778393664	3	1.85
18091.803780478473	1850	29.66812100378829	0.0	873429	2998.7575851747943	3	1.85
18098.15294413624	1850	27.31895734602405	0.0	954453	6349.163657764237	3	1.85
18100.650566096487	4300	28.821335385773754	0.0	885062	2497.6219602502983	5	1.85
18110.12310731884	4300	23.3487941634221	0.0	2286761	9472.541222351652	5	1.8499999999999996
18120.599685114896	4300	16.872216367370534	0.0	2307787	10476.577796051566	5	4.3
18130.10831187075	1850	11.363589611514472	0.0	2143948	9508.626755856061	3	4.3
18134.2560277105	1850	11.215873771762135	0.0	728962	4147.715839752336	3	-0.6000000000000001
18138.748926522847	1850	10.72297495941662	0.0	938587	4492.898812345514	3	1.85
18142.24679090977	1850	11.225110572496838	0.0	908665	3497.864386919782	3	1.85
18147.644318397142	1850	9.827583085123822	0.0	930577	5397.527487373018	3	1.85
18149.49947605366	1850	11.972425428604886	0.0	858450	1855.1576565189353	3	1.85
18151.699046761005	1850	13.77285472126003	0.0	1025005	2199.570707344856	3	1.85
18153.61170136975	1850	15.860200112513814	0.0	886255	1912.6546087462161	3	1.85
18156.94511851393	1850	16.52678296833342	0.0	973972	3333.4171441803937	3	1.85
18166.850097403345	750	10.621804078919665	0.0	958994	9904.978889413756	1	1.85
18174.323222893192	300	7.148678589070899	0.0	393804	7473.125489848765	0	-0.3500000000000001
18174.808520138537	750	10.66338134372867	0.0	137507	485.2972453422296	1	-0.15000000000000002
18175.814339928384	1850	13.657561553880068	0.0	314107	1005.819789848602	3	0.3

