73566.52122444614	750	4.0	3.0591871253817504	450283	3059.1871253817503	0.14719040762954638	-12.404504639141527
73567.66154913393	300	6.859675312214498	0.0	155580	1140.324687785502	0.13643482568296814	-0.15000000000000002
73568.65700502458	300	9.864219421553145	0.0	139857	995.4558906613528	0.14049542657995923	0.3
73572.83485098861	1200	9.686373457519542	0.0	617681	4177.845964033604	0.14784676249854953	0.29999999999999993
73577.33555667738	1200	9.185667768744986	0.0	652874	4500.705688774555	0.14506036278452225	1.2
73580.90617336643	1200	9.615051079699896	0.0	520315	3570.6166890450913	0.14572132640178484	1.2
73584.54779311444	1200	9.973431331689932	0.0	561791	3641.619748009963	0.1542695390717282	1.2
73589.34272147309	1200	9.178502973033533	0.0	709534	4794.928358656399	0.14797593351297134	1.2
73593.08990263379	1200	9.431321812348658	0.0	584846	3747.181160684876	0.15607625436852568	1.2
73596.86571054907	1200	9.655513897058388	0.0	560821	3775.80791529027	0.148530066301555	1.2
73600.92604925793	1200	9.595175188195961	0.0	607410	4060.338708862427	0.14959589422286798	1.2
73604.9248170852	1200	9.596407360940084	0.0	594078	3998.767827255878	0.14856526451741542	1.2
73609.18772572107	1200	9.333498725055248	0.0	624282	4262.908635884837	0.1464450808879276	1.2
73613.8252415088	1200	8.695982937323256	0.0	687371	4637.515787731992	0.14821965713159618	1.2
73616.01869947137	750	10.50252497476454	0.0	337059	2193.4579625587157	0.15366558454888896	0.3
73619.97651144255	1200	10.544713003583741	0.0	587876	3957.8119711808	0.14853560610778818	0.75
73623.9875397724	1200	10.533684673743814	0.0	617242	4011.028329839927	0.1538862229937511	1.2
73627.9220217311	1200	10.59920271503456	0.0	581493	3934.481958709254	0.1477940440704841	1.2
73632.05910298025	1200	10.462121465886609	0.0	639204	4137.081249147952	0.1545060300983082	1.2
73635.01328010637	1200	11.507944339743505	0.0	586839	2954.1771261431045	0.19864719512135737	1.2
73640.46601263499	1850	10.055211811128938	0.0	891604	5452.732528614565	0.1635150808005137	1.2000000000000002
73643.87224743926	1200	10.648977006872514	0.0	616206	3406.2348042564245	0.18090532080465804	0.5499999999999999
73648.1751228831	1200	10.34610156302933	0.0	656471	4302.875443843182	0.1525656525659647	1.2
73650.35476630657	1200	12.16645813955471	0.0	536667	2179.643423474622	0.24621779609459524	1.2
73655.70153841235	1850	10.819686033774186	0.0	897976	5346.772105780526	0.16794731143098024	1.2000000000000002
73659.3946798448	1200	11.126544601320049	0.0	590335	3693.1414324541365	0.1598463017994183	0.5499999999999999
73666.45227959247	1850	8.068944853652596	0.0	1076599	7057.599747667453	0.1525446381903164	1.2000000000000002
73668.2672418042	750	10.253982641905335	0.0	277716	1814.9622117472597	0.15301475601116976	-0.3500000000000001
73671.30595311437	1200	11.215271331757677	0.0	622896	3038.711310147659	0.204986896227971	0.75
73677.95388288895	1850	8.56734155717833	0.0	975811	6647.929774579346	0.14678419193466066	1.2000000000000002
73679.90208669017	750	10.619137755955748	0.0	358218	1948.2038012225814	0.18387090702482092	-0.3500000000000001
73683.74090042873	1200	10.780324017403675	0.0	620283	3838.8137385520727	0.16158194750911747	0.75
73687.80776676982	1200	10.713457676300184	0.0	584349	4066.8663411034904	0.1436853220608781	1.2
73693.3903490518	1200	9.130875394315916	0.0	670129	5582.582281984268	0.12003925175677124	1.2
73696.78897491138	1200	9.732249534747869	0.0	690253	3398.6258595680492	0.20309767197726442	1.2
73700.19762312669	1200	10.323601319442128	0.0	598727	3408.6482153057395	0.17564939594281279	1.2
73703.50581157376	1200	11.015412872369772	0.0	487812	3308.188447072356	0.14745592876720745	1.2
73708.6720594455	1850	9.84916500063368	0.0	938587	5166.247871736092	0.18167672618553482	1.2000000000000002
73712.7414492246	1200	9.779775221531049	0.0	605884	4069.3897791026316	0.14888817068135646	0.5499999999999999
73716.7290773083	1200	9.792147137842003	0.0	587506	3987.628083689046	0.1473321953978428	1.2
73720.57515507251	1200	9.946069373632643	0.0	566904	3846.07776420936	0.14739795572400202	1.2
73725.01705768844	1200	9.504166757697117	0.0	641452	4441.902615935525	0.14440928932092345	1.2
73729.03957037957	1200	9.481654066576287	0.0	599477	4022.512691120832	0.14903048070507438	1.2
73733.20777249911	1200	9.31345194703689	0.0	634861	4168.202119539395	0.15231051225273953	1.2
73737.40367362731	1200	9.11755081883987	0.0	630203	4195.901128197019	0.1501949118307272	1.2
73741.57695519435	1200	8.944269251800172	0.0	638661	4173.281567039699	0.15303568420690858	1.2
73743.84630206786	750	10.67492237829135	0.0	331053	2269.3468735088204	0.14588029880515016	0.3
73747.53769066441	1200	10.983533781744354	0.0	550906	3691.3885965469967	0.14924085763155068	0.75

