17116.664133246573	750	4.0	1.9423451961949387	450283	1942.3451961949388	0.23182439500563853	-7.602084343638236
17117.101543608296	300	7.562589638278367	0.0	155580	437.4103617216328	0.35568430383688726	-0.15000000000000002
17117.987455960887	750	10.6766772856862	0.0	350812	885.9123525921677	0.3959895117993657	0.3
17119.493045520958	1200	13.171087725616953	0.0	617681	1505.5895600692456	0.4102585567686796	0.75
17123.100558866194	2850	13.563574380378078	0.0	1472558	3607.5133452388745	0.40819197576731164	1.2000000000000002
17126.01782097929	2850	14.646312267284848	0.0	1224260	2917.2621130932307	0.41966061071622146	2.85
17132.39697192543	2850	12.267161321143613	0.0	1388403	6379.150946141234	0.2176469896577457	2.85
17135.536810092115	1850	13.127323154458653	0.0	1060487	3139.838166684961	0.33775212087432566	0.8500000000000001
17139.076481017342	2850	13.587652229229763	0.0	1348011	3539.6709252288897	0.38082946931368544	1.85
17142.825973625644	2850	13.838159620927692	0.0	1429765	3749.492608302071	0.3813222612665606	2.85
17146.269867696436	2850	14.394265550139245	0.0	1354548	3443.8940707884467	0.3933187177530954	2.85
17154.3400581957	2850	10.324075050873939	0.0	1519951	8070.190499265307	0.18834140286259327	2.85
17157.78393039605	1200	10.880202850523446	0.0	624282	3443.8722003504913	0.18127327719549677	-0.44999999999999996
17159.491625274983	1200	13.172507971592431	0.0	687371	1707.6948789310159	0.4025139434922244	1.2
17162.707596433193	2850	13.956536813382911	0.0	1231445	3215.9711582095206	0.38291543655683846	1.2000000000000002
17172.01859746	2850	8.645535786575717	0.0	1471065	9311.001026807193	0.15799214238777057	2.85
17173.066599823193	750	11.59753342338275	0.0	360831	1048.0023631929678	0.34430361292378164	-1.35
17178.473150777205	1850	10.190982469370509	0.0	885714	5406.55095401224	0.1638223716994113	0.75
17180.538469538744	1200	12.125663707833501	0.0	639204	2065.318761537009	0.3094941138888918	0.5499999999999999
17183.453384849206	1850	13.21074839737423	0.0	923755	2914.9153104592697	0.31690629113147534	1.2000000000000002
17187.673910661757	2850	12.990222584822678	0.0	1415116	4220.525812551552	0.33529376737645883	1.85
17190.17991560015	1850	14.484217646429995	0.0	955231	2506.0049383926844	0.3811768226652703	0.8500000000000001
17195.97525535535	2850	12.688877891228781	0.0	1505760	5795.339755201213	0.25982255805599797	1.85
17198.254754423157	1850	14.409378823421322	0.0	874175	2279.4990678074596	0.3834943441502816	0.8500000000000001
17204.80906233301	2850	11.855070913566603	0.0	1383735	6554.30790985472	0.21111840014709826	1.85
17209.025550421866	1850	11.63858282471068	0.0	905935	4216.488088855924	0.21485534428387557	0.8500000000000001
17211.728647802105	1850	12.935485444474551	0.0	1076599	2703.0973802361304	0.3982834683913434	1.85
17214.33384671455	1850	14.330286532026541	0.0	758197	2605.198912448009	0.2910322879290435	1.85
17219.196996483013	2850	13.467136763566709	0.0	1498470	4863.149768459833	0.30812746292914767	1.85
17222.948634623746	2850	13.715498622832277	0.0	1561263	3751.6381407344325	0.41615500787460336	2.85
17227.017802111495	2850	13.646331135085354	0.0	1341201	4069.1674877469204	0.32960083457823386	2.85
17232.369616595675	2850	12.294516650906752	0.0	1497683	5351.8144841786025	0.2798458362911405	2.85
17234.574415721323	1850	14.089717525256594	0.0	885062	2204.79912565016	0.4014252317607434	0.8500000000000001
17242.249438194896	2850	10.414695051682862	0.0	1587293	7675.022473573733	0.2068128146158908	1.85
17245.907756166813	1200	10.756377079767365	0.0	690253	3658.3179719154987	0.18868042780835229	-0.44999999999999996
17249.672613274823	1200	10.991519971755325	0.0	598727	3764.857108012039	0.15903047122979558	1.2
17251.735898280785	1200	12.928234965795971	0.0	487812	2063.2850059593547	0.23642492364896753	1.2
17254.774410229355	1850	13.88972301722424	0.0	938587	3038.511948571732	0.30889692582620504	1.2000000000000002
17261.549919533172	2850	11.114213713409798	0.0	1427478	6775.509303814442	0.210682021969384	1.85
17265.53417115429	1850	11.129962092290917	0.0	930577	3984.2516211188813	0.2335638128544376	0.8500000000000001
17268.310645072535	1850	12.353488174045983	0.0	858450	2776.4739182449316	0.30918712917088903	1.85
17270.88367313661	1850	13.780460109970411	0.0	1025005	2573.028064075574	0.3983652624357438	1.85
17274.13305249611	2850	14.53108075047319	0.0	1343002	3249.37935949722	0.4133103129601353	1.85
17277.89650557612	2850	14.767627670462971	0.0	1587250	3763.4530800102193	0.4217536305768664	2.85
17287.146743116173	2850	9.517390130409423	0.0	1464921	9250.237540053547	0.15836577100392168	2.85
17288.98170455079	1200	11.6824286957932	0.0	638661	1834.9614346162232	0.34805145653296743	-0.44999999999999996
17291.22913050656	1850	13.435002740022734	0.0	830730	2247.425955770466	0.36963620441733663	1.2000000000000002
17295.230485120715	2850	13.433648125870993	0.0	1364537	4001.354614151739	0.3410187627894792	1.85

