81219.16686087263	750	4.0	12.243919949509024	450283	12243.919949509025	0.03677604899875681	-51.8988557828888
81224.69431962282	300	4.0	1.5274587501970618	155580	5527.458750197062	0.02814675007650728	-6.718072625847366
81226.14935602978	300	6.544963593048041	0.0	139857	1455.0364069519594	0.09611924439263712	0.3
81228.37943742744	300	8.314882195381758	0.0	155432	2230.081397666285	0.0696979043736498	0.3
81233.3710631714	750	7.323256451420489	0.0	411561	4991.625743961267	0.08245029197108683	0.3
81239.03027073684	750	5.6640488859755935	0.0	318564	5659.207565444896	0.05629127334808336	0.75
81241.10390727925	300	7.590412343563613	0.0	153295	2073.6365424119804	0.07392568411323072	-0.15000000000000002
81246.73931288061	750	5.95500674219828	0.0	437162	5635.4056013653335	0.07757418559084467	0.3
81247.60156551427	300	9.092754108556129	0.0	150710	862.2526336421511	0.17478636088752975	-0.15000000000000002
81250.72779339265	1200	9.966526230159408	0.0	560821	3126.2278783967195	0.17939223300881574	0.29999999999999993
81259.35704826856	1200	5.337271354262519	0.0	607410	8629.25487589689	0.07038962329141638	1.2
81260.79141852309	300	7.902901099724786	0.0	156148	1434.370254537733	0.10886171091879145	-0.6000000000000001
81262.34614011273	750	10.348179510079415	0.0	386351	1554.7215896453704	0.24850172698002224	0.3
81268.67400769735	1200	8.020311925469937	0.0	687371	6327.867584609479	0.10862600881090034	0.75
81269.96483637698	750	10.729483245832851	0.0	337059	1290.8286796370846	0.2611183074230764	0.3
81273.61190769255	1200	11.082411930267655	0.0	587876	3647.071315565196	0.16119125433358722	0.75
81278.89333361773	1850	9.800986005089117	0.0	966699	5281.425925178539	0.18303750042036626	1.2000000000000002
81284.59128885041	1200	8.103030772414094	0.0	581493	5697.955232675022	0.10205292534862655	0.5499999999999999
81285.98938850475	750	10.704931118083373	0.0	405596	1398.099654330724	0.290105214419898	0.3
81289.0143295463	1200	11.679990076530585	0.0	586839	3024.9410415527877	0.19400014477596528	0.75
81296.21624290953	1850	8.478076713304748	0.0	891604	7201.913363225837	0.12380098940827	1.2000000000000002
81300.85350352622	750	7.840816096635953	0.0	399894	4637.260616668796	0.08623496349602759	-0.3500000000000001
81304.89375851981	750	7.8005611030353466	0.0	401853	4040.2549936006067	0.09946228657262929	0.75
81306.33001806066	750	10.364301562201277	0.0	343800	1436.2595408340694	0.23937177802860568	0.75
81308.7123540748	1200	11.981965548048334	0.0	587236	2382.3360141529424	0.24649587485197644	0.75
81311.84000638041	1850	12.85431324244314	0.0	905935	3127.6523056051933	0.289653360246098	1.2000000000000002
81316.81269002744	1850	11.881629595428397	0.0	1076599	4972.683647014744	0.21650261235627083	1.85
81322.05443288248	1850	10.639886740389302	0.0	758197	5241.742855039095	0.14464597386175004	1.85
81324.45711319681	1200	12.237206426055376	0.0	622896	2402.680314333926	0.25925046968750814	0.5499999999999999
81328.85148684702	1850	11.842832775838799	0.0	975811	4394.3736502165775	0.22205917786529303	1.2000000000000002
81337.63409987735	1850	7.060219745514547	0.0	873429	8782.613030324252	0.09944978755004458	1.85
81339.07820567918	750	9.616113943690385	0.0	400322	1444.1058018241615	0.2772109907004891	-0.3500000000000001
81341.48278413313	1200	11.21153548975308	0.0	584349	2404.578453937305	0.24301515263233572	0.75
81346.72779301969	1850	9.966526603189719	0.0	1035329	5245.008886563362	0.19739318319408397	1.2000000000000002
81348.60331555898	1200	12.091004063889311	0.0	690253	1875.5225393004087	0.3680323672662832	0.5499999999999999
81352.09155156313	1850	12.602768059744806	0.0	943942	3488.2360041445054	0.27060726363653914	1.2000000000000002
81355.69141564413	1850	13.002903978728915	0.0	728962	3599.8640810158895	0.2024970897774244	1.85
81360.81100382806	2850	11.883315794807878	0.0	1499009	5119.588183921037	0.2927987459436484	1.85
81369.65729099691	1850	7.037028625968593	0.0	908665	8846.287168839284	0.1027171040977212	0.8500000000000001
81371.72944641975	750	8.964873203129269	0.0	390680	2072.155422839323	0.1885379811253153	-0.3500000000000001
81373.59079941192	750	11.103520210955622	0.0	345516	1861.352992173646	0.18562626296719476	0.75
81377.40635275703	1850	11.287966865853614	0.0	1025005	3815.5533451020087	0.26863862388814186	0.75
81382.94029018992	1850	9.75402943296054	0.0	886255	5533.9374328930735	0.16014908205000736	1.85
81385.03301776118	1200	11.661301861706608	0.0	634861	2092.727571253933	0.30336533465729615	0.5499999999999999
81397.27520533997	1850	4.0	0.5808857170965639	958994	12242.187578803172	0.07833518264827583	-1.2978085835152244
81398.34919993782	300	6.926005402141178	0.0	160064	1073.9945978588216	0.1490361313912686	-1.25
81399.2831159662	300	9.992089373753952	0.0	137507	933.9160283872261	0.14723700613368848	0.3
81401.89392849327	1200	11.38127684668525	0.0	550906	2610.8125270687015	0.2110094058030783	0.29999999999999993

