25645.251689565765	750	4.0	1.7194156181741134	450283	1719.4156181741134	1	-6.643487158148687
25646.263868791768	750	6.987820773996492	0.0	398865	1012.1792260035082	1	0.75
25647.10797336482	1850	10.143716200943219	0.0	350812	844.1045730532727	3	0.75
25649.220744363305	1850	12.03094520245723	0.0	933276	2112.7709984859875	3	0.75
25651.150059726515	1850	14.101629839246197	0.0	996749	1929.3153632110327	3	1.85
25656.376662683637	1850	12.875026882125232	0.0	801058	5226.602957120966	3	1.85
25663.94268740258	750	9.309002163182663	0.0	905515	7566.024718942569	1	1.85
25667.432068070844	750	9.819621494919385	0.0	437162	3489.3806682632794	1	-0.3500000000000001
25669.066333141553	750	12.18535642420746	0.0	374758	1634.2650707119237	1	0.75
25669.86902079182	1850	15.382668773945296	0.0	362795	802.6876502621648	3	0.75
25672.267848592914	1850	16.983840972849933	0.0	939819	2398.8278010953613	3	0.75
25676.912907106027	1850	16.338782459735903	0.0	917428	4645.05851311403	3	1.85
25679.9248285811	1850	17.32686098466146	0.0	946851	3011.921475074443	3	1.85
25687.62808337124	1850	13.623606194523887	0.0	1036454	7703.254790137574	3	1.85
25691.342854045186	1850	13.908835520576728	0.0	821631	3714.77067394716	3	1.85
25696.261625517873	1850	12.99006404789317	0.0	923170	4918.771472683557	3	1.85
25699.028998725465	1850	14.222690840297295	0.0	966699	2767.3732075958756	3	1.85
25701.530551154407	1850	15.721138411357733	0.0	885714	2501.5524289395617	3	1.85
25704.042291602575	1850	17.20939796318818	0.0	987708	2511.7404481695507	3	1.85
25706.811894862363	1850	18.4397947033973	0.0	923755	2769.603259790881	3	1.85
25709.24643450695	1850	20.00525505881267	0.0	891604	2434.539644584629	3	1.85
25713.867917492524	1850	19.383772073238916	0.0	955231	4621.482985573753	3	1.85
25716.475140514514	1850	20.776549051246747	0.0	968026	2607.22302199217	3	1.85
25718.596609405962	1850	22.655080159802267	0.0	874175	2121.4688914444796	3	1.85
25720.69866757509	1850	24.553021990674033	0.0	897976	2102.058169128235	3	1.85
25723.3375180756	1850	25.914171490159813	0.0	905935	2638.8505005142183	3	1.85
25727.635503727353	1850	25.61618583840462	0.0	1076599	4297.985651755195	3	1.85
25730.683611486307	1850	26.56807807945046	0.0	758197	3048.1077589541596	3	1.85
25734.690722198466	1850	26.560967367295525	0.0	972798	4007.1107121549303	3	1.85
25738.744286774614	1850	26.507402791145456	0.0	975811	4053.56457615007	3	1.85
25741.27349771106	1850	27.978191854699535	0.0	873429	2529.210936445919	3	1.85
25745.76074160284	1850	27.49094796291574	0.0	954453	4487.243891783798	3	1.85
25749.06397819697	1850	28.187711368786147	0.0	885062	3303.2365941295934	3	1.85
25753.517795420816	1850	27.73389414494126	0.0	1035329	4453.817223844885	3	1.85
25757.577755512288	1850	27.673934053469242	0.0	1026056	4059.9600914720163	3	1.85
25762.195949254346	1850	27.055740311410876	0.0	943942	4618.193742058369	3	1.85
25763.698800943268	1850	29.552888622491114	0.0	728962	1502.8516889197606	3	1.85
25767.415174991544	1850	29.836514574211744	0.0	938587	3716.3740482793683	3	1.85
25769.406915188018	1850	31.84477437773842	0.0	908665	1991.740196473325	3	1.85
25771.513970242388	1850	33.73771932336677	0.0	930577	2107.055054371651	3	1.85
25773.36388423278	4300	35.887805332975766	0.0	858450	1849.9139903910084	5	1.85
25787.65775748238	1850	25.59393208337486	0.0	2184571	14293.873249600907	3	1.8499999999999996
25790.8002246151	1850	26.45146495065314	0.0	886255	3142.4671327217206	3	-0.6000000000000001
25793.001635682074	1850	28.250053883683247	0.0	973972	2201.4110669698935	3	1.85
25795.09653618523	1850	30.155153380527445	0.0	958994	2094.9005031558004	3	1.85
25797.25063070364	1850	32.001058862115784	0.0	982064	2154.094518411666	3	1.85
25804.155265198795	1850	29.09642436696273	0.0	830730	6904.634495153051	3	1.85
25811.97091543484	1850	25.28077413091712	0.0	846370	7815.650236045608	3	1.85

