44930.51252795468	750	4.0	1.0320529438234722	450283	1032.0529438234723	1	-3.6878276584409306
44931.602735564345	750	6.909792390333689	0.0	398865	1090.2076096663102	1	0.75
44932.41475203266	1850	10.097775922016153	0.0	350812	812.0164683175373	3	0.75
44935.88473459649	1850	10.627793358184093	0.0	933276	3469.9825638320604	3	0.75
44938.222013329825	1850	12.29051462484738	0.0	996749	2337.278733336712	3	1.85
44942.82296354388	1850	11.689564410800292	0.0	801058	4600.9502140470895	3	1.85
44945.12348857303	1850	13.389039381644354	0.0	905515	2300.525029155939	3	1.85
44947.51101688722	1850	15.001511067454377	0.0	1060487	2387.528314189976	3	1.85
44949.348498383035	1850	17.164029571634753	0.0	852833	1837.4814958196262	3	1.85
44951.31674695759	1850	19.19578099707954	0.0	913888	1968.2485745552112	3	1.85
44953.273414075644	1850	21.239113879027418	0.0	939819	1956.667118052126	3	1.85
44955.18217842518	1850	23.330349529488984	0.0	917428	1908.7643495384336	3	1.85
44957.35289868362	1850	25.15962927105193	0.0	946851	2170.720258437053	3	1.85
44959.58017120358	1850	26.932356751086154	0.0	1036454	2227.2725199657752	3	1.85
44961.30635559345	1850	29.20617236122214	0.0	821631	1726.1843898640152	3	1.85
44963.39753352887	1850	31.11499442580053	0.0	923170	2091.1779354216133	3	1.85
44965.53098460536	1850	32.98154334931881	0.0	966699	2133.4510764817187	3	1.85
44967.46992377177	4300	35.04260418290737	0.0	885714	1938.9391664114485	5	1.85
44972.69384664704	4300	33.81868130763845	0.0	2220726	5223.922875268916	5	1.8499999999999996
44979.104883131746	4300	31.40764482293195	0.0	2156729	6411.036484706501	5	4.3
44984.48369714651	4300	30.0288308081639	0.0	2039773	5378.81401476805	5	4.3
44989.352012933676	4300	29.160515020997373	0.0	2176469	4868.315787166528	5	4.3
44994.199906320064	4300	28.312621634614654	0.0	2221506	4847.893386382719	5	4.3
44999.85416033563	4300	26.65836761904889	0.0	2044075	5654.254015565767	5	4.3
45005.938693509175	4300	24.573834445502776	0.0	2186790	6084.533173546113	5	4.3
45010.83522823191	4300	23.67729972277128	0.0	2105231	4896.534722731497	5	4.3
45016.60661613518	4300	21.905911819494577	0.0	2395588	5771.387903276704	5	4.3
45020.842512515264	4300	21.670015439410108	0.0	1972048	4235.896380084469	5	4.3
45028.186087649876	4300	18.32644030479805	0.0	2134614	7343.575134612055	5	4.3
45032.58949090468	4300	17.92303704999653	0.0	2164140	4403.403254801519	5	4.3
45037.71925699041	4300	16.79327096425968	0.0	2113193	5129.766085736854	5	4.3
45042.56490615555	4300	15.947621799119668	0.0	2147852	4845.649165140009	5	4.3
45047.203449138426	4300	15.309078816245853	0.0	2191074	4638.542982873815	5	4.3
45053.3143774998	4300	13.198150454863882	0.0	2286761	6110.92836138197	5	4.3
45058.11219298894	4300	12.4003349657283	0.0	2307787	4797.815489135582	5	4.3
45064.30263343577	4300	10.209894518895199	0.0	2143948	6190.440446833101	5	4.3
45070.4562901967	1850	8.056237757962203	0.0	1919781	6153.656760932996	3	4.3
45074.57173462314	1850	7.94079333152602	0.0	938587	4115.444426436183	3	-0.6000000000000001
45076.320943998886	1850	10.191583955780759	0.0	908665	1749.2093757452599	3	1.85
45078.375164651	1850	12.137363303670131	0.0	930577	2054.220652110628	3	1.85
45080.33748444588	1850	14.175043508786063	0.0	858450	1962.3197948840693	3	1.85
45083.44837681165	1850	15.064151143021904	0.0	1025005	3110.8923657641567	3	1.85
45085.368009247366	1850	17.144518707303977	0.0	886255	1919.6324357179296	3	1.85
45087.45724448203	1850	19.05528347263001	0.0	973972	2089.2352346739685	3	1.85
45089.39219866516	1850	21.12032928950093	0.0	958994	1934.9541831290824	3	1.85
45092.778811442215	1850	21.733716512450425	0.0	982064	3386.6127770505045	3	1.85
45094.60377810035	1850	23.90874985431165	0.0	830730	1824.9666581387708	3	1.85
45096.40234630377	1850	26.110181650893956	0.0	846370	1798.5682034176962	3	1.85

