64606.40405558813	750	4.0	5.325431284314587	450283	5325.431284314587	-22.149354522552724
64616.04158536325	1850	4.0	5.63752977512649	957685	9637.52977512649	-23.491378033043905
64619.50438571844	750	4.53719964480847	0.0	350812	3462.8003551915303	-0.3500000000000001
64621.083181155336	300	6.958404207913125	0.0	155432	1578.7954368953456	-0.15000000000000002
64622.73921520108	300	9.302370162175766	0.0	163442	1656.0340457373582	0.3
64624.03699131494	300	12.004594048311978	0.0	126289	1297.776113863788	0.3
64627.517437944065	750	12.52414741919025	0.0	352642	3480.4466291217277	0.3
64631.812891716676	750	12.228693646582014	0.0	437162	4295.4537726082335	0.75
64635.506597905485	750	12.53498745776616	0.0	374758	3693.706188815855	0.75
64639.08494760522	750	12.956637758036072	0.0	362795	3578.349699730087	0.75
64642.57096775692	750	13.47061760632874	0.0	353220	3486.020151707331	0.75
64646.55758280743	750	13.484002555816884	0.0	405134	3986.615050511856	0.75
64650.36307765945	750	13.67850770379186	0.0	386351	3805.494852025024	0.75
64654.63198487898	750	13.409600484260038	0.0	434409	4268.907219531821	0.75
64657.96216818206	750	14.079417181178895	0.0	337059	3330.183303081143	0.75
64661.57348652145	750	14.468098841794522	0.0	366214	3611.3183393843738	0.75
64665.13289781571	750	14.908687547528318	0.0	360831	3559.4112942662027	0.75
64668.80929522764	750	15.23229013560028	0.0	372963	3676.3974119280374	0.75
64672.80036523911	750	15.241220124128997	0.0	405596	3991.070011471283	0.75
64676.262210959816	750	15.779374403428772	0.0	350713	3461.8457207002243	0.75
64680.06887258733	750	15.972712775914372	0.0	386472	3806.6616275143983	0.75
64684.004959509206	750	16.036625854033247	0.0	399894	3936.0869218811263	0.75
64687.9599366227	750	16.081648740551433	0.0	401853	3954.9771134818143	0.75
64691.35512185614	750	16.686463507107742	0.0	343800	3395.1852334436917	0.75
64694.90558465739	750	17.13600070585095	0.0	359903	3550.4628012567905	0.75
64698.6469454286	750	17.394639934650925	0.0	379700	3741.3607712000276	0.75
64702.669621337955	750	17.371964025288843	0.0	425781	4022.675909362083	0.75
64705.212398996235	750	18.829186367013143	0.0	277716	2542.777658275699	0.75
64708.84309943576	750	19.198485927488747	0.0	400396	3630.7004395243957	0.75
64712.47479308813	750	19.566792275121994	0.0	400508	3631.693652366748	0.75
64715.73146021279	750	20.310125150461534	0.0	358218	3256.6671246604606	0.75
64719.361504422406	750	20.680080940850836	0.0	400322	3630.044209610698	0.75
64722.721181907575	750	21.32040345568349	0.0	369834	3359.677485167347	0.75
64726.0135606318	750	22.0280247314573	0.0	412837	3292.378724226188	0.75
64728.19518081998	750	23.84640454327453	0.0	401088	2181.6201881827687	0.75
64733.2212464307	1850	22.820338932551646	0.0	943942	5026.065610722881	0.75
64737.12086022024	1850	22.920725143013975	0.0	728962	3899.613789537675	1.85
64742.1188667115	1850	21.922718651755446	0.0	938587	4998.006491258527	1.85
64746.96008796044	1850	21.08149740281483	0.0	908665	4841.22124894062	1.85
64751.91612366796	1850	20.1254616952929	0.0	930577	4956.03570752193	1.85
64756.494228449315	1850	19.54735691393445	0.0	858450	4578.104781358449	1.85
64761.94504782309	1850	18.096537540160423	0.0	1025005	5450.81937377403	1.85
64766.66884519393	1850	17.372740169314326	0.0	886255	4723.797370846097	1.85
64771.85226194518	1850	16.189323418065854	0.0	973972	5183.416751248473	1.85
64777.031419249244	1850	15.010166113999025	0.0	958994	5179.157304066827	1.85
64782.397778820596	1850	13.643806542648013	0.0	982064	5366.35957135101	1.85
64786.949521483715	1850	13.092063879533976	0.0	830730	4551.742663114037	1.85
64791.58545281854	1850	12.456132544708186	0.0	846370	4635.931334825788	1.85

