7617.016570431378	300	4.0	15.826229161113698	450283	15826.229161113699	0	-67.3027853927889
7619.735967142094	300	5.280603289283702	0.0	155580	2719.396710716298	0	-0.15000000000000002
7625.218363153875	300	4.0	0.20179272249729638	139857	5482.396011780998	0	-0.5677087067383744
7631.229540550609	300	4.0	2.0111773967338187	155432	6011.177396733819	0	-8.348062805955418
7633.913163677522	300	5.3163768730872105	0.0	163442	2683.623126912789	0	0.3
7637.8838073993975	300	5.345733151211886	0.0	126289	3970.643721875326	0	0.3
7639.773930055296	300	7.455610495313418	0.0	153295	1890.122655898467	0	0.3
7641.906756394089	300	9.32278415652029	0.0	173849	2132.8263387931283	0	0.3
7647.552933093999	300	7.67660745661132	0.0	150710	5646.1766999089705	0	0.3
7650.1545683455915	300	9.074972205018813	0.0	139105	2601.635251592507	0	0.3
7652.805782493795	300	10.423758056815073	0.0	141840	2651.2141482037396	0	0.3
7661.104870162109	300	6.124670388501647	0.0	156148	8299.087668313427	0	0.3
7665.881173403727	300	5.348367146883836	0.0	160746	4776.30324161781	0	0.3
7671.156640670258	300	4.072899880353438	0.0	179801	5275.467266530399	0	0.3
7678.708576801332	300	4.0	3.4790362507205344	140051	7551.936131073972	0	-14.659855878098297
7687.5943055951975	300	4.0	4.885728793866367	138313	8885.728793866367	0	-20.708633813625376
7696.33700039402	300	4.0	4.742694798822968	143509	8742.694798822968	0	-20.09358763493876
7698.800392242602	300	5.53660815141839	0.0	150616	2463.3918485816102	0	0.3
7701.4526292297705	300	6.8843711642497905	0.0	165384	2652.2369871685996	0	0.3
7702.91887734266	300	9.418123051361246	0.0	140881	1466.2481128885443	0	0.3
7704.547078381677	300	11.78992201234397	0.0	157671	1628.2010390172763	0	0.3
7706.950056135814	300	13.386944258207444	0.0	157812	2402.977754136525	0	0.3
7715.03453782115	300	9.302462572871955	0.0	163927	8084.48168533549	0	0.3
7716.961138194507	300	11.37586219951444	0.0	137654	1926.6003733575149	0	0.3
7718.441174398886	750	13.895825995135715	0.0	146754	1480.0362043787266	1	0.3
7723.434305345145	750	12.902695048876273	0.0	379700	4993.13094625944	1	0.3
7731.428545777309	300	8.908454616711657	0.0	425781	7994.240432164616	0	0.75
7732.702929498265	300	11.634070895757217	0.0	111155	1274.3837209544408	0	-0.15000000000000002
7734.443065094828	300	13.893935299194158	0.0	153605	1740.1355965630585	0	0.3
7736.179396868543	750	16.157603525478127	0.0	149029	1736.3317737160319	1	0.3
7745.095899478153	300	11.241100915868193	0.0	358218	8916.502609609932	0	0.3
7754.573252575151	300	5.763747818870565	0.0	157488	9477.35309699763	0	-0.15000000000000002
7762.7845233114585	300	4.0	2.4475229174371798	143881	8211.270736307744	0	-10.224348544979872
7775.61319239384	300	4.0	8.828669082381506	163444	12828.669082381506	0	-37.663277054240474
7784.8025075522755	300	4.0	5.18931515843514	179328	9189.31515843514	0	-22.0140551812711
7786.966112367172	300	5.8363951851031945	0.0	159914	2163.6048148968057	0	0.3
7789.136684997586	300	7.66582255468906	0.0	131610	2170.5726304141335	0	0.3
7791.536414052121	300	9.266093500154668	0.0	124011	2399.7290545343926	0	0.3
7793.04317491156	300	11.759332640715805	0.0	144254	1506.760859438864	0	0.3
7794.48649219333	750	14.316015358945013	0.0	149991	1443.3172817707919	1	0.3
7797.670658685328	750	15.13184886694724	0.0	345516	3184.1664919977725	1	0.3
7801.482896369624	750	15.319611182651217	0.0	384505	3812.2376842960234	1	0.75
7804.893151942763	750	15.909355609511552	0.0	372093	3410.255573139664	1	0.75
7808.834136556515	750	15.968370995760196	0.0	438281	3940.984613751355	1	0.75
7812.725831718048	750	16.076675834226517	0.0	398987	3891.6951615336793	1	0.75
7818.34387242911	750	14.45863512316403	0.0	393804	5618.0407110624865	1	0.75
7821.352010578063	750	15.450496974212012	0.0	331053	3008.1381489520177	1	0.75
7824.783688480686	750	16.018819071589046	0.0	314107	3431.677902622965	1	0.75

