14456.902590764555	750	4.0	2.5751962071633208	450283	2575.1962071633207	-10.323343690802279
14458.853501405154	750	6.049089359402054	0.0	398865	1950.910640597945	0.75
14460.104134348117	750	8.798456416438494	0.0	350812	1250.6329429635598	0.75
14462.049290185952	750	10.853300578602369	0.0	382355	1945.1558378361256	0.75
14465.89816093845	1200	11.004429826106097	0.0	652874	3848.870752496271	0.75
14468.372441286256	1200	12.530149478299002	0.0	520315	2474.280347807096	1.2
14470.29777667715	1200	14.604814087406737	0.0	561791	1925.3353908922636	1.2
14473.978520255501	1850	14.924070509055573	0.0	1060487	3680.743578351164	1.2000000000000002
14476.926252156896	1850	15.976338607660383	0.0	852833	2947.731901395192	1.85
14481.409208915173	2850	15.493381849385335	0.0	1429765	4482.956758275048	1.85
14485.135177898987	2850	15.767412865571075	0.0	1354548	3725.9689838142594	2.85
14489.628660417635	2850	15.273930346921555	0.0	1519951	4493.48251864952	2.85
14494.045962121452	2850	14.856628643103107	0.0	1422919	4417.301703818447	2.85
14499.277496773899	2850	13.62509399065796	0.0	1578343	5231.534652445147	2.85
14502.702125680538	2850	14.200465084019406	0.0	1231445	3424.628906638554	2.85
14506.802853397447	2850	14.099737367112331	0.0	1471065	4100.727716907075	2.85
14511.498332342704	2850	13.4042584218542	0.0	1491626	4695.478945258132	2.85
14515.513467534432	2850	13.389123230127234	0.0	1358801	4015.1351917269653	2.85
14520.438020572157	2850	12.464570192401828	0.0	1537156	4924.5530377254045	2.85
14525.410392710222	2850	11.49219805433741	0.0	1336050	4972.372138064418	2.85
14530.490280065987	2850	10.41231069857116	0.0	1415116	5079.887355766249	2.85
14534.9175611454	2850	9.985029619160276	0.0	1468126	4427.281079410884	2.85
14540.342150903989	2850	8.560439860569542	0.0	1505760	5424.589758590733	2.85
14545.159732407159	2850	7.742858357400597	0.0	1323990	4817.581503168945	2.85
14549.715561035418	2850	7.187029729140048	0.0	1383735	4555.8286282605495	2.85
14553.729104131053	2850	7.17348663350574	0.0	1480464	4013.543095634308	2.85
14560.412439674812	2850	4.490151089745994	0.0	1547572	6683.335543759746	2.85
14562.344730391467	1200	6.557860373090227	0.0	487160	1932.2907166557673	-0.44999999999999996
14566.404343818156	1200	6.498246946400281	0.0	622896	4059.613426689946	1.2
14567.950521209346	750	8.952069555209441	0.0	400508	1546.1773911908401	0.3
14570.504621602606	1200	10.397969161950238	0.0	570392	2554.1003932592034	0.75
14572.62147639871	1200	12.281114365846104	0.0	620283	2116.854796104132	1.2
14575.745905103939	1850	13.156685660617525	0.0	885062	3124.428705228579	1.2000000000000002
14579.157794299603	1850	13.74479646495315	0.0	1035329	3411.8891956643733	1.85
14582.473777841084	1850	14.428812923471163	0.0	1026056	3315.983541481989	1.85
14586.48364591886	2850	14.418944845695124	0.0	1439896	4009.868077776039	1.85
14589.74258889286	2850	15.160001871696146	0.0	1139291	3258.9429739989787	2.85
14594.529303358893	2850	14.373287405660966	0.0	1499009	4786.7144660351805	2.85
14598.657509469025	2850	14.245081295530145	0.0	1427478	4128.206110130821	2.85
14603.248806440753	2850	13.65378432380161	0.0	1402287	4591.296971728534	2.85
14607.00197726762	2850	13.900613496934275	0.0	1339500	3753.1708268673356	2.85
14611.49162744245	2850	13.410963322103914	0.0	1527299	4489.650174830359	2.85
14615.673969255056	2850	13.228621509498968	0.0	1343002	4182.341812604947	2.85
14620.575288999833	2850	12.327301764721485	0.0	1587250	4901.319744777483	2.85
14625.901522565597	2850	11.00106819895893	0.0	1464921	5326.233565762554	2.85
14631.395231216016	2850	9.507359548538016	0.0	1483527	5493.708650420915	2.85
14635.2033891176	2850	9.699201646954817	0.0	1231456	3808.1579015831976	2.85
14639.554341080815	2850	9.348249683739716	0.0	1364537	4350.951963215102	2.85

