70446.7180103903	750	4.0	1.7126108907389637	450283	1712.6108907389637	1	-6.614226830177543
70448.33344046588	300	6.384569924417142	0.0	398865	1615.4300755828579	0	0.75
70448.9855857891	750	9.732424601200949	0.0	139857	652.1453232161941	1	-0.15000000000000002
70451.0841298362	750	11.633880554100767	0.0	382355	2098.544047100182	1	0.3
70452.97731523038	750	13.740695159918062	0.0	411561	1893.1853941827048	1	0.75
70454.07911007844	1850	16.63890031186609	0.0	318564	1101.7948480519676	3	0.75
70456.91458143282	1850	17.80342895748135	0.0	905515	2835.471354384738	3	0.75
70460.22163073647	1850	18.496379653828285	0.0	1060487	3307.0493036530675	3	1.85
70462.94902224207	1850	19.768988148235366	0.0	852833	2727.3915055929165	3	1.85
70465.99818099228	1850	20.719829398023	0.0	913888	3049.15875021237	3	1.85
70469.30352579553	1850	21.414484594768137	0.0	939819	3305.344803254862	3	1.85
70472.30321409335	1850	22.414796296949735	0.0	917428	2999.6882978183994	3	1.85
70475.42071791986	1850	23.297292470453332	0.0	946851	3117.5038264964032	3	1.85
70478.721645636	1850	23.996364754306274	0.0	1036454	3300.9277161470586	3	1.85
70483.38625934464	1850	23.331751045676846	0.0	821631	4664.613708629427	3	1.85
70487.02343859996	1850	23.694571790352345	0.0	923170	3637.1792553245027	3	1.85
70490.53847516161	1850	24.179535228700143	0.0	966699	3515.036561652199	3	1.85
70496.36260217504	1850	22.355408215268064	0.0	885714	5824.12701343208	3	1.85
70499.53360250787	1850	23.184407882428655	0.0	987708	3171.0003328394073	3	1.85
70502.92590290171	1850	23.792107488599548	0.0	923755	3392.300393829107	3	1.85
70505.80870145126	1850	24.90930893905242	0.0	891604	2882.7985495471307	3	1.85
70509.06386284727	1850	25.65414754304141	0.0	955231	3255.161396011007	3	1.85
70512.3830466158	1850	26.334963774513355	0.0	968026	3319.183768528055	3	1.85
70516.03004111188	1850	26.687969278421484	0.0	874175	3646.9944960918715	3	1.85
70519.18706351478	1850	27.530946875526425	0.0	897976	3157.022402895059	3	1.85
70522.23718036845	1850	28.48083002185253	0.0	905935	3050.1168536738955	3	1.85
70525.89324438074	1850	28.824766009566364	0.0	1076599	3656.064012286167	3	1.85
70528.40496216138	1850	30.313048228927045	0.0	758197	2511.71778063932	3	1.85
70531.72728757079	1850	30.990722819518282	0.0	972798	3322.325409408761	3	1.85
70534.98778376768	1850	31.730226622644267	0.0	975811	3260.4961968740154	3	1.85
70537.9145825973	1850	32.80342779301488	0.0	873429	2926.79882962938	3	1.85
70544.029003915	1850	30.68900647532325	0.0	954453	6114.421317691632	3	1.85
70549.90543815425	1850	28.812572236072622	0.0	885062	5876.43423925063	3	1.85
70556.63310806519	1850	26.084902325127732	0.0	1035329	6727.66991094489	3	1.85
70563.10721484016	1850	23.610795550151472	0.0	1026056	6474.10677497626	3	1.85
70567.80265766199	1850	22.91535272831648	0.0	943942	4695.442821834994	3	1.85
70571.02519086312	1850	23.692819527182998	0.0	728962	3222.5332011334813	3	1.85
70575.03091445315	1850	23.687095937153458	0.0	938587	4005.7235900295386	3	1.85
70578.93715398088	1850	23.78085640942234	0.0	908665	3906.2395277311175	3	1.85
70582.64623011625	1850	24.0717802740568	0.0	930577	3709.07613536554	3	1.85
70585.90098241979	1850	24.81702797051664	0.0	858450	3254.752303540161	3	1.85
70590.44901141048	1850	24.26899897981154	0.0	1025005	4548.0289907051	3	1.85
70594.17208749175	1850	24.545922898547566	0.0	886255	3723.076081263971	3	1.85
70597.91936707322	1850	24.7986433170699	0.0	973972	3747.27958147767	3	1.85
70601.92708689845	1850	24.79092349184482	0.0	958994	4007.71982522508	3	1.85
70605.92056152226	1850	24.79744886803074	0.0	982064	3993.4746238140783	3	1.85
70609.39931584494	1850	25.318694545349842	0.0	830730	3478.754322680899	3	1.85
70612.82514419347	1850	25.892866196811273	0.0	846370	3425.8283485385687	3	1.85

