3232.2131508906773	750	4.0	5.5363872616216545	450283	5536.387261621655	-23.056465224973113
3232.9553838568772	300	7.257767033800212	0.0	155580	742.2329661997887	-0.15000000000000002
3233.4126148763517	300	10.800536014325742	0.0	139857	457.2310194744702	0.3
3234.523926619426	750	13.689224271251309	0.0	382355	1111.3117430744335	0.3
3239.1129178930996	750	13.100232997578113	0.0	411561	4588.991273673197	0.75
3239.917880172619	300	16.29527071805914	0.0	126289	804.9622795189717	-0.15000000000000002
3240.8778704539486	300	19.335280436729327	0.0	153295	959.9902813298132	0.3
3241.6679306799047	300	22.54522021077296	0.0	173849	790.060225956366	0.3
3242.9146241524486	750	25.298526738229114	0.0	374758	1246.6934725438484	0.3
3245.0178475337957	1200	27.19530335688209	0.0	560821	2103.223381347023	0.75
3247.146966147261	1200	29.066184743416603	0.0	607410	2129.11861346549	1.2
3250.2505745512453	1850	29.962576339432747	0.0	917428	3103.6084039838533	1.2000000000000002
3256.250505503363	2850	27.962645387314986	0.0	1422919	5999.930952117763	1.85
3262.2673978933813	2850	25.94575299729675	0.0	1578343	6016.8923900182335	2.85
3267.7444161454105	2850	24.46873474526768	0.0	1231445	5477.018252029069	2.85
3279.699923127102	2850	16.513227763576012	0.0	1471065	11955.506981691668	2.85
3282.8987214544845	1200	17.314429436193684	0.0	617242	3198.7983273823265	-0.44999999999999996
3284.756995651178	1200	19.4561552395	0.0	581493	1858.2741966936837	1.2
3286.063906167983	1200	22.14924472269501	0.0	639204	1306.9105168049891	1.2
3292.0012114865845	2850	20.21193940409369	0.0	1336050	5937.305318601319	1.2000000000000002
3297.1673864269706	1850	19.04576446370804	0.0	891604	5166.17494038565	0.8500000000000001
3301.9409168604802	1850	18.272234030197883	0.0	955231	4773.5304335101555	1.85
3306.4018980341916	1200	17.811252856486316	0.0	656471	4460.981173711567	0.5499999999999999
3307.6283238611672	1200	20.584827029510517	0.0	536667	1226.4258269758004	1.2
3313.7072638482286	2850	18.505887042448826	0.0	1383735	6078.939987061693	1.2000000000000002
3318.933687323887	1850	17.279463566790362	0.0	905935	5226.423475658467	0.8500000000000001
3323.751958696124	1200	16.461192194554	0.0	696376	4818.2713722363615	0.5499999999999999
3325.096650607421	1200	19.11650028325656	0.0	487160	1344.6919112974383	1.2
3326.5501637961	1200	21.662987094577336	0.0	622896	1453.5131886792208	1.2
3330.588336305685	1850	21.62481458499274	0.0	975811	4038.1725095845927	1.2000000000000002
3340.2402823703587	1850	15.972868520318976	0.0	873429	9651.946064673766	1.85
3341.5099842981626	750	18.703166592514975	0.0	400322	1269.7019278040016	-0.3500000000000001
3342.5385040529877	750	21.67464683768979	0.0	369834	1028.5197548251836	0.75
3344.4784368313667	750	23.73471405931068	0.0	412837	1939.9327783791127	0.75
3347.226529671424	1200	24.98662121925354	0.0	690253	2748.0928400571393	0.75
3352.6810617891465	1200	23.532089101530858	0.0	598727	5454.5321177226815	1.2
3353.831949804721	750	26.381201085956473	0.0	321064	1150.888015574387	0.3
3356.6736925405417	1850	27.539458350135604	0.0	938587	2841.74273582087	0.75
3359.8250448797107	1850	28.38810601096678	0.0	908665	3151.3523391688223	1.85
3362.4510442801325	1850	29.762106610545086	0.0	930577	2625.999400421698	1.85
3364.599815772739	1850	31.613335117938167	0.0	858450	2148.7714926069175	1.85
3381.2518340707966	4300	18.961316819880707	0.0	2184571	16652.01829805746	1.8499999999999996
3383.170208934297	1200	21.04294195638061	0.0	599477	1918.3748635000975	-1.9000000000000001
3387.0652950504846	1200	21.14785584019302	0.0	634861	3895.086116187589	1.2
3388.9082537810964	1200	23.30489710958109	0.0	630203	1842.9587306119276	1.2
3394.92335482729	2850	21.289796063387765	0.0	1483527	6015.101046193324	1.2000000000000002
3399.041372271137	2850	21.17177861954067	0.0	1231456	4118.017443847096	2.85
3403.2060467494475	2850	21.007104141229874	0.0	1364537	4164.674478310796	2.85

