17106.110291231784	300	4.0	0.7153453552629877	181801	715.3453552629877	-2.7759850276308473
17107.430061718183	300	6.680229513602104	0.0	155580	1319.7704863978965	0.3
17108.68457459089	300	9.42571664089661	0.0	139857	1254.5128727054946	0.3
17109.10177543523	300	13.008515796560292	0.0	155432	417.2008443363182	0.3
17109.935601813682	750	16.174689418107477	0.0	411561	833.8263784528148	0.3
17110.58271891036	750	19.52757232142892	0.0	318564	647.1170966785564	0.75
17111.5477693925	1200	22.562521839290316	0.0	561791	965.0504821386054	0.75
17113.413753373774	1850	24.69653785801304	0.0	1060487	1865.9839812772727	1.2000000000000002
17116.338753469307	1850	25.77153776248142	0.0	852833	2925.000095531626	1.85
17119.84233136515	2850	26.267959866637494	0.0	1429765	3503.5778958439205	1.85
17125.80474794423	2850	24.305543287560443	0.0	1354548	5962.416579077053	2.85
17129.11382298467	1850	24.996468247121186	0.0	917428	3309.075040439255	0.8500000000000001
17132.789584730424	2850	25.320706501365887	0.0	1422919	3675.7617457552997	1.85
17136.744959306823	2850	25.36533192496635	0.0	1578343	3955.3745763995403	2.85
17140.30445500861	2850	25.805836223182762	0.0	1231445	3559.4957017835845	2.85
17142.10903462408	2850	28.001256607708484	0.0	1471065	1804.579615474279	2.85
17143.937718600326	2850	30.172572631465805	0.0	1491626	1828.6839762426796	2.85
17146.432154681006	4300	31.67813655078639	0.0	2059512	2494.436080679415	2.8499999999999996
17151.27280501041	4300	30.837486221382882	0.0	2220726	4840.650329403509	4.3
17157.309241756688	4300	28.801049475101255	0.0	2156729	6036.436746281626	4.3
17164.02254087792	4300	26.087750353870977	0.0	2039773	6713.2991212302795	4.3
17171.474361013297	2850	22.635930218494845	0.0	1468126	7451.820135376129	1.4000000000000001
17173.239646010494	1850	24.870645221298666	0.0	968026	1765.2849971961818	0.8500000000000001
17174.885169343568	2850	27.2251218882217	0.0	1323990	1645.523333076968	1.85
17176.60133685941	2850	29.508954372383016	0.0	1383735	1716.1675158386836	2.85
17179.170621712026	4300	30.939669519765584	0.0	2105231	2569.2848526174357	2.8499999999999996
17182.083232917877	4300	32.02705831391117	0.0	2395588	2912.6112058544163	4.3
17185.92688255477	4300	32.18340867701886	0.0	1972048	3843.6496368923063	4.3
17191.257183494767	4300	30.853107737023524	0.0	2134614	5330.300939995334	4.3
17196.66010664447	4300	29.450184587319875	0.0	2164140	5402.923149703647	4.3
17201.93772044926	4300	28.172570782532894	0.0	2113193	5277.613804786983	4.3
17207.975500199816	4300	26.13479103197442	0.0	2147852	6037.779750558473	4.3
17212.127727150346	2850	25.98256408144285	0.0	1358081	4152.226950531573	1.4000000000000001
17216.548985203797	2850	25.561306027990234	0.0	1587293	4421.258053452612	2.85
17221.089962926482	2850	25.0203283053089	0.0	1492672	4540.977722681335	2.85
17227.397659803908	2850	22.71263142788102	0.0	1439896	6307.696877427879	2.85
17229.057891881675	1850	25.05239935011302	0.0	728962	1660.2320777680004	0.8500000000000001
17231.071015603866	1850	27.039275627921334	0.0	938587	2013.1237221916845	1.85
17244.31148845215	2850	17.798802779640187	0.0	1427478	13240.472848281146	1.85
17252.627930975545	1200	13.482360256242606	0.0	587506	8316.442523397582	-0.44999999999999996
17253.45506910815	750	16.65522212363762	0.0	345516	827.1381326049849	0.3
17254.579561892926	750	19.5307293388611	0.0	384505	1124.4927847765236	0.75
17257.465019511143	1200	20.64527172064617	0.0	599477	2885.4576182149276	0.75
17263.680341076775	1200	18.429950155011323	0.0	634861	6215.321565634847	1.2
17274.87532868431	1200	11.234962547480706	0.0	630203	11194.987607530618	1.2
17275.462736240162	300	14.64755499162494	0.0	160064	587.4075558557661	-0.6000000000000001
17276.61075695672	750	17.49953427506477	0.0	331053	1148.0207165601673	0.3
17278.600285629087	750	19.510005602699813	0.0	314107	1989.528672364957	0.75

