68387.12333399059	300	4.0	2.201929902546327	181801	2201.929902546327	-9.168298580949203
68388.01170401662	300	7.1116299739586335	0.0	155580	888.3700260413659	0.3
68388.5382757394	300	10.585058251186686	0.0	139857	526.5717227719484	0.3
68389.11457936392	300	14.008754626671005	0.0	155432	576.3036245156802	0.3
68390.414908618	750	16.70842537257332	0.0	411561	1300.3292540976813	0.3
68391.20656876768	750	19.916765222888316	0.0	318564	791.660149685007	0.75
68393.57400088222	1200	21.549333108346886	0.0	561791	2367.432114541427	0.75
68398.09383185147	1850	21.029502139109894	0.0	1060487	4519.830969236994	1.2000000000000002
68402.05275886871	1850	21.070575121864024	0.0	852833	3958.927017245867	1.85
68403.30709716986	1200	23.816236820709346	0.0	560821	1254.3383011546791	0.5499999999999999
68405.40402939141	1850	25.71930459916941	0.0	939819	2096.932221539938	1.2000000000000002
68407.58228220882	1850	27.541051781742045	0.0	917428	2178.2528174273657	1.85
68413.89496733638	2850	25.22836665418802	0.0	1422919	6312.685127554025	1.85
68418.70457471846	2850	24.418759272118006	0.0	1578343	4809.607382070014	2.85
68420.54311600473	1850	26.580217985849107	0.0	821631	1838.541286268897	0.8500000000000001
68429.32662233306	2850	21.796711657517605	0.0	1471065	8783.506328331501	1.85
68431.35764547712	1200	23.765688513457274	0.0	617242	2031.0231440603307	-0.44999999999999996
68433.63154232234	1850	25.491791668257218	0.0	885714	2273.8968452000554	1.2000000000000002
68438.27572824861	2850	24.847605741983852	0.0	1537156	4644.185926273367	1.85
68446.40496060267	2850	20.718373387927652	0.0	1336050	8129.232354056199	2.85
68449.66976712107	1200	21.45356686952324	0.0	601738	3264.8065184044135	-0.44999999999999996
68454.21468257245	1200	20.908651418149848	0.0	616206	4544.91545137339	1.2
68455.6811049779	1200	23.442229012697116	0.0	656471	1466.4224054527322	1.2
68462.4562456813	1850	20.667088309304884	0.0	874175	6775.140703392231	1.2000000000000002
68463.65723438542	1200	23.46609960519371	0.0	587236	1200.988704111175	0.5499999999999999
68472.20791903423	1850	18.915414956378285	0.0	905935	8550.684648815422	1.2000000000000002
68476.19840950084	1200	18.924924489763765	0.0	696376	3990.4904666145203	0.5499999999999999
68477.76630329642	750	21.357030694186626	0.0	277716	1567.8937955771396	0.3
68482.84409062858	1200	20.279243362021113	0.0	622896	5077.787332165512	0.75
68484.178036489	1200	22.945297501599434	0.0	641447	1333.9458604216795	1.2
68491.96930180815	1850	19.154032182445793	0.0	873429	7791.265319153642	1.2000000000000002
68493.2787210024	1200	21.844612988189834	0.0	620283	1309.4191942559596	0.5499999999999999
68496.25628884546	1850	22.86704514514676	0.0	885062	2977.5678430430758	1.2000000000000002
68498.43677901816	1850	24.686554972428198	0.0	1035329	2180.490172718562	1.85
68504.36094542845	2850	22.76238856214218	0.0	1492672	5924.166410286021	1.85
68506.29281866386	1850	24.83051532671629	0.0	943942	1931.8732354258862	0.8500000000000001
68507.93261632169	1850	27.19071766889373	0.0	728962	1639.7976578225641	1.85
68514.1632404307	2850	24.960093559882445	0.0	1499009	6230.624109011286	1.85
68519.4222117504	1850	23.701122240177423	0.0	908665	5258.971319705024	0.8500000000000001
68523.518750088	1850	23.60458390259369	0.0	930577	4096.5383375837355	1.85
68532.8882682348	1850	18.235065755783026	0.0	858450	9369.51814681066	1.85
68534.28021489778	750	20.843119092801363	0.0	384505	1391.9466629816627	-0.3500000000000001
68537.58874779766	1200	21.53458619291547	0.0	599477	3308.5328998858913	0.75
68538.92819872349	1200	24.195135267105634	0.0	634861	1339.4509258098356	1.2
68541.14963552127	1850	25.97369846931245	0.0	958994	2221.4367977931843	1.2000000000000002
68556.97716846007	2850	14.146165530520088	0.0	1483527	15827.532938792363	1.85
68557.71283280366	750	17.41050118693037	0.0	331053	735.6643435897175	-1.35
68558.47777599953	750	20.645557991069126	0.0	314107	764.9431958612449	0.75

