52408.38309013016	300	4.0	0.7069229029003206	181801	706.9229029003205	-2.7397684824713786
52408.84321275624	300	7.539877373926331	0.0	155580	460.1226260736684	0.3
52409.2422502324	300	11.140839897764312	0.0	139857	399.03747616201883	0.3
52409.677385698844	300	14.705704431316857	0.0	155432	435.13546644745463	0.3
52410.763554245874	750	17.619535884291828	0.0	411561	1086.168547025028	0.3
52411.578905458184	750	20.804184671987013	0.0	318564	815.3512123048172	0.75
52413.008708615394	1200	23.37438151478011	0.0	561791	1429.803157206901	0.75
52417.873253702404	1850	22.509836427774157	0.0	1060487	4864.545087005956	1.2000000000000002
52419.90408189019	1850	24.479008239980924	0.0	852833	2030.8281877932302	1.85
52422.246965526574	1850	26.136124603603534	0.0	913888	2342.8836363773917	1.85
52425.55375673894	2850	26.82933339124191	0.0	1354548	3306.791212361621	1.85
52430.366915004866	4300	26.016175125318465	0.0	2102452	4813.1582659234455	2.8499999999999996
52433.79821936059	2850	26.584870769592484	0.0	1422919	3431.304355725981	1.4000000000000001
52439.18518303434	2850	25.19790709584137	0.0	1578343	5386.963673751116	2.85
52442.111388192	2850	26.27170193817708	0.0	1231445	2926.205157664289	2.85
52445.525584336596	2850	26.857505793589418	0.0	1471065	3414.1961445876623	2.85
52448.96974631773	2850	27.413343812450638	0.0	1491626	3444.1619811387786	2.85
52452.15904683567	2850	28.224043294507847	0.0	1358801	3189.3005179427932	2.85
52457.884630577246	4300	26.498459552937486	0.0	2220726	5725.583741570363	2.8499999999999996
52461.27241040832	2850	27.110679721862212	0.0	1336050	3387.7798310752737	1.4000000000000001
52464.69897226388	2850	27.68411786629732	0.0	1415116	3426.5618555648903	2.85
52468.41582100008	2850	27.967269130094277	0.0	1468126	3716.8487362030482	2.85
52474.03236116099	4300	26.350728969186893	0.0	2221506	5616.54016090738	2.8499999999999996
52477.347863603965	2850	27.035226526218022	0.0	1323990	3315.5024429688706	1.4000000000000001
52480.70834031506	2850	27.674749815122723	0.0	1383735	3360.4767110953003	2.85
52486.31259708063	4300	26.070493049559026	0.0	2105231	5604.256765563696	2.8499999999999996
52489.95044060799	2850	26.432649522193937	0.0	1547572	3637.843527365091	1.4000000000000001
52492.78073114374	2850	27.602358986437004	0.0	1141971	2830.290535756933	2.85
52499.51865765682	4300	24.86443247335378	0.0	2134614	6737.9265130832255	2.8499999999999996
52501.81370097298	1850	26.569389157199673	0.0	975811	2295.043316154107	-0.6000000000000001
52505.192955453334	2850	27.190134676846494	0.0	1341201	3379.2544803531764	1.85
52508.71978028775	2850	27.66330984242969	0.0	1497683	3526.8248344168037	2.85
52512.050987263254	2850	28.332102866926046	0.0	1358081	3331.2069755036473	2.85
52517.770817754186	4300	26.612272375991388	0.0	2286761	5719.830490934656	2.8499999999999996
52521.26477641427	2850	27.11831371591251	0.0	1492672	3493.9586600788807	1.4000000000000001
52524.61849965469	2850	27.764590475492017	0.0	1439896	3353.7232404204947	2.85
52527.275693725605	2850	29.10739640456829	0.0	1139291	2657.194070923724	2.85
52534.09035387993	4300	26.2927362502506	0.0	2147467	6814.660154317689	2.8499999999999996
52537.485122190505	2850	26.897967939672117	0.0	1427478	3394.7683105784818	1.4000000000000001
52540.80308993283	2850	27.58000019735084	0.0	1402287	3317.967742321277	2.85
52543.9131386298	2850	28.46995150037785	0.0	1339500	3110.0486969729905	2.85
52550.11634104232	4300	26.2667490878635	0.0	2184571	6203.202412514352	2.8499999999999996
52554.887982385415	2850	25.49510774476715	0.0	1343002	4771.64134309635	1.4000000000000001
52557.36993732512	1850	27.013152805057874	0.0	973972	2481.9549397092737	0.8500000000000001
52560.79420947549	2850	27.588880654689664	0.0	1464921	3424.2721503682114	1.85
52564.50823438305	2850	27.874855747119465	0.0	1483527	3714.0249075701977	2.85
52567.605953972816	2850	28.777136157360633	0.0	1231456	3097.7195897588317	2.85
52570.904580720664	2850	29.478509409517457	0.0	1364537	3298.6267478431755	2.85

