25462.502562118196	300	4.0	10.246482234507683	450283	10246.482234507683	0	-43.309873608383036
25463.774118728692	300	6.72844338950188	0.0	155580	1271.5566104981197	0	-0.15000000000000002
25464.817700925447	300	9.684861192746917	0.0	139857	1043.5821967549628	0	0.3
25469.84615091716	300	8.656411201032537	0.0	155432	5028.449991714379	0	0.3
25471.910912674495	300	10.591649443701398	0.0	163442	2064.7617573311395	0	0.3
25472.93784573458	300	13.564716383612915	0.0	126289	1026.9330600884828	0	0.3
25475.940682962922	300	14.561879155270429	0.0	153295	3002.837228342488	0	0.3
25477.899928885967	750	16.60263323222817	0.0	173849	1959.2459230422596	1	0.3
25480.847864148785	750	17.654697969409085	0.0	374758	2947.9352628190836	1	0.3
25483.57069188373	750	18.931870234461037	0.0	362795	2722.8277349480495	1	0.75
25486.125275161154	750	20.3772869570369	0.0	353220	2554.5832774241376	1	0.75
25488.04281558997	1850	22.45974652821858	0.0	405134	1917.5404288183213	3	0.75
25496.67711672777	1850	17.82544539042287	0.0	946851	8634.301137795708	3	0.75
25503.58364541261	1850	14.918916705578813	0.0	1036454	6906.528684844058	3	1.85
25512.175097799238	750	10.327464318954355	0.0	821631	8591.452386624458	1	1.85
25519.712379419067	300	6.790182699127564	0.0	366214	7537.281619826791	0	-0.3500000000000001
25520.84400603348	300	9.658556084712984	0.0	143509	1131.6266144145798	0	-0.15000000000000002
25521.47210730745	750	13.030454810742611	0.0	150616	628.1012739703729	1	0.3
25523.05534818023	1850	15.447213937961694	0.0	405596	1583.2408727809175	3	0.3
25527.29204277159	1850	15.210519346603673	0.0	923755	4236.69459135802	3	0.75
25529.289438961154	1850	17.213123157039924	0.0	891604	1997.3961895637456	3	1.85
25531.829120852733	1850	18.673441265458138	0.0	955231	2539.6818915817876	3	1.85
25536.197239488956	1850	18.305322629238823	0.0	968026	4368.118636219314	3	1.85
25537.791037283863	1850	20.711524834331648	0.0	874175	1593.7977949071737	3	1.85
25539.236945906425	1850	23.26561621177383	0.0	897976	1445.9086225578214	3	1.85
25540.85828139506	1850	25.644280723138184	0.0	905935	1621.3354886356422	3	1.85
25543.444864266887	1850	27.057697851310913	0.0	1076599	2586.582871827273	3	1.85
25544.65939340195	4300	29.843168716245785	0.0	758197	1214.529135065128	5	1.85
25548.00304489755	4300	30.49951722064633	0.0	2134614	3343.6514955994567	5	1.8499999999999996
25553.430193027856	4300	29.072369090336988	0.0	2164140	5427.148130309342	5	4.3
25556.732280868866	4300	29.770281249329113	0.0	2113193	3302.0878410078735	5	4.3
25559.691742148578	4300	30.810819969616162	0.0	2147852	2959.461279712952	5	4.3
25563.114069924486	4300	31.388492193709343	0.0	2191074	3422.3277759068187	5	4.3
25566.27685728306	4300	32.225704835134145	0.0	2286761	3162.7873585751972	5	4.3
25572.001223836964	4300	30.501338281231025	0.0	2307787	5724.366553903116	5	4.3
25578.000015677346	4300	28.502546440849716	0.0	2143948	5998.791840381308	5	4.3
25579.89875207101	4300	30.60381004718043	0.0	1919781	1898.7363936692843	5	4.3
25584.07670886883	4300	30.42585324936168	0.0	2147467	4177.95679781875	5	4.3
25588.355331087398	4300	30.14723103079369	0.0	2133870	4278.62221856799	5	4.3
25590.68130809426	4300	31.821254023933648	0.0	2146120	2325.9770068600396	5	4.3
25602.5095159517	1850	23.993046166494153	0.0	2108491	11828.207857439493	3	4.3
25603.813042290796	4300	26.689519827398108	0.0	1025005	1303.5263390960447	5	-0.6000000000000001
25613.521887214774	1850	20.98067490341856	0.0	2121928	9708.844923979548	3	1.8499999999999996
25614.57725509423	4300	23.92530702396603	0.0	973972	1055.3678794525308	5	-0.6000000000000001
25617.51584041784	4300	24.986721700355936	0.0	2124950	2938.585323610094	5	1.8499999999999996
25625.01774244804	4300	21.484819670154938	0.0	2246506	7501.902030200996	5	4.3
25627.53227590129	4300	22.970286216905755	0.0	1961140	2514.5334532491815	5	4.3
25635.286897921804	4300	19.21566419638774	0.0	2155012	7754.622020518019	5	4.3

