83568.50872412167	300	4.0	5.270909626646199	450283	5270.909626646199	0	-21.914911394578656
83571.39085953477	300	5.117864586902377	0.0	155580	2882.1354130976224	0	-0.15000000000000002
83573.06980609694	300	7.438918024725832	0.0	139857	1678.9465621765462	0	0.3
83575.62016535619	300	8.888558765473594	0.0	155432	2550.3592592522377	0	0.3
83578.7585988605	300	9.750125261164083	0.0	163442	3138.433504309511	0	0.3
83582.05393874434	300	10.454785377330339	0.0	126289	3295.3398838337434	0	0.3
83586.48699441878	300	10.02172970287727	0.0	153295	4433.0556744530695	0	0.3
83588.89419383455	300	11.614530287104007	0.0	173849	2407.199415773264	0	0.3
83592.19094365249	300	12.317780469181322	0.0	150710	3296.749817922685	0	0.3
83596.54687057216	300	11.961853549495896	0.0	139105	4355.926919685425	0	0.3
83598.73490919932	300	13.773814922333443	0.0	141840	2188.038627162452	0	0.3
83599.55561831583	300	16.953105805825974	0.0	156148	820.7091165074704	0	0.3
83600.39813866602	300	20.110585455631863	0.0	160746	842.5203501941097	0	0.3
83602.63490509763	750	21.873819024024222	0.0	179801	2236.766431607641	1	0.3
83604.46158099429	1850	24.047143127362453	0.0	337059	1826.6758966617679	3	0.3
83612.2683872997	1850	20.240336821951978	0.0	923170	7806.8063054104805	3	0.75
83626.95431575672	300	9.554408364924834	0.0	966699	14685.928457027143	0	1.85
83628.04278063039	750	12.465943491248465	0.0	150616	1088.4648736763684	1	-1.25
83632.1270890223	750	12.381635099345035	0.0	405596	4084.3083919034307	1	0.3
83634.71318571192	750	13.79553840971296	0.0	350713	2586.096689632075	1	0.75
83640.43554970948	750	12.073174412150955	0.0	386472	5722.363997562004	1	0.75
83644.46116616996	750	12.047557951684324	0.0	399894	4025.6164604666296	1	0.75
83648.64978030932	750	11.858943812324673	0.0	401853	4188.614139359652	1	0.75
83650.91105382271	750	13.597670298939702	0.0	343800	2261.27351338497	1	0.75
83656.59853356809	750	11.910190553565535	0.0	359903	5687.479745374166	1	0.75
83661.90365881575	750	10.605065305912872	0.0	379700	5305.125247652665	1	0.75
83667.12996880316	300	9.37875531850521	0.0	425781	5226.309987407662	0	0.75
83668.30999807354	750	12.198726048112931	0.0	111155	1180.0292703922794	1	-0.15000000000000002
83671.03744058768	750	13.471283533971455	0.0	400396	2727.4425141414767	1	0.3
83675.78482904518	750	12.723895076476337	0.0	400508	4747.388457495117	1	0.75
83678.44436366821	750	14.06436045343144	0.0	358218	2659.534623044898	1	0.75
83683.20327123621	750	13.305452885445472	0.0	400322	4758.907567985966	1	0.75
83687.84095592624	750	12.667768195415404	0.0	369834	4637.68469003007	1	0.75
83691.1749136314	750	13.333810490252592	0.0	412837	3333.9577051628116	1	0.75
83697.72967302268	750	10.779051098979796	0.0	401088	6554.759391272795	1	0.75
83704.98544723375	300	7.5232768879168574	0.0	365161	7255.77421106294	0	0.75
83706.31360143608	300	10.19512268559629	0.0	131610	1328.154202320567	0	-0.15000000000000002
83707.1028321088	300	13.405892012875247	0.0	124011	789.2306727210434	0	0.3
83708.00783441878	750	16.50088970289709	0.0	144254	905.0023099781585	1	0.3
83713.10899305962	750	15.39973106205463	0.0	390680	5101.15864084246	1	0.3
83717.22531895794	750	15.28340516373105	0.0	345516	4116.325898323581	1	0.75
83719.10167882906	750	17.407045292606284	0.0	384505	1876.3598711247676	1	0.75
83723.15228490505	750	17.356439216615556	0.0	372093	4050.6060759907277	1	0.75
83726.35567381984	750	18.15305030181448	0.0	438281	3203.388914801075	1	0.75
83732.28478393088	750	16.223940190776037	0.0	398987	5929.1101110384425	1	0.75
83738.00244978885	750	14.506274332804704	0.0	393804	5717.665857971334	1	0.75
83745.28920858238	750	11.219515539275951	0.0	331053	7286.758793528751	1	0.75
83750.28956147538	300	10.219162646286916	0.0	314107	5000.3528929890335	0	0.75

