69085.46321485707	750	4.0	4.769087425878016	450283	4769.087425878016	-19.75707593127547
69087.83132995878	300	5.631884898289863	0.0	155580	2368.1151017101365	-0.15000000000000002
69088.6077245079	300	8.855490349153046	0.0	139857	776.3945491368187	0.3
69098.51989350266	300	4.0	1.056678645580021	155432	9912.168994733067	-4.243718175994091
69102.119590574	300	4.40030292865644	0.0	163442	3599.69707134356	0.3
69104.422355768	300	6.097537734651199	0.0	126289	2302.76519400524	0.3
69106.34248779133	300	8.177405711321601	0.0	153295	1920.1320233295987	0.3
69107.61950013187	300	10.90039337078323	0.0	173849	1277.0123405383713	0.3
69110.63368191304	300	11.886211589631973	0.0	150710	3014.1817811512547	0.3
69111.5912606493	300	14.928632853370116	0.0	139105	957.578736261858	0.3
69118.31391523631	750	12.205978266361154	0.0	353220	6722.654587008963	0.3
69130.0889198333	750	4.430973669362858	0.0	405134	11775.004596998295	0.75
69131.07906487306	300	7.440828629612204	0.0	160746	990.1450397506537	-0.15000000000000002
69132.1770994636	300	10.342794039064337	0.0	179801	1098.0345905478662	0.3
69133.92700513915	750	12.592888363507914	0.0	337059	1749.9056755564225	0.3
69135.6980449746	750	14.82184852805056	0.0	366214	1771.039835457354	0.75
69138.039366934	750	16.48052656865325	0.0	360831	2341.3219593973117	0.75
69151.43476046502	750	7.085133037630991	0.0	372963	13395.39353102226	0.75
69152.36369947574	300	10.156194026922204	0.0	165384	928.9390107087861	-0.15000000000000002
69153.261903782	300	13.257989720663048	0.0	140881	898.2043062591563	0.3
69158.4436147795	750	12.076278723154319	0.0	386472	5181.7109975087305	0.3
69164.96809223344	750	9.551801269226797	0.0	399894	6524.477453927522	0.75
69167.05034665775	300	11.46954684490746	0.0	163927	2082.254424319336	-0.15000000000000002
69169.53165722726	300	12.988236275393707	0.0	137654	2481.310569513754	0.3
69171.05793959192	300	15.461953910736971	0.0	146754	1526.2823646567354	0.3
69174.56017545945	750	15.95971804319047	0.0	379700	3502.235867546501	0.3
69188.99675338413	750	5.523140118518452	0.0	425781	14436.57792467202	0.75
69191.2572199695	300	7.262673533150851	0.0	111155	2260.4665853676006	-0.15000000000000002
69192.73353387612	300	9.786359626524064	0.0	153605	1476.3139066267884	0.3
69193.83965166856	300	12.680241834082963	0.0	149029	1106.1177924411008	0.3
69198.24004269563	750	12.27985080702474	0.0	358218	4400.391027058223	0.3
69208.21715657062	750	6.302736932020985	0.0	400322	9977.113875003755	0.75
69209.33475398105	300	9.18513952159747	0.0	143881	1117.5974104235158	-0.15000000000000002
69216.40106637127	300	6.118827131395874	0.0	163444	7066.312390201596	0.3
69217.49642283231	300	9.023470670343	0.0	179328	1095.3564610528738	0.3
69218.4702743603	300	12.049619142349409	0.0	159914	973.8515279935908	0.3
69220.13606774303	750	14.383825759611707	0.0	321064	1665.7933827377026	0.3
69221.88314307209	750	16.63675043056492	0.0	361565	1747.0753290467894	0.75
69224.36380652762	750	18.156086975034032	0.0	378327	2480.6634555308883	0.75
69237.8020891859	750	8.717804316733686	0.0	390680	13438.282658300346	0.75
69238.64162945302	300	11.878264049618622	0.0	147968	839.5402671150636	-0.15000000000000002
69239.68969197065	300	14.830201531984315	0.0	161857	1048.0625176343056	0.3
69244.91396551643	750	13.605927986202076	0.0	372093	5224.27354578224	0.3
69252.00956896487	750	10.510324537763891	0.0	438281	7095.603448438185	0.75
69253.55612355925	300	12.963769943384	0.0	167025	1546.5545943798913	-0.15000000000000002
69258.05396775002	750	12.465925752618467	0.0	393804	4497.844190765531	0.3
69267.84454696478	750	6.675346537849466	0.0	331053	9790.579214769003	0.75
69271.09668100587	300	7.4232124967554824	0.0	118421	3252.1340410939824	-0.15000000000000002

