6187.943646304062	750	4.0	4.488031822696818	450283	4488.0318226968175	1	-18.548536837596316
6193.169656821682	300	4.0	1.2260105176201104	398865	5226.0105176201105	0	-4.521845225766475
6194.251567637189	300	6.918089184494102	0.0	139857	1081.9108155058982	0	-0.15000000000000002
6195.324987606751	300	9.844669214931637	0.0	155432	1073.419969562465	0	0.3
6196.033986646682	750	13.135670175000678	0.0	163442	708.9990399309587	1	0.3
6197.339965588181	750	15.82969123350115	0.0	318564	1305.9789414995287	1	0.3
6200.653703869225	750	16.51595295245803	0.0	352642	3313.7382810431204	1	0.75
6203.839646669761	750	17.33001015192134	0.0	437162	3185.9428005366894	1	0.75
6208.545919631766	750	16.623737189916312	0.0	374758	4706.272962005025	1	0.75
6211.979317314643	750	17.190339507039884	0.0	362795	3433.3976828764257	1	0.75
6215.125657373888	750	18.043999447793496	0.0	353220	3146.3400592463868	1	0.75
6217.987015264844	750	19.182641556838508	0.0	405134	2861.357890954986	1	0.75
6224.807675231803	750	16.36198158987874	0.0	386351	6820.659966959766	1	0.75
6230.885111577394	750	14.284545244287964	0.0	434409	6077.436345590779	1	0.75
6233.435140347537	750	15.734516474145327	0.0	337059	2550.028770142637	1	0.75
6239.626467997264	750	13.543188824418325	0.0	366214	6191.327649727002	1	0.75
6244.341760726619	750	12.827896095062602	0.0	360831	4715.292729355722	1	0.75
6252.561324687613	300	8.60833213406937	0.0	372963	8219.563960993233	0	0.75
6254.946472560373	300	10.223184261309019	0.0	165384	2385.1478727603503	0	-0.15000000000000002
6256.248836264897	750	12.920820556785019	0.0	140881	1302.363704524001	1	0.3
6263.894635033383	300	9.27502178829928	0.0	386472	7645.798768485739	0	0.3
6265.386703794982	750	11.78295302670019	0.0	157812	1492.0687615990905	1	-0.15000000000000002
6270.613023079455	750	10.556633742227623	0.0	401853	5226.319284472566	1	0.3
6274.079682202551	750	11.089974619131306	0.0	343800	3466.6591230963177	1	0.75
6277.805771171524	750	11.363885650159242	0.0	359903	3726.088968972065	1	0.75
6280.63718404171	750	12.532472779972819	0.0	379700	2831.4128701864224	1	0.75
6283.239844659481	750	13.929812162202245	0.0	425781	2602.6606177705753	1	0.75
6284.607108152927	750	16.562548668755934	0.0	277716	1367.2634934463092	1	0.75
6286.685122765452	750	18.484534056230114	0.0	400396	2078.014612525821	1	0.75
6290.508001591115	750	18.661655230567614	0.0	400508	3822.878825662496	1	0.75
6294.188454428895	750	18.981202392787885	0.0	358218	3680.452837779728	1	0.75
6297.05546771454	750	20.11418910714351	0.0	400322	2867.0132856443774	1	0.75
6299.75649471705	750	21.41316210463327	0.0	369834	2701.027002510241	1	0.75
6302.171775039956	1850	22.997881781728086	0.0	412837	2415.2803229051824	3	0.75
6309.599038951756	1850	19.570617869928537	0.0	1026056	7427.2639117995495	3	0.75
6314.45711911069	1850	18.7125377109946	0.0	943942	4858.080158933937	3	1.85
6319.520745754285	1850	17.648911067398977	0.0	728962	5063.6266435956195	3	1.85
6327.441034349062	1850	13.728622472622344	0.0	938587	7920.288594776633	3	1.85
6334.934539095205	750	10.235117726478588	0.0	908665	7493.504746143756	1	1.85
6340.272946218406	300	8.896710603277839	0.0	390680	5338.407123200747	0	-0.3500000000000001
6341.121634086228	750	12.04802273545598	0.0	147968	848.6878678218595	1	-0.15000000000000002
6343.154953181016	750	14.014703640667834	0.0	384505	2033.3190947881446	1	0.3
6345.373337404662	750	15.796319417021099	0.0	372093	2218.3842236467362	1	0.75
6347.927583817659	750	17.242073004025126	0.0	438281	2554.2464129959726	1	0.75
6349.9780985517655	750	19.19155826991931	0.0	398987	2050.5147341058187	1	0.75
6352.327829815488	750	20.84182700619564	0.0	393804	2349.731263723668	1	0.75
6354.712124714525	750	22.457532107158983	0.0	331053	2384.2948990366567	1	0.75
6358.5126502024805	750	22.657006619204118	0.0	314107	3800.525487954862	1	0.75

