53446.86428208577	300	4.0	1.6278671480151845	181801	1627.8671480151845	-6.699828736465293
53447.237367142036	300	7.626914943733202	0.0	155580	373.0850562667982	0.3
53447.65586318421	300	11.208418901553163	0.0	139857	418.4960421800384	0.3
53451.66526222845	300	11.199019857313633	0.0	155432	4009.3990442395307	0.3
53452.08925992011	300	14.775022165652176	0.0	163442	423.99769166145586	0.3
53452.801564682304	750	18.062717403458226	0.0	318564	712.3047621939479	0.3
53453.34685230744	750	21.517429778320796	0.0	352642	545.2876251374323	0.75
53456.22367217906	1850	22.640609906704398	0.0	1060487	2876.8198716163974	0.75
53457.53700391785	1850	25.327278167912038	0.0	852833	1313.3317387923591	1.85
53459.46857226641	1850	27.395709819355375	0.0	913888	1931.5683485566617	1.85
53461.680306028364	2850	29.183976057399672	0.0	1354548	2211.7337619557047	1.85
53470.69629166747	4300	24.167990418298114	0.0	2102452	9015.985639101556	2.8499999999999996
53472.455452902555	1850	26.408829183213538	0.0	946851	1759.1612350845808	-0.6000000000000001
53476.62523968344	2850	26.239042402326994	0.0	1578343	4169.786780886541	1.85
53479.99526392722	2850	26.869018158544026	0.0	1231445	3370.024243782969	2.85
53482.66077150161	2850	28.203510584154454	0.0	1471065	2665.507574389573	2.85
53485.88371149049	2850	28.980570595269945	0.0	1491626	3222.939988884506	2.85
53499.80154690601	4300	19.062735179750373	0.0	2059512	13917.835415519576	2.8499999999999996
53502.91009704912	1200	19.954185036639938	0.0	639204	3108.550143110433	-1.9000000000000001
53503.84481275487	1200	23.019469330884373	0.0	586839	934.7157057555627	1.2
53507.74322231694	1850	23.121059768821492	0.0	891604	3898.4095620628846	1.2000000000000002
53511.68715479818	1850	23.17712728757966	0.0	955231	3943.932481241835	1.85
53513.68299472105	1850	25.18128736471162	0.0	968026	1995.8399228680375	1.85
53516.398420498146	2850	26.465861587607904	0.0	1323990	2715.425777103711	1.85
53518.58684631934	2850	28.277435766414015	0.0	1383735	2188.4258211938904	2.85
53523.569083330956	4300	27.295198754791475	0.0	2105231	4982.237011622538	2.8499999999999996
53526.51124632632	2850	28.353035759428817	0.0	1547572	2942.162995362659	1.4000000000000001
53528.57477363755	2850	30.28950844819826	0.0	1141971	2063.527311230558	2.85
53538.01703825456	4300	24.847243831184784	0.0	2134614	9442.264617013476	2.8499999999999996
53540.045830387135	1850	26.818451698604452	0.0	975811	2028.792132580334	-0.6000000000000001
53542.408271656124	2850	28.45601042961356	0.0	1341201	2362.4412689908904	1.85
53551.493112691176	4300	23.371169394557285	0.0	2147852	9084.841035056277	2.8499999999999996
53553.85173719567	1850	25.012544890064113	0.0	885062	2358.6245044931693	-0.6000000000000001
53555.50681744695	1850	27.357464638785366	0.0	1035329	1655.0802512787482	1.85
53558.29983546013	2850	28.56444662560564	0.0	1492672	2793.018013179725	1.85
53567.274913258756	4300	23.589368826981865	0.0	2143948	8975.077798623777	2.8499999999999996
53568.615953136126	1850	26.24832894960925	0.0	728962	1341.0398773726158	-0.6000000000000001
53571.400038503685	2850	27.464243582047583	0.0	1499009	2784.085367561662	1.85
53575.21083774863	2850	27.65344433710125	0.0	1427478	3810.7992449463336	2.85
53578.9130710291	2850	27.9512110566365	0.0	1402287	3702.2332804647535	2.85
53581.38331660395	2850	29.480965481781116	0.0	1339500	2470.245574855381	2.85
53585.61044392839	4300	29.25383815734139	0.0	2184571	4227.127324439726	2.8499999999999996
53601.524315548064	4300	17.33996653767217	0.0	2121928	15913.871619669224	4.3
53604.95911885837	1200	17.905163227356365	0.0	634861	3434.8033103158	-1.9000000000000001
53605.85239922179	750	21.011882863944766	0.0	398987	893.2803634115971	0.3
53609.125354303316	1200	21.738927782417246	0.0	638661	3272.9550815275234	0.75
53610.457667147384	1200	24.406614938351634	0.0	538612	1332.312844065612	1.2
53611.948575504655	1850	26.915706581079064	0.0	846370	1490.9083572725708	1.2000000000000002

