41907.1518873689	300	4.0	1.9945266734845095	181801	1994.5266734845095	-8.27646469598339
41908.035593137516	300	7.116294231376683	0.0	155580	883.7057686233169	0.3
41909.0048112148	300	10.147076154094059	0.0	139857	969.2180772826246	0.3
41910.08239003335	300	13.069497335539953	0.0	155432	1077.5788185541064	0.3
41913.051425549274	750	14.10046181961657	0.0	411561	2969.0355159233827	0.3
41914.819955533036	750	16.33193183585737	0.0	318564	1768.529983759198	0.75
41916.482757181824	750	18.669130187072312	0.0	352642	1662.8016487850623	0.75
41919.18606659637	750	19.96582077252592	0.0	437162	2703.309414546392	0.75
41922.1939130108	1200	20.95797435809106	0.0	584846	3007.8464144348573	0.75
41925.53364268003	1200	21.61824468886355	0.0	560821	3339.7296692275086	1.2
41928.681581215074	1200	22.47030615381571	0.0	607410	3147.938535047844	1.2
41934.69105662606	1850	20.460830742824626	0.0	917428	6009.475410991083	1.2000000000000002
41937.81908415029	1200	21.33280321860573	0.0	624282	3128.0275242188973	0.5499999999999999
41941.78724967458	1200	21.36463769431462	0.0	687371	3968.165524291109	1.2
41947.0291705962	1200	20.122716772688836	0.0	526950	5241.920921625784	1.2
41949.98117096402	1200	21.170716404866038	0.0	587876	2952.0003678227995	1.2
41952.70097540664	1200	22.45091196224474	0.0	617242	2719.804442621297	1.2
41957.20913438404	1850	21.9427529848462	0.0	885714	4508.15897739854	1.2000000000000002
41960.392515105836	1200	22.75937226304759	0.0	639204	3183.3807217986055	0.5499999999999999
41965.0747578749	1850	22.07712949398576	0.0	923755	4682.242769061835	1.2000000000000002
41970.18060262735	1850	20.9712847415416	0.0	891604	5105.844752444159	1.85
41972.80695471393	1200	22.344932654949606	0.0	616206	2626.352086591993	0.5499999999999999
41977.56852885969	1850	21.583358509191115	0.0	968026	4761.574145758493	1.2000000000000002
41980.68809761439	1200	22.46378975449255	0.0	536667	3119.568754698568	0.5499999999999999
41986.67452959936	1850	20.4773577695198	0.0	897976	5986.431984972748	1.2000000000000002
41989.58992899024	1200	21.561958378642323	0.0	590335	2915.399390877476	0.5499999999999999
41993.341200266244	1200	21.81068710263538	0.0	696376	3751.2712760069453	1.2
41995.85138066858	1200	23.3005067002959	0.0	487160	2510.1804023394784	1.2
42000.43687258491	1850	22.715014783964474	0.0	972798	4585.491916331427	1.2000000000000002
42006.292422506915	1850	20.859464861962344	0.0	975811	5855.54992200213	1.85
42009.30220621365	1200	21.849681155225305	0.0	570392	3009.7837067370388	0.5499999999999999
42012.97202466635	1200	22.17986270252987	0.0	620283	3669.8184526954365	1.2
42018.91828683461	1850	20.23360053426706	0.0	885062	5946.262168262808	1.2000000000000002
42022.589119582626	1200	20.562767786259798	0.0	670129	3670.8327480072608	0.5499999999999999
42025.96352620313	1200	21.18836116575325	0.0	690253	3374.40662050655	1.2
42030.24520774761	1200	20.906679621274673	0.0	598727	4281.681544478576	1.2
42032.918831390096	1200	22.233055978787707	0.0	487812	2673.6236424869676	1.2
42035.6016379936	1200	23.550249375289763	0.0	575591	2682.8066034979406	1.2
42040.09924318459	1850	23.052644184294323	0.0	908665	4497.6051909954385	1.2000000000000002
42045.39864495281	1850	21.75324241607276	0.0	930577	5299.401768221566	1.85
42049.58361480253	1850	21.56827256635804	0.0	858450	4184.969849714717	1.85
42054.75556905478	1200	20.39631831409847	0.0	641452	5171.954252259568	0.5499999999999999
42058.32747461921	1200	20.824412749672586	0.0	599477	3571.905564425885	1.2
42061.55519447997	1200	21.596692888913477	0.0	634861	3227.71986075911	1.2
42067.47385556125	1200	19.678031807640153	0.0	630203	5918.661081273324	1.2
42072.4763764766	1200	18.6755108922859	0.0	638661	5002.520915354255	1.2
42074.18845966981	750	20.96342769908299	0.0	331053	1712.0831932029052	0.3
42078.04995067277	1200	21.101936696113984	0.0	550906	3861.4910029690086	0.75

