47613.726719595186	750	4.0	1.5362961300793794	450283	1536.2961300793793	1	-5.856073359341331
47615.26845324291	750	6.458266352273833	0.0	398865	1541.733647726167	1	0.75
47617.837990910695	750	7.888728684492355	0.0	350812	2569.5376677814784	1	0.75
47619.115877898264	750	10.610841696923735	0.0	382355	1277.8869875686194	1	0.75
47620.75180546203	750	12.974914133148808	0.0	411561	1635.9275637749272	1	0.75
47622.36696042582	750	15.359759169368356	0.0	318564	1615.1549637804526	1	0.75
47624.553335287426	750	17.1733843077558	0.0	352642	2186.374861612554	1	0.75
47626.86730143239	750	18.85941816279755	0.0	437162	2313.966144958255	1	0.75
47628.643863733014	1850	21.082855862164127	0.0	374758	1776.5623006334192	3	0.75
47632.49299007356	1850	21.233729521619342	0.0	913888	3849.1263405447858	3	0.75
47636.28963592941	1850	21.43708366576994	0.0	939819	3796.6458558494	3	1.85
47640.32403403444	1850	21.40268556074356	0.0	917428	4034.3981050263783	3	1.85
47643.727450169325	1850	21.99926942585844	0.0	946851	3403.416134885119	3	1.85
47647.497973457226	1850	22.228746137962016	0.0	1036454	3770.523287896428	3	1.85
47650.68430921012	1850	23.042410385064027	0.0	821631	3186.335752897988	3	1.85
47654.108506673554	1850	23.618212921636797	0.0	923170	3424.197463427232	3	1.85
47658.26493809251	1850	23.461781502685138	0.0	966699	4156.431418951661	3	1.85
47661.52698321455	1850	24.199736380643742	0.0	885714	3262.0451220413947	3	1.85
47665.40178613589	1850	24.324933459307463	0.0	987708	3874.8029213362793	3	1.85
47668.894688142434	1850	24.83203145276124	0.0	923755	3492.902006546223	3	1.85
47671.91821948369	1850	25.808500111508067	0.0	891604	3023.5313412531727	3	1.85
47675.4822858491	1850	26.24443374609439	0.0	955231	3564.066365413678	3	1.85
47679.601252478424	1850	26.125467116774722	0.0	968026	4118.96662931967	3	1.85
47683.43841574899	1850	26.288303846205505	0.0	874175	3837.163270569218	3	1.85
47686.6025673269	1850	27.1241522682902	0.0	897976	3164.1515779153056	3	1.85
47690.19515842996	1850	27.531561165236152	0.0	905935	3592.5911030540483	3	1.85
47694.3281015771	1850	27.39861801809533	0.0	1076599	4132.943147140821	3	1.85
47697.174720907606	1850	28.551998687587034	0.0	758197	2846.6193305082975	3	1.85
47701.69176695478	1850	28.03495264041681	0.0	972798	4517.046047170224	3	1.85
47704.979404646794	1850	28.747314948403375	0.0	975811	3287.6376920134353	3	1.85
47709.90764487672	1850	27.81907471847187	0.0	873429	4928.240229931503	3	1.85
47713.25479312304	1850	28.47192647216274	0.0	954453	3347.1482463091297	3	1.85
47719.556434483144	1850	26.17028511205754	0.0	885062	6301.641360105198	3	1.85
47724.14366476714	1850	25.583054828050276	0.0	1035329	4587.230284007264	3	1.85
47731.45412030277	1850	22.2725992924302	0.0	1026056	7310.455535620075	3	1.85
47735.216763390104	1850	22.509956205092955	0.0	943942	3762.6430873372447	3	1.85
47738.089121722805	1850	23.637597872394498	0.0	728962	2872.358332698458	3	1.85
47742.81230470819	1850	22.914414887007673	0.0	938587	4723.182985386823	3	1.85
47747.22100079348	1850	22.505718801718725	0.0	908665	4408.696085288949	3	1.85
47751.06867736534	1850	22.658042229859106	0.0	930577	3847.676571859618	3	1.85
47756.03989620326	1850	21.68682339193393	0.0	858450	4971.218837925174	3	1.85
47760.14581326829	1850	21.58090632690604	0.0	1025005	4105.917065027895	3	1.85
47763.09322368608	1850	22.633495909109847	0.0	886255	2947.410417796193	3	1.85
47766.59987962265	1850	23.12683997254521	0.0	973972	3506.655936564636	3	1.85
47769.6494785375	1850	24.077241057687502	0.0	958994	3049.5989148577096	3	1.85
47773.93562522267	1850	23.791094372520455	0.0	982064	4286.146685167044	3	1.85
47777.45877432507	1850	24.267945270122823	0.0	830730	3523.1491023976355	3	1.85
47781.54867367164	1850	24.17804592354753	0.0	846370	4089.899346575292	3	1.85

