84905.49484380425	300	4.0	5.152224141643488	450283	5152.224141643488	0	-21.404563809067
84906.14084845033	750	7.353995353917866	0.0	155580	646.0046460821343	1	-0.15000000000000002
84909.21099093887	300	8.283852865374596	0.0	350812	3070.1424885432693	0	0.3
84911.56015713597	300	9.93468666827103	0.0	155432	2349.1661971035646	0	-0.15000000000000002
84913.27452891092	750	12.220314893332512	0.0	163442	1714.37177493852	1	0.3
84919.36332042015	300	10.131523384106142	0.0	318564	6088.791509226371	0	0.3
84922.0344825036	300	11.460361300637743	0.0	153295	2671.162083468398	0	-0.15000000000000002
84925.17184918003	300	12.322994624218548	0.0	173849	3137.3666764191944	0	0.3
84926.14037647154	750	15.35446733270572	0.0	150710	968.5272915128281	1	0.3
84928.3122752354	750	17.182568568837855	0.0	362795	2171.8987638678664	1	0.3
84931.25900011553	750	18.23584368870405	0.0	353220	2946.7248801338014	1	0.75
84935.24342982595	750	18.25141397828563	0.0	405134	3984.429710418422	1	0.75
84943.50875517968	750	13.986088624553762	0.0	386351	8265.325353731867	1	0.75
84945.77777987656	750	15.717063927661835	0.0	434409	2269.024696891928	1	0.75
84949.36289209146	750	16.13195171275818	0.0	337059	3585.112214903655	1	0.75
84952.6009259054	750	16.893917898831674	0.0	366214	3238.0338139265054	1	0.75
84955.09267883385	750	18.402164970368553	0.0	360831	2491.7529284631214	1	0.75
84957.08500071909	750	20.40984308513683	0.0	372963	1992.3218852317216	1	0.75
84959.19138987784	750	22.303453926386513	0.0	405596	2106.3891587503194	1	0.75
84960.89289989026	1850	24.601943913971343	0.0	350713	1701.510012415168	3	0.75
84967.56489046173	1850	21.929953342505325	0.0	891604	6671.990571466019	3	0.75
84971.53099112547	1850	21.963852678750584	0.0	955231	3966.1006637547407	3	1.85
84985.26587461984	750	12.22896918439096	0.0	968026	13734.883494359623	1	1.85
84992.68406001899	300	8.810783785247956	0.0	343800	7418.1853991430025	0	-0.3500000000000001
84993.46305116134	750	12.031792642907705	0.0	146754	778.991142340252	1	-0.15000000000000002
84994.8678489635	750	14.626994840739235	0.0	379700	1404.797802168471	1	0.3
85002.79456907739	300	10.700274726851037	0.0	425781	7926.720113888199	0	0.75
85009.28003896226	300	8.21480484198097	0.0	111155	6485.469884870066	0	-0.15000000000000002
85009.93107567567	750	11.563768128554603	0.0	153605	651.0367134263657	1	0.3
85011.51452701273	750	13.980316791521966	0.0	400508	1583.4513370326365	1	0.3
85013.05758295408	750	16.437260850159706	0.0	358218	1543.0559413622595	1	0.75
85016.89316997216	750	16.601673832091183	0.0	400322	3835.587018068524	1	0.75
85019.80890328897	750	17.685940515265123	0.0	369834	2915.733316826061	1	0.75
85028.05641575567	750	13.438428048585441	0.0	412837	8247.512466679682	1	0.75
85032.03831498759	750	13.456528816660615	0.0	401088	3981.8992319248264	1	0.75
85035.13108696848	750	14.363756835758606	0.0	365161	3092.77198090201	1	0.75
85037.42095544805	750	16.07388835619127	0.0	321064	2289.868479567336	1	0.75
85039.40240022863	750	18.09244357560606	0.0	361565	1981.4447805852067	1	0.75
85041.21506495497	1850	20.279778849269235	0.0	378327	1812.6647263368263	3	0.75
85048.86906234766	1850	16.625781456587493	0.0	930577	7653.99739268174	3	0.75
85052.68123449873	1850	16.813609305510465	0.0	858450	3812.172151077029	3	1.85
85061.2178296957	750	12.277014108533598	0.0	1025005	8536.595196976867	1	1.85
85063.49031219813	750	14.004531606110135	0.0	372093	2272.482502423463	1	-0.3500000000000001
85065.96580301873	750	15.529040785511716	0.0	438281	2475.490820598419	1	0.75
85069.23153615212	750	16.263307652125395	0.0	398987	3265.73313338632	1	0.75
85071.33273779962	750	18.162106004629734	0.0	393804	2101.20164749566	1	0.75
85073.03034391817	750	20.464499886073547	0.0	331053	1697.6061185561878	1	0.75
85079.56202758774	750	17.932816216511668	0.0	314107	6531.683669561882	1	0.75

