34125.58797875999	300	4.0	5.185209856804251	450283	5185.209856804251	0	-21.54640238425828
34127.4312385341	300	6.156740225885657	0.0	155580	1843.259774114343	0	-0.15000000000000002
34131.249352884144	300	6.338625875843953	0.0	139857	3818.114350041704	0	0.3
34132.50790702712	300	9.080071732871037	0.0	155432	1258.5541429729171	0	0.3
34141.38793222441	300	4.200046535583233	0.0	163442	8880.025197287803	0	0.3
34145.014671221514	300	4.573307538472695	0.0	126289	3626.738997110539	0	0.3
34145.34177921662	750	8.246199543366616	0.0	153295	327.10799510607853	1	0.3
34146.1264742514	1850	11.461504508586856	0.0	437162	784.6950347797612	3	0.3
34147.74635268767	1850	13.84162607232447	0.0	852833	1619.8784362623842	3	0.75
34150.507978427595	1850	15.0800003323939	0.0	913888	2761.625739930571	3	1.85
34151.511092858476	4300	18.07688590151524	0.0	939819	1003.1144308786585	5	1.85
34162.52400920001	1850	11.06396955998342	0.0	2102452	11012.916341531822	3	1.8499999999999996
34163.6764655125	1850	13.911513247492453	0.0	946851	1152.4563124909675	3	-0.6000000000000001
34181.815869466496	300	4.0	4.227890706506385	1036454	18139.403953998837	0	-16.329930037977455
34182.51602793643	750	7.29984153006658	0.0	140051	700.1584699334193	1	-1.25
34183.1724938082	1850	10.643375658297254	0.0	366214	656.4658717693253	3	0.3
34185.17096188872	1850	12.644907577779541	0.0	966699	1998.4680805177143	3	0.75
34188.778047593594	1850	13.03782187290211	0.0	885714	3607.0857048774296	3	1.85
34189.9434337618	4300	15.87243570470135	0.0	987708	1165.3861682007603	5	1.85
34198.42935676791	1850	11.386512698581697	0.0	2156729	8485.923006119652	3	1.8499999999999996
34200.00002747312	1850	13.815841993372665	0.0	891604	1570.6707052090314	3	-0.6000000000000001
34201.13750358459	1850	16.678365881900373	0.0	955231	1137.4761114722935	3	1.85
34208.50937073912	1850	13.306498727374963	0.0	968026	7371.867154525409	3	1.85
34232.29597040641	300	4.0	10.480100939919156	874175	23786.59966729412	0	-43.21443404165237
34233.57479888505	300	6.721171521362747	0.0	146754	1278.8284786372533	0	-1.25
34233.81606191975	1850	10.479908486663925	0.0	153938	241.2630346988211	3	0.3
34235.0238901486	1850	13.272080257807398	0.0	1076599	1207.8282288565272	3	0.30000000000000004
34241.44761549254	1850	10.848354913864117	0.0	758197	6423.72534394328	3	1.85
34256.12157930616	300	4.0	3.8256088997474182	972798	14673.963813611535	0	-14.600118268913898
34256.42873066611	1850	7.692848640042994	0.0	149029	307.15135995700507	3	-1.25
34257.8400191078	1850	10.281560198357907	0.0	873429	1411.2884416850884	3	0.30000000000000004
34260.86686969097	1850	11.25470961518166	0.0	954453	3026.8505831762463	3	1.85
34262.27738427003	1850	13.844195036123546	0.0	885062	1410.5145790581144	3	1.85
34270.39110816837	1850	9.730471137783933	0.0	1035329	8113.723898339613	3	1.85
34286.302645095995	300	4.0	6.1810657898443475	1026056	15911.536927628282	0	-24.728582896330693
34286.59771890329	1850	7.7049261927010955	0.0	159914	295.0738072989041	3	-1.25
34287.65812482595	1850	10.644520270041268	0.0	728962	1060.4059226598279	3	0.30000000000000004
34310.42910131344	300	4.0	12.126456217447164	938587	22770.97648748843	0	-50.2937617350228
34317.34260857761	300	4.0	2.913507264170642	144254	6913.507264170642	0	-13.77808123593376
34322.71009909615	300	4.0	1.3674905185437765	149991	5367.4905185437765	0	-5.580209229738239
34323.099384285655	750	7.610714810489324	0.0	147968	389.2851895106758	1	0.3
34323.98308307048	1850	10.727016025665561	0.0	384505	883.6987848237619	3	0.3
34327.01398002014	1850	11.696119076003376	0.0	886255	3030.896949662186	3	0.75
34328.06859315112	1850	14.64150594502916	0.0	973972	1054.6131309742152	3	1.85
34330.18765292456	1850	16.522446171582036	0.0	958994	2119.059773447122	3	1.85
34333.0862523513	1850	17.62384674484043	0.0	982064	2898.5994267416067	3	1.85
34333.95620297701	4300	20.753896119131817	0.0	830730	869.9506257086148	5	1.85
34341.36634133295	4300	17.34375776319011	0.0	2155012	7410.13835594171	5	1.8499999999999996

