48137.54222576214	300	4.0	2.10667812502649	450283	2106.6781250264903	0	-8.308715937613908
48137.798484864914	750	7.743740897225096	0.0	155580	256.2591027749044	1	-0.15000000000000002
48138.18299465702	1850	11.359231105116393	0.0	350812	384.50979210870406	3	0.3
48139.07309146312	1850	14.469134299020698	0.0	933276	890.0968060956947	3	0.75
48141.189393224486	1850	16.352832537654333	0.0	996749	2116.301761366366	3	1.85
48142.82336057052	1850	18.71886519161941	0.0	801058	1633.9673460349215	3	1.85
48144.427192740965	1850	21.115033021180537	0.0	905515	1603.832170438874	3	1.85
48147.16347970038	1850	22.378746061767064	0.0	1060487	2736.286959413474	3	1.85
48148.82334087067	1850	24.718884891473024	0.0	852833	1659.8611702940364	3	1.85
48150.33680827727	4300	27.205417484870537	0.0	913888	1513.46740660249	5	1.85
48157.37204545087	4300	24.17018031127101	0.0	2173522	7035.237173599526	5	1.8499999999999996
48162.343000204935	4300	23.19922555721109	0.0	2102452	4970.95475405992	5	4.3
48165.62569708961	4300	23.916528672541226	0.0	2209463	3282.696884669867	5	4.3
48178.42271464823	1850	15.11951111391668	0.0	2275376	12797.017558624546	3	4.3
48184.70948758488	1850	12.832738177266057	0.0	821631	6286.772936650623	3	-0.6000000000000001
48186.05073196544	1850	15.49149379670257	0.0	923170	1341.2443805634862	3	1.85
48187.61921822711	1850	17.92300753503386	0.0	966699	1568.4862616687103	3	1.85
48189.23813243648	1850	20.304093325658023	0.0	885714	1618.9142093758323	3	1.85
48191.23014794253	1850	22.31207781961683	0.0	987708	1992.0155060411914	3	1.85
48193.134518445746	4300	24.407707316400476	0.0	923755	1904.370503216355	5	1.85
48198.98754744266	4300	22.554678319485777	0.0	2039773	5853.028996914699	5	1.8499999999999996
48205.05319177207	4300	20.489033990074823	0.0	2176469	6065.644329410954	5	4.3
48215.82517250376	4300	13.71705325838803	0.0	2221506	10771.980731686794	5	4.3
48223.82102949724	1850	9.72119626491572	0.0	2044075	7995.856993472308	3	4.3
48226.75436340696	1850	10.787862355192988	0.0	897976	2933.333909722732	3	-0.6000000000000001
48229.09547270013	1850	12.446753062025808	0.0	905935	2341.1092931671806	3	1.85
48234.75581680107	1850	10.786408961084813	0.0	1076599	5660.344100940995	3	1.85
48236.15870287917	1850	13.383522882988336	0.0	758197	1402.886078096477	3	1.85
48237.22694145428	1850	16.315284307871643	0.0	972798	1068.2385751166935	3	1.85
48239.36021125915	1850	18.182014503004808	0.0	975811	2133.269804866835	3	1.85
48241.10796514884	1850	20.434260613317363	0.0	873429	1747.753889687443	3	1.85
48242.702220837826	1850	22.840004924329612	0.0	954453	1594.2556889877508	3	1.85
48245.51022953914	1850	24.031996223011593	0.0	885062	2808.0087013180205	3	1.85
48247.07727447138	1850	26.46495129077271	0.0	1035329	1567.0449322388795	3	1.85
48248.97822311073	4300	28.56400265142684	0.0	1026056	1900.948639345872	5	1.85
48257.72900936186	4300	23.813216400299147	0.0	2143948	8750.786251127693	5	1.8499999999999996
48260.82281832982	4300	24.719407432339587	0.0	1919781	3093.80896795956	5	4.3
48263.590511827155	4300	25.951713934999876	0.0	2147467	2767.693497339712	5	4.3
48276.16987356676	4300	17.37235219539355	0.0	2133870	12579.361739606326	5	4.3
48284.34544603426	4300	13.196779727893718	0.0	2146120	8175.57246749983	5	4.3
48288.16825481579	4300	13.373970946359135	0.0	2108491	3822.808781534583	5	4.3
48292.91908287755	4300	12.623142884602666	0.0	2184571	4750.828061756469	5	4.3
48300.66263816112	1850	8.879587601036597	0.0	2121928	7743.555283566068	3	4.3
48302.324413602844	1850	11.217812159313816	0.0	973972	1661.77544172278	3	-0.6000000000000001
48306.62400584137	1850	10.918219920792296	0.0	958994	4299.592238521519	3	1.85
48311.553489573176	1850	9.988736188987323	0.0	982064	4929.483731804974	3	1.85
48314.306917600676	1850	11.235308161483186	0.0	830730	2753.428027504136	3	1.85
48317.43050184068	1850	12.111723921481298	0.0	846370	3123.584240001889	3	1.85

