40866.811721197235	750	4.0	3.563488968927693	450283	3563.4889689276933	0.12636014982122895	-14.57300256638908
40867.721544224674	300	7.090176972559064	0.0	155580	909.8230274409359	0.17100028830617828	-0.15000000000000002
40869.35168189473	750	9.460039302499002	0.0	350812	1630.137670060061	0.21520390973301942	0.3
40875.20172676949	1200	7.609994427740121	0.0	617681	5850.044874758882	0.10558568578936904	0.75
40894.163500755276	750	4.0	11.351779558038974	411561	18961.773985779095	0.021704772997962193	-48.51265209956759
40900.39247547066	300	4.0	2.2289747153892403	126289	6228.97471538924	0.020274444153383975	-9.734591276173731
40904.926293798446	300	4.0	0.5338183277873777	153295	4533.818327787378	0.03381145624218516	-1.995418809485724
40905.733254180166	300	7.193039618286236	0.0	173849	806.9603817137641	0.21543684664021803	0.3
40906.619097586685	750	10.307196211766968	0.0	374758	885.8434065192685	0.42305219776092384	0.3
40909.64255391757	1200	11.283739880879478	0.0	560821	3023.4563308874895	0.18549002817427152	0.75
40916.736024897684	1850	8.19026890076705	0.0	939819	7093.470980112428	0.1324907090809166	1.2000000000000002
40927.76995239077	750	4.0	2.843658592317186	405134	11033.927493084237	0.03671711638978296	-12.5777319469639
40928.36564646269	300	7.404305928082947	0.0	160746	595.6940719170522	0.26984656651473815	-0.15000000000000002
40952.45454310249	750	4.0	16.684590711712705	434409	24088.896639795654	0.018033578145806063	-71.44374006036463
40952.84681728696	300	7.607725815524451	0.0	140051	392.2741844755492	0.3570232392101997	-0.15000000000000002
40955.084296924775	750	9.370246177705349	0.0	366214	2237.4796378191027	0.16367255094082242	0.3
40977.68602940489	1200	4.0	13.231486302405619	617242	22601.732480110968	0.0273094994174964	-56.145391100344156
40978.09129918303	300	7.594730221862361	0.0	150616	405.2697781376386	0.37164379908152806	-0.6000000000000001
40979.04722286267	750	10.638806542216681	0.0	405596	955.9236796456794	0.42429747126918893	0.3
40985.04655673677	1200	8.639472668112369	0.0	586839	5999.333874104313	0.09781735977939947	0.75
41005.02096995072	750	4.0	11.33494054582998	386472	19974.41321394235	0.019348353108577854	-48.44024434706891
41007.94102210751	300	5.079947843211137	0.0	157812	2920.0521567888627	0.054044240145882695	-0.15000000000000002
41008.58517859523	300	8.435791355492835	0.0	163927	644.1564877183031	0.25448319333187736	0.3
41009.84836989671	750	11.172600054013806	0.0	343800	1263.1913014790277	0.27216780197698975	0.3
41033.12674489934	1850	4.0	12.105774948616284	897976	23278.37500263009	0.03857554489514594	-51.30483227905002
41044.571001770724	300	4.0	7.444256871383707	153938	11444.256871383706	0.013451113666010156	-33.26030454694994
41046.151245698245	300	6.4197560724866225	0.0	181901	1580.2439275133777	0.11510944407565844	0.3
41046.752887629045	300	9.818114141682901	0.0	111155	601.6419308037204	0.1847527479534388	0.3
41051.18543347386	1200	9.385568296867193	0.0	622896	4432.545844815707	0.14052781895725622	0.29999999999999993
41054.54574165069	1200	10.025260120036405	0.0	641447	3360.3081768307893	0.19088933700270566	1.2
41058.40609115175	1200	10.164910618979569	0.0	570392	3860.3495010568354	0.14775656966910525	1.2
41059.84407753091	1200	12.726924239819084	0.0	620283	1437.9863791604866	0.43135526802564605	1.2
41061.92664618212	1850	14.644355588609837	0.0	885062	2082.5686512092466	0.42498574992285965	1.2000000000000002
41067.89509861863	2850	12.675903152094746	0.0	1587293	5968.452436515089	0.2659471641742364	1.85
41072.40866353044	1850	12.162338240292707	0.0	1026056	4513.564911802039	0.22732718373387645	0.8500000000000001
41078.60852523529	1850	9.962476535439684	0.0	943942	6199.861704853022	0.15225210576247486	1.85
41083.37262023662	1200	9.198381534114931	0.0	487812	4764.095001324752	0.10239342411609216	0.5499999999999999
41085.17828268655	1200	11.392719084184584	0.0	575591	1805.6624499303475	0.3187699893865562	1.2
41087.67287546906	1850	12.898126301673432	0.0	908665	2494.5927825111517	0.36425383989338067	1.2000000000000002
41089.41842829485	1850	15.1525734758969	0.0	930577	1745.5528257765302	0.5331130552213575	1.85
41092.72147175127	4300	15.849530019479634	0.0	2108491	3303.0434564172688	0.6383479441978124	1.8499999999999996
41096.24270404572	4300	16.32829772502495	0.0	2184571	3521.232294454685	0.6203995696166683	4.3
41099.734854476694	4300	16.83614729405156	0.0	2121928	3492.1504309733896	0.6076278905913401	4.3
41113.846784887486	4300	6.7242168832587845	0.0	2219102	14111.930410792775	0.15725006681600667	4.3
41114.17119994981	300	10.399801820936373	0.0	167025	324.41506232241113	0.5148497076686492	-3.7
41115.18578080967	1200	13.385220961077708	0.0	638661	1014.5808598586646	0.6294826023910683	0.29999999999999993
41117.00808393312	2850	15.56291783762716	0.0	1231456	1822.3031234505486	0.6757690222624577	1.2000000000000002
41121.77319326399	4300	14.797808506760884	0.0	2155012	4765.109330866274	0.4522481753022504	2.8499999999999996

