66056.74553695264	300	4.0	9.922670027483358	181801	9922.670027483358	-42.36748111817844
66059.58306528891	300	5.162471663736185	0.0	155580	2837.5283362638143	0.3
66061.25798577582	300	7.487551176820864	0.0	139857	1674.9204869153214	0.3
66068.80270309601	300	4.0	0.0571661433668578	155432	7544.717320187721	0.05418558352251146
66071.72783927862	300	5.074863817385669	0.0	163442	2925.1361826143307	0.3
66073.4712412404	300	7.331461855605035	0.0	126289	1743.4019617806343	0.3
66075.32106669579	300	9.481636400220037	0.0	153295	1849.8254553849977	0.3
66076.64129065048	300	12.161412445518648	0.0	173849	1320.223954701389	0.3
66077.56219517943	300	15.24050791658295	0.0	150710	920.9045289357	0.3
66084.20741851491	750	12.595284581090015	0.0	362795	6645.223335492933	0.3
66084.77340127308	300	16.029301822916437	0.0	141840	565.9827581735757	-0.15000000000000002
66088.62892807495	750	16.173775021058233	0.0	405134	3855.526801858206	0.3
66093.15566715671	750	15.647035939295508	0.0	386351	4526.739081762725	0.75
66096.62557110959	750	16.177131986422662	0.0	434409	3469.903952872844	0.75
66097.80074409216	750	19.001959003851038	0.0	337059	1175.1729825716225	0.75
66111.7465676169	1200	9.056135479118062	0.0	587876	13945.823524732978	0.75
66112.22854649644	300	12.574156599577572	0.0	143509	481.97887954048997	-0.6000000000000001
66112.73043258666	300	16.072270509361136	0.0	150616	501.88609021643543	0.3
66113.72067031471	750	19.08203278130601	0.0	405596	990.2377280551266	0.3
66114.67340951627	750	22.129293579741	0.0	350713	952.7392015650112	0.75
66118.16735937039	1850	22.63534372562676	0.0	891604	3493.9498541142393	0.75
66129.95654847681	1850	14.846154619205157	0.0	955231	11789.189106421603	1.85
66131.76001464443	750	17.042688451585963	0.0	401853	1803.4661676191934	-0.3500000000000001
66132.86356998223	750	19.93913311377361	0.0	343800	1103.5553378123518	0.75
66135.74963027702	1200	21.053072818997435	0.0	587236	2886.0602947761754	0.75
66137.18253328567	1200	23.620169810353225	0.0	590335	1432.9030086442122	1.2
66139.80401006404	1850	24.998693031978355	0.0	1076599	2621.4767783748703	1.2000000000000002
66142.92134615955	2850	25.881356936469665	0.0	1141971	3117.3360955086932	1.85
66151.93567154823	2850	20.867031547786574	0.0	1498470	9014.325388683092	2.85
66154.26986318255	1200	22.532839913464617	0.0	641447	2334.191634321957	-0.44999999999999996
66158.89142076296	1850	21.911282333056707	0.0	873429	4621.557580407909	1.2000000000000002
66162.07272168792	1850	22.729981408099743	0.0	954453	3181.3009249569664	1.85
66164.70131979123	1850	24.10138330479271	0.0	885062	2628.5981033070334	1.85
66167.32614471222	1850	25.47655838380623	0.0	1035329	2624.824920986481	1.85
66176.26988097103	2850	20.532822124994926	0.0	1492672	8943.7362588113	1.85
66179.47774962736	1200	21.32495346865746	0.0	598727	3207.8686563374686	-0.44999999999999996
66192.21811070303	1200	12.584592392999072	0.0	487812	12740.361075658388	1.2
66194.70455394298	300	14.098149153046174	0.0	124011	2486.443239952898	-0.6000000000000001
66205.31353838825	750	7.489164707771586	0.0	378327	10608.984445274587	0.3
66207.72046976631	300	9.08223332971483	0.0	149991	2406.931378056756	-0.15000000000000002
66209.49765840771	300	11.305044688312417	0.0	147968	1777.188641402414	0.3
66211.24937395596	300	13.553329140068403	0.0	161857	1751.7155482440132	0.3
66217.64997101673	750	11.152732079299271	0.0	372093	6400.5970607691315	0.3
66219.10928970891	300	13.693413387112193	0.0	172312	1459.3186921870793	-0.15000000000000002
66220.5563286453	750	16.246374450737402	0.0	398987	1447.0389363747915	0.3
66227.3905611866	750	13.412141909422578	0.0	393804	6834.232541314824	0.75
66228.78216662534	750	16.02053647067735	0.0	331053	1391.6054387452284	0.75
66231.76557256766	750	17.037130528374874	0.0	314107	2983.4059423024764	0.75

