25101.213823952785	750	4.0	0.6942694318046229	450283	694.2694318046229	1	-2.2353585567598784
25101.89055174804	1850	7.323272204746176	0.0	398865	676.7277952538244	3	0.75
25103.184948925464	1850	10.02887502732288	0.0	877771	1294.397177423297	3	0.75
25104.536595205027	1850	12.677228747759878	0.0	933276	1351.646279563002	3	1.85
25105.9658932574	1850	15.24793069538845	0.0	996749	1429.298052371429	3	1.85
25107.41295774115	1850	17.800866211633984	0.0	801058	1447.0644837544635	3	1.85
25109.72928535613	1850	19.484538596657565	0.0	905515	2316.32761497642	3	1.85
25111.862221317264	1850	21.351602635523353	0.0	1060487	2132.9359611342124	3	1.85
25113.31301348855	1850	23.900810464238727	0.0	852833	1450.7921712846246	3	1.85
25115.34898006045	1850	25.864843892336353	0.0	913888	2035.9665719023737	3	1.85
25116.878666643213	4300	28.335157309573475	0.0	939819	1529.68658276288	5	1.85
25120.50277409456	4300	28.711049858226783	0.0	2102452	3624.107451346692	5	1.8499999999999996
25132.831210796212	1850	20.3826131565768	0.0	2209463	12328.436701649985	3	4.3
25135.809871511545	1850	21.40395244124443	0.0	1036454	2978.6607153323685	3	-0.6000000000000001
25137.042425245025	1850	24.1713987077643	0.0	821631	1232.553733480129	3	1.85
25139.66602463135	1850	25.54779932143834	0.0	923170	2623.5993863259628	3	1.85
25141.108141010416	4300	28.105682942373516	0.0	966699	1442.1163790648259	5	1.85
25155.256504764726	4300	17.95731918806461	0.0	2059512	14148.363754308906	5	1.8499999999999996
25176.826834797594	300	4.0	3.61301084480634	2220726	21570.33003287095	0	-11.235946632667261
25177.10076871692	1850	7.7260660806762065	0.0	140881	273.9339193237938	3	-3.7
25182.214035657864	1850	6.612799139731035	0.0	891604	5113.266940945172	3	0.30000000000000004
25183.597587543216	1850	9.229247254378741	0.0	955231	1383.5518853522929	3	1.85
25190.96438018836	750	5.862454609234014	0.0	968026	7366.7926451447265	1	1.85
25191.848711587812	1850	8.978123209782918	0.0	343800	884.3313994510959	3	-0.3500000000000001
25193.548442361247	1850	11.278392436347954	0.0	897976	1699.7307734349645	3	0.75
25195.51551268731	1850	13.311322110282394	0.0	905935	1967.0703260655591	3	1.85
25198.83749495374	1850	13.989339843853879	0.0	1076599	3321.982266428514	3	1.85
25199.9717948277	1850	16.85503996989376	0.0	758197	1134.2998739601205	3	1.85
25201.594179027117	1850	19.232655770477447	0.0	972798	1622.384199416313	3	1.85
25203.31553037981	1850	21.51130441778634	0.0	975811	1721.3513526911033	3	1.85
25206.1966423285	1850	22.63019246909547	0.0	873429	2881.1119486908733	3	1.85
25209.58376740079	1850	23.243067396807337	0.0	954453	3387.125072288129	3	1.85
25211.831903461505	1850	24.994931336093885	0.0	885062	2248.1360607134543	3	1.85
25214.164582328296	1850	26.662252469301116	0.0	1035329	2332.6788667927694	3	1.85
25217.92272443491	1850	26.904110362691604	0.0	1026056	3758.1421066095104	3	1.85
25219.733029979674	4300	29.09380481792889	0.0	943942	1810.3055447627114	5	1.85
25222.547063349466	4300	30.279771448134007	0.0	1919781	2814.0333697948836	5	1.8499999999999996
25229.293456050607	4300	27.533378746992007	0.0	2147467	6746.392701142004	5	4.3
25235.231850132728	4300	25.594984664868914	0.0	2133870	5938.3940821230935	5	4.3
25238.55145437368	4300	26.275380423917625	0.0	2146120	3319.604240951288	5	4.3
25241.480467523677	4300	27.346367273917963	0.0	2108491	2929.013149999661	5	4.3
25246.87769481432	4300	25.949139983277426	0.0	2184571	5397.227290640536	5	4.3
25252.959684640893	4300	23.86715015670492	0.0	2121928	6081.989826572505	5	4.3
25261.11046363311	4300	19.71637116448493	0.0	2219102	8150.778992219992	5	4.3
25264.152184848244	4300	20.674649949353483	0.0	2124950	3041.721215131444	5	4.3
25269.541726189254	4300	19.28510860834467	0.0	2246506	5389.541341008812	5	4.3
25272.452779133644	4300	20.37405566395655	0.0	1961140	2911.05294438812	5	4.3
25275.517560260807	4300	21.30927453679382	0.0	2155012	3064.781127162732	5	4.3

