85621.0939718526	300	4.0	4.031772540358202	450283	4031.772540358202	0	-16.586621923540267
85622.04450224394	300	7.049469608670137	0.0	155580	950.5303913298632	0	-0.15000000000000002
85622.8707041033	750	10.223267749294028	0.0	139857	826.2018593761084	1	0.3
85623.46502248223	1850	13.628949370371807	0.0	382355	594.3183789222212	3	0.3
85624.88578258704	1850	16.208189265567775	0.0	996749	1420.7601048040303	3	0.75
85626.19710109865	1850	18.896870753969292	0.0	801058	1311.318511598486	3	1.85
85628.58695530187	1850	20.50701655074944	0.0	905515	2389.8542032198484	3	1.85
85630.40625428707	1850	22.687717565548887	0.0	1060487	1819.2989852005555	3	1.85
85631.61030871596	4300	25.48366313665763	0.0	852833	1204.0544288912567	5	1.85
85634.617019833	4300	26.47695201961012	0.0	2169201	3006.7111170475087	5	1.8499999999999996
85640.69918821548	4300	24.394783637128317	0.0	2173522	6082.168382481807	5	4.3
85644.07140351595	4300	25.022568336654956	0.0	2102452	3372.2153004733573	5	4.3
85653.91206429146	4300	19.181907561143618	0.0	2209463	9840.66077551134	5	4.3
85659.4026834411	4300	17.691288411509543	0.0	2275376	5490.619149634074	5	4.3
85662.44891120044	4300	18.645060652178724	0.0	2005399	3046.2277593308213	5	4.3
85671.21985130689	1850	13.874120545734442	0.0	2152483	8770.94010644428	3	4.3
85673.61999865704	1850	15.473973195568913	0.0	966699	2400.14735016553	3	-0.6000000000000001
85680.88520700025	1850	12.208764852370289	0.0	885714	7265.208343198624	3	1.85
85687.8758878901	1200	9.21808396250496	0.0	987708	6990.680889865328	2	1.85
85690.83484570813	750	10.25912614447577	0.0	586839	2958.9578180291887	1	0.5499999999999999
85691.59907787829	1850	13.494893974319599	0.0	386472	764.2321701561716	3	0.3
85694.177841718	1850	14.916130134602385	0.0	955231	2578.7638397172145	3	0.75
85696.13679206968	1850	16.957179782935743	0.0	968026	1958.950351666642	3	1.85
85699.56606554464	1850	17.527906307978096	0.0	874175	3429.2734749576452	3	1.85
85701.08857154944	1850	20.005400303181105	0.0	897976	1522.5060047969923	3	1.85
85702.56773323932	1850	22.526238613293376	0.0	905935	1479.161689887731	3	1.85
85704.98833542403	1850	24.105636428580667	0.0	1076599	2420.602184712709	3	1.85
85707.21633789355	1850	25.87763395907795	0.0	758197	2228.0024695027178	3	1.85
85708.82041672495	4300	28.273555127669518	0.0	972798	1604.0788314084305	5	1.85
85712.20290371585	4300	28.891068136770905	0.0	2164140	3382.4869908986147	5	1.8499999999999996
85716.53059827986	4300	28.563373572750045	0.0	2113193	4327.694564020858	5	4.3
85720.53912266408	4300	28.554849188541937	0.0	2147852	4008.5243842081113	5	4.3
85723.86481999596	4300	29.22915185667114	0.0	2191074	3325.697331870793	5	4.3
85727.42199729501	4300	29.67197455761444	0.0	2286761	3557.1772990566988	5	4.3
85735.62178329867	4300	25.47218855394816	0.0	2307787	8199.786003666279	5	4.3
85753.10717534313	1850	11.986796509486169	0.0	2143948	17485.392044461994	3	4.3
85758.69187701603	1850	10.402094836592788	0.0	728962	5584.701672893381	3	-0.6000000000000001
85761.66256460686	1850	11.431407245758567	0.0	938587	2970.687590834219	3	1.85
85765.26565075865	1850	11.828321093967116	0.0	908665	3603.0861517914523	3	1.85
85774.10453702339	750	6.98943482923217	0.0	930577	8838.886264734945	1	1.85
85783.64371120732	300	4.0	2.549739354691541	345516	9539.174183923711	0	-11.313879225173624
85790.4368778134	300	4.0	2.793166606085476	161857	6793.166606085476	0	-12.160616406167545
85791.86733309567	300	6.569544717730573	0.0	145210	1430.455282269427	0	0.3
85792.71542860667	300	9.721449206747552	0.0	172312	848.0955109830205	0	0.3
85793.23299778836	750	13.203880025044331	0.0	167025	517.5691817032225	1	0.3
85794.34467863872	1850	16.09219917468387	0.0	393804	1111.68085036046	3	0.3
85798.7468385137	1850	15.690039299702885	0.0	830730	4402.1598749809855	3	0.75
85800.603839759	1850	17.833038054390585	0.0	846370	1857.0012453122984	3	1.85

