10078.80775773392	300	4.0	3.6504572181548722	181801	3650.4572181548724	-15.39696603806595
10079.449812722636	300	7.3579450112844285	0.0	155580	642.0549887155711	0.3
10079.901258804295	300	10.906498929625212	0.0	139857	451.446081659217	0.3
10080.345968471123	300	14.461789262797888	0.0	155432	444.70966682732353	0.3
10082.35510327849	750	16.452654455429542	0.0	411561	2009.1348073683446	0.3
10084.380544933962	750	18.427212799960092	0.0	318564	2025.4416554694483	0.75
10085.319480686056	750	21.488277047866163	0.0	352642	938.9357520939302	0.75
10088.16879477998	1850	22.6389629539405	0.0	1060487	2849.3140939256646	0.75
10090.173750180049	1850	24.634007553872017	0.0	852833	2004.955400068484	1.85
10094.253360981547	1850	24.554396752372984	0.0	913888	4079.6108014990327	1.85
10099.694937809532	2850	23.11281992438911	0.0	1354548	5441.576827983875	1.85
10103.535005730675	1850	23.27275200324618	0.0	917428	3840.067921142932	0.8500000000000001
10106.626860651631	1850	24.18089708229136	0.0	946851	3091.8549209548232	1.85
10109.534608872917	1850	25.273148861005087	0.0	1036454	2907.748221286271	1.85
10118.770405035819	2850	20.03735269810281	0.0	1231445	9235.796162902274	1.85
10120.368016388667	1200	22.439741345253335	0.0	587876	1597.6113528494768	-0.44999999999999996
10124.865090935788	1850	21.94266679813318	0.0	966699	4497.074547120155	1.2000000000000002
10127.222883461038	1850	23.584874272883084	0.0	885714	2357.7925252500954	1.85
10130.621575068611	1850	24.186182665309214	0.0	987708	3398.6916075738714	1.85
10134.270832939877	2850	24.536924794042402	0.0	1336050	3649.257871266813	1.85
10138.502518757576	1850	24.305238976345084	0.0	891604	4231.68581769732	0.8500000000000001
10140.800666550627	1850	26.00709118329448	0.0	955231	2298.1477930506057	1.85
10146.356749288256	2850	24.451008445665984	0.0	1505760	5556.082737628497	1.85
10150.115966086034	1850	24.691791647888103	0.0	874175	3759.2167977778827	0.8500000000000001
10154.285531628566	1850	24.522226105355266	0.0	897976	4169.565542532835	1.85
10158.92092614067	1850	23.886831593251106	0.0	905935	4635.394512104158	1.85
10185.529919627403	2850	4.0	2.7221618934807448	1547572	26608.99348673185	-9.855296141967202
10185.884574550535	300	7.645345076866716	0.0	111155	354.6549231332838	-2.25
10186.344119955313	300	11.18579967209061	0.0	153605	459.54540477610595	0.3
10186.792358437968	300	14.737561189434588	0.0	149029	448.2384826560222	0.3
10187.757485847937	750	17.772433779466898	0.0	358218	965.1274099676907	0.3
10192.500282484201	750	17.029637143201207	0.0	400322	4742.796636265691	0.75
10195.986467798963	750	17.543451828439167	0.0	369834	3486.185314762041	0.75
10197.08126542023	750	20.44865420717413	0.0	412837	1094.7976212650367	0.75
10199.088178620901	1200	22.441741006501456	0.0	690253	2006.9132006726775	0.75
10203.260756840858	1850	22.269162786543387	0.0	943942	4172.578219958067	1.2000000000000002
10207.011757554195	1850	22.518162073207	0.0	728962	3751.0007133363856	1.85
10209.631385230656	1200	23.89853439674825	0.0	575591	2619.627676458748	0.5499999999999999
10214.562169440977	1850	22.967750186426617	0.0	908665	4930.7842103216335	1.2000000000000002
10220.878161683531	1850	20.651757943871548	0.0	930577	6315.992242555068	1.85
10223.246559876503	1200	22.28335975089913	0.0	566904	2368.398192972418	0.5499999999999999
10225.217411927215	1200	24.31250770018749	0.0	641452	1970.85205071164	1.2
10236.120339846266	1850	17.409579781136642	0.0	886255	10902.927919050844	1.2000000000000002
10238.47917986796	1200	19.050739759442266	0.0	634861	2358.840021694375	0.5499999999999999
10242.185320084402	1200	19.344599542999873	0.0	630203	3706.140216442391	1.2
10246.987272398264	1200	18.54264722913711	0.0	638661	4801.952313862762	1.2
10247.917888428723	750	21.612031198679333	0.0	331053	930.6160304577787	0.3
10249.81649261603	1200	23.713427011372556	0.0	550906	1898.6041873067784	0.75

