58203.394578130974	300	4.0	0.7467954953957484	181801	746.7954953957484	-2.911220630201718
58203.810924848614	300	7.5836532823562335	0.0	155580	416.34671764376657	0.3
58204.172302062296	300	11.222276068680628	0.0	139857	361.3772136756062	0.3
58204.577606747414	300	14.816971383562228	0.0	155432	405.30468511840144	0.3
58205.522830127746	750	17.871748003225566	0.0	411561	945.2233803366609	0.3
58206.27254621098	750	21.122031919987435	0.0	318564	749.71608323813	0.75
58207.68801024041	1200	23.70656789055967	0.0	561791	1415.4640294277663	0.75
58210.234157381106	1850	25.160420749861874	0.0	1060487	2546.1471406977935	1.2000000000000002
58214.42402857931	1850	24.97054955166319	0.0	852833	4189.871198198685	1.85
58216.236661539726	1850	27.157916591243254	0.0	913888	1812.6329604199336	1.85
58218.301391340436	2850	29.09318679053234	0.0	1354548	2064.729800710915	1.85
58223.72305763691	4300	27.67152049406024	0.0	2102452	5421.666296472099	2.8499999999999996
58225.871166428966	2850	29.523411702004594	0.0	1422919	2148.10879205564	1.4000000000000001
58231.258166292006	4300	28.136411838971448	0.0	2275376	5386.999863033146	2.8499999999999996
58234.35445991752	2850	29.040118213455234	0.0	1231445	3096.2936255162163	1.4000000000000001
58247.43139426504	4300	19.96318386593867	0.0	2152483	13076.934347516564	2.8499999999999996
58249.02808037045	1200	22.36649776052839	0.0	617242	1596.6861054102826	-1.9000000000000001
58251.02095022728	1850	24.37362790369848	0.0	885714	1992.8698568299094	1.2000000000000002
58252.963907406585	1850	26.43067072438943	0.0	987708	1942.9571793090522	1.85
58255.733639209575	2850	27.66093892139829	0.0	1336050	2769.7318029911403	1.85
58259.64658758574	4300	27.747990545231527	0.0	2039773	3912.948376166762	2.8499999999999996
58262.408802176666	2850	28.98577595430001	0.0	1468126	2762.2145909315186	1.4000000000000001
58265.64594734241	4300	29.748630788557612	0.0	2221506	3237.145165742398	2.8499999999999996
58277.162958471534	4300	22.23161965943013	0.0	2044075	11517.011129127484	4.3
58281.512695755475	1850	21.881882375490942	0.0	897976	4349.737283939186	-0.6000000000000001
58283.98322912459	1850	23.411349006377225	0.0	905935	2470.533369113716	1.85
58286.49679888538	1850	24.897779245582235	0.0	1076599	2513.5697607949924	1.85
58289.474201390745	2850	25.920376740224075	0.0	1141971	2977.4025053581595	1.85
58292.74900461965	2850	26.645573511317064	0.0	1498470	3274.80322890701	2.85
58305.96181797352	4300	17.432760157452794	0.0	2164140	13212.813353864269	2.8499999999999996
58306.77700022964	750	20.61757790133015	0.0	358218	815.1822561226418	-2.8
58308.139656479245	1200	23.25492165172164	0.0	620283	1362.6562496085087	0.75
58310.1406847673	1850	25.253893363672177	0.0	885062	2001.0282880494622	1.2000000000000002
58313.47177559599	2850	25.922802534982996	0.0	1587293	3331.090828689183	1.85
58315.85612185837	2850	27.538456272594246	0.0	1492672	2384.346262388751	2.85
58317.942731213836	2850	29.45184691712756	0.0	1439896	2086.6093554666845	2.85
58319.56339800764	2850	31.831180123327496	0.0	1139291	1620.6667938000655	2.85
58322.54742436937	4300	32.84715376159775	0.0	2147467	2984.026361729747	2.8499999999999996
58325.51306346533	4300	33.88151466562829	0.0	2133870	2965.639095969463	4.3
58328.41407170367	4300	34.9805064272904	0.0	2146120	2901.008238337891	4.3
58335.147415296546	4300	32.2471628344142	0.0	2108491	6733.343592876201	4.3
58340.251308876075	4300	31.143269254884085	0.0	2184571	5103.893579530113	4.3
58345.82402545413	4300	29.570552676822075	0.0	2121928	5572.716578062014	4.3
58349.986314645255	4300	29.40826348570161	0.0	2219102	4162.289191120462	4.3
58353.45107211645	4300	29.943506014507445	0.0	2124950	3464.757471194165	4.3
58357.653531836884	4300	29.74104629407273	0.0	2246506	4202.459720434716	4.3
58361.69474666696	4300	29.699831463992687	0.0	1961140	4041.214830080043	4.3
58366.078711905575	4300	29.3158662253736	0.0	2155012	4383.965238619086	4.3

