73614.27352253646	300	4.0	0.8461133348204463	181801	846.1133348204463	-3.338287339727919
73615.02936189271	300	7.244160643740308	0.0	155580	755.8393562596924	0.3
73615.87634330502	300	10.397179231432773	0.0	139857	846.9814123075357	0.3
73616.58828265275	300	13.685239883710478	0.0	155432	711.9393477222952	0.3
73618.51369416605	750	15.759828370414034	0.0	411561	1925.4115132964434	0.3
73620.26273426943	750	18.010788267042752	0.0	318564	1749.0401033712803	0.75
73622.00010968374	750	20.273412852732488	0.0	352642	1737.3754143102694	0.75
73625.05614370914	1200	21.217378827338187	0.0	709534	3056.034025394301	0.75
73628.13375603566	1850	22.139766500821146	0.0	852833	3077.6123265170386	1.2000000000000002
73630.66025410096	1200	23.61326843551269	0.0	560821	2526.498065308458	0.5499999999999999
73633.75471726684	1850	24.51880526963606	0.0	939819	3094.4631658766302	1.2000000000000002
73636.77795963382	1850	25.49556290265314	0.0	917428	3023.242366982918	1.85
73642.40193835537	2850	23.871584181113466	0.0	1422919	5623.9787215396755	1.85
73645.95528221654	1850	24.31824031994285	0.0	1036454	3553.343861170619	0.8500000000000001
73650.34497880179	1850	23.928543734697804	0.0	821631	4389.696585245044	1.85
73655.23924783805	1850	23.034274698428845	0.0	923170	4894.269036268959	1.85
73659.7130207472	1850	22.560501789273452	0.0	966699	4473.772909155394	1.85
73662.85872014586	1850	23.41480239062894	0.0	885714	3145.6993986445173	1.85
73667.1068361183	1850	23.16668641818072	0.0	987708	4248.115972448216	1.85
73670.72711052549	1850	23.546412010983385	0.0	923755	3620.2744071973366	1.85
73673.32620091244	1850	24.947321624025054	0.0	891604	2599.0903869583294	1.85
73676.86852968254	1850	25.40499285391799	0.0	955231	3542.328770107067	1.85
73682.26732759422	2850	24.00619494224281	0.0	1505760	5398.797911675178	1.85
73687.02944797192	1850	23.244074564552363	0.0	874175	4762.120377690446	0.8500000000000001
73691.1242976312	1850	23.149224905253302	0.0	897976	4094.8496592990623	1.85
73695.60433559271	1850	22.669186943746407	0.0	905935	4480.037961506891	1.85
73700.45973024379	1850	21.813792292676506	0.0	1076599	4855.394651069902	1.85
73702.89997162898	1200	23.37355090748206	0.0	487160	2440.241385194448	0.5499999999999999
73706.85081163788	1850	23.422710898588377	0.0	972798	3950.840008893681	1.2000000000000002
73711.55226365189	1850	22.721258884571913	0.0	975811	4701.452014016463	1.85
73715.53366075488	1850	22.739861781583627	0.0	873429	3981.39710298829	1.85
73719.86384492034	1850	22.40967761612758	0.0	954453	4330.184165456044	1.85
73724.37415571902	1850	21.89936681743626	0.0	885062	4510.31079869132	1.85
73728.23352221442	1200	22.040000322057082	0.0	670129	3859.366495379177	0.5499999999999999
73734.28930034816	1850	19.98422218830179	0.0	1026056	6055.778133755296	1.2000000000000002
73736.81653034635	1200	21.45699219011102	0.0	598727	2527.229998190766	0.5499999999999999
73739.59140565874	1850	22.682116877717146	0.0	728962	2774.875312393877	1.2000000000000002
73742.0866435694	1200	24.186878967038837	0.0	575591	2495.237910678309	0.5499999999999999
73746.72748787561	1850	23.546034660838036	0.0	908665	4640.844306200802	1.2000000000000002
73751.29968215586	1850	22.973840380586946	0.0	930577	4572.194280251089	1.85
73754.56586965172	1850	23.707652884723235	0.0	858450	3266.1874958637122	1.85
73759.24031694136	1850	23.033205595076186	0.0	1025005	4674.447289647048	1.85
73763.93258951537	1850	22.340933021061844	0.0	886255	4692.272574014341	1.85
73769.18988196983	1850	21.083640566614772	0.0	973972	5257.292454447069	1.85
73772.31749453707	1200	21.956027999374832	0.0	630203	3127.6125672399394	0.5499999999999999
73776.02512619569	1850	22.248396340768558	0.0	982064	3707.6316586062767	1.2000000000000002
73780.4856640788	1850	21.78785845765318	0.0	830730	4460.53788311538	1.85
73782.60418187	1200	23.669340666459075	0.0	550906	2118.517791194108	0.5499999999999999

