89930.15411005235	300	4.0	7.2957221738065945	450283	7295.722173806595	0	-30.621605347368355
89933.33358558745	300	4.820524464912298	0.0	155580	3179.4755350877026	0	-0.15000000000000002
89936.7095465267	300	5.444563525652675	0.0	139857	3375.960939259623	0	0.3
89937.88172292912	300	8.272387123230896	0.0	155432	1172.1764024217794	0	0.3
89938.80120970767	750	11.352900344671268	0.0	163442	919.4867785596294	1	0.3
89940.16075239518	750	13.99335765715886	0.0	318564	1359.5426875124062	1	0.3
89941.81258392804	750	16.341526124304174	0.0	352642	1651.831532854687	1	0.75
89944.5788471792	750	17.57526287313136	0.0	437162	2766.2632511728125	1	0.75
89945.95838782382	1850	20.19572222851112	0.0	374758	1379.5406446202376	3	0.75
89948.2569425537	1850	21.89716749862857	0.0	913888	2298.554729882551	3	0.75
89951.91703470134	1850	22.23707535098667	0.0	939819	3660.0921476418976	3	1.85
89953.8330695735	4300	24.32104047883414	0.0	917428	1916.0348721525295	5	1.85
89959.82731178026	4300	22.32679827207698	0.0	2209463	5994.242206757157	5	1.8499999999999996
89976.89386239083	1850	9.26024766150217	0.0	2275376	17066.550610574814	3	4.3
89979.75497106221	1200	10.399138990125353	0.0	821631	2861.108671376817	2	-0.6000000000000001
89987.41318783397	300	6.740922218369774	0.0	587876	7658.216771755579	0	0.5499999999999999
89990.33987990012	300	7.81423015222371	0.0	143509	2926.6920661460636	0	-0.6000000000000001
89991.15279444357	300	11.001315608779201	0.0	150616	812.9145434445089	0	0.3
89992.03757175045	750	14.116538301899277	0.0	165384	884.7773068799241	1	0.3
89993.83593060383	1850	16.318179448520425	0.0	350713	1798.3588533788538	3	0.3
90008.12665666197	750	6.027453390374594	0.0	891604	14290.72605814583	1	0.75
90016.6769693453	300	4.0	2.5228592929548848	399894	8550.31268332948	0	-11.198294959706004
90017.68880674045	300	6.988162604849523	0.0	163927	1011.8373951504758	0	-0.15000000000000002
90018.55129617044	300	10.125673174846877	0.0	137654	862.4894300026451	0	0.3
90022.70345770285	300	9.973511642428257	0.0	146754	4152.1615324186205	0	0.3
90024.0878262686	300	12.589143076686062	0.0	153938	1384.3685657421947	0	0.3
90029.46003835528	300	11.216930990011795	0.0	181901	5372.212086674266	0	0.3
90030.16633319524	750	14.510636150045572	0.0	111155	706.2948399662231	1	0.3
90035.9973184176	750	12.679650927679699	0.0	400396	5830.985222365873	1	0.3
90040.1307363172	750	12.546233028101744	0.0	400508	4133.417899577955	1	0.75
90044.90679966784	750	11.770169677457167	0.0	358218	4776.063350644577	1	0.75
90052.1818413313	300	8.495128013996005	0.0	400322	7275.041663461161	0	0.75
90053.00085698937	750	11.676112355928078	0.0	143881	819.0156580679264	1	-0.15000000000000002
90054.74764149464	1200	13.929327850648683	0.0	412837	1746.7845052793969	2	0.3
90058.71948500046	750	13.957484344831887	0.0	690253	3971.843505816797	1	0.75
90060.12711586726	750	16.549853478042476	0.0	365161	1407.6308667894123	1	0.3
90061.04391800918	1850	19.633051336125696	0.0	321064	916.8021419167776	3	0.75
90063.26766019929	1850	21.40930914601542	0.0	938587	2223.742190110274	3	0.75
90066.82616204335	1850	21.850807301947196	0.0	908665	3558.5018440682243	3	1.85
90068.76038777117	1850	23.916581574142224	0.0	930577	1934.2257278049715	3	1.85
90070.50710418654	1850	26.169865158748767	0.0	858450	1746.716415393458	3	1.85
90073.33206912152	1850	27.34490022377197	0.0	1025005	2824.9649349767988	3	1.85
90086.48791526006	1850	18.189054085239032	0.0	886255	13155.846138532937	3	1.85
90089.86467740132	1850	18.812291943988008	0.0	973972	3376.7621412510252	3	1.85
90093.1907410591	1850	19.486228286216647	0.0	958994	3326.0636577713585	3	1.85
90102.33741723825	1850	14.339552107061463	0.0	982064	9146.676179155183	3	1.85
90108.57108407567	1850	12.105885269648978	0.0	830730	6233.666837412486	3	1.85
90125.2978377377	300	4.0	4.6208683923838	846370	16726.753662032777	0	-18.019734087250338

