6850.580214941694	750	4.0	1.4235683974812925	450283	1423.5683974812925	1	-5.3713441091695575
6852.767891246407	750	5.812323695287453	0.0	398865	2187.676304712548	1	0.75
6853.296920257187	1850	9.28329468450809	0.0	350812	529.0290107793596	3	0.75
6854.571486004835	1850	12.008728936859443	0.0	933276	1274.5657476486483	3	0.75
6858.1003851865125	1850	12.479829755181486	0.0	996749	3528.899181677956	3	1.85
6859.841954917016	1850	14.738260024678603	0.0	801058	1741.5697305028846	3	1.85
6862.805827858259	1850	15.774387083435595	0.0	905515	2963.8729412430075	3	1.85
6868.78017340823	1850	13.800041533463851	0.0	1060487	5974.345549971744	3	1.85
6872.7281244618825	1850	13.852090479811633	0.0	852833	3947.951053652217	3	1.85
6876.537808844243	1850	14.042406097451622	0.0	913888	3809.684382360013	3	1.85
6878.364843460182	1850	16.21537148151288	0.0	939819	1827.0346159387443	3	1.85
6881.573738452179	1850	17.006476489515702	0.0	917428	3208.894991997174	3	1.85
6885.479851621726	1850	17.10036331996807	0.0	946851	3906.1131695476306	3	1.85
6888.522761020946	1850	18.057453920749413	0.0	1036454	3042.909399218657	3	1.85
6889.949089421844	1850	20.631125519850777	0.0	821631	1426.328400898637	3	1.85
6891.383776088691	1850	23.196438853003798	0.0	923170	1434.6866668469772	3	1.85
6892.904335168984	4300	25.675879772710445	0.0	966699	1520.55908029335	5	1.85
6897.753332553649	4300	24.826882388046354	0.0	2059512	4848.997384664093	5	1.8499999999999996
6901.768481270543	4300	24.811733671151057	0.0	2220726	4015.1487168952945	5	4.3
6907.217880531062	4300	23.36233441063157	0.0	2156729	5449.399260519492	5	4.3
6913.918547928066	4300	20.661667013627927	0.0	2039773	6700.667397003639	5	4.3
6917.444284073613	4300	21.135930868081065	0.0	2176469	3525.7361455468654	5	4.3
6926.951608573423	1850	15.628606368270823	0.0	2221506	9507.324499810242	3	4.3
6928.162588845487	4300	18.41762609620614	0.0	874175	1210.9802720646837	5	-0.6000000000000001
6931.057814765217	4300	19.522400176477145	0.0	2186790	2895.2259197289914	5	1.8499999999999996
6943.671607067343	1850	10.908607874350873	0.0	2105231	12613.792302126272	3	4.3
6952.157848906669	750	6.422366035025152	0.0	1076599	8486.241839325721	1	-0.6000000000000001
6953.235704540806	750	9.344510400888298	0.0	277716	1077.8556341368535	1	-0.3500000000000001
6955.731679593138	750	10.848535348556085	0.0	400396	2495.9750523322155	1	0.75
6957.858921137113	750	12.721293804581393	0.0	400508	2127.24154397469	1	0.75
6964.74599637822	300	9.834218563474328	0.0	358218	6887.075241107065	0	0.75
6966.148131018319	300	12.432083923376041	0.0	157488	1402.1346400982882	0	-0.15000000000000002
6967.255988775703	750	15.324226165992238	0.0	143881	1107.8577573838031	1	0.3
6968.8953747098985	750	17.68484023179652	0.0	412837	1639.385934195719	1	0.3
6971.285630545364	750	19.294584396330546	0.0	401088	2390.2558354659723	1	0.75
6973.232975792829	1850	21.347239148866677	0.0	365161	1947.3452474638705	3	0.75
6977.202597613969	1850	21.377617327726252	0.0	728962	3969.6218211404216	3	0.75
6982.583916627101	1850	19.99629831459533	0.0	938587	5381.319013130925	3	1.85
6985.577776320255	1850	21.002438621440465	0.0	908665	2993.859693154862	3	1.85
6987.582444385596	1850	22.99777055609944	0.0	930577	2004.6680653410265	3	1.85
6991.010285627437	1850	23.56992931425958	0.0	858450	3427.841241839862	3	1.85
7001.42010604653	750	17.160108895165738	0.0	1025005	10409.820419093843	1	1.85
7001.992013989634	1850	20.588200952062188	0.0	372093	571.9079431035495	3	-0.3500000000000001
7003.717169039787	1850	22.863045901909548	0.0	973972	1725.1550501526408	3	0.75
7009.447406819903	1850	21.132808121792593	0.0	958994	5730.237780116954	3	1.85
7019.873957988269	1850	14.70625695342742	0.0	982064	10426.551168365173	3	1.85
7023.45638695772	1850	15.123827983976195	0.0	830730	3582.4289694512267	3	1.85
7025.466330792974	1850	17.113884148722512	0.0	846370	2009.9438352536833	3	1.85

