62707.6036944259	750	4.0	7.3102622219025415	450283	7310.262221902542	-30.68412755418093
62708.37866598622	300	7.225028439677068	0.0	155580	774.9715603229313	-0.15000000000000002
62708.81584402763	300	10.787850398272155	0.0	139857	437.1780414049126	0.3
62710.280352617214	300	13.32334180868966	0.0	155432	1464.5085895824961	0.3
62710.77573749016	300	16.82795693573564	0.0	163442	495.38487295402376	0.3
62712.5085653462	1200	19.095129079697465	0.0	520315	1732.8278560381723	0.29999999999999993
62719.28699191993	1200	16.316702505977496	0.0	561791	6778.426573719967	1.2
62720.34326945076	300	19.260424975154464	0.0	173849	1056.2775308230339	-0.6000000000000001
62721.07581971572	300	22.52787471018948	0.0	150710	732.550264964984	0.3
62721.95914876115	750	25.644545664759676	0.0	362795	883.3290454298053	0.3
62734.19953416861	1850	17.40416025729167	0.0	939819	12240.385407468006	0.75
62734.75280093145	300	20.85089349446131	0.0	156148	553.2667628303602	-1.25
62736.03953623674	750	23.564158189165187	0.0	386351	1286.7353052961232	0.3
62737.678888947434	750	25.92480547847029	0.0	434409	1639.3527106948961	0.75
62739.30805597785	750	28.295638448063013	0.0	337059	1629.1670304072788	0.75
62740.34402934968	750	31.259665076223307	0.0	366214	1035.9733718397038	0.75
62742.82022909943	1850	32.78346532647743	0.0	966699	2476.199749745878	0.75
62754.82452022572	4300	24.779174200186674	0.0	2059512	12004.291126290756	1.8499999999999996
62776.22382225439	1200	7.379872171514893	0.0	639204	21399.30202867178	-1.9000000000000001
62777.137064621296	300	10.46662980460851	0.0	140881	913.242366906383	-0.6000000000000001
62778.184872229904	300	13.418822196002687	0.0	157671	1047.807608605825	0.3
62782.160267188265	300	13.443427237641389	0.0	157812	3975.394958361297	0.3
62782.6879787118	300	16.91571571410934	0.0	163927	527.7115235320506	0.3
62783.14393436316	300	20.459760062750618	0.0	137654	455.95565135872	0.3
62784.20688848574	750	23.396805940160956	0.0	359903	1062.9541225896623	0.3
62788.0296949324	750	23.57399949351007	0.0	379700	3822.8064466508863	0.75
62792.52027161159	750	23.083422814316954	0.0	425781	4490.576679193115	0.75
62796.77200956363	750	22.831684862267817	0.0	277716	4251.737952049134	0.75
62801.18206511566	300	22.421629310243034	0.0	153605	4410.055552024784	-0.15000000000000002
62802.23890855809	300	25.36478586781689	0.0	149029	1056.8434424261413	0.3
62803.03946556927	300	28.56422885663229	0.0	157421	800.5570111846018	0.3
62807.36068668957	1850	28.2430077363374	0.0	954453	4321.221120294888	0.30000000000000004
62810.731534202074	1850	28.87216022382797	0.0	885062	3370.84751250943	1.85
62816.221378705035	1850	27.382315720869112	0.0	1035329	5489.844502958858	1.85
62819.97340749777	1850	27.630286928133252	0.0	1026056	3752.0287927358577	1.85
62824.29346986279	2850	27.310224563118137	0.0	1439896	4320.062365015116	1.85
62826.99155605332	2850	28.612138372591847	0.0	1139291	2698.086190526289	2.85
62832.192610726066	4300	27.411083699841207	0.0	2147467	5201.054672750641	2.8499999999999996
62837.374361590395	4300	26.229332835512512	0.0	2133870	5181.750864328692	4.3
62843.283102745125	4300	24.320591680783888	0.0	2146120	5908.741154728624	4.3
62852.07388923112	4300	19.52980519478375	0.0	2108491	8790.786486000135	4.3
62855.90449243459	2850	19.69920199132359	0.0	1527299	3830.603203460164	1.4000000000000001
62861.07842684317	2850	18.525267582742483	0.0	1343002	5173.934408581107	2.85
62864.94682805298	2850	18.65686637292698	0.0	1587250	3868.401209815503	2.85
62870.491926663075	4300	17.111767762831516	0.0	2124950	5545.098610095463	2.8499999999999996
62875.755409788886	4300	15.848284637022884	0.0	2246506	5263.4831258086315	4.3
62880.32701909097	4300	15.276675334942345	0.0	1961140	4571.609302080538	4.3
62886.7953771309	4300	12.808317295010568	0.0	2155012	6468.358039931778	4.3

