44389.950445341165	750	4.0	2.10667812502649	450283	2106.6781250264903	-8.308715937613908
44390.6020909811	1200	7.348354360065422	0.0	611087	651.6456399345781	0.75
44394.13364339802	4300	7.816801943141185	0.0	2177073	3531.5524169242367	1.1999999999999997
44397.94663933826	4300	8.003806002892155	0.0	2160877	3812.995940249029	4.3
44402.76906784906	4300	7.181377492092791	0.0	2233056	4822.428510799365	4.3
44406.75701617003	2850	7.193429171127626	0.0	1224260	3987.948320965165	1.4000000000000001
44409.83075745782	1850	8.119687883327607	0.0	905515	3073.741287800018	0.8500000000000001
44413.15062652655	1850	8.799818814601146	0.0	1060487	3319.8690687264625	1.85
44414.437983224205	1850	11.512462116944283	0.0	852833	1287.3566976568611	1.85
44417.739568530254	4300	12.210876810897192	0.0	2169201	3301.58530604709	1.8499999999999996
44429.975319278026	4300	4.0	0.0248739368707229	2173522	12235.750747767916	4.193042071455891
44430.640849998046	300	7.334469279975712	0.0	156148	665.5307200242883	-3.7
44431.41646557704	300	10.558853700990479	0.0	160746	775.6155789852334	0.3
44432.27454015878	300	13.700779119245839	0.0	179801	858.0745817446402	0.3
44433.43674528003	300	16.538573997995627	0.0	140051	1162.2051212502117	0.3
44436.29087453829	300	17.684444739738172	0.0	138313	2854.1292582574547	0.3
44437.18731459053	300	20.788004687499452	0.0	143509	896.4400522387217	0.3
44437.77686048988	750	24.198458788143864	0.0	372963	589.5458993555894	0.3
44440.111471807	2850	25.863847471027043	0.0	1537156	2334.611317116822	0.75
44444.16943993281	4300	25.805879345220728	0.0	2156729	4057.968125806315	2.8499999999999996
44448.91006641457	4300	25.065252863456255	0.0	2039773	4740.626481764475	4.3
44456.34672943625	4300	21.628589841781185	0.0	2176469	7436.663021675073	4.3
44465.25714851307	4300	16.718170764961272	0.0	2221506	8910.419076819911	4.3
44469.87601215416	2850	16.099307123868936	0.0	1323990	4618.8636410923355	1.4000000000000001
44476.0617118604	2850	13.913607417636932	0.0	1383735	6185.699706232006	2.85
44480.48113555056	2850	13.494183727475978	0.0	1480464	4419.423690160953	2.85
44487.92879088786	2850	10.046528390175776	0.0	1547572	7447.6553373002025	2.85
44488.43999968809	1200	13.53531958995164	0.0	487160	511.20880022413513	-0.44999999999999996
44491.76439379908	4300	14.210925478955495	0.0	2134614	3324.3941109961447	1.1999999999999997
44495.524845553235	4300	14.450473724806411	0.0	2164140	3760.451754149086	4.3
44500.15147727188	4300	13.823842006159678	0.0	2113193	4626.631718646731	4.3
44504.604242976326	2850	13.371076301717672	0.0	1497683	4452.765704442007	1.4000000000000001
44510.26615461903	2850	11.709164659010726	0.0	1358081	5661.911642706946	2.85
44512.71921035189	2850	13.256108926149926	0.0	1587293	2453.055732860802	2.85
44515.83188212271	4300	14.143437155327902	0.0	2307787	3112.671770822025	2.8499999999999996
44528.738435823405	4300	5.236883454632157	0.0	2143948	12906.553700695744	4.3
44529.38796767085	300	8.587351607181853	0.0	131610	649.531847450304	-3.7
44530.00461544787	300	11.970703830157618	0.0	124011	616.6477770242356	0.3
44530.87776376502	300	15.097555513008057	0.0	144254	873.148317149561	0.3
44534.119838638195	300	15.855480639836447	0.0	149991	3242.0748731716103	0.3
44534.9813945499	300	18.99392472813274	0.0	147968	861.5559117037046	0.3
44535.28252525356	300	22.692794024465094	0.0	161857	301.13070366764964	0.3
44535.560912654044	300	26.414406623984547	0.0	145210	278.387400480544	0.3
44536.97156325125	1850	29.003756026774738	0.0	973972	1410.6505972098091	0.30000000000000004
44540.78307860362	4300	29.192240674407177	0.0	2124950	3811.5153523675604	1.8499999999999996
44545.65646526616	4300	28.318854011865586	0.0	2246506	4873.386662541589	4.3
44552.757395654146	4300	25.217923623882925	0.0	1961140	7100.930387982661	4.3
44559.549634093986	4300	22.425685184041374	0.0	2155012	6792.238439841553	4.3

