81619.9619597598	750	4.0	3.912612830832585	450283	3912.612830832585	-16.074235172580117
81620.47820556712	300	7.483754192676074	0.0	155580	516.2458073239272	-0.15000000000000002
81621.5418812591	750	10.420078500691746	0.0	350812	1063.675691984327	0.3
81622.69400341915	750	13.26795634064971	0.0	382355	1152.1221600420376	0.75
81625.5688843306	1850	14.393075429193756	0.0	996749	2874.8809114559535	0.75
81627.8950483229	1850	16.06691143688568	0.0	801058	2326.163992308076	1.85
81631.3528123001	1850	16.60914745968108	0.0	905515	3457.763977204597	1.85
81634.7548385947	1850	17.20712116507711	0.0	1060487	3402.026294603975	1.85
81636.02673441505	1850	19.9352253447321	0.0	852833	1271.8958203450095	1.85
81637.38159447367	1850	22.5803652861087	0.0	913888	1354.860058623395	1.85
81638.76915071301	1850	25.19280904677513	0.0	939819	1387.5562393335708	1.85
81639.95778233936	1850	28.004177420426192	0.0	917428	1188.6316263489393	1.85
81641.16165005128	1850	30.800309708516796	0.0	946851	1203.8677119093948	1.85
81642.60648246578	1850	33.35547729402678	0.0	1036454	1444.8324144900182	1.85
81645.32724950337	4300	34.634710256429486	0.0	2005399	2720.767037597296	1.8499999999999996
81648.24170097931	4300	35.7202587804945	0.0	2152483	2914.451475934984	4.3
81651.3368292593	4300	36.62513050051175	0.0	2289689	3095.1282799827445	4.3
81654.13440986547	4300	37.82754989432829	0.0	2059512	2797.5806061834624	4.3
81658.8522006402	4300	37.10975911959166	0.0	2220726	4717.790774736633	4.3
81662.1543338571	4300	37.807625902693694	0.0	2156729	3302.133216897963	4.3
81665.66148575602	4300	38.300474003774774	0.0	2039773	3507.151898918923	4.3
81671.23156863131	4300	36.73039112848844	0.0	2176469	5570.082875286329	4.3
81673.99256807861	4300	37.96939168118849	0.0	2221506	2760.99944729995	4.3
81679.16516185779	4300	36.79679790200647	0.0	2044075	5172.593779182023	4.3
81682.39590971978	4300	37.56605004001295	0.0	2186790	3230.747861993521	4.3
81685.75307587674	4300	38.20888388304562	0.0	2105231	3357.1661569673265	4.3
81691.40911493787	4300	36.55284482190912	0.0	2395588	5656.039061136498	4.3
81697.02203107753	4300	34.939928682249864	0.0	1972048	5612.916139659262	4.3
81705.31495707686	4300	30.64700268291739	0.0	2134614	8292.925999332472	4.3
81708.012528339	4300	31.949431420786034	0.0	2164140	2697.5712621313555	4.3
81711.98178532004	4300	31.98017443974749	0.0	2113193	3969.2569810385426	4.3
81715.7132457916	4300	32.248713968198125	0.0	2147852	3731.4604715493615	4.3
81725.27606765012	4300	26.685892109673375	0.0	2191074	9562.82185852475	4.3
81733.85540120561	4300	22.106558554180356	0.0	2286761	8579.33355549302	4.3
81741.67430450144	4300	18.287655258352416	0.0	2307787	7818.9032958279395	4.3
81746.59106535664	4300	17.370894403154313	0.0	2143948	4916.760855198101	4.3
81749.34588029895	4300	18.61607946085251	0.0	1919781	2754.8149423018017	4.3
81752.03194639209	4300	19.93001336770184	0.0	2147467	2686.0660931506713	4.3
81754.9218877347	4300	21.040072025097327	0.0	2133870	2889.94134260451	4.3
81757.82796022936	4300	22.13399953043252	0.0	2146120	2906.072494664807	4.3
81760.68448177539	4300	23.277477984410726	0.0	2108491	2856.521546021794	4.3
81763.64118765191	4300	24.32077210787894	0.0	2184571	2956.705876531784	4.3
81766.878412504	4300	25.08354725579365	0.0	2121928	3237.2248520852886	4.3
81771.53136720155	4300	24.43059255824545	0.0	2219102	4652.954697548203	4.3
81775.15291287444	4300	24.809046885345808	0.0	2124950	3621.5456728996433	4.3
81780.96977658905	4300	22.99218317074359	0.0	2246506	5816.863714602214	4.3
81783.40456218182	4300	24.55739757797783	0.0	1961140	2434.7855927657615	4.3
81788.62818480471	4300	23.333774955089478	0.0	2155012	5223.622622888352	4.3

