49751.12883965294	300	4.0	1.2952164589766384	181801	1295.2164589766385	-5.269430773599545
49751.7043946606	300	7.424444992340508	0.0	155580	575.5550076594918	0.3
49752.16416638991	300	10.964673263027452	0.0	139857	459.7717293130573	0.3
49752.649809607756	300	14.47903004518062	0.0	155432	485.64321784683057	0.3
49753.13507854155	300	17.993761111393994	0.0	163442	485.26893378662896	0.3
49753.528223316935	300	21.600616336005906	0.0	126289	393.14477538808626	0.3
49753.98833186434	300	25.140507788601806	0.0	153295	460.10854740410235	0.3
49754.49940587757	300	28.629433775374654	0.0	173849	511.0740132271489	0.3
49755.023131604794	300	32.10570804814932	0.0	150710	523.7257272253378	0.3
49755.59401613872	300	35.534823514219	0.0	139105	570.8845339303136	0.3
49756.174552153185	300	38.95428749975025	0.0	141840	580.5360144687515	0.3
49756.80557934994	300	42.32326030299851	0.0	156148	631.0271967517386	0.3
49757.68077911044	300	45.448060542496194	0.0	160746	875.1997605023197	0.3
49758.904164836866	300	48.22467481606616	0.0	179801	1223.385726430032	0.3
49761.587803125236	300	49.54103652770512	0.0	140051	2683.638288361046	0.3
49762.20719391467	300	52.92164573827287	0.0	138313	619.3907894322491	0.3
49762.84684798045	300	56.28199167248995	0.0	143509	639.6540657829172	0.3
49766.11120344779	750	57.01763620514871	0.0	372963	3264.3554673412423	0.3
49767.753837875054	750	59.375001777883625	0.0	405596	1642.6344272650801	0.75
49771.61321189454	1200	59.51562775839771	0.0	586839	2859.3740194859156	0.75
49775.167600260924	1200	59.96123939201963	0.0	601738	2054.388366378088	1.2
49781.00798557366	1200	58.12085407927318	0.0	616206	5840.385312746448	1.2
49786.36590260359	1200	56.76293704934917	0.0	656471	5357.917029924013	1.2
49787.90600150913	1200	59.22283814380711	0.0	536667	1540.0989055420548	1.2
49790.99683500302	1200	59.83861055444713	0.0	587236	1884.227589359979	1.2
49794.82993448936	1200	59.53536371583788	0.0	590335	2303.246838609242	1.2
49799.54686946039	1200	58.81842874481023	0.0	696376	4716.934971027661	1.2
49801.85123987307	1200	59.92963737650369	0.0	487160	1388.7913683065374	1.2
49806.65968106041	1200	59.121196189156606	0.0	622896	4808.441187347082	1.2
49809.254643176035	750	59.58122535400585	0.0	400508	1539.9708351507584	0.3
49811.10650491422	750	59.81279008220188	0.0	358218	1268.435271803972	0.75
49813.20034581265	750	59.81758281852546	0.0	400322	1495.2072636764185	0.75
49815.02791357154	750	59.71861566775843	0.0	369834	1098.967150767031	0.75
49817.622260751894	750	59.9157424579387	0.0	412837	2302.873209819727	0.75
49820.64950391158	750	59.55735785191367	0.0	401088	2358.3846060250257	0.75
49825.02203341556	750	59.18482834793539	0.0	365161	4372.529503978285	0.75
49827.56529068719	750	59.58439384299457	0.0	321064	2100.4345049408143	0.75
49828.56737031962	300	59.810265330972996	0.0	124011	774.1285120215788	-0.15000000000000002
49831.13267288129	300	59.81358962274232	0.0	144254	496.67570823067325	0.3
49832.69845644333	300	59.53801127988786	0.0	149991	1275.5783428544576	0.3
49835.267620129984	300	59.81853208410853	0.0	147968	719.4791957793241	0.3
49839.13059482425	300	59.95555738983127	0.0	161857	2362.974694277258	0.3
49841.31787354234	300	59.93774749285824	0.0	145210	517.8098969730237	0.3
49844.49846829613	300	59.61768463352233	0.0	172312	1320.0628593359113	0.3
49848.31690017518	300	59.799252754474146	0.0	167025	3318.4318790481825	0.3
49851.47061207362	300	59.95737867950473	0.0	160064	1841.8740749694211	0.3
49854.25753727505	300	59.734835057022515	0.0	137507	1222.5436224822106	0.3
49856.65605950406	300	59.70326464849614	0.0	118421	1031.5704085263797	0.3

