37317.5776361289	750	4.0	8.823799836193976	450283	8823.799836193975	-37.19233929563409
37318.351088593015	300	7.226547535889511	0.0	155580	773.4524641104892	-0.15000000000000002
37320.87110530132	300	8.706530827581846	0.0	139857	2520.016708307664	0.3
37321.432833593615	300	12.144802535284422	0.0	155432	561.7282922974248	0.3
37322.971643224795	750	14.60599290409716	0.0	411561	1538.8096311872614	0.3
37325.4818160546	750	16.095820074295066	0.0	318564	2510.172829802095	0.75
37326.87082462469	750	18.70681150420547	0.0	352642	1389.0085700895986	0.75
37328.08305102287	750	21.49458510602341	0.0	437162	1212.226398182056	0.75
37332.282531718774	1850	21.295104410120878	0.0	852833	4199.480695902534	0.75
37341.83562200885	1850	15.742014120045821	0.0	913888	9553.090290075057	1.85
37347.251645658995	1850	14.325990469904292	0.0	939819	5416.02365014153	1.85
37351.61498510222	1850	13.962651026672994	0.0	917428	4363.339443231301	1.85
37359.62820024623	1850	9.949435882664572	0.0	946851	8013.215144008422	1.85
37365.56826799482	750	8.009368134074412	0.0	434409	5940.06774859016	-0.3500000000000001
37368.50877706785	300	9.068859061051409	0.0	140051	2940.509073023002	-0.15000000000000002
37372.17442004346	300	9.40321608543837	0.0	138313	3665.642975613041	0.3
37373.28127890256	300	12.296357226342073	0.0	143509	1106.8588590962966	0.3
37374.06842351958	300	15.50921260931902	0.0	150616	787.1446170230515	0.3
37375.38363597951	750	18.19400014938635	0.0	405596	1315.2124599326673	0.3
37382.8328782996	1850	14.744757829297304	0.0	923755	7449.242320089047	0.75
37385.21803863514	1850	16.359597493756265	0.0	891604	2385.1603355410384	1.85
37389.68823087569	1850	15.889405253203687	0.0	955231	4470.1922405525775	1.85
37393.87457464575	1850	15.703061483145069	0.0	968026	4186.343770058619	1.85
37403.52101776955	1850	10.05661835934953	0.0	874175	9646.44312379554	1.85
37404.90242620181	750	12.675209927087407	0.0	359903	1381.4084322621243	-0.3500000000000001
37406.177755978795	750	15.399880150098888	0.0	379700	1275.3297769885166	0.75
37418.85340752258	1850	6.724228606312606	0.0	1076599	12675.651543786282	0.75
37419.202483490946	300	10.375152637952	0.0	111155	349.075968360607	-1.25
37420.2517331102	750	13.325903018702181	0.0	400396	1049.249619249819	0.3
37429.52097179592	1850	8.056664332977777	0.0	975811	9269.238685724406	0.75
37430.37975145359	750	11.197884675307556	0.0	358218	858.7796576702199	-0.3500000000000001
37432.69383384415	1850	12.88380228475661	0.0	954453	2314.082390550945	0.75
37437.28333871846	1850	12.294297410442041	0.0	885062	4589.504874314569	1.85
37442.89372286038	1850	10.68391326852262	0.0	1035329	5610.384141919421	1.85
37445.406959598564	1850	12.170676530339156	0.0	1026056	2513.236738183463	1.85
37451.72155991	1850	9.856076218905338	0.0	943942	6314.600311433818	1.85
37452.559412749	750	13.01822337990258	0.0	321064	837.8528390027578	-0.3500000000000001
37454.95268264942	1850	14.624953479486772	0.0	938587	2393.2699004158076	0.75
37457.552339412294	1850	16.025296716608125	0.0	908665	2599.656762878647	1.85
37462.52215592232	1850	15.055480206582462	0.0	930577	4969.816510025664	1.85
37469.033579281124	1850	12.544056847781823	0.0	858450	6511.423358800638	1.85
37475.49832655603	1850	10.079309572873015	0.0	1025005	6464.747274908807	1.85
37478.503024962054	1850	11.074611166848577	0.0	886255	3004.6984060244376	1.85
37484.844090394865	1850	8.733545734040261	0.0	973972	6341.065432808316	1.85
37485.890909722184	750	11.686726406716428	0.0	398987	1046.8193273238344	-0.3500000000000001
37496.470782818666	1850	5.10685331023404	0.0	982064	10579.873096482386	0.75
37497.362207180435	750	8.215428948467794	0.0	331053	891.4243617662476	-0.3500000000000001
37498.212096207266	750	11.365539921631273	0.0	314107	849.8890268365208	0.75

