84571.56620741541	750	4.0	7.2957221738065945	450283	7295.722173806595	-30.621605347368355
84574.74568295051	300	4.820524464912298	0.0	155580	3179.4755350877026	-0.15000000000000002
84578.12164388977	300	5.444563525652675	0.0	139857	3375.960939259623	0.3
84579.2938202922	300	8.272387123230896	0.0	155432	1172.1764024217794	0.3
84580.21330707075	300	11.352900344671268	0.0	163442	919.4867785596294	0.3
84581.57284975825	750	13.99335765715886	0.0	318564	1359.5426875124062	0.3
84583.2246812911	750	16.341526124304174	0.0	352642	1651.831532854687	0.75
84585.99094454227	750	17.57526287313136	0.0	437162	2766.2632511728125	0.75
84587.3704851869	750	20.19572222851112	0.0	374758	1379.5406446202376	0.75
84588.39605252884	750	23.170154886558432	0.0	362795	1025.5673419526863	0.75
84590.57950492017	1850	24.98670249523587	0.0	939819	2183.4523913225635	0.75
84594.14333293748	1850	25.42287447792376	0.0	917428	3563.8280173121107	1.85
84596.10672393673	1850	27.459483478678095	0.0	946851	1963.3909992456656	1.85
84598.15622553273	1850	29.409981882680615	0.0	1036454	2049.5015959974826	1.85
84601.68114687859	1850	29.885060536826174	0.0	821631	3524.9213458544396	1.85
84614.03914743883	1850	21.52705997658286	0.0	923170	12358.000560243314	1.85
84615.34051107166	750	24.225696343757942	0.0	360831	1301.3636328249158	-0.3500000000000001
84618.41853194204	1850	25.14767547336741	0.0	885714	3078.0208703905355	0.75
84621.84178856647	1850	25.72441884893594	0.0	987708	3423.25662443147	1.85
84633.43802073278	1850	18.12818668262401	0.0	923755	11596.232166311935	1.85
84635.41110385087	750	20.15510356452922	0.0	386472	1973.0831180947857	-0.3500000000000001
84654.16998905227	1850	5.39621836313562	0.0	955231	18758.8852013936	0.75
84655.36645074449	300	8.199756670908872	0.0	163927	1196.4616922267494	-1.25
84658.14810491455	300	9.418102500863531	0.0	137654	2781.65417004534	0.3
84659.06232298166	300	12.503884433748823	0.0	146754	914.2180671147091	0.3
84660.01737824976	300	15.548829165643667	0.0	153938	955.0552681051562	0.3
84666.37488635577	750	13.191321059628878	0.0	425781	6357.50810601479	0.3
84672.0917213111	750	11.474486104303324	0.0	277716	5716.834955325555	0.75
84676.65731248843	300	10.908894926952032	0.0	153605	4565.591177351293	-0.15000000000000002
84677.45722874321	300	14.108978672184117	0.0	149029	799.9162547679133	0.3
84680.60935519641	750	14.95685221897788	0.0	358218	3152.126453206237	0.3
84686.35734129367	750	13.208866121726441	0.0	400322	5747.986097251439	0.75
84693.48216474487	750	10.084042670522194	0.0	369834	7124.823451204247	0.75
84694.40166179602	300	13.164545619367043	0.0	163444	919.4970511551502	-0.15000000000000002
84696.13617652596	750	15.430030889416921	0.0	401088	1734.5147299501232	0.3
84698.12179531548	750	17.444412099892784	0.0	365161	1985.6187895241392	0.75
84700.15959749116	750	19.406609924225787	0.0	321064	2037.8021756669948	0.75
84701.60239549562	750	21.963811919762875	0.0	361565	1442.7980044629107	0.75
84702.66844451995	750	24.897762895440785	0.0	378327	1066.0490243220938	0.75
84704.8656205335	1850	26.700586881890437	0.0	930577	2197.1760135503464	0.75
84708.32188215313	1850	27.24432526224837	0.0	858450	3456.2616196420668	1.85
84710.44370590217	1850	29.122501513213514	0.0	1025005	2121.823749034854	1.85
84712.23146099118	1850	31.3347464242049	0.0	886255	1787.755089008612	1.85
84715.56340252652	1850	32.002804888888065	0.0	973972	3331.9415353168383	1.85
84728.41823271303	1850	23.147974702375425	0.0	958994	12854.830186512641	1.85
84729.83120544559	750	25.735001969819233	0.0	393804	1412.9727325561912	-0.3500000000000001
84732.72311298872	1850	26.843094426685074	0.0	830730	2891.9075431341603	0.75
84735.6679597949	1850	27.898247620523673	0.0	846370	2944.846806161399	1.85

