57049.37269532728	750	4.0	2.6948564824268026	450283	2694.856482426803	0.16708978861631474	-10.837882874435252
57051.10787786856	300	6.26481745871392	0.0	155580	1735.1825412860803	0.08966203629774158	-0.15000000000000002
57052.438925012684	300	8.933770314589387	0.0	139857	1331.0471441245347	0.10507291241888181	0.3
57053.53019834117	750	11.842496986105173	0.0	382355	1091.273328484213	0.3503750985384148	0.3
57056.1583423916	1850	13.214352935672927	0.0	996749	2628.144050432247	0.37925965277134116	0.75
57061.26193033389	2850	12.110764993386772	0.0	1224260	5103.587942286154	0.23988221891040684	1.85
57063.450479713494	1850	13.922215613786303	0.0	905515	2188.5493796004685	0.4137512310393045	0.8500000000000001
57072.34779420407	2850	9.024901123208936	0.0	1638769	8897.314490577368	0.18418692536220066	1.85
57073.91965620044	1200	11.45303912683503	0.0	584846	1571.861996373906	0.3720721038800915	-0.44999999999999996
57076.06751844604	1850	13.305176881236985	0.0	913888	2147.862245598045	0.42548724987972375	1.2000000000000002
57081.29962898477	2850	12.073066342510062	0.0	1354548	5232.110538726923	0.25889131928194864	1.85
57084.680877653394	1850	12.691817673881284	0.0	917428	3381.2486686287784	0.2713281659855118	0.8500000000000001
57089.98520209575	1850	11.387493231531819	0.0	946851	5304.324442349466	0.1785054836465862	1.85
57093.6507141978	1850	11.721981129482183	0.0	1036454	3665.512102049635	0.2827583080193484	1.85
57095.72248123961	1850	13.650214087668951	0.0	821631	2071.767041813232	0.3965846465444783	1.85
57099.50680718857	2850	13.865888138711124	0.0	1471065	3784.325948957826	0.3887257651273723	1.85
57103.456931132336	2850	13.915764194944936	0.0	1491626	3950.1239437661907	0.3776149865763022	2.85
57110.46612363221	2850	10.906571695070182	0.0	1358801	7009.192499874753	0.1938598490516961	2.85
57115.80965099561	1200	9.563044331676668	0.0	639204	5343.527363393515	0.11962210662173171	-0.44999999999999996
57117.30298436668	1200	12.069710960611994	0.0	586839	1493.333371064675	0.3929725347138074	1.2
57119.54418539123	1850	13.828509936066514	0.0	891604	2241.2010245454803	0.3978241979345958	1.2000000000000002
57123.278530269185	2850	14.09416505811075	0.0	1468126	3734.3448779557634	0.3931415142362733	1.85
57132.630038550386	2850	8.7426567769125	0.0	1505760	9351.508281198248	0.16101787591071465	2.85
57133.492599315745	750	11.880096011548497	0.0	343800	862.5607653640039	0.39858061461318045	-1.35
57137.66611423304	1850	11.706581094257801	0.0	897976	4173.514917290697	0.21516060629847594	0.75
57141.416027208514	1850	11.956668118780547	0.0	905935	3749.9129754772553	0.24158827309444447	1.85
57143.963894551285	1850	13.408800776007624	0.0	1076599	2547.867342772923	0.42254907935210784	1.85
57146.81001092525	2850	14.562684402046271	0.0	1141971	2846.116373961353	0.4012383367200665	1.85
57150.882492109115	2850	14.490203218184027	0.0	1498470	4072.4811838622445	0.36795013465940357	2.85
57160.24610679853	2850	9.126588528763367	0.0	1561263	9363.61468942066	0.16673721119302032	2.85
57163.892948097346	1200	9.479747229941891	0.0	570392	3646.8412988214754	0.15640713517869004	-0.44999999999999996
57165.986427244345	1200	11.3862680829489	0.0	620283	2093.4791469929924	0.2962928963925697	1.2
57173.707180660276	1850	7.665514667013182	0.0	885062	7720.753415935717	0.11463414932708803	1.2000000000000002
57176.07681973292	750	9.295875594363894	0.0	412837	2369.6390726492887	0.17421935887411016	-0.3500000000000001
57179.13138282285	1200	10.24131250443915	0.0	690253	3054.563089924743	0.2259743798636047	0.75
57181.03868342593	1200	12.33401190135147	0.0	598727	1907.3006030876807	0.3139132861546502	1.2
57183.5977675992	1850	13.774927728080135	0.0	728962	2559.0841732713357	0.28485268582164347	1.2000000000000002
57192.3710841939	2850	9.001611133381566	0.0	1499009	8773.316594698568	0.1708600144335157	1.85
57195.59610106143	1200	9.776594265857089	0.0	605884	3225.0168675244777	0.18787002514658982	-0.44999999999999996
57199.451473945526	1200	9.921221381752598	0.0	587506	3855.372884104491	0.15238629768400816	1.2
57203.57172391547	1200	9.800971411811693	0.0	566904	4120.2499699409045	0.13758971036607542	1.2
57209.15104583936	1200	8.221649487924747	0.0	641452	5579.321923886947	0.11496952653936834	1.2
57211.14451255685	750	10.228182770432316	0.0	372093	1993.4667174924323	0.18665623897049716	0.3
57213.502411070425	1200	11.870284256853777	0.0	634861	2357.8985135785365	0.26924865355484867	0.75
57216.348646120416	1850	13.024049206868572	0.0	958994	2846.2350499852055	0.33693422474190415	1.2000000000000002
57221.02958231585	2850	12.343113011427725	0.0	1483527	4680.936195440847	0.3169295495727821	1.85
57223.6732195668	1850	13.69947576047915	0.0	830730	2643.6372509485755	0.31423751488670465	0.8500000000000001
57228.08821493407	2850	13.284480393216102	0.0	1364537	4414.995367263049	0.30906872748224556	1.85

