67798.77355104066	750	4.0	2.5144731236489295	450283	2514.4731236489297	-10.062234431690396
67800.74943786491	1850	6.02411317574381	0.0	957685	1975.88682425619	0.75
67802.56712246228	1850	8.20642857839272	0.0	877771	1817.6845973510917	1.85
67804.49468786405	1850	10.278863176622282	0.0	933276	1927.5654017704362	1.85
67806.54790796898	1850	12.225643071691607	0.0	996749	2053.220104930675	1.85
67808.21372721819	1850	14.559823822496918	0.0	801058	1665.8192491946884	1.85
67811.74743484655	1850	15.026116194127548	0.0	905515	3533.7076283693714	1.85
67814.99597397765	1850	15.777577063021193	0.0	1060487	3248.5391311063568	1.85
67816.74507573695	1850	18.02847530372	0.0	852833	1749.101759301192	1.85
67818.80343443879	1850	19.97011660189692	0.0	913888	2058.3587018230783	1.85
67820.26726038524	1850	22.506290655425463	0.0	939819	1463.8259464714572	1.85
67822.41830411812	1850	24.35524692254653	0.0	917428	2151.043732878932	1.85
67825.29348322439	1850	25.48006781627858	0.0	946851	2875.1791062679526	1.85
67831.55090498587	1850	23.22264605481745	0.0	1036454	6257.421761461129	1.85
67835.6880572214	1850	23.08549381928439	0.0	821631	4137.152235533062	1.85
67838.4902653253	1850	24.283285715387034	0.0	923170	2802.208103897354	1.85
67840.9300012791	1850	25.843549761578057	0.0	966699	2439.735953808978	1.85
67843.48212914594	1850	27.291421894748368	0.0	885714	2552.1278668296923	1.85
67845.88146369506	1850	28.892087345632053	0.0	987708	2399.3345491163177	1.85
67848.15759371754	1850	30.6159573231541	0.0	923755	2276.130022477952	1.85
67850.52388070802	1850	32.24967033266426	0.0	891604	2366.2869904898416	1.85
67858.05685229161	4300	28.716698749069742	0.0	2176469	7532.971583594517	1.8499999999999996
67862.47956228052	4300	28.293988760161803	0.0	2221506	4422.709988907941	4.3
67867.97754036334	4300	26.796010677338213	0.0	2044075	5497.978082823587	4.3
67873.2516056892	4300	25.521945351461024	0.0	2186790	5274.065325877188	4.3
67876.6844567804	4300	26.08909426028084	0.0	2105231	3432.8510911801804	4.3
67883.94068739301	4300	22.832863647657945	0.0	2395588	7256.230612622899	4.3
67886.40906993875	4300	24.36448110191304	0.0	1972048	2468.382545744905	4.3
67889.07433906988	4300	25.699211970785036	0.0	2134614	2665.2691311280028	4.3
67891.7753676668	4300	26.99818337383994	0.0	2164140	2701.0285969450947	4.3
67894.41469344235	4300	28.35885759830592	0.0	2113193	2639.325775534021	4.3
67897.09599535166	4300	29.677555688999814	0.0	2147852	2681.3019093061052	4.3
67899.82964419694	4300	30.943906843720455	0.0	2191074	2733.6488452793606	4.3
67904.54730513584	4300	30.226245904813737	0.0	2286761	4717.660938906716	4.3
67909.65990946427	4300	29.113641576394663	0.0	2307787	5112.604328419073	4.3
67915.61462052354	4300	27.158930517122016	0.0	2143948	5954.7110592726485	4.3
67922.07064186706	4300	24.702909173610134	0.0	1919781	6456.02134351188	4.3
67926.50247188087	4300	24.27107915979651	0.0	2147467	4431.830013813621	4.3
67933.36234140207	4300	21.411209638602816	0.0	2133870	6859.869521193694	4.3
67939.91606181064	4300	18.85748923002411	0.0	2146120	6553.720408578703	4.3
67946.35781729419	4300	16.41573374647072	0.0	2108491	6441.755483553392	4.3
67967.69706439205	4300	4.0	4.9235133513741856	2184571	21339.247097844906	-16.871107410908998
67968.91924519559	300	6.777819196459956	0.0	145210	1222.1808035400447	-3.7
67970.30194461631	300	9.39511977574399	0.0	172312	1382.699420715966	0.3
67971.59223348468	300	12.104830907362722	0.0	167025	1290.2888683812666	0.3
67972.85210959376	750	14.844954798277161	0.0	393804	1259.8761090855614	0.3
67974.79425396948	1850	16.90281042256645	0.0	830730	1942.1443757107131	0.75
67976.68417897639	1850	19.01288541565688	0.0	846370	1889.9250069095708	1.85

