56081.13803112871	300	4.0	1.6891446602485303	181801	1689.1446602485303	-6.96332203906868
56081.683787961	300	7.454243167697106	0.0	155580	545.7568323028945	0.3
56081.98255700678	300	11.155474121928602	0.0	139857	298.76904576850313	0.3
56082.305688993896	300	14.832342134813977	0.0	155432	323.13198711462417	0.3
56082.6413504937	300	18.496680635007063	0.0	163442	335.66149980691495	0.3
56082.91889601535	300	22.219135113359535	0.0	126289	277.5455216475292	0.3
56083.23868523484	300	25.899345893863316	0.0	153295	319.78921949621895	0.3
56083.59062571575	300	29.54740541295919	0.0	173849	351.9404809041271	0.3
56083.90637139088	300	33.23165973782122	0.0	150710	315.74567513797035	0.3
56084.22926391284	300	36.90876721586439	0.0	139105	322.8925219568304	0.3
56084.99590365598	300	40.14212747272255	0.0	141840	766.6397431418399	0.3
56085.831807650706	300	43.30622347799531	0.0	156148	835.9039947272419	0.3
56087.52414124432	750	45.61388988438012	0.0	386351	1692.3335936151836	0.3
56090.50239459469	1200	46.63563653400741	0.0	687371	2978.253350372712	0.75
56092.322299117055	750	48.81573201164056	0.0	337059	1819.9045223668504	0.3
56093.96970018042	750	51.16833094827425	0.0	366214	1647.4010633663086	0.75
56097.353037485205	750	51.78499364349495	0.0	360831	3383.3373047793066	0.75
56101.26887857722	750	51.869152551482244	0.0	372963	3915.841092012707	0.75
56103.55665693194	750	53.58137419675262	0.0	405596	2287.7783547296212	0.75
56105.320716348644	750	55.81731478005972	0.0	350713	1764.0594166929066	0.75
56107.329934329544	750	57.80809679915035	0.0	386472	2009.2179809093645	0.75
56108.95121518467	750	59.83598029928713	0.0	399894	1472.116499863221	0.75
56114.62089676097	1200	58.16629872298906	0.0	656471	5669.68157629806	0.75
56117.64142549093	1200	59.14576999302725	0.0	536667	3020.5287299618158	1.2
56120.250226034	1200	59.649557032201216	0.0	587236	2496.2129608260384	1.2
56123.827605552	1200	59.61516098042877	0.0	590335	3534.396051772446	1.2
56129.5718631313	1200	57.87090340112257	0.0	696376	5744.257579306197	1.2
56131.85471044462	1200	59.58805608780265	0.0	487160	2282.8473133199122	1.2
56137.74839487724	1200	57.694371655183815	0.0	622896	5893.68443261884	1.2
56146.65998639818	1200	52.78278013423795	0.0	641447	8911.591520945862	1.2
56151.48498167084	1200	51.95778486158738	0.0	570392	4824.995272650569	1.2
56154.04754950812	1200	53.395217024302035	0.0	620283	2562.567837285347	1.2
56156.840285340804	1200	54.602481191615304	0.0	584349	2792.7358326867334	1.2
56161.53485609748	1200	53.90791043493751	0.0	670129	4694.570756677792	1.2
56164.682247084485	1200	54.76051944793959	0.0	690253	3147.3909869979184	1.2
56171.65042688032	1200	51.792339652105184	0.0	598727	6968.179795834413	1.2
56173.599565165976	1200	53.843201366447076	0.0	487812	1949.1382856581126	1.2
56177.21090547658	1200	54.23186105583848	0.0	575591	3611.3403106085925	1.2
56179.19479245116	1200	56.24797408125775	0.0	605884	1983.8869745807312	1.2
56182.36721800719	1200	57.07554852523521	0.0	587506	3172.4255560225347	1.2
56184.67078362553	1200	58.77198290688937	0.0	566904	2303.5656183458464	1.2
56186.62864985161	1200	59.97363062102721	0.0	641452	1798.3522858621575	1.2
56192.17558969775	1200	58.42669077489231	0.0	599477	5546.939846134903	1.2
56194.3803900758	1200	59.8485175255442	0.0	634861	2078.1732493481063	1.2
56196.669228159146	1200	59.72641200172755	0.0	630203	2122.105523816645	1.2
56198.46409763821	1200	59.62084353145878	0.0	638661	1605.5684702687752	1.2
56202.0800812849	1200	59.56050229050913	0.0	538612	3560.3412409496605	1.2
56206.28724481025	1200	59.353338765154966	0.0	550906	4207.163525354163	1.2

