9789.27251228579	300	4.0	10.349543089513253	450283	10349.543089513252	0	-43.753035284906986
9790.86362041293	300	6.40889187285853	0.0	155580	1591.1081271414696	0	-0.15000000000000002
9792.294240061858	300	8.9782722239322	0.0	139857	1430.6196489263302	0	0.3
9793.977565295612	300	11.29494699017586	0.0	155432	1683.3252337563395	0	0.3
9796.088292604945	300	13.184219680842716	0.0	163442	2110.7273093331437	0	0.3
9798.0515902909	300	15.220921994889554	0.0	126289	1963.2976859531611	0	0.3
9802.202795445466	300	15.06971684032248	0.0	153295	4151.205154567075	0	0.3
9804.649821353509	750	16.622690932280758	0.0	173849	2447.0259080417227	1	0.3
9808.445905463184	750	16.826606822603104	0.0	374758	3796.084109677657	1	0.3
9813.911761829431	750	15.360750456355854	0.0	362795	5465.856366247248	1	0.75
9816.958518611676	750	16.31399367411071	0.0	353220	3046.7567822451447	1	0.75
9821.556337368023	750	15.716174917765224	0.0	405134	4597.818756345484	1	0.75
9828.664096532957	750	12.608415752829954	0.0	386351	7107.759164935269	1	0.75
9836.976805374474	300	8.29570691131387	0.0	434409	8312.708841516085	0	0.75
9838.455448657163	300	10.817063628624412	0.0	140051	1478.643282689457	0	-0.15000000000000002
9839.732991608782	750	13.539520677005026	0.0	138313	1277.5429516193856	1	0.3
9843.940814659738	750	13.331697626049111	0.0	360831	4207.823050955914	1	0.3
9847.920597382412	750	13.351914903375139	0.0	372963	3979.782722673974	1	0.75
9852.555904028024	750	12.716608257762399	0.0	405596	4635.30664561274	1	0.75
9857.208482191423	750	12.064030094364218	0.0	350713	4652.578163398181	1	0.75
9860.536386289426	750	12.73612599636029	0.0	386472	3327.9040980039285	1	0.75
9866.270046730753	750	11.002465555034837	0.0	399894	5733.660441325453	1	0.75
9876.264822999756	300	5.007689286033496	0.0	401853	9994.77626900134	0	0.75
9877.635142571222	300	7.6373697145668995	0.0	137654	1370.3195714665962	0	-0.15000000000000002
9879.138681332983	300	10.133830952806411	0.0	146754	1503.5387617604888	0	0.3
9880.703415595648	300	12.569096690139748	0.0	153938	1564.7342626666623	0	0.3
9882.778342721962	750	14.494169563826222	0.0	181901	2074.927126313525	1	0.3
9886.929336257286	750	14.343176028500837	0.0	277716	4150.993535325386	1	0.3
9893.882147063729	750	11.390365222059637	0.0	400396	6952.810806441198	1	0.75
9899.535478770042	300	9.737033515746484	0.0	400508	5653.331706313155	0	0.75
9901.325345395937	300	11.947166889850381	0.0	157421	1789.8666258961011	0	-0.15000000000000002
9902.610145225188	750	14.662367060600738	0.0	157488	1284.7998292496434	1	0.3
9906.525529009235	750	14.746983276553397	0.0	369834	3915.3837840473398	1	0.3
9911.206604809522	750	14.065907476267036	0.0	412837	4681.075800286362	1	0.75
9917.646369720862	750	11.626142564929001	0.0	401088	6439.764911338034	1	0.75
9925.73282816455	300	7.539684121240928	0.0	365161	8086.458443688073	0	0.75
9926.95233513687	300	10.32017714891998	0.0	131610	1219.5069723209485	0	-0.15000000000000002
9928.106048374044	300	13.166463911745804	0.0	124011	1153.7132371741748	0	0.3
9929.435029749207	750	15.837482536582929	0.0	144254	1328.9813751628758	1	0.3
9934.438850037934	750	14.833662247855472	0.0	390680	5003.820288727457	1	0.3
9937.893909539835	750	15.378602745955286	0.0	345516	3455.059501900184	1	0.75
9943.75068092609	750	13.521831359698249	0.0	384505	5856.771386257039	1	0.75
9946.784354218986	750	14.488158066801894	0.0	372093	3033.6732928963534	1	0.75
9952.473200705233	750	12.799311580554358	0.0	438281	5688.846486247536	1	0.75
9962.825236890274	300	6.447275395514538	0.0	398987	10352.03618503982	0	0.75
9964.35041330228	300	8.9220989835069	0.0	160064	1525.1764120076389	0	-0.15000000000000002
9965.743289349524	300	11.52922293626345	0.0	137507	1392.8760472434496	0	0.3
9966.971191086846	750	14.301321198942077	0.0	118421	1227.9017373213733	1	0.3

