47559.01114414793	750	4.0	6.472892667910572	450283	6472.892667910572	-27.08343847201546
47559.79872186791	300	7.212422280022871	0.0	155580	787.5777199771293	-0.15000000000000002
47560.514791396025	300	10.496352751916165	0.0	139857	716.0695281067062	0.3
47565.58975729976	750	9.421386848182246	0.0	382355	5074.965903733919	0.3
47566.63278519115	300	12.378358956789947	0.0	163442	1043.0278913922998	-0.15000000000000002
47568.3117119057	300	14.69943224224407	0.0	126289	1678.9267145458775	0.3
47571.40315212334	750	15.607992024598609	0.0	352642	3091.44021764546	0.3
47572.591022039756	750	18.420122108182806	0.0	437162	1187.869916415803	0.75
47576.73794044292	1850	18.273203705021658	0.0	852833	4146.918403161148	0.75
47581.56375107226	1850	17.44739307568353	0.0	913888	4825.810629338128	1.85
47587.12480831748	1850	15.886335830456344	0.0	939819	5561.0572452271845	1.85
47592.445960964	1850	14.565183183933852	0.0	917428	5321.152646522492	1.85
47597.51524645965	1850	13.495897688291226	0.0	946851	5069.285495642625	1.85
47614.6311309702	1850	4.0	3.619986822264009	1036454	17115.884510555235	-13.715943335735238
47616.02335861938	300	6.607772350826697	0.0	140051	1392.2276491733023	-1.25
47617.49766696366	300	9.133464006542024	0.0	138313	1474.3083442846732	0.3
47622.123644946114	300	8.50748602408923	0.0	143509	4625.977982452795	0.3
47626.61594143	300	8.01518954020791	0.0	150616	4492.2964838813205	0.3
47629.14444582427	300	9.486685145932075	0.0	165384	2528.504394275835	0.3
47630.326891935605	300	12.304239034603336	0.0	140881	1182.4461113287396	0.3
47631.21601118593	300	15.415119784277048	0.0	157671	889.1192503262877	0.3
47636.08236277607	750	14.548768194138033	0.0	399894	4866.351590139016	0.3
47637.411978515076	750	17.219152455137344	0.0	401853	1329.6157390006906	0.75
47643.34746817373	1850	15.283662796484514	0.0	874175	5935.489658652829	0.75
47646.64679868366	1850	15.984332286553133	0.0	897976	3299.3305099313798	1.85
47649.2275234913	1850	17.403607478914164	0.0	905935	2580.7248076389674	1.85
47651.82922001681	1850	18.801910953406544	0.0	1076599	2601.6965255076225	1.85
47653.8795690793	1850	20.75156189091843	0.0	758197	2050.349062488112	1.85
47661.628073947875	1850	17.003057022334715	0.0	972798	7748.5048685837155	1.85
47663.90735098644	1850	18.723779983777916	0.0	975811	2279.2770385567997	1.85
47665.68173354815	1850	20.94939742206409	0.0	873429	1774.3825617138239	1.85
47667.72734026509	1850	22.90379070512332	0.0	954453	2045.6067169407743	1.85
47671.517853817786	1850	23.113277152426825	0.0	885062	3790.5135526964946	1.85
47678.39866228022	1850	20.23246868999491	0.0	1035329	6880.808462431916	1.85
47680.99129519584	1850	21.63983577437373	0.0	1026056	2592.6329156211796	1.85
47682.78386094387	1850	23.847270026343747	0.0	943942	1792.5657480299826	1.85
47684.1833088032	1850	26.447822167010635	0.0	728962	1399.4478593331114	1.85
47685.92685993291	1850	28.70427103730186	0.0	938587	1743.5511297087744	1.85
47687.67440064928	1850	30.956730320928404	0.0	908665	1747.5407163734567	1.85
47689.82658242962	1850	32.80454854058767	0.0	930577	2152.181780340734	1.85
47695.06672590047	4300	31.564405069735262	0.0	2108491	5240.1434708524075	1.8499999999999996
47698.689605845015	4300	31.94152512519785	0.0	2184571	3622.879944537414	4.3
47703.82327699362	4300	30.807853976586564	0.0	2121928	5133.671148611283	4.3
47707.118922122056	4300	31.512208848155783	0.0	2219102	3295.6451284307796	4.3
47710.225478079665	4300	32.4056528905481	0.0	2124950	3106.5559576076867	4.3
47716.66463133516	4300	29.966499635044542	0.0	2246506	6439.153255503552	4.3
47719.812077605864	4300	30.819053364338178	0.0	1961140	3147.4462707063653	4.3
47726.79022630625	4300	27.840904663948706	0.0	2155012	6978.148700389474	4.3

