2936.772136869591	300	4.0	12.043936334418666	450283	12043.936334418666	0	-51.03892623800026
2937.765627446302	300	7.006509423288982	0.0	155580	993.4905767110178	0	-0.15000000000000002
2938.666800165078	300	10.105336704513608	0.0	139857	901.1727187753748	0	0.3
2940.0790757588607	750	12.693061110730858	0.0	155432	1412.2755937827487	1	0.3
2944.813663389627	750	11.958473479964344	0.0	411561	4734.587630766515	1	0.3
2953.3147647686715	300	7.457372100920165	0.0	318564	8501.101379044178	0	0.75
2954.2151460757964	750	10.556990793794848	0.0	153295	900.3813071253184	1	-0.15000000000000002
2957.1194614991873	750	11.65267537040403	0.0	437162	2904.3154233908185	1	0.3
2959.7536564964366	750	13.018480373154501	0.0	374758	2634.194997249528	1	0.75
2961.8700157415565	750	14.902121128034723	0.0	362795	2116.359245119778	1	0.75
2966.0285426449454	750	14.743594224645893	0.0	353220	4158.526903388831	1	0.75
2969.52410552599	750	15.248031343601284	0.0	405134	3495.562881044608	1	0.75
2972.8895795563617	750	15.882557313229501	0.0	386351	3365.474030371782	1	0.75
2975.92229229203	750	16.84984457756099	0.0	434409	3032.7127356685096	1	0.75
2980.2677538870253	750	16.50438298256611	0.0	337059	4345.461594994882	1	0.75
2982.48424717591	750	18.287889693681798	0.0	366214	2216.49328888431	1	0.75
2987.620830270445	750	17.15130659914647	0.0	360831	5136.583094535332	1	0.75
2994.83085488881	750	13.94128198078146	0.0	372963	7210.024618365008	1	0.75
2997.7149930422192	750	15.057143827371794	0.0	405596	2884.1381534096663	1	0.75
2999.832024696122	300	16.9401121734695	0.0	350713	2117.0316539022942	0	0.75
3000.8170541144295	750	19.955082755161623	0.0	157671	985.0294183078793	1	-0.15000000000000002
3003.0785705263943	750	21.6935663431973	0.0	399894	2261.5164119643223	1	0.3
3006.475757897952	750	22.29637897163916	0.0	401853	3397.187371558137	1	0.75
3008.7094431272544	1850	24.06269374233672	0.0	343800	2233.685229302444	3	0.75
3017.5616185347753	1850	19.21051833481583	0.0	897976	8852.17540752089	3	0.75
3035.9687888013436	300	4.803348068247505	0.0	905935	18407.170266568326	0	1.85
3037.213714793776	300	7.558422075815122	0.0	181901	1244.9259924323828	0	-1.25
3038.1037018529655	300	10.668435016625422	0.0	111155	889.9870591897015	0	0.3
3039.252662295948	750	13.519474573642617	0.0	153605	1148.960442982804	1	0.3
3046.1213230380317	750	10.650813831559052	0.0	400508	6868.660742083565	1	0.3
3051.5258177772016	300	9.246319092389506	0.0	358218	5404.494739169545	0	0.75
3052.4414871003387	300	12.330649769252645	0.0	157488	915.6693231368602	0	-0.15000000000000002
3053.2849543986868	300	15.487182470904488	0.0	143881	843.4672983481572	0	0.3
3054.840190930012	750	17.931945939579524	0.0	163444	1555.2365313249625	1	0.3
3064.59638463313	750	12.175752236461479	0.0	401088	9756.193703118044	1	0.3
3069.1692145388165	750	11.602922330774923	0.0	365161	4572.829905686557	1	0.75
3071.0543657371873	300	13.717771132404218	0.0	321064	1885.1511983707067	0	0.75
3072.624074383304	750	16.148062486287365	0.0	124011	1569.7086461168522	1	-0.15000000000000002
3075.4475439192734	750	17.324592950318255	0.0	378327	2823.4695359691073	1	0.3
3079.0363640210767	750	17.73577284851453	0.0	390680	3588.820101803729	1	0.75
3082.053880338401	750	18.71825653119039	0.0	345516	3017.516317324135	1	0.75
3084.2663485029175	750	20.505788366673986	0.0	384505	2212.4681645164073	1	0.75
3088.8134669493097	750	19.958669920281892	0.0	372093	4547.118446392093	1	0.75
3093.971284355198	750	18.800852514393586	0.0	438281	5157.817405888305	1	0.75
3096.635026419441	750	20.13711045015025	0.0	398987	2663.742064243341	1	0.75
3098.924206303057	750	21.847930566534554	0.0	393804	2289.1798836156963	1	0.75
3100.7886770979944	1850	23.98345977159714	0.0	331053	1864.4707949374138	3	0.75
3114.2990160916916	750	14.473120777900053	0.0	846370	13510.338993697085	1	0.75

