56801.64832463841	750	4.0	3.5807069879320856	450283	3580.7069879320857	-14.647040048107968
56805.9918499091	300	4.0	0.34352527068657307	155580	4343.525270686573	-1.6271586639522642
56806.331881733044	300	7.6599681760497464	0.0	139857	340.03182395025397	0.3
56807.1227826393	750	10.869067269791929	0.0	382355	790.9009062578159	0.3
56810.093536276996	1200	11.898313632101233	0.0	652874	2970.753637690695	0.75
56810.847439477926	750	15.144410431169973	0.0	318564	753.9032009312593	0.3
56812.11587493565	1200	17.87597497344602	0.0	561791	1268.435457723952	0.75
56820.11834497247	1850	13.873504936627755	0.0	1060487	8002.470036818264	1.2000000000000002
56822.83359267147	750	15.15825723763114	0.0	374758	2715.247698996616	-0.3500000000000001
56823.505654343826	750	18.486195565267845	0.0	362795	672.0616723632954	0.75
56832.07205381777	1200	13.919796091325953	0.0	607410	8566.399473941892	0.75
56834.043121759736	300	15.948728149362461	0.0	156148	1971.0679419634898	-0.6000000000000001
56835.05097286464	300	18.940877044457697	0.0	160746	1007.8511049047687	0.3
56835.79913624799	300	22.192713661117132	0.0	179801	748.1633833405601	0.3
56836.39958357587	300	25.592266333236704	0.0	140051	600.4473278804277	0.3
56839.007386892124	300	26.984463016976456	0.0	138313	2607.8033162602487	0.3
56839.78025883065	300	30.211591078446276	0.0	143509	772.8719385301807	0.3
56843.301536780666	750	30.69031312843282	0.0	372963	3521.2779500134566	0.3
56844.22874686916	750	33.76310303994316	0.0	405596	927.2100884896532	0.75
56846.04881980642	1850	35.94303010267815	0.0	923755	1820.072937265012	0.75
56847.98073782409	1850	38.01111208500834	0.0	891604	1931.9180176698123	1.85
56856.082141174615	4300	33.90970873448492	0.0	2176469	8101.403350523419	1.8499999999999996
56860.370681283224	4300	33.62116862588046	0.0	2221506	4288.54010860447	4.3
56864.02567578968	4300	33.96617411942153	0.0	2044075	3654.994506458922	4.3
56868.08688786943	4300	33.9049620396676	0.0	2186790	4061.2120797539246	4.3
56873.338363734656	4300	32.653486174446016	0.0	2105231	5251.475865221588	4.3
56880.37720266995	4300	29.614647239152994	0.0	2395588	7038.838935293022	4.3
56892.41596059138	4300	21.575889317719668	0.0	1972048	12038.757921433327	4.3
56898.97381139777	1850	19.018038511327727	0.0	972798	6557.85080639194	-0.6000000000000001
56901.11290707174	1850	20.878942837356345	0.0	975811	2139.095673971381	1.85
56904.6809760833	2850	21.31087382580522	0.0	1341201	3568.069011551124	1.85
56907.296578234644	2850	22.695271674464205	0.0	1497683	2615.6021513410165	2.85
56909.73494193077	2850	24.25690797833684	0.0	1358081	2438.3636961273646	2.85
56920.79596980402	4300	17.19588010508531	0.0	2286761	11061.02787325153	2.8499999999999996
56922.15933600361	1200	19.832513905487613	0.0	690253	1363.3661995976938	-1.9000000000000001
56925.85185619833	1850	20.139993710774718	0.0	943942	3692.5201947128962	1.2000000000000002
56933.12499176013	1850	16.866858148971545	0.0	728962	7273.135561803176	1.85
56936.44109003012	1200	17.550759878969483	0.0	575591	3316.0982700020622	0.5499999999999999
56937.509859705286	1200	20.48199020381364	0.0	605884	1068.7696751558399	1.2
56948.78720871528	1850	13.204641193816128	0.0	930577	11277.349009997515	1.2000000000000002
56949.41707662206	300	16.574773287040657	0.0	147968	629.8679067754684	-1.25
56950.09855781926	300	19.89329208984291	0.0	161857	681.4811971977522	0.3
56950.71817664727	300	23.273673261833704	0.0	145210	619.6188280092031	0.3
56953.57738054075	300	24.414469368352343	0.0	172312	2859.203893481359	0.3
56954.46378944565	300	27.52806046345437	0.0	167025	886.4089048979746	0.3
56958.16756703804	1200	27.8242828710565	0.0	638661	3703.7775923978697	0.29999999999999993
56959.332690638315	1200	30.65915927077899	0.0	538612	1165.123600277513	1.2
56962.48052101166	2850	31.51132889743827	0.0	1364537	3147.8303733407242	1.2000000000000002

