56794.304078456924	750	4.0	1.6177804105130986	450283	1617.7804105130986	1	-6.206455765206324
56796.30677785177	750	5.99730060514587	0.0	398865	2002.6993948541297	1	0.75
56797.77076277935	750	8.533315677574413	0.0	350812	1463.9849275714582	1	0.75
56798.79517858742	1850	11.508899869510648	0.0	382355	1024.4158080637644	3	0.75
56800.9650482763	1850	13.33903018062288	0.0	996749	2169.869688887767	3	0.75
56803.18422358008	1850	15.119854876850034	0.0	801058	2219.1753037728454	3	1.85
56809.31139232705	750	12.992686129876976	0.0	905515	6127.16874697306	1	1.85
56810.498910948736	1850	15.805167508188692	0.0	437162	1187.5186216882846	3	-0.3500000000000001
56812.098465782496	1850	18.205612674435873	0.0	852833	1599.5548337528185	3	0.75
56813.73113704308	1850	20.57294141384466	0.0	913888	1632.6712605912137	3	1.85
56821.566796980005	1850	16.737281476919268	0.0	939819	7835.659936925394	3	1.85
56826.43168751988	1850	15.872390937050477	0.0	917428	4864.890539868788	3	1.85
56830.644728038715	1850	15.659350418211686	0.0	946851	4213.040518838793	3	1.85
56844.470413320494	300	5.833665136425103	0.0	1036454	13825.685281786582	0	1.85
56845.51697066649	300	8.787107790432525	0.0	140051	1046.557345992579	0	-1.25
56850.47506001538	300	7.829018441542211	0.0	138313	4958.089348890314	0	0.3
56851.31757247185	300	10.98650598507509	0.0	143509	842.5124564671214	0	0.3
56852.197846852854	300	14.106231604072839	0.0	150616	880.2743810022505	0	0.3
56852.80320256743	1850	17.500875889493546	0.0	165384	605.3557145792932	3	0.3
56854.5511338118	1850	19.75294464512934	0.0	923755	1747.9312443642032	3	0.30000000000000004
56857.646818640045	1850	20.657259816882657	0.0	891604	3095.6848282466826	3	1.85
56860.525740108664	1850	21.778338348265546	0.0	955231	2878.921468617115	3	1.85
56868.523247171084	1850	17.78083128584638	0.0	968026	7997.507062419164	3	1.85
56873.939637511256	1850	16.36444094567504	0.0	874175	5416.390340171339	3	1.85
56878.54070678126	1850	15.763371675669488	0.0	897976	4601.069270005551	3	1.85
56888.011581262646	750	10.292497194280283	0.0	905935	9470.874481389204	1	1.85
56888.86748317583	1850	13.436595281095816	0.0	425781	855.901913184469	3	-0.3500000000000001
56890.259887880886	1850	16.044190576040343	0.0	758197	1392.404705055471	3	0.75
56893.66776142593	1850	16.636317030990256	0.0	972798	3407.8735450500885	3	1.85
56895.39908462565	1850	18.9049938312809	0.0	975811	1731.3231997093549	3	1.85
56904.06932602619	1850	14.234752430735558	0.0	873429	8670.241400545345	3	1.85
56910.122801390804	1850	12.18127706612245	0.0	954453	6053.475364613109	3	1.85
56913.58178802987	1850	12.72229042705469	0.0	885062	3458.98663906776	3	1.85
56920.0971142311	1850	10.206964225821729	0.0	1035329	6515.326201232961	3	1.85
56922.650289743746	1850	11.653788713180038	0.0	1026056	2553.17551264169	3	1.85
56926.48573174245	1850	11.81834671447278	0.0	943942	3835.441998707259	3	1.85
56929.47350989896	1850	12.830568557961117	0.0	728962	2987.7781565116634	3	1.85
56931.458141935625	1850	14.845936521300745	0.0	938587	1984.632036660373	3	1.85
56934.77663663901	1850	15.527441817907443	0.0	908665	3318.4947033933013	3	1.85
56941.31422325142	1850	12.989855205494056	0.0	930577	6537.586612413385	3	1.85
56943.436526442594	1850	14.867552014325785	0.0	858450	2122.303191168271	3	1.85
56944.80782227515	1850	17.49625618177712	0.0	1025005	1371.2958325486659	3	1.85
56947.76206523606	1850	18.542013220868455	0.0	886255	2954.2429609086653	3	1.85
56953.79078401728	1850	16.513294439641996	0.0	973972	6028.71878122646	3	1.85
56956.911271010256	1850	17.392807446667277	0.0	958994	3120.4869929747183	3	1.85
56960.165207011705	1850	18.138871445216733	0.0	982064	3253.936001450544	3	1.85
56961.75310588593	1850	20.55097257099333	0.0	830730	1587.8988742234044	3	1.85
56963.139148924514	1850	23.164929532406358	0.0	846370	1386.0430385869715	3	1.85

