11763.128870065704	300	4.0	8.088618126333843	181801	8088.618126333843	-34.48105794323553
11765.110437956257	300	6.018432109447489	0.0	155580	1981.5678905525115	0.3
11766.479465434395	300	8.649404631310205	0.0	139857	1369.027478137285	0.3
11768.26835464681	300	10.860515418894078	0.0	155432	1788.8892124161264	0.3
11770.428267711268	300	12.700602354436786	0.0	163442	2159.9130644572933	0.3
11771.264771739068	300	15.864098326637583	0.0	126289	836.5040277992034	0.3
11772.568699372987	750	18.5601706927186	0.0	352642	1303.9276339189835	0.3
11775.5954355021	750	19.533434563604175	0.0	437162	3026.736129114422	0.75
11776.952754845068	1200	22.176115220636973	0.0	584846	1357.319342967203	0.75
11778.194065732205	1200	24.93480433350033	0.0	560821	1241.3108871366426	1.2
11782.606852156863	2850	24.52201790884252	0.0	1354548	4412.78642465781	1.2000000000000002
11784.276922282783	1850	26.851947782921364	0.0	917428	1670.070125921156	0.8500000000000001
11786.480628660287	2850	28.6482414054161	0.0	1422919	2203.7063775052643	1.85
11789.408867497534	4300	29.720002568170422	0.0	2275376	2928.238837245681	2.8499999999999996
11793.560412181536	4300	29.568457884169007	0.0	2005399	4151.544684001415	4.3
11805.058604134909	4300	22.070265930796904	0.0	2152483	11498.191953372101	4.3
11807.532075668283	1200	23.596794397421558	0.0	617242	2473.4715333753447	-1.9000000000000001
11810.106346009452	1850	25.022524056253257	0.0	885714	2574.270341168303	1.2000000000000002
11811.92349183137	1850	27.20537823433586	0.0	987708	1817.1458219173944	1.85
11814.392490343529	2850	28.736379722175098	0.0	1336050	2468.9985121607638	1.85
11817.366863772151	4300	29.76200629355345	0.0	2039773	2974.373428621647	2.8499999999999996
11820.606115030232	4300	30.522755035472272	0.0	2176469	3239.251258081179	4.3
11823.836354580413	4300	31.29251548529139	0.0	2221506	3230.2395501808874	4.3
11826.320461694775	4300	32.808408370928895	0.0	2044075	2484.1071143624854	4.3
11830.835530918304	4300	32.293339147400935	0.0	2186790	4515.06922352796	4.3
11841.103344422809	4300	26.025525642896724	0.0	2105231	10267.813504504213	4.3
11844.924964380107	2850	26.203905685598812	0.0	1547572	3821.619957297914	1.4000000000000001
11847.072100220912	2850	28.056769844793624	0.0	1141971	2147.1358408051883	2.85
11849.634775494354	4300	29.49409457135111	0.0	2134614	2562.6752734425118	2.8499999999999996
11855.2440995999	4300	27.884770465804635	0.0	2164140	5609.324105546477	4.3
11862.241164814863	2850	24.88770525084012	0.0	1341201	6997.065214964514	1.4000000000000001
11864.081172846085	1850	27.04769721961928	0.0	954453	1840.0080312208406	0.8500000000000001
11865.80740380194	2850	29.321466263763654	0.0	1358081	1726.2309558556258	1.85
11868.569244570324	4300	30.55962549538035	0.0	2286761	2761.8407683833057	2.8499999999999996
11871.450905585212	4300	31.677964480492324	0.0	2307787	2881.661014888025	4.3
11873.754166437264	4300	33.37470362843988	0.0	2143948	2303.2608520524477	4.3
11876.238754571381	4300	34.89011549432381	0.0	1919781	2484.5881341160753	4.3
11885.87906689553	4300	29.249803170174694	0.0	2147467	9640.312324149112	4.3
11892.100308818877	4300	27.02856124682731	0.0	2133870	6221.241923347387	4.3
11893.874578259261	2850	29.254291806442183	0.0	1402287	1774.2694403851278	1.4000000000000001
11896.316562765858	4300	30.81230729984506	0.0	2108491	2441.984506597125	2.8499999999999996
11900.968366243429	4300	30.16050382227522	0.0	2184571	4651.803477569841	4.3
11907.823436946748	4300	27.305433118956206	0.0	2121928	6855.070703319012	4.3
11915.688815438514	4300	23.44005462718958	0.0	2219102	7865.378491766627	4.3
11917.093006402141	1850	26.035863663563696	0.0	958994	1404.1909636258858	-0.6000000000000001
11918.910223829664	2850	28.218646236040083	0.0	1483527	1817.2174275236116	1.85
11920.390434987672	2850	30.738435078032094	0.0	1231456	1480.2111580079913	2.85
11923.658951753878	4300	31.469918311826667	0.0	2155012	3268.5167662054278	2.8499999999999996

