47539.96324873197	750	4.0	1.3834438356390535	450283	1383.4438356390535	1	-5.19880849324793
47540.77196503743	750	7.191283694541564	0.0	398865	808.7163054584361	1	0.75
47541.39929327395	1850	10.563955458021152	0.0	350812	627.3282365204118	3	0.75
47543.566276957776	1850	12.396971774199725	0.0	933276	2166.9836838214273	3	0.75
47545.28500308233	1850	14.678245649635379	0.0	996749	1718.7261245643454	3	1.85
47546.60719585126	1850	17.35605288070847	0.0	801058	1322.1927689269103	3	1.85
47548.36003165204	1850	19.603217079927397	0.0	905515	1752.8358007810725	3	1.85
47550.50765764733	1850	21.45559108464325	0.0	1060487	2147.625995284147	3	1.85
47551.87940055411	1850	24.08384817785984	0.0	852833	1371.7429067834107	3	1.85
47553.20334424154	1850	26.75990449042865	0.0	913888	1323.9436874311905	3	1.85
47554.562584052524	1850	29.40066467944755	0.0	939819	1359.2398109810983	3	1.85
47556.26461371028	1850	31.698635021698347	0.0	917428	1702.0296577492056	3	1.85
47558.364815936	1850	33.59843279597893	0.0	946851	2100.2022257194194	3	1.85
47561.29875418419	1850	34.66449454779127	0.0	1036454	2933.9382481876587	3	1.85
47565.49485466934	1850	34.4683940626385	0.0	821631	4196.100485152772	3	1.85
47566.73009643714	4300	37.23315229483653	0.0	923170	1235.2417678019672	5	1.85
47571.606580066626	4300	36.35666866535124	0.0	2289689	4876.483629485283	5	1.8499999999999996
47576.61042028379	4300	35.352828448195126	0.0	2059512	5003.840217156117	5	4.3
47579.718773543646	4300	36.24447518833367	0.0	2220726	3108.3532598614543	5	4.3
47583.70113851542	4300	36.26211021656252	0.0	2156729	3982.3649717711514	5	4.3
47586.844851455244	4300	37.11839727673794	0.0	2039773	3143.7129398245784	5	4.3
47591.60504661892	4300	36.358202113060365	0.0	2176469	4760.195163677567	5	4.3
47600.319522171754	4300	31.643726560226668	0.0	2221506	8714.475552833701	5	4.3
47605.458052703965	4300	30.505196028013575	0.0	2044075	5138.530532213092	5	4.3
47610.569383419286	4300	29.39386531268894	0.0	2186790	5111.330715324636	5	4.3
47615.663331183685	4300	28.299917548283325	0.0	2105231	5093.947764405615	5	4.3
47622.968611520446	4300	24.99463721152335	0.0	2395588	7305.280336759973	5	4.3
47625.963483445725	4300	25.999765286245005	0.0	1972048	2994.8719252783453	5	4.3
47631.794437401106	4300	24.168811330864454	0.0	2134614	5830.9539553805525	5	4.3
47641.24015563443	4300	18.723093097547427	0.0	2164140	9445.71823331703	5	4.3
47645.08093569295	4300	18.882313039024588	0.0	2113193	3840.7800585228356	5	4.3
47650.474512937784	4300	17.48873579418877	0.0	2147852	5393.5772448358175	5	4.3
47655.1974288853	4300	16.765819846672102	0.0	2191074	4722.9159475166725	5	4.3
47659.360563561284	4300	16.602685170693494	0.0	2286761	4163.1346759786065	5	4.3
47662.77194897738	4300	17.191299754593388	0.0	2307787	3411.3854161001072	5	4.3
47668.18404255563	4300	15.779206176341697	0.0	2143948	5412.093578251691	5	4.3
47672.80084424112	4300	15.162404490851982	0.0	1919781	4616.801685489716	5	4.3
47679.981906278794	4300	11.981342453173623	0.0	2147467	7181.062037678356	5	4.3
47687.4397447021	1850	8.523504029873584	0.0	2133870	7457.838423300039	3	4.3
47690.04780662473	1850	9.915442107230277	0.0	930577	2608.061922643307	3	-0.6000000000000001
47692.53793324456	1850	11.425315487409614	0.0	858450	2490.126619820663	3	1.85
47699.6164005248	750	8.346848207165078	0.0	1025005	7078.467280244537	1	1.85
47702.210469145146	750	9.752779586819972	0.0	372093	2594.068620345106	1	-0.3500000000000001
47705.677159732244	750	10.286088999722677	0.0	438281	3466.690587097294	1	0.75
47706.92845159294	750	13.03479713903154	0.0	398987	1251.291860691137	1	0.75
47708.12944949107	1850	15.833799240902708	0.0	393804	1200.997898128832	3	0.75
47710.38384741534	1850	17.579401316637774	0.0	830730	2254.3979242649357	3	0.75
47712.89795036972	1850	19.06529836225416	0.0	846370	2514.1029543836125	3	1.85

