1433.2121155445664	300	4.0	4.507091440082468	181801	4507.091440082469	-19.080493192354613
1435.3139628562142	300	5.898152688352123	0.0	155580	2101.8473116478763	0.3
1441.5182866892358	300	4.0	0.30617114466933615	139857	6204.32383302146	-1.0165359220781454
1444.424853363602	300	5.093433325633754	0.0	155432	2906.5666743662455	0.3
1446.2601087656967	300	7.258177923539305	0.0	163442	1835.2554020944488	0.3
1447.373711340186	300	10.144575349049962	0.0	126289	1113.602574489342	0.3
1448.7492405104754	300	12.769046178760577	0.0	153295	1375.5291702893846	0.3
1451.0507263320508	300	14.467560357185105	0.0	173849	2301.485821575471	0.3
1453.6568640642333	750	15.861422625002389	0.0	374758	2606.1377321827163	0.3
1457.839374102625	750	15.67891258661073	0.0	362795	4182.51003839166	0.75
1460.485759077708	750	17.032527611527865	0.0	353220	2646.3849750828645	0.75
1465.9938322153278	1200	15.524454473908202	0.0	594078	5508.0731376196645	0.75
1473.302811618363	750	12.215475070873053	0.0	386351	7308.979403035149	0.3
1474.5854292871045	300	14.932857402131596	0.0	179801	1282.6176687414577	-0.15000000000000002
1477.5372796198483	750	15.981007069387724	0.0	337059	2951.850332743871	0.3
1487.024784144811	750	10.493502544424901	0.0	366214	9487.504524962824	0.75
1488.0915166264206	300	13.426770062815246	0.0	143509	1066.7324816096552	-0.15000000000000002
1491.4499774423277	750	14.06830924690826	0.0	372963	3358.460815906985	0.3
1494.105187094845	750	15.413099594390964	0.0	405596	2655.209652517297	0.75
1497.7614847982263	750	15.756801891009625	0.0	350713	3656.297703381338	0.75
1503.0982645547124	750	14.420022134523512	0.0	386472	5336.779756486115	0.75
1510.902454906606	750	10.615831782630142	0.0	399894	7804.190351893368	0.75
1513.2400067474216	300	12.278279941814336	0.0	163927	2337.551840815805	-0.15000000000000002
1514.9941140569085	300	14.524172632327302	0.0	137654	1754.107309487035	0.3
1518.416236313212	750	15.102050376023799	0.0	359903	3422.1222563035026	0.3
1521.323011567678	750	16.195275121557835	0.0	379700	2906.7752544659647	0.75
1524.0358360026296	750	17.482450686606075	0.0	425781	2712.8244349517568	0.75
1526.595967745866	750	18.922318943369582	0.0	277716	2560.1317432364935	0.75
1531.9300315448393	1200	17.58825514439625	0.0	622896	5334.063798973328	0.75
1535.3326211588458	750	18.185665530389866	0.0	400508	3402.589614006384	0.3
1538.1853164679226	750	19.33297022131295	0.0	358218	2852.695309076914	0.75
1541.409370523637	1200	20.10891616559852	0.0	620283	3224.054055714434	0.75
1545.8915554237508	1200	19.626731265484853	0.0	584349	4482.184900113666	1.2
1550.396320590496	1200	19.121966098739467	0.0	670129	4504.765166745386	1.2
1553.244473210397	750	20.27381347883848	0.0	401088	2848.1526199009863	0.3
1556.6679373921613	1200	20.85034929707427	0.0	598727	3423.4641817642123	0.75
1559.3048822318074	1200	22.213404457428194	0.0	487812	2636.9448396460743	1.2
1562.9923442477268	1200	22.525942441508803	0.0	575591	3687.4620159193905	1.2
1569.6935087184168	1850	19.8247779708187	0.0	908665	6701.164470690102	1.2000000000000002
1573.0901487118058	1200	20.428137977429802	0.0	587506	3396.6399933888974	0.5499999999999999
1576.4855277129307	1200	21.03275897630483	0.0	566904	3395.379001124972	1.2
1579.1559946010598	1200	22.36229208817574	0.0	641452	2670.4668881290927	1.2
1583.1243320406638	1850	22.39395464857173	0.0	886255	3968.337439604008	1.2000000000000002
1588.9255071425086	1850	20.59277954672701	0.0	973972	5801.17510184472	1.85
1594.7742841080665	1200	18.74400258116925	0.0	630203	5848.776965557758	0.5499999999999999
1598.4203807176432	1200	19.0979059715926	0.0	638661	3646.096609576655	1.2
1601.6689521498365	1200	19.84933453939914	0.0	538612	3248.5714321934593	1.2
1605.8196877009777	1200	19.698598988257974	0.0	550906	4150.735551141164	1.2

