20680.00281812361	300	4.0	2.2071109720730187	450283	2207.1109720730187	0	-8.74057717991398
20680.602041646158	750	7.40077647745236	0.0	155580	599.2235225476394	1	-0.15000000000000002
20682.836076632015	750	9.166741491593397	0.0	350812	2234.034985858964	1	0.3
20685.025961492014	750	10.976856631597354	0.0	382355	2189.8848599960434	1	0.75
20688.05340827563	750	11.949409847982041	0.0	411561	3027.4467836153126	1	0.75
20690.19584325514	750	13.806974868471892	0.0	318564	2142.434979510148	1	0.75
20691.81339068975	750	16.189427433863308	0.0	352642	1617.547434608583	1	0.75
20693.20776226933	1850	18.795055854282676	0.0	437162	1394.3715795806338	3	0.75
20706.03931864754	300	9.963499476071105	0.0	852833	12831.556378211571	0	0.75
20707.774557771507	300	12.228260352106268	0.0	139105	1735.2391239648366	0	-1.25
20708.386072448284	300	15.61674567533218	0.0	141840	611.5146767740893	0	0.3
20709.051203255876	750	18.95161486773968	0.0	156148	665.130807592502	1	0.3
20713.05364543121	750	18.949172692408467	0.0	386351	4002.44217533121	1	0.3
20716.931356596106	750	19.071461527513378	0.0	434409	3877.711164895093	1	0.75
20719.961539041407	750	20.041279082212235	0.0	337059	3030.1824453011436	1	0.75
20721.164622474524	1850	22.83819564909322	0.0	366214	1203.083433119011	3	0.75
20724.228234119164	1850	23.7745840044533	0.0	966699	3063.6116446399224	3	0.75
20727.061530304756	1850	24.9412878188618	0.0	885714	2833.296185591501	3	1.85
20729.897736843173	1850	26.10508128044582	0.0	987708	2836.2065384159782	3	1.85
20733.449800507537	1850	26.55301761607846	0.0	923755	3552.063664367359	3	1.85
20736.77189887953	1850	27.23091924408553	0.0	891604	3322.0983719929304	3	1.85
20747.006898389987	750	20.99591973362818	0.0	955231	10234.999510457348	1	1.85
20752.20340868859	750	19.79940943502479	0.0	401853	5196.510298603393	1	-0.3500000000000001
20753.257264981054	1850	22.745553142561977	0.0	343800	1053.856292462811	3	0.75
20760.103270149415	1850	19.899547974203205	0.0	897976	6846.0051683587735	3	0.75
20762.63223381608	1850	21.370584307537552	0.0	905935	2528.9636666656497	3	1.85
20767.796034029234	1850	20.206784094381607	0.0	1076599	5163.800213155944	3	1.85
20770.12114916916	1850	21.881668954452326	0.0	758197	2325.1151399292835	3	1.85
20777.016959294608	1850	18.98585882900945	0.0	972798	6895.810125442873	3	1.85
20782.587283405064	1850	17.415534718550166	0.0	975811	5570.3241104592835	3	1.85
20789.801384333725	1850	14.201433789889883	0.0	873429	7214.100928660284	3	1.85
20792.968733162164	1850	15.034084961452535	0.0	954453	3167.3488284373475	3	1.85
20795.541747759555	1850	16.461070364064405	0.0	885062	2573.014597388128	3	1.85
20800.684802403535	1850	15.318015720083524	0.0	1035329	5143.054643980883	3	1.85
20813.236847634027	300	6.765970489591231	0.0	1026056	12552.045230492293	0	1.85
20813.834177663513	750	10.168640460108184	0.0	159914	597.3300294830465	1	-1.25
20814.947420373443	750	13.05539775017795	0.0	321064	1113.2427099302356	1	0.3
20816.18106943192	1850	15.821748691703622	0.0	361565	1233.6490584743274	3	0.75
20818.881428322744	1850	17.121389800877783	0.0	908665	2700.358890825839	3	0.75
20821.519319820665	1850	18.48349830295581	0.0	930577	2637.8914979219726	3	1.85
20824.719199958698	1850	19.283618164923727	0.0	858450	3199.8801380320847	3	1.85
20834.56720069179	1850	13.435617431832068	0.0	1025005	9848.000733091658	3	1.85
20841.539179951556	750	10.463638172064147	0.0	886255	6971.979259767921	1	1.85
20845.97007579355	750	10.032742330071393	0.0	438281	4430.895841992755	1	-0.3500000000000001
20850.365730680405	300	9.637087443213455	0.0	398987	4395.654886857938	0	0.75
20850.932609819316	750	13.070208304304279	0.0	160064	566.8791389091759	1	-0.15000000000000002
20852.01959952077	1850	15.98321860285174	0.0	331053	1086.9897014525402	3	0.3
20854.78292847998	1850	17.21988964364173	0.0	846370	2763.328959210012	3	0.75

