12808.821460975782	300	4.0	1.1073753260682446	181801	1107.3753260682447	-4.461713902093452
12811.663540208565	300	5.157920767215959	0.0	155580	2842.0792327840404	0.3
12812.490814510362	300	8.330646465419612	0.0	139857	827.2743017963473	0.3
12814.602084020571	300	10.219376955210969	0.0	155432	2111.2695102086436	0.3
12815.342348407767	300	13.479112568016067	0.0	163442	740.2643871949006	0.3
12816.29369268102	750	16.52776829476215	0.0	318564	951.3442732539186	0.3
12817.65618824605	750	19.165272729730685	0.0	352642	1362.4955650314655	0.75
12821.487677892053	1200	19.333783083728342	0.0	709534	3831.48964600234	0.75
12823.473628664708	1200	21.34783231107449	0.0	584846	1985.950772653854	1.2
12825.079171201978	1200	23.742289773803854	0.0	560821	1605.5425372706345	1.2
12837.246387116971	1850	15.575073858812008	0.0	939819	12167.215914991848	1.2000000000000002
12838.968186501303	750	17.853274474479786	0.0	405134	1721.7993843322226	-0.3500000000000001
12840.330559145299	750	20.490901830481906	0.0	386351	1362.3726439978775	0.75
12845.143535720126	1200	19.677925255655243	0.0	687371	4812.976574826665	0.75
12846.624878534301	1200	22.196582441479507	0.0	526950	1481.342814175736	1.2
12849.343369449316	1200	23.478091526466894	0.0	587876	2718.49091501261	1.2
12853.410622161071	1850	23.41083881470988	0.0	966699	4067.252711757012	1.2000000000000002
12858.012317455807	1850	22.80914351997602	0.0	885714	4601.695294733861	1.85
12862.996018709326	1850	21.825442266455624	0.0	987708	4983.701253520393	1.85
12873.250937768975	1200	15.570523206805596	0.0	586839	10254.91905965003	0.5499999999999999
12876.855701934206	750	15.965759041575463	0.0	386472	3604.7641652301327	0.3
12878.08937583187	750	18.732085143910684	0.0	399894	1233.6738976647778	0.75
12880.843771220285	750	19.97768975549467	0.0	401853	2754.3953884160137	0.75
12883.850151039593	1200	20.971309936187318	0.0	536667	3006.3798193073535	0.75
12887.00587536268	1200	21.815585613101675	0.0	587236	3155.7243230856448	1.2
12890.96246759274	1200	21.85899338304121	0.0	590335	3956.5922300604643	1.2
12902.194358951338	1200	14.627102024444515	0.0	696376	11231.891358596693	1.2
12908.860447897729	750	11.961013078053721	0.0	277716	6666.088946390793	0.3
12909.970745834768	300	14.850715141013813	0.0	153605	1110.2979370399075	-0.15000000000000002
12911.43749506994	750	17.38396590584225	0.0	400508	1466.749235171569	0.3
12914.500944387999	750	18.32051658778402	0.0	358218	3063.4493180582267	0.75
12919.320263631676	1200	17.50119734410612	0.0	620283	4819.319243677899	0.75
12920.810675174871	750	20.010785800912384	0.0	369834	1490.411543193735	0.3
12923.001526702015	1200	21.819934273768276	0.0	670129	2190.8515271441092	0.75
12926.991019768633	1850	21.830441207150486	0.0	1026056	3989.493066617788	1.2000000000000002
12929.079817801297	1200	23.741643174486708	0.0	598727	2088.798032663777	0.5499999999999999
12931.365018612069	1850	25.456442363716057	0.0	728962	2285.200810770651	1.2000000000000002
12940.903482751559	1850	19.917978224224978	0.0	938587	9538.464139491081	1.85
12943.098837949397	1200	21.722623026386966	0.0	605884	2195.355197838011	0.5499999999999999
12945.96443601714	1200	22.85702495864393	0.0	587506	2865.5980677430352	1.2
12952.990072175246	1850	19.831388800538235	0.0	858450	7025.636158105696	1.2000000000000002
12956.412656232329	1200	20.408804743455775	0.0	641452	3422.5840570824616	0.5499999999999999
12962.588877708584	1200	18.232583267200003	0.0	599477	6176.2214762557705	1.2
12965.71528061735	1200	19.106180358433562	0.0	634861	3126.402908766442	1.2
12970.158380761273	1200	18.66308021451122	0.0	630203	4443.100143922345	1.2
12972.446845987515	750	20.37461498826907	0.0	393804	2288.465226242148	0.3
12987.800770095684	1200	9.020690880100378	0.0	538612	15353.92410816869	0.75
12989.989871975744	300	10.831589000039248	0.0	118421	2189.1018800611314	-0.6000000000000001

