30089.866307838052	300	4.0	2.515923623847116	181801	2515.9236238471162	-10.518471582542597
30092.707984387594	300	5.158323450457868	0.0	155580	2841.6765495421323	0.3
30096.066005320332	300	5.800302517719534	0.0	139857	3358.0209327383336	0.3
30097.818776603883	300	8.04753123417233	0.0	155432	1752.7712835472028	0.3
30100.01765989048	300	9.84864794757337	0.0	163442	2198.8832865989602	0.3
30101.4186493172	300	12.447658520854791	0.0	126289	1400.9894267185798	0.3
30103.093424802075	300	14.77288303597564	0.0	153295	1674.77548487915	0.3
30105.02666107781	300	16.839646760243618	0.0	173849	1933.2362757320268	0.3
30106.70677446037	300	19.15953337768183	0.0	150710	1680.1133825617846	0.3
30108.77083391441	300	21.095473923647624	0.0	139105	2064.059454034206	0.3
30110.380869788132	300	23.485438049921253	0.0	141840	1610.0358737263698	0.3
30112.075135955994	300	25.79117188206067	0.0	156148	1694.2661678605841	0.3
30113.845841826893	300	28.02046601116056	0.0	160746	1770.7058709001078	0.3
30115.913045908143	300	29.953261929913086	0.0	179801	2067.204081247476	0.3
30117.466749621195	300	32.399558216861486	0.0	140051	1553.7037130515964	0.3
30119.14010699376	300	34.726200844294695	0.0	138313	1673.357372566791	0.3
30120.735807632234	300	37.13050020581999	0.0	143509	1595.7006384747058	0.3
30122.441567496207	300	39.42474034184814	0.0	150616	1705.7598639718465	0.3
30124.36173091258	300	41.50457692547303	0.0	165384	1920.1634163751069	0.3
30125.922185797604	300	43.944122040447475	0.0	140881	1560.4548850255574	0.3
30127.622563040437	300	46.24374479761932	0.0	157671	1700.3772428281552	0.3
30129.337362225062	300	48.52894561299201	0.0	157812	1714.7991846273053	0.3
30131.04105198755	300	50.825255850504874	0.0	163927	1703.6897624871428	0.3
30132.617153704297	300	53.24915413376038	0.0	137654	1576.1017167444948	0.3
30135.031257365725	300	54.83505047233152	0.0	146754	2414.103661428863	0.3
30136.930442670007	300	56.93586516805194	0.0	153938	1899.185304279578	0.3
30138.892099168766	300	58.97420866929108	0.0	181901	1961.6564987608567	0.3
30142.119276673584	300	59.747031164470414	0.0	111155	1227.1775048206714	0.3
30144.552085989893	300	59.90407278465482	0.0	153605	1842.958379815586	0.3
30148.779115627283	300	59.677043147260456	0.0	149029	2727.0296373943675	0.3
30152.13098592219	300	59.78354828290166	0.0	157421	2893.494864358791	0.3
30154.577369730494	300	59.50004405782108	0.0	157488	1783.504225080587	0.3
30156.42540991489	300	59.868963767687625	0.0	143881	1631.0802901334566	0.3
30158.787769005794	300	59.50476415891391	0.0	163444	1864.1996087737157	0.3
30162.78333176734	300	59.50920139737045	0.0	179328	1995.5627615434678	0.3
30168.287262600876	300	58.005270563833975	0.0	159914	5503.930833536467	0.3
30170.383109432794	300	59.90942373191541	0.0	131610	1595.8468319185615	0.3
30172.861750107593	300	59.85285335288131	0.0	124011	1556.570379034102	0.3
30176.806307930074	300	59.90829553040112	0.0	144254	2944.557822480194	0.3
30180.637807600593	300	59.60885976571686	0.0	149991	2799.435764684264	0.3
30184.434906488055	300	59.811760878253054	0.0	147968	2297.0988874638088	0.3
30187.248207207296	300	59.53019195992864	0.0	161857	1781.5689183244124	0.3
30190.239823978747	300	59.946249464160616	0.0	145210	1583.9424957680255	0.3
30193.96899833541	300	59.97599940667342	0.0	172312	1970.2500574871995	0.3
30196.74625046343	300	59.68633551875001	0.0	167025	1789.663887923403	0.3
30200.483863374935	300	59.74832318154679	0.0	160064	2438.0123372032213	0.3
30203.038463108707	300	59.717823566310706	0.0	137507	1530.4996152360873	0.3
30206.682009671877	300	59.91410034799395	0.0	118421	2803.7232183167544	0.3

