58095.08352447794	750	4.0	2.4725155277505295	450283	2472.5155277505296	-9.881816769327276
58095.407893135496	300	7.675631342440036	0.0	155580	324.3686575599629	-0.15000000000000002
58096.97223967479	750	10.11128480314754	0.0	350812	1564.3465392924966	0.3
58097.76480177914	750	13.318722698795689	0.0	382355	792.5621043518506	0.75
58099.515789304816	1850	15.56773517312147	0.0	996749	1750.98752567422	0.75
58100.77335160156	1850	18.310172876377173	0.0	801058	1257.562296744297	1.85
58105.568588414586	2850	17.51493606334558	0.0	1388403	4795.23681303159	1.85
58109.700775325065	2850	17.382749152862527	0.0	1638769	4132.186910483057	2.85
58113.81374630735	2850	17.269778170576615	0.0	1348011	4112.970982285911	2.85
58115.399926397746	1850	19.683598080181866	0.0	913888	1586.1800903947487	0.8500000000000001
58120.68102376698	2850	18.402500710948562	0.0	1354548	5281.097369233303	1.85
58123.41957121487	2850	19.663953263061856	0.0	1519951	2738.5474478867077	2.85
58127.37766314337	2850	19.705861334559543	0.0	1422919	3958.091928502313	2.85
58130.831776023	2850	20.25174845493136	0.0	1578343	3454.112879628183	2.85
58136.07386566003	2850	19.00965881790408	0.0	1231445	5242.089637027284	2.85
58137.67325553983	1850	21.410268938104792	0.0	923170	1599.3898797992829	0.8500000000000001
58141.041610409084	4300	22.041914068848317	0.0	2289689	3368.3548692564755	1.8499999999999996
58146.30013483806	4300	20.783389639866705	0.0	2059512	5258.524428981613	4.3
58149.79681855691	2850	21.2867059210163	0.0	1537156	3496.6837188504073	1.4000000000000001
58153.91141430331	2850	21.172110174618286	0.0	1336050	4114.595746398013	2.85
58158.08647005681	2850	20.99705442111573	0.0	1415116	4175.055753502553	2.85
58160.3367457049	2850	22.74677877302277	0.0	1468126	2250.275648092965	2.85
58170.963717378916	4300	16.119807099010835	0.0	2221506	10626.971674011933	2.8499999999999996
58174.40261401027	1200	16.680910467648538	0.0	536667	3438.8966313622964	-1.9000000000000001
58175.772199725616	1200	19.311324752311133	0.0	587236	1369.5857153374018	1.2
58179.36411096683	1850	19.71941351109225	0.0	905935	3591.9112412188874	1.2000000000000002
58185.36705748354	1850	17.716466994386185	0.0	1076599	6002.9465167060625	1.85
58186.74469734135	750	20.33882713656932	0.0	277716	1377.6398578168632	-0.3500000000000001
58188.10928771399	750	22.974236763935487	0.0	400396	1364.5903726338383	0.75
58191.67525344922	1200	23.408271028708143	0.0	641447	3565.965735227344	0.75
58193.033262770696	1850	26.05026170722439	0.0	873429	1358.0093214837534	1.2000000000000002
58199.1500394133	4300	23.93348506461902	0.0	2147852	6116.776642605367	1.8499999999999996
58202.28640004404	2850	24.79712443388663	0.0	1358081	3136.360630732391	1.4000000000000001
58205.2237877157	2850	25.859736762223164	0.0	1587293	2937.3876716634654	2.85
58215.43779956032	4300	19.64572491760194	0.0	2307787	10214.011844621227	2.8499999999999996
58220.00966025149	2850	19.073864226436903	0.0	1439896	4571.860691165033	1.4000000000000001
58221.78063752959	2850	21.302886948337967	0.0	1139291	1770.9772780989379	2.85
58224.004746445185	2850	23.078778032742328	0.0	1499009	2224.108915595639	2.85
58227.052651277794	4300	24.030873200130074	0.0	2133870	3047.904832612252	2.8499999999999996
58231.48251190066	4300	23.601012577267927	0.0	2146120	4429.860622862146	4.3
58240.04177042424	4300	19.041754053686287	0.0	2108491	8559.258523581639	4.3
58241.97116215905	1850	21.112362318875686	0.0	1025005	1929.3917348106015	-0.6000000000000001
58244.11498147644	2850	22.96854300148318	0.0	1343002	2143.8193173925065	1.85
58250.13338097396	4300	20.95014350396864	0.0	2219102	6018.3994975145415	2.8499999999999996
58256.97407906034	4300	18.109445417589843	0.0	2124950	6840.698086378796	4.3
58259.50009359001	2850	19.583430887922397	0.0	1483527	2526.014529667444	1.4000000000000001
58265.9783740437	4300	17.10515043423392	0.0	1961140	6478.280453688477	2.8499999999999996
58271.266060314534	4300	15.817464163392852	0.0	2155012	5287.686270841068	4.3

