93651.70104714307	300	4.0	6.08121071098197	450283	6081.21071098197	0	-25.399206057222468
93652.07629747556	750	7.624749667504155	0.0	155580	375.25033249584504	1	-0.15000000000000002
93652.82204731258	1850	10.878999830484407	0.0	350812	745.749837019748	3	0.3
93656.71817779499	1850	10.982869348082705	0.0	933276	3896.130482401703	3	0.75
93661.88323878562	1850	9.817808357446612	0.0	996749	5165.060990636091	3	1.85
93663.22018880109	1850	12.480858341972224	0.0	801058	1336.95001547439	3	1.85
93664.69560050129	1850	15.005446641787042	0.0	905515	1475.4117001851807	3	1.85
93674.35210956624	750	9.348937576831561	0.0	1060487	9656.50906495548	1	1.85
93675.67724208147	1200	12.023805061614784	0.0	374758	1325.132515216779	2	-0.3500000000000001
93686.25866087498	300	5.442386268099641	0.0	560821	10581.418793515142	0	0.75
93686.60486011337	750	9.096187029704126	0.0	141840	346.1992383955148	1	-0.6000000000000001
93687.44519825668	1850	12.255848886386808	0.0	405134	840.3381433173187	3	0.3
93689.8519510143	1850	13.849096128774196	0.0	946851	2406.7527576126117	3	0.75
93697.91108554474	750	9.789961598339989	0.0	1036454	8059.134530434207	1	1.85
93704.37035783351	300	7.330689309573601	0.0	337059	6459.272288766388	0	-0.3500000000000001
93705.53164820254	750	10.169398940546218	0.0	138313	1161.290369027383	1	-0.15000000000000002
93708.08358192527	750	11.617465217805748	0.0	360831	2551.9337227404694	1	0.3
93709.27190434923	750	14.429142793857315	0.0	372963	1188.3224239484343	1	0.75
93709.949496527	1850	17.751550616086032	0.0	405596	677.592177771282	3	0.75
93713.13490750418	1850	18.56613963889557	0.0	923755	3185.4109771904623	3	0.75
93714.35267299975	1850	21.34837414332657	0.0	891604	1217.7654955689986	3	1.85
93717.66981698578	1850	22.031230157289336	0.0	955231	3317.1439860372325	3	1.85
93719.07911003364	4300	24.621937109436562	0.0	968026	1409.2930478527753	5	1.85
93723.72047072925	4300	23.980576413813687	0.0	2044075	4641.360695622877	5	1.8499999999999996
93726.47103113195	4300	25.230016011128985	0.0	2186790	2750.5604026847036	5	4.3
93729.11884391482	4300	26.58220322826467	0.0	2105231	2647.8127828643114	5	4.3
93732.73207277447	4300	26.968974368621158	0.0	2395588	3613.2288596435133	5	4.3
93735.41292256866	4300	28.28812457442088	0.0	1972048	2680.8497942002787	5	4.3
93738.03409233103	4300	29.666954812061544	0.0	2134614	2621.1697623593336	5	4.3
93740.65018221349	4300	31.05086492959935	0.0	2164140	2616.0898824621936	5	4.3
93743.25896656598	4300	32.44208057710186	0.0	2113193	2608.784352497485	5	4.3
93746.61513266621	4300	33.08591447688353	0.0	2147852	3356.1661002183314	5	4.3
93751.50377567102	4300	32.197271472059704	0.0	2191074	4888.643004823824	5	4.3
93756.82851208327	4300	30.872535059809984	0.0	2286761	5324.736412249722	5	4.3
93759.73592218355	4300	31.965124959537896	0.0	2307787	2907.41010027209	5	4.3
93765.68254465476	4300	30.01850248831902	0.0	2143948	5946.622471218875	5	4.3
93768.15942354358	4300	31.541623599498806	0.0	1919781	2476.878888820215	5	4.3
93770.7478129795	4300	32.953234163572425	0.0	2147467	2588.389435926383	5	4.3
93773.32032018247	4300	34.380726960602495	0.0	2133870	2572.507202969932	5	4.3
93775.90713622958	4300	35.79391091349661	0.0	2146120	2586.816047105883	5	4.3
93778.44999901169	4300	37.25104813136964	0.0	2108491	2542.862782126969	5	4.3
93781.08172847642	4300	38.619318666641604	0.0	2184571	2631.7294647280423	5	4.3
93790.50579038639	4300	33.19525675666321	0.0	2121928	9424.061909978389	5	4.3
93802.1178488976	4300	25.583198245445768	0.0	2219102	11612.058511217445	5	4.3
93811.1456691115	4300	20.555378031552426	0.0	2124950	9027.82021389334	5	4.3
93821.47502046026	4300	14.226026682791515	0.0	2246506	10329.351348760913	5	4.3
93832.37273671626	1850	7.328310426781271	0.0	1961140	10897.716256010244	3	4.3
93838.60571289161	750	5.095334251440503	0.0	846370	6232.976175340767	1	-0.6000000000000001

