4659.868013437403	750	4.0	1.7227813724384984	450283	1722.7813724384985	1	-6.657959901485543
4660.156040742169	750	7.711972695232988	0.0	398865	288.02730476701305	1	0.75
4664.214415243148	300	7.6535981942540054	0.0	350812	4058.3745009789814	0	0.75
4664.538309970418	1850	11.329703466983661	0.0	155432	323.894727270345	3	-0.15000000000000002
4666.182349714563	1850	13.685663722838381	0.0	996749	1644.03974414528	3	0.30000000000000004
4668.592019525465	1850	15.2759939119374	0.0	801058	2409.6698109009803	3	1.85
4669.381251465453	1850	18.486761971949566	0.0	905515	789.2319399878318	3	1.85
4670.2918630537115	1850	21.57615038369109	0.0	1060487	910.6115882584779	3	1.85
4684.671553967713	750	11.196459469688996	0.0	852833	14379.690914002093	1	1.85
4684.922155362553	1850	14.945858074849367	0.0	362795	250.60139483962817	3	-0.3500000000000001
4685.44409759521	1850	18.4239158421924	0.0	939819	521.9422326569675	3	0.75
4685.955510642427	1850	21.912502794975843	0.0	917428	511.41304721655587	3	1.85
4686.480759615829	1850	25.38725382157407	0.0	946851	525.2489734017745	3	1.85
4687.048143670425	1850	28.81986976697819	0.0	1036454	567.3840545958792	3	1.85
4696.29112954322	750	23.576883894182473	0.0	821631	9242.98587279572	1	1.85
4699.436766954305	750	24.431246483097546	0.0	366214	3145.6374110849274	1	-0.3500000000000001
4699.743172467217	1850	28.124840970185957	0.0	360831	306.40551291158795	3	0.75
4700.3789188760975	1850	31.48909456130486	0.0	885714	635.7464088810945	3	0.75
4701.078662014427	1850	34.789351422974505	0.0	987708	699.7431383303506	3	1.85
4705.719643061744	1850	34.14837037565782	0.0	923755	4640.981047316684	3	1.85
4706.329304006561	4300	37.53870943084155	0.0	891604	609.6609448162685	5	1.85
4707.702244176079	4300	40.165769261323106	0.0	2176469	1372.94016951844	5	1.8499999999999996
4714.911299583433	4300	36.9567138539692	0.0	2221506	7209.055407353906	5	4.3
4719.004823029164	4300	36.863190408238054	0.0	2044075	4093.5234457311367	5	4.3
4726.6593268522065	4300	33.20868658519632	0.0	2186790	7654.50382304174	5	4.3
4728.1194110286315	4300	35.74860240877127	0.0	2105231	1460.084176425039	5	4.3
4729.4762729515105	4300	38.391740485891916	0.0	2395588	1356.8619228793536	5	4.3
4752.483216175237	750	19.384797262164586	0.0	1972048	23006.943223727332	1	4.3
4754.010015538924	1850	21.85799789847901	0.0	400396	1526.7993636855738	3	-2.8
4762.529400014588	1850	17.338613422814763	0.0	975811	8519.384475664247	3	0.75
4763.015322497221	1850	20.85269094018206	0.0	873429	485.92248263270267	3	1.85
4763.538900545713	1850	24.329112891690162	0.0	954453	523.5780484918992	3	1.85
4764.030229416547	1850	27.83778402085594	0.0	885062	491.3288708342236	3	1.85
4764.591394248515	1850	31.276619188887192	0.0	1035329	561.16483196875	3	1.85
4781.196608276883	750	18.671405160519015	0.0	1026056	16605.214028368177	1	1.85
4781.527682575129	1850	22.340330862272758	0.0	365161	331.07429824625865	3	-0.3500000000000001
4782.1088960743755	1850	25.7591173630267	0.0	728962	581.2134992460565	3	0.75
4782.8342417503045	1850	29.033771687097282	0.0	938587	725.3456759294152	3	1.85
4797.415231619186	750	18.452781818215968	0.0	908665	14580.989868881314	1	1.85
4799.9035355822425	750	19.964477855159426	0.0	390680	2488.3039630565395	1	-0.3500000000000001
4809.460427959574	750	14.407585477827164	0.0	345516	9556.892377332264	1	0.75
4813.378407866987	750	14.48960557041509	0.0	384505	3917.9799074120747	1	0.75
4813.762094681313	1850	18.105918756088542	0.0	372093	383.6868143265481	3	0.75
4814.637010075915	1850	21.231003361487577	0.0	973972	874.9153946009645	3	0.75
4815.499701050532	1850	24.36831238687028	0.0	958994	862.6909746172964	3	1.85
4828.3761094310885	750	15.491904006313302	0.0	982064	12876.408380556977	1	1.85
4833.753946964842	750	14.114066472559697	0.0	331053	5377.8375337536045	1	-0.3500000000000001
4834.433693557982	1850	17.43431987941938	0.0	314107	679.746593140315	3	0.75

