30638.263123776575	300	4.0	3.1788194916056547	181801	3178.8194916056545	-13.368923813904313
30641.478963771573	300	4.7841600049985855	0.0	155580	3215.8399950014145	0.3
30642.3843730137	300	7.878750762873054	0.0	139857	905.4092421255319	0.3
30643.16477948348	300	11.098344293096165	0.0	155432	780.4064697768903	0.3
30644.542598108423	300	13.72052566815273	0.0	163442	1377.8186249434345	0.3
30647.311918834843	750	14.951204941733629	0.0	318564	2769.3207264191005	0.3
30649.039047535953	750	17.224076240623674	0.0	352642	1727.1287011099541	0.75
30659.793231205247	750	10.469892571327149	0.0	437162	10754.183669296526	0.75
30660.42697974941	300	13.836144027168713	0.0	150710	633.7485441584358	-0.15000000000000002
30663.80993107407	750	14.453192702507295	0.0	362795	3382.9513246614183	0.3
30665.095641095126	750	17.167482681450807	0.0	353220	1285.7100210564888	0.75
30668.305689489174	1200	17.957434287401735	0.0	594078	3210.048394049071	0.75
30672.13691009927	750	18.12621367730327	0.0	386351	3831.2206100984645	0.3
30681.106365460117	750	13.156758316459134	0.0	434409	8969.455360844135	0.75
30685.59083791295	750	12.672285863625335	0.0	337059	4484.472452833799	0.75
30687.24217220105	300	15.02095157552444	0.0	138313	1651.3342881008944	-0.15000000000000002
30693.73716242068	750	12.525961355898366	0.0	360831	6494.990219626075	0.3
30695.313342597314	300	14.949781179265196	0.0	150616	1576.180176633171	-0.15000000000000002
30703.33465005661	750	10.92847371996793	0.0	405596	8021.307459297267	0.3
30705.34453813161	300	12.918585644968985	0.0	140881	2009.8880749989435	-0.15000000000000002
30709.141056664128	750	13.12206711245117	0.0	386472	3796.5185325178154	0.3
30711.520567819698	750	14.742555956880032	0.0	399894	2379.5111555711374	0.75
30714.26000229964	750	16.003121476941093	0.0	401853	2739.4344799389382	0.75
30716.84387697576	750	17.419246800822535	0.0	343800	2583.874676118563	0.75
30719.325408314082	750	18.937715462500602	0.0	359903	2481.531338321932	0.75
30722.751907096692	1200	19.511216679892193	0.0	590335	3426.498782608408	0.75
30726.948933001273	1200	19.31419077531068	0.0	696376	4197.025904581512	1.2
30728.250448156476	750	22.012675620105266	0.0	277716	1301.5151552054144	0.3
30731.06901369069	1200	23.194110085891708	0.0	622896	2818.5655342135565	0.75
30734.906115719474	1850	23.357008057103915	0.0	975811	3837.102028787796	1.2000000000000002
30738.891126324073	1850	23.371997452505347	0.0	873429	3985.0106045985663	1.85
30741.60507076271	1850	24.65805301386526	0.0	954453	2713.944438640086	1.85
30744.733765632172	1850	25.529358144408313	0.0	885062	3128.694869456946	1.85
30749.753328745843	2850	24.50979503073773	0.0	1587293	5019.5631136705815	1.85
30766.6666715138	2850	11.596452262777406	0.0	1492672	16913.342767960326	2.85
30767.664944874607	300	14.598178901972933	0.0	159914	998.2733608044726	-2.25
30771.430171087595	750	14.832952688981909	0.0	321064	3765.226212991025	0.3
30778.42474737533	750	11.838376401246201	0.0	361565	6994.5762877357065	0.75
30781.12053231572	300	13.142591460859057	0.0	144254	2695.7849403871437	-0.15000000000000002
30785.29504646529	300	12.968077311291863	0.0	149991	4174.514149567194	0.3
30800.18780689042	750	4.0	1.924683113839732	345516	14892.760425131595	-7.976137389510847
30804.529290231716	300	4.0	0.34148334129397334	161857	4341.483341293973	-1.6183783675640853
30810.046739799425	300	4.0	1.517449567708044	145210	5517.449567708044	-6.225033141144589
30816.904159471196	300	4.0	2.8574196717685028	172312	6857.419671768503	-11.98690458860456
30827.550905527998	300	4.0	6.646746056804346	167025	10646.746056804346	-28.281008044258687
30835.430089408892	300	4.0	3.8791838808965693	160064	7879.1838808965695	-16.380490687855247
30842.39071786584	300	4.0	2.9606284569472	137507	6960.6284569472	-12.430702364872959
30844.324319779582	300	6.066398086256708	0.0	118421	1933.6019137432922	0.3

