2102.37703396444	300	4.0	2.127228409928539	181801	2127.228409928539	-8.847082162692717
2103.7415825594467	300	6.635451404993423	0.0	155580	1364.5485950065774	0.3
2108.489688272121	300	5.887345692319499	0.0	139857	4748.105712673923	0.3
2110.4521413815555	300	7.924892582884898	0.0	155432	1962.4531094346	0.3
2111.9966808450195	300	10.380353119421379	0.0	163442	1544.5394634635188	0.3
2114.4955658431695	300	11.881468121271348	0.0	126289	2498.8849981500316	0.3
2116.0535177428465	300	14.3235162215941	0.0	153295	1557.951899677248	0.3
2117.8853981235316	300	16.491635840909314	0.0	173849	1831.880380684784	0.3
2121.1363999123555	300	17.240634052085515	0.0	150710	3251.0017888237994	0.3
2124.277264841768	300	18.099769122672836	0.0	139105	3140.8649294126826	0.3
2126.420795724463	300	19.956238239977573	0.0	141840	2143.5308826952582	0.3
2129.241153545517	300	21.13588041892389	0.0	156148	2820.3578210536825	0.3
2131.1005120306945	300	23.27652193374634	0.0	160746	1859.3584851775474	0.3
2133.788998536442	300	24.588035427999234	0.0	179801	2688.486505747106	0.3
2135.6463281942065	300	26.73070577023443	0.0	140051	1857.3296577648057	0.3
2137.0519688857776	300	29.325065078663417	0.0	138313	1405.6406915710104	0.3
2139.1106750640374	300	31.26635890040342	0.0	143509	2058.706178259994	0.3
2141.696024181365	300	32.68100978307585	0.0	150616	2585.349117327574	0.3
2144.456259498125	300	33.92077446631616	0.0	165384	2760.235316759691	0.3
2146.8250097317364	300	35.55202423270457	0.0	140881	2368.750233611582	0.3
2149.080344368475	300	37.296689595965944	0.0	157671	2255.3346367386293	0.3
2150.537646298048	300	39.83938766639292	0.0	157812	1457.3019295730219	0.3
2152.058861308221	300	42.31817265622038	0.0	163927	1521.2150101725424	0.3
2153.0305834930077	300	45.346450471433336	0.0	137654	971.7221847870479	0.3
2154.0612554495524	300	48.31577851488839	0.0	146754	1030.6719565449491	0.3
2154.9006375023446	300	51.47639646209631	0.0	153938	839.3820527920806	0.3
2155.827990361701	300	54.54904360274012	0.0	181901	927.3528593561825	0.3
2156.4257857948305	300	57.951248169610366	0.0	111155	597.79543312976	0.3
2157.5647100086358	300	59.57877611706687	0.0	153605	872.4720525434873	0.3
2161.608569906319	300	59.534916219383646	0.0	149029	3043.8598976832286	0.3
2163.2957099053733	300	59.57850216637899	0.0	157421	1456.4140530046543	0.3
2164.407747121211	300	59.537346624935076	0.0	157488	1041.1555414439165	0.3
2166.890917264836	300	59.78770240556936	0.0	143881	749.6442193657163	0.3
2169.6519787708794	300	59.73593458892717	0.0	163444	1051.7678166421897	0.3
2172.9062982029477	300	59.671421743343785	0.0	179328	1564.512845583387	0.3
2175.558295773918	300	59.64732611090097	0.0	159914	1024.0956324428198	0.3
2177.957656274785	300	59.72459696993094	0.0	131610	922.7291409700285	0.3
2181.2053477615113	300	59.513566856916775	0.0	124011	1711.0301130141677	0.3
2184.970898661563	300	59.710122164346814	0.0	144254	2803.444692569957	0.3
2187.888171461629	300	59.88053883180446	0.0	149991	1829.5833325423573	0.3
2190.3697007731926	300	59.89411887358481	0.0	147968	1486.4199582196488	0.3
2194.0417334104573	300	59.515157267624446	0.0	161857	2378.961605960368	0.3
2196.915664084717	300	59.684227482646776	0.0	145210	1830.9297849776701	0.3
2199.413089451231	300	59.66501515053052	0.0	172312	1519.2123321162558	0.3
2201.247520658195	300	59.944906089747455	0.0	167025	1220.1090607830592	0.3
2203.529126200944	300	59.821264391463586	0.0	160064	1623.6416982838687	0.3
2205.2611240751226	300	59.74874740810689	0.0	137507	1072.5169833566983	0.3
2207.678636213839	300	59.57823177365947	0.0	118421	1670.515634447418	0.3

