98279.10321018274	750	4.0	4.9064402863886185	450283	4906.440286388619	0.09177386734924077	-20.34769323147106
98280.16618535084	300	6.9370248319133205	0.0	155580	1062.9751680866789	0.14636277936768644	-0.15000000000000002
98281.12404276099	300	9.97916742175886	0.0	139857	957.8574101544611	0.1460102500824701	0.3
98285.23957292974	1200	9.863637253005141	0.0	617681	4115.530168753718	0.1500854020436081	0.29999999999999993
98290.38053948377	1200	8.722670698970155	0.0	652874	5140.966554034986	0.12699440720686644	1.2
98294.05226107241	750	9.050949110330093	0.0	318564	3671.721588640062	0.08676148022377433	0.3
98296.61185354742	1200	10.491356635314563	0.0	561791	2559.5924750155295	0.21948454899899308	0.75
98298.25138219076	1200	12.851827991979317	0.0	709534	1639.5286433352464	0.4327670656345565	1.2
98301.59649045444	1850	13.506719728310044	0.0	852833	3345.1082636692736	0.2549492969368116	1.2000000000000002
98306.5545431592	2850	12.548667023541901	0.0	1429765	4958.0527047681435	0.2883722874960566	1.85
98308.71601172975	1850	14.387198453001364	0.0	939819	2161.4685705405377	0.43480576715717456	0.8500000000000001
98318.57708875716	2850	8.52612142559465	0.0	1519951	9861.077027406714	0.1541364088096693	1.85
98324.64139854451	750	6.46181163823963	0.0	386351	6064.309787355019	0.0637089814912818	-1.35
98325.2775259859	300	9.82568419683963	0.0	179801	636.1274414000013	0.2826493376929166	-0.15000000000000002
98326.87373376572	1200	12.229476417029279	0.0	526950	1596.2077798103503	0.3301261945124765	0.29999999999999993
98332.37598645923	1850	10.727223723524366	0.0	923170	5502.252693504913	0.16778037131768742	1.2000000000000002
98338.74009141451	1200	8.363118768235832	0.0	617242	6364.104955288534	0.09698802963440688	0.5499999999999999
98339.76900508997	750	11.33420509277246	0.0	372963	1028.9136754633712	0.36248230429247247	0.3
98347.12033075935	1850	7.982879423393506	0.0	987708	7351.325669378955	0.13435780761477845	0.75
98348.03466418662	750	11.068545996105982	0.0	350713	914.3334272875233	0.38357232660784485	-0.3500000000000001
98358.6545700555	1850	4.44864012723589	0.0	891604	10619.905868870092	0.08395592305705271	0.75
98360.8385883611	300	6.264621821642808	0.0	157812	2184.0183055930834	0.07225763611772713	-1.25
98361.39002266324	300	9.713187519510742	0.0	163927	551.4343021320657	0.2972738535963262	0.3
98363.19969709647	1200	11.903513086279643	0.0	536667	1809.674433231099	0.29655444655965174	0.29999999999999993
98373.02899695023	1850	6.074213232514147	0.0	897976	9829.299853765497	0.09135706646043515	1.2000000000000002
98374.5980067275	300	8.505203455259128	0.0	153938	1569.0097772550173	0.09811156197465802	-1.25
98379.93958284086	750	7.163627341888623	0.0	425781	5341.5761133705055	0.07971074285251259	0.3
98380.93520033707	750	10.168009845683729	0.0	277716	995.6174962048943	0.27893844881051294	0.75
98382.7180154118	1200	12.385194770960906	0.0	622896	1782.8150747228221	0.3493890133820205	0.75
98385.29700800784	1850	13.806202174920804	0.0	975811	2578.9925960401038	0.37836905832855133	1.2000000000000002
98403.31483803551	2850	4.0	4.2116278527509206	1341201	18017.830027671724	0.07443743214028481	-16.259999766828955
98404.24158912145	300	7.073248914058404	0.0	157488	926.7510859415966	0.16993559801442176	-2.25
98405.95419895893	750	9.360639076576218	0.0	369834	1712.6098374821852	0.2159476092603299	0.3
98409.03655387813	1200	10.278284157374442	0.0	670129	3082.354919201778	0.21740812384238345	0.75
98413.25434674833	1200	10.060491287165831	0.0	690253	4217.792870208609	0.1636526546562872	1.2
98418.99779320623	1200	8.317044829266907	0.0	598727	5743.446457898925	0.10424524793411709	1.2
98420.2964595244	750	11.018378511097117	0.0	321064	1298.6663181697897	0.24722593903295761	0.3
98426.83841351912	1850	8.476424516382599	0.0	938587	6541.953994714519	0.1434719658313584	0.75
98428.27850739972	750	11.036330635779832	0.0	378327	1440.0938806027664	0.26270995599373514	-0.3500000000000001
98433.10307917309	1850	10.211758862414474	0.0	930577	4824.571773365358	0.19288281814717	0.75
98435.8254554042	1200	11.489382631300932	0.0	566904	2722.3762311135415	0.2082386679405137	0.5499999999999999
98440.40954589634	1850	10.90529213917113	0.0	1025005	4584.0904921298015	0.22360051612414292	1.2000000000000002
98445.24335987183	1200	10.071478163670141	0.0	599477	4833.813975500991	0.12401739145078881	0.5499999999999999
98446.35266191396	1200	12.962176121538699	0.0	634861	1109.3020421314432	0.572306708081201	1.2
98450.2037109162	1850	13.111127119291917	0.0	958994	3851.049002246783	0.24902150023032757	1.2000000000000002
98454.93439518141	2850	12.38044285409933	0.0	1483527	4730.684265192585	0.31359670543128204	1.85
98457.89245673481	1850	13.42238130068147	0.0	830730	2958.061553417859	0.2808359410371776	0.8500000000000001
98463.92139787745	2850	11.393440158050053	0.0	1364537	6028.941142631418	0.22633111979667264	1.85

