54097.78711996504	300	4.0	2.911863785581973	450283	2911.863785581973	0	-11.771014278002484
54098.47005124755	300	7.317068717497237	0.0	155580	682.9312825027636	0	-0.15000000000000002
54099.31054202327	750	10.476577941769424	0.0	139857	840.4907757278128	1	0.3
54101.19593265648	750	12.591187308555465	0.0	382355	1885.3906332139588	1	0.3
54101.73791384121	1850	16.049206123823307	0.0	411561	541.98118473216	3	0.75
54102.71710915826	1850	19.07001080677632	0.0	801058	979.1953170469861	3	0.75
54105.47309416658	1850	20.314025798452022	0.0	905515	2755.9850083242986	3	1.85
54106.30454873482	1850	23.48257123020813	0.0	1060487	831.45456824389	3	1.85
54106.98886095534	1850	26.798259009691385	0.0	852833	684.312220516745	3	1.85
54107.71643637348	1850	30.0706835915455	0.0	913888	727.5754181458822	3	1.85
54108.4623863388	1850	33.32473362622541	0.0	939819	745.9499653200883	3	1.85
54109.19247017919	4300	36.59464978584372	0.0	917428	730.0838403816884	5	1.85
54125.09004819236	1850	24.697071772669986	0.0	2209463	15897.578013173734	3	1.8499999999999996
54125.86299081841	1850	27.92412914662045	0.0	1036454	772.9426260495346	3	-0.6000000000000001
54126.492309112116	1850	31.29481085291547	0.0	821631	629.3182937049836	3	1.85
54158.79061296059	300	4.0	1.003492995563207	923170	32298.303848478678	0	-2.46501988092179
54161.967704581846	300	4.8229083787452645	0.0	143509	3177.0916212547354	0	-1.25
54164.8631112786	300	5.92750168199174	0.0	150616	2895.4066967535246	0	0.3
54165.33593920115	750	9.454673759449806	0.0	165384	472.827922541934	1	0.3
54166.24896935641	1850	12.541643604184186	0.0	350713	913.0301552656201	3	0.3
54167.94966276636	1850	14.840950194234788	0.0	891604	1700.6934099493985	3	0.75
54169.445320384686	1850	17.345292575907198	0.0	955231	1495.6576183275874	3	1.85
54170.78257292285	1850	20.008040037744607	0.0	968026	1337.2525381625926	3	1.85
54175.03465241607	1850	19.75596054451788	0.0	874175	4252.079493226726	3	1.85
54181.46402507359	1850	17.326587887001565	0.0	897976	6429.372657516311	3	1.85
54193.39773824405	300	9.392874716543195	0.0	905935	11933.71317045837	0	1.85
54193.93673265626	1850	12.85388030433682	0.0	181901	538.9944122063758	3	-1.25
54194.89043873257	1850	15.900174228025229	0.0	758197	953.7060763115906	3	0.30000000000000004
54196.15414974722	1850	18.63646321336514	0.0	972798	1263.7110146600924	3	1.85
54197.51456783221	1850	21.27604512837541	0.0	975811	1360.4180849897282	3	1.85
54200.990609665154	1850	21.800003295427416	0.0	873429	3476.0418329479953	3	1.85
54202.47983362623	1850	24.31077933435076	0.0	954453	1489.2239610766578	3	1.85
54203.66724671983	1850	27.12336624075577	0.0	885062	1187.4130935949852	3	1.85
54206.746539735	1850	28.044073225583496	0.0	1035329	3079.2930151722744	3	1.85
54208.26944763454	1850	30.521165326044088	0.0	1026056	1522.9078995394066	3	1.85
54209.09013433813	1850	33.700478622456586	0.0	943942	820.6867035875053	3	1.85
54209.7421318346	4300	37.048481125978455	0.0	728962	651.9974964781259	5	1.85
54213.1531054175	4300	37.63750754308215	0.0	2147467	3410.9735828963003	5	1.8499999999999996
54226.347556906156	4300	28.443056054420996	0.0	2133870	13194.45148866116	5	4.3
54231.59019377845	4300	27.200419182128662	0.0	2146120	5242.636872292332	5	4.3
54236.877048321694	4300	25.913564638881116	0.0	2108491	5286.854543247548	5	4.3
54242.71878150374	4300	24.07183145684087	0.0	2184571	5841.733182040245	5	4.3
54245.575787951	4300	25.21482500957819	0.0	2121928	2857.006447262681	5	4.3
54248.74542482584	4300	26.045188134736225	0.0	2219102	3169.6368748419636	5	4.3
54251.90611616483	4300	26.884496795748284	0.0	2124950	3160.6913389879423	5	4.3
54254.98253771546	4300	27.808075245108448	0.0	2246506	3076.4215506398377	5	4.3
54259.166954509725	4300	27.623658450849046	0.0	1961140	4184.416794259402	5	4.3
54262.16436818347	4300	28.626244777103718	0.0	2155012	2997.4136737453277	5	4.3

