29131.298909050533	300	4.0	1.3270597521012133	181801	1327.0597521012132	-5.406356934035217
29131.817228156215	300	7.481680894315009	0.0	155580	518.3191056849907	0.3
29132.279921186335	300	11.018987864195653	0.0	139857	462.69303011935506	0.3
29132.78398870184	300	14.514920348689438	0.0	155432	504.06751550621516	0.3
29133.319854233225	300	17.979054817307237	0.0	163442	535.8655313821996	0.3
29134.288943992513	300	21.009965058016	0.0	126289	969.0897592912369	0.3
29134.799539556607	300	24.49936949392347	0.0	153295	510.5955640925307	0.3
29135.605629715574	300	27.693279334956816	0.0	173849	806.0901589666541	0.3
29136.121592020787	300	31.17731702974285	0.0	150710	515.962305213967	0.3
29136.6039842739	300	34.694924776628994	0.0	139105	482.39225311385377	0.3
29137.283437546143	300	38.015471504388515	0.0	141840	679.4532722404797	0.3
29138.86422738716	300	40.434681663371315	0.0	156148	1580.7898410172006	0.3
29139.736848924746	300	43.56206012578708	0.0	160746	872.6215375842402	0.3
29140.564717823494	300	46.73419122703741	0.0	179801	827.8688987496741	0.3
29141.227249551008	300	50.07165949952316	0.0	140051	662.5317275142552	0.3
29141.7424520649	300	53.55645698563224	0.0	138313	515.2025138909132	0.3
29142.24503443707	300	57.053874613463215	0.0	143509	502.58237216902756	0.3
29142.97423941312	300	59.530364683308235	0.0	150616	523.5099301549747	0.3
29145.989526299254	750	59.83656880993724	0.0	405596	1193.7958733709936	0.3
29148.39406026646	750	59.50404728596792	0.0	350713	2332.521523969323	0.75
29152.102064507886	750	59.79604304453938	0.0	386472	3208.0042414285426	0.75
29155.934585504965	1200	59.963522047460415	0.0	616206	3832.520997078969	0.75
29159.527265837627	1200	59.60345072199921	0.0	656471	1860.0713254612058	1.2
29163.51167495922	1200	59.619041600407684	0.0	536667	2984.409121591527	1.2
29166.7837841958	1200	59.75899610851565	0.0	587236	1860.0454918920307	1.2
29170.228225706953	1200	59.70380727198119	0.0	590335	2055.188836534462	1.2
29173.62866980579	1200	59.658211559874076	0.0	696376	2045.595712107112	1.2
29176.431605592818	1200	59.64516778727378	0.0	487160	1513.043772600301	1.2
29180.192849858962	1850	59.86949166141477	0.0	972798	2775.676125859003	1.2000000000000002
29185.826682689578	1850	58.23565883079817	0.0	975811	5633.8328306166	1.85
29188.360008327872	1850	59.70233319250442	0.0	873429	2533.3256382937516	1.85
29191.846651030173	1850	59.66437521840168	0.0	954453	2537.957974102744	1.85
29195.568330636066	1850	59.94269561250801	0.0	885062	3221.679605893665	1.85
29199.372023334057	1850	59.796031430560014	0.0	1035329	3146.664181948	1.85
29203.593003634323	1850	59.50255549934663	0.0	1026056	3793.4759312133842	1.85
29207.494623121034	1850	59.600936012636396	0.0	943942	3901.6194867102295	1.85
29209.927779302634	1850	59.94091985261892	0.0	728962	2160.016160017477	1.85
29213.016953686754	1850	59.7429026713486	0.0	938587	2698.0171812703184	1.85
29216.85694635384	1850	59.72848493923249	0.0	908665	3514.417732116113	1.85
29219.878067107773	1850	59.839712102199	0.0	930577	2888.7728370334908	1.85
29223.017460499854	1850	59.54518931810948	0.0	858450	2794.522784089524	1.85
29227.576491089105	1850	58.98615872885797	0.0	1025005	4559.030589251506	1.85
29230.64428979288	1850	59.918360025081455	0.0	886255	2567.79870377652	1.85
29235.025566295357	1850	59.53708352260777	0.0	973972	3381.2765024736773	1.85
29238.815478357174	1850	59.747171460791165	0.0	958994	3289.9120618166157	1.85
29242.929500133025	1850	59.63314968493944	0.0	982064	3614.021775851725	1.85
29246.824289738423	1850	59.73836007953995	0.0	830730	3394.789605399482	1.85
29250.25913175749	1850	59.94328900378872	0.0	846370	2295.0710757512365	1.85

