24921.49146198513	300	4.0	11.433454573260105	181801	11433.454573260105	-48.86385466501845
24925.862431880865	300	4.0	0.3709698957344144	155580	4370.969895734414	-1.295170551657982
24929.534625451863	300	4.3278064290022416	0.0	139857	3672.1935709977593	0.3
24932.34375679225	300	5.518675088617732	0.0	155432	2809.1313403845097	0.3
24935.490384457476	300	6.372047423387005	0.0	163442	3146.627665230727	0.3
24938.025935828467	300	7.83649605239907	0.0	126289	2535.551370987934	0.3
24940.893416782837	300	8.969015098029248	0.0	153295	2867.4809543698225	0.3
24942.982504067208	300	10.879927813658883	0.0	173849	2089.0872843703632	0.3
24944.707068607266	300	13.15536327359945	0.0	150710	1724.5645400594335	0.3
24950.867316248186	300	10.99511563268222	0.0	139105	6160.24764091723	0.3
24954.31186153195	300	11.550570348916464	0.0	141840	3444.5452837657563	0.3
24959.453906529114	300	10.40852535175279	0.0	156148	5142.044997163675	0.3
24964.440751662638	300	9.421680218229591	0.0	160746	4986.845133523199	0.3
24967.56854726934	300	10.293884611525511	0.0	179801	3127.7956067040805	0.3
24970.96719196658	300	10.895239914285053	0.0	140051	3398.644697240458	0.3
24972.46412539282	300	13.398306488047922	0.0	138313	1496.9334262371312	0.3
24973.683003740414	300	16.1794281404528	0.0	143509	1218.878347595121	0.3
24975.085243921516	300	18.777187959354993	0.0	150616	1402.2401810978072	0.3
24976.890359436748	300	20.972072444121427	0.0	165384	1805.1155152335687	0.3
24978.681057839793	300	23.181374041076992	0.0	140881	1790.6984030444328	0.3
24979.65837505008	300	26.204056830791302	0.0	157671	977.3172102856901	0.3
24980.636494701695	300	29.225937179177464	0.0	157812	978.1196516138373	0.3
24982.04769191703	300	31.814739963843376	0.0	163927	1411.19721533409	0.3
24983.515373170078	300	34.34705871079433	0.0	137654	1467.6812530490438	0.3
24986.014841237527	300	35.84759064334742	0.0	146754	2499.468067446914	0.3
24988.48273880472	300	37.379693076153806	0.0	153938	2467.8975671936073	0.3
24989.85515647513	300	40.00727540574484	0.0	181901	1372.41767040897	0.3
24990.712554886573	300	43.14987699430434	0.0	111155	857.3984114404959	0.3
24991.84783442021	300	46.01459746066744	0.0	153605	1135.2795336369118	0.3
24992.864649612988	300	48.997782267884695	0.0	149029	1016.8151927827406	0.3
24994.56838973667	300	51.29404214420666	0.0	157421	1703.7401236780345	0.3
24999.251287292253	300	50.61114458862194	0.0	157488	4682.897555584722	0.3
25002.63727408876	300	51.22515779211514	0.0	143881	3385.986796506794	0.3
25007.135253698092	300	50.727178182780364	0.0	163444	4497.979609334773	0.3
25010.24906785207	300	51.613364028805165	0.0	179328	3113.8141539751987	0.3
25012.96840712526	300	52.89402475561279	0.0	159914	2719.339273192385	0.3
25017.13374725965	300	52.72868462122267	0.0	131610	4165.340134390117	0.3
25019.13289653291	300	54.729535347963434	0.0	124011	1999.1492732592303	0.3
25021.225575022556	300	56.63685685831476	0.0	144254	2092.678489648675	0.3
25025.04861154374	300	56.81382033712957	0.0	149991	3823.0365211851863	0.3
25026.498631214923	300	59.36380066594708	0.0	147968	1450.0196711824829	0.3
25029.154238340907	300	59.845809021479106	0.0	161857	1517.9916444679766	0.3
25031.61443032092	300	59.644520772230564	0.0	145210	1201.2882492485476	0.3
25036.761268252223	300	58.49768284092697	0.0	172312	5146.837931303588	0.3
25041.652894075138	300	57.60605701801323	0.0	167025	4891.62582291374	0.3
25046.095197839117	300	57.16375325403298	0.0	160064	4442.303763980252	0.3
25047.8695266477	300	59.38942444544906	0.0	137507	1774.328808583923	0.3
25052.600702207143	300	58.65824888600557	0.0	118421	4731.175559443488	0.3

