88338.0544635381	300	4.0	1.339578543980126	181801	1339.578543980126	-5.4601877391145415
88338.53901784554	300	7.515445692556598	0.0	155580	484.5543074434033	0.3
88338.97692035197	300	11.077543186129388	0.0	139857	437.90250642721077	0.3
88339.41856046345	300	14.635903074630939	0.0	155432	441.6401114984496	0.3
88340.45613011403	750	17.598333424054392	0.0	411561	1037.569650576544	0.3
88343.30521605744	750	18.749247480636964	0.0	318564	2849.0859434174267	0.75
88351.74458344596	1200	14.309880092118298	0.0	561791	8439.367388518665	0.75
88353.24106534327	750	16.813398194810457	0.0	437162	1496.481897307841	0.3
88364.49455222367	750	9.559911314421043	0.0	374758	11253.486880389411	0.75
88368.5204570528	300	9.534006485292876	0.0	139105	4025.9048291281683	-0.15000000000000002
88371.70580565228	300	10.348657885819868	0.0	141840	3185.3485994730077	0.3
88373.28475123519	300	12.769712302909218	0.0	156148	1578.9455829106498	0.3
88380.70577772043	750	9.348685817664894	0.0	386351	7421.026485244324	0.3
88381.57065330015	300	12.483810237950005	0.0	179801	864.8755797148877	-0.15000000000000002
88382.05312391685	300	16.001339621250366	0.0	140051	482.47061669964114	0.3
88382.97474564522	750	19.079717892888105	0.0	366214	921.6217283622631	0.3
88383.88399632888	750	22.170467209225862	0.0	360831	909.2506836622406	0.75
88385.86642579152	1850	24.188037746583777	0.0	885714	1982.429462642084	0.75
88393.76805660478	1850	20.286406933330845	0.0	987708	7901.630813252936	1.85
88399.10881252738	1200	18.945651010715228	0.0	586839	5340.755922615615	0.5499999999999999
88404.42498696124	1200	17.629476576861315	0.0	601738	5316.174433853913	1.2
88405.59862298571	750	20.45584055240414	0.0	399894	1173.636024457175	0.3
88410.874799851	1200	19.179663687103385	0.0	656471	5276.176865300757	0.75
88412.18609289575	1200	21.868370642360873	0.0	536667	1311.2930447425138	1.2
88416.2462206978	1850	21.8082428403117	0.0	897976	4060.1278020491704	1.2000000000000002
88419.48553146471	1200	22.56893207338433	0.0	590335	3239.31076692737	0.5499999999999999
88427.19706898839	1850	18.857394549706207	0.0	1076599	7711.537523678122	1.2000000000000002
88428.30976971296	750	21.744693825137194	0.0	277716	1112.7007245690152	-0.3500000000000001
88429.69491363873	1200	24.359549899369643	0.0	622896	1385.1439257675509	0.75
88440.32473453709	1850	17.729729001005136	0.0	975811	10629.820898364504	1.2000000000000002
88441.40915315539	750	20.645310382716314	0.0	358218	1084.4186182888207	-0.3500000000000001
88442.95152910372	1200	23.10293443437935	0.0	620283	1542.3759483369654	0.75
88445.1639348514	1850	24.890528686715637	0.0	885062	2212.405747663714	1.2000000000000002
88448.19938092669	1850	25.855082611425367	0.0	1035329	3035.4460752902714	1.85
88451.609377326	2850	26.4450862120996	0.0	1492672	3409.9963993257657	1.85
88454.71868891804	2850	27.335774620076155	0.0	1439896	3109.3115920234436	2.85
88457.28381302283	2850	28.77065051527291	0.0	1139291	2565.124104803248	2.85
88463.25576525241	4300	26.798698285705637	0.0	2147467	5971.952229567273	2.8499999999999996
88466.38804550502	2850	27.66641803309982	0.0	1427478	3132.280252605816	1.4000000000000001
88469.32239590993	2850	28.73206762819595	0.0	1402287	2934.3504049038715	2.85
88472.61926776488	2850	29.43519577323186	0.0	1339500	3296.871854964088	2.85
88485.04969757768	4300	21.004765960449017	0.0	2184571	12430.429812782844	2.8499999999999996
88493.51656025944	1200	16.537903278689882	0.0	599477	8466.862681759134	-1.9000000000000001
88497.87464774746	1200	16.17981579065873	0.0	634861	4358.087488031154	1.2
88505.03098462972	750	13.02347890839238	0.0	398987	7156.336882266349	0.3
88505.95226037521	750	16.10220316289296	0.0	393804	921.2757454994214	0.75
88506.7394823927	750	19.31498114540502	0.0	331053	787.2220174879382	0.75
88511.66031305752	750	18.394150480578457	0.0	314107	4920.830664826563	0.75

