48581.58789990004	300	4.0	1.4306808824342914	181801	1430.6808824342913	-5.851927794467453
48582.4748894448	300	7.113010455241034	0.0	155580	886.9895447589656	0.3
48582.87772729795	300	10.710172602088981	0.0	139857	402.8378531520525	0.3
48583.3165175851	300	14.271382314930458	0.0	155432	438.79028715852496	0.3
48583.77379769547	300	17.814102204568606	0.0	163442	457.2801103618536	0.3
48584.145315957954	300	21.442583942081065	0.0	126289	371.51826248753764	0.3
48584.57917331725	300	25.0087265827859	0.0	153295	433.857359295165	0.3
48592.70059668123	300	20.88730321880949	0.0	173849	8121.423363976413	0.3
48593.729560666434	300	23.858339233601512	0.0	150710	1028.9639852079745	0.3
48594.6854523469	300	26.902447553139996	0.0	139105	955.8916804615174	0.3
48596.19643298372	300	29.391466916320372	0.0	141840	1510.9806368196232	0.3
48599.236839145226	300	30.351060754813144	0.0	156148	3040.4061615072287	0.3
48600.1374606909	300	33.450439209139105	0.0	160746	900.6215456740379	0.3
48601.07302821883	300	36.51487168121366	0.0	179801	935.5675279254438	0.3
48601.44813130854	300	40.1397685915019	0.0	140051	375.10308971176545	0.3
48601.81957223825	300	43.76832766178841	0.0	138313	371.4409297134859	0.3
48602.201961719955	300	47.385938180089276	0.0	143509	382.38948169913635	0.3
48602.599326443946	300	50.98857345609568	0.0	150616	397.36472399359707	0.3
48604.15636659373	750	53.431533306320006	0.0	405596	1557.0401497756654	0.3
48609.74132474242	750	51.84657515762797	0.0	350713	5584.958148692042	0.75
48612.11715695539	750	53.470742944654695	0.0	386472	2375.832212973269	0.75
48613.103753997355	750	56.484145902692966	0.0	399894	986.5970419617307	0.75
48615.38971538878	750	58.19818451126895	0.0	401853	2285.9613914240153	0.75
48634.6914773269	750	42.896422573154965	0.0	343800	19301.761938113978	0.75
48640.3924153221	750	41.195484577954986	0.0	359903	5700.937995199983	0.75
48640.69189324259	300	44.89600665746901	0.0	153938	299.47792048598296	-0.15000000000000002
48641.03123955873	300	48.556660341326655	0.0	181901	339.34631614234814	0.3
48641.26971938991	300	52.31818051015034	0.0	111155	238.47983117631406	0.3
48641.56872253388	300	56.01917736618167	0.0	153605	299.0031439686719	0.3
48641.86120142156	300	59.72669847849893	0.0	149029	292.4788876827395	0.3
48643.47607154274	300	59.92225465227783	0.0	157421	304.4438262211015	0.3
48650.00873356732	750	57.389592627698164	0.0	400322	6532.6620245796685	0.3
48665.103263413075	750	46.295062781943095	0.0	369834	15094.529845755065	0.75
48667.27398533604	750	48.12434085897016	0.0	412837	2170.7219229729403	0.75
48669.47039497074	750	49.92793122427694	0.0	401088	2196.4096346932197	0.75
48671.156290030376	750	52.242036164639416	0.0	365161	1685.8950596375196	0.75
48678.18991856043	750	49.208407634582834	0.0	321064	7033.6285300565805	0.75
48691.65541023284	750	39.74291596217624	0.0	361565	13465.4916724066	0.75
48692.452252677875	300	42.946073517136696	0.0	144254	796.8424450395397	-0.15000000000000002
48695.09596655677	300	44.30235963823865	0.0	149991	2643.713878898052	0.3
48695.41186510293	300	47.986461092086515	0.0	147968	315.8985461521329	0.3
48695.74990624009	300	51.64841995491803	0.0	161857	338.04113716848093	0.3
48696.06140783426	300	55.33691836074395	0.0	145210	311.50159417408645	0.3
48696.4161168949	300	58.98220930010539	0.0	172312	354.7090606385592	0.3
48697.19776148634	750	59.76612275954526	0.0	398987	716.0865405601282	0.3
48701.6295330333	750	59.334351212583016	0.0	393804	4431.77154696224	0.75
48702.43721733239	750	59.58567388646217	0.0	331053	748.6773261208539	0.75
48712.60685009838	750	53.416041120473785	0.0	314107	10169.632765988381	0.75

