18028.75479006962	750	4.0	3.8005383817205356	450283	3800.5383817205357	-15.592315041398301
18029.57205620765	300	7.18273386196632	0.0	155580	817.2661380336789	-0.15000000000000002
18030.178834812148	300	10.575955257467088	0.0	139857	606.7786044992306	0.3
18031.666821377687	750	13.087968691930726	0.0	382355	1487.9865655363624	0.3
18034.619546491595	750	14.135243578026008	0.0	411561	2952.7251139047185	0.75
18038.13049802784	750	14.624292041779869	0.0	318564	3510.951536246139	0.75
18039.305330834923	750	17.44945923469577	0.0	352642	1174.8328070841	0.75
18043.333584959022	1200	17.42120511059609	0.0	709534	4028.2541240996757	0.75
18045.091195179997	1200	19.663594889619983	0.0	584846	1757.6102209761084	1.2
18048.61163549526	1200	20.14315457435971	0.0	560821	3520.4403152602763	1.2
18050.28782114237	1200	22.46696892724994	0.0	607410	1676.1856471097674	1.2
18051.932507217494	1200	24.822282852130172	0.0	594078	1644.6860751197705	1.2
18055.997750490737	1850	24.757039578887706	0.0	946851	4065.2432732424654	1.2000000000000002
18062.620731466308	1850	22.134058603315598	0.0	1036454	6622.980975572108	1.85
18064.60384215798	1200	24.150947911646863	0.0	526950	1983.1106916687331	0.5499999999999999
18068.017924513475	1850	24.73686555615237	0.0	923170	3414.0823554944945	1.2000000000000002
18072.78639268237	2850	23.968397387255404	0.0	1491626	4768.468168896963	1.85
18076.85269732817	2850	23.902092741456897	0.0	1358801	4066.304645798506	2.85
18081.07750769117	2850	23.6772823784547	0.0	1537156	4224.810363002199	2.85
18085.605055616896	2850	23.14973445272818	0.0	1336050	4527.547925726522	2.85
18090.475460148362	2850	22.27932992126401	0.0	1415116	4870.404531464167	2.85
18095.21310042197	2850	21.541689647654785	0.0	1468126	4737.640273609227	2.85
18099.948352247742	2850	20.806437821881	0.0	1505760	4735.251825773782	2.85
18108.239189593798	2850	16.51560047582178	0.0	1323990	8290.837346059217	2.85
18109.98507016565	1200	18.76971990397237	0.0	587236	1745.8805718494118	-0.44999999999999996
18115.4847161439	1200	17.270073925721544	0.0	590335	5499.645978250828	1.2
18118.35706908497	1200	18.397720984650185	0.0	696376	2872.352941071354	1.2
18124.874504620235	1200	15.880285449382525	0.0	487160	6517.435535267662	1.2
18125.48168293164	300	19.273107137978013	0.0	153605	607.1783114045161	-0.6000000000000001
18126.618722051335	750	22.136068018282664	0.0	400508	1137.0391196953465	0.3
18128.59683680057	750	24.157953269045077	0.0	358218	1978.1147492375906	0.75
18133.542353337798	750	23.212436731816766	0.0	400322	4945.516537228313	0.75
18134.071071590137	300	26.683718479477694	0.0	143881	528.7182523390705	-0.15000000000000002
18134.66080050525	300	30.09398956436516	0.0	163444	589.7289151125377	0.3
18135.300066473344	300	33.45472359627027	0.0	179328	639.2659680948898	0.3
18137.17143128719	1200	35.58335878242591	0.0	598727	1871.3648138443607	0.29999999999999993
18146.14725023939	2850	30.607539830227207	0.0	1139291	8975.8189521987	1.2000000000000002
18160.3980031912	1200	20.356786878419822	0.0	575591	14250.752951807388	-0.44999999999999996
18161.122738280446	300	23.632051789174394	0.0	144254	724.735089245427	-0.6000000000000001
18166.725288676498	750	22.029501393122533	0.0	390680	5602.550396051864	0.3
18169.21995372636	300	23.53483634325863	0.0	147968	2494.665049863903	-0.15000000000000002
18170.937315698604	300	25.817474371013315	0.0	161857	1717.3619722453138	0.3
18172.45068666664	300	28.304103402977177	0.0	145210	1513.3709680361392	0.3
18175.638744041673	300	29.116046027945	0.0	172312	3188.0573750321737	0.3
18176.81855276784	300	31.936237301780867	0.0	167025	1179.8087261641342	0.3
18182.690728456168	1850	30.064061613451294	0.0	982064	5872.175688329576	0.30000000000000004
18191.76775902771	2850	24.98703104191178	0.0	1231456	9077.030571539512	1.85
18202.74011839407	2850	18.0146716755514	0.0	1364537	10972.359366360379	2.85

