58552.3545179439	750	4.0	3.8215297794484924	450283	3821.5297794484923	1	-15.682578051628518
58554.64694397077	300	5.707573973133153	0.0	398865	2292.426026866847	0	0.75
58555.502703355116	750	8.851814588781263	0.0	139857	855.75938435189	1	-0.15000000000000002
58557.7035516459	750	10.650966297999487	0.0	382355	2200.848290781777	1	0.3
58560.06639989792	750	12.288118045976004	0.0	411561	2362.848252023483	1	0.75
58561.285596656264	1850	15.06892128763277	0.0	318564	1219.1967583432324	3	0.75
58567.16101578175	1850	13.193502162147622	0.0	905515	5875.419125485149	3	0.75
58572.62845757277	1850	11.726060371120115	0.0	1060487	5467.441791027507	3	1.85
58576.10123360753	1850	12.25328433636173	0.0	852833	3472.776034758385	3	1.85
58579.000740178235	1850	13.35377776565686	0.0	913888	2899.5065707048707	3	1.85
58582.21351873015	1850	14.140999213745445	0.0	939819	3212.7785519114154	3	1.85
58585.75375886835	1850	14.600759075540326	0.0	917428	3540.2401382051194	3	1.85
58589.02157123427	1850	15.332946709623156	0.0	946851	3267.8123659171697	3	1.85
58592.90256658778	1850	15.45195135612148	0.0	1036454	3880.995353501676	3	1.85
58598.56244713556	1850	13.792070808338167	0.0	821631	5659.880547783314	3	1.85
58604.68710268981	750	11.667415254090587	0.0	923170	6124.65555424758	1	1.85
58607.082866308796	750	13.271651635105046	0.0	360831	2395.7636189855407	1	-0.3500000000000001
58608.85896196775	750	15.495555976150216	0.0	372963	1776.0956589548318	1	0.75
58611.02159745922	750	17.33292048467954	0.0	405596	2162.6354914706762	1	0.75
58613.6254692689	750	18.729048674994612	0.0	350713	2603.87180968493	1	0.75
58615.11071251054	1850	21.24380543335552	0.0	386472	1485.2432416390918	3	0.75
58620.38197830602	1850	19.9725396378815	0.0	955231	5271.265795474021	3	0.75
58623.55424684631	1850	20.800271097588574	0.0	968026	3172.2685402929233	3	1.85
58627.04865323677	1850	21.305864707130723	0.0	874175	3494.4063904578506	3	1.85
58629.863424043004	1850	22.49109390088979	0.0	897976	2814.7708062409324	3	1.85
58632.58242588719	1850	23.772092056707898	0.0	905935	2719.001844181893	3	1.85
58636.043361744974	1850	24.311156198917015	0.0	1076599	3460.935857790882	3	1.85
58638.38520885393	1850	25.969309089966092	0.0	758197	2341.8471089509235	3	1.85
58641.642431502754	1850	26.71208644114411	0.0	972798	3257.222648821983	3	1.85
58649.6626929351	1850	22.69182500880305	0.0	975811	8020.26143234106	3	1.85
58653.0644022617	1850	23.290115682199783	0.0	873429	3401.7093266032675	3	1.85
58656.37121969437	1850	23.983298249530545	0.0	954453	3306.817432669238	3	1.85
58659.11140706286	1850	25.24311088103944	0.0	885062	2740.1873684911056	3	1.85
58662.48833816056	1850	25.86617978333826	0.0	1035329	3376.9310977011764	3	1.85
58665.60651167898	1850	26.748006264912437	0.0	1026056	3118.1735184258237	3	1.85
58668.47641044421	1850	27.87810749969046	0.0	943942	2869.8987652219766	3	1.85
58671.27875771402	1850	29.075760229878547	0.0	728962	2802.3472698119144	3	1.85
58674.900966797024	1850	29.453551146874446	0.0	938587	3622.209083004103	3	1.85
58677.66787592313	1850	30.68664202077283	0.0	908665	2766.909126101613	3	1.85
58680.77011954532	1850	31.584398398582547	0.0	930577	3102.2436221902844	3	1.85
58683.67436736904	1850	32.68015057485888	0.0	858450	2904.247823723668	3	1.85
58688.132089772946	1850	32.22242817095137	0.0	1025005	4457.722403907514	3	1.85
58691.31796597653	1850	33.036551967368155	0.0	886255	3185.87620358321	3	1.85
58694.811245966775	1850	33.543271977121165	0.0	973972	3493.2799902469915	3	1.85
58698.25203563113	1850	34.102482312770526	0.0	958994	3440.789664350641	3	1.85
58701.7736739948	1850	34.580843949098956	0.0	982064	3521.638363671564	3	1.85
58704.7649631143	4300	35.589554829598725	0.0	830730	2991.2891195002344	5	1.85
58717.93349561333	4300	26.42102233057201	0.0	2155012	13168.532499026715	5	1.8499999999999996

