48244.61814992419	750	4.0	1.808899900831378	450283	1808.8999008313779	-7.028269573574925
48247.121321715334	1850	5.496828208856313	0.0	957685	2503.171791143686	0.75
48249.201287085416	1850	7.41686283877851	0.0	877771	2079.9653700778035	1.85
48252.82813636578	1850	7.790013558414778	0.0	933276	3626.849280363733	1.85
48253.967925181314	1850	10.650224742879486	0.0	996749	1139.7888155352916	1.85
48255.41374908877	1850	13.204400835420548	0.0	801058	1445.8239074589362	1.85
48259.31234665393	1850	13.30580327025969	0.0	905515	3898.597565160858	1.85
48260.33124399016	1850	16.286905934037822	0.0	1060487	1018.8973362218687	1.85
48261.40056652818	1850	19.21758339601456	0.0	852833	1069.3225380232623	1.85
48263.592678483954	1850	21.02547144024074	0.0	913888	2192.111955773819	1.85
48265.820626778725	1850	22.797523145474777	0.0	939819	2227.948294765962	1.85
48266.8069107765	1850	25.811239147703596	0.0	917428	986.2839977711814	1.85
48267.665362719046	1850	28.952787205153555	0.0	946851	858.4519425500396	1.85
48268.4722975308	1850	32.145852393396666	0.0	1036454	806.9348117568865	1.85
48277.084499507946	4300	27.533650416249724	0.0	2005399	8612.201977146942	1.8499999999999996
48278.93586858106	4300	29.682281343140318	0.0	2152483	1851.3690731094084	4.3
48280.561667702	4300	32.05648222218964	0.0	2289689	1625.7991209506763	4.3
48281.980983496076	4300	34.6371664281148	0.0	2059512	1419.31579407484	4.3
48283.39150743089	4300	37.2266424933044	0.0	2220726	1410.5239348104078	4.3
48299.229801756555	4300	25.38834816764236	0.0	2156729	15838.294325662038	4.3
48305.67747475518	4300	22.94067516901308	0.0	2039773	6447.6729986292785	4.3
48315.5513064901	4300	17.06684343409871	0.0	2176469	9873.831734914369	4.3
48332.48599308477	4300	4.132156839436917	0.0	2221506	16934.686594661795	4.3
48333.35942693239	1850	7.25872299181378	0.0	874175	873.4338476231366	-0.6000000000000001
48334.32590783402	1850	10.29224209017774	0.0	897976	966.4809016360407	1.85
48338.57223895298	1850	10.045910971219019	0.0	905935	4246.331118958723	1.85
48339.37626365374	1850	13.241886270460576	0.0	1076599	804.024700758442	1.85
48339.966159498006	1850	16.651990426194562	0.0	758197	589.8958442660158	1.85
48342.541924308476	1850	18.076225615718528	0.0	972798	2575.7648104760347	1.85
48348.449840689755	1850	16.16830923444028	0.0	975811	5907.916381278251	1.85
48353.329752472346	1850	15.288397451845173	0.0	873429	4879.911782595108	1.85
48354.50804812871	1850	18.110101795484688	0.0	954453	1178.295656360485	1.85
48363.20574748496	1850	13.412402439231906	0.0	885062	8697.69935625278	1.85
48363.969207811926	750	16.648942112261537	0.0	412837	763.4603269703659	-0.3500000000000001
48367.80098534642	1850	16.81716457777758	0.0	1026056	3831.777534483959	0.75
48371.46237344678	1850	17.155776477405663	0.0	943942	3661.3881003719134	1.85
48374.82524387476	1850	17.792906049430872	0.0	728962	3362.870427974793	1.85
48381.730469846756	1850	14.887680077434547	0.0	938587	6905.225971996327	1.85
48382.3332634255	1850	18.284886498692497	0.0	908665	602.7935787420503	1.85
48382.94866390876	1850	21.669486015428543	0.0	930577	615.4004832639541	1.85
48383.522566664644	1850	25.095583259549187	0.0	858450	573.9027558793539	1.85
48384.53588468233	1850	28.08226524186339	0.0	1025005	1013.3180176857992	1.85
48385.423208578635	1850	31.194941345554188	0.0	886255	887.3238963092019	1.85
48395.74479256537	1850	24.87335735882343	0.0	973972	10321.58398673076	1.85
48410.16472673619	1850	14.453423188006878	0.0	958994	14419.93417081655	1.85
48410.48701943742	750	18.131130486768875	0.0	393804	322.29270123800666	-0.3500000000000001
48411.07813617494	1850	21.540013749256183	0.0	830730	591.116737512695	0.75
48411.6788756127	1850	24.93927431149828	0.0	846370	600.7394377578992	1.85

