78906.2048652466	750	4.0	1.1561882982437217	450283	1156.1882982437216	-4.221609682448003
78907.6421693284	750	6.562695918200843	0.0	398865	1437.3040817991566	0.75
78908.35882507947	750	9.846040167143338	0.0	350812	716.6557510575057	0.75
78909.55885409849	750	12.646011148129478	0.0	382355	1200.0290190138585	0.75
78910.79162362716	1200	15.413241619454613	0.0	652874	1232.769528674865	0.75
78912.49368670289	1850	17.711178543723555	0.0	801058	1702.0630757310582	1.2000000000000002
78916.14056503668	2850	18.064300209926273	0.0	1388403	3646.878333797283	1.85
78920.01669333251	2850	18.188171914096078	0.0	1638769	3876.128295830195	2.85
78924.89499643366	2850	17.309868812942685	0.0	1348011	4878.303101153392	2.85
78928.31122843598	2850	17.893636810629975	0.0	1429765	3416.2320023127095	2.85
78931.18801459418	2850	19.01685065243238	0.0	1354548	2876.7861581975944	2.85
78936.64832440254	2850	17.556540844075105	0.0	1519951	5460.309808357276	2.85
78938.98696905645	2850	19.217896190156207	0.0	1422919	2338.6446539188973	2.85
78942.28634557952	4300	19.918519667099034	0.0	2275376	3299.3765230571726	2.8499999999999996
78946.23835052912	4300	19.966514717506126	0.0	2005399	3952.004949592908	4.3
78950.34100475363	4300	19.863860492985477	0.0	2152483	4102.6542245206465	4.3
78957.13375326939	4300	17.07111197722421	0.0	2289689	6792.748515761266	4.3
78962.36560241984	4300	15.839262826776599	0.0	2059512	5231.84915044761	4.3
78966.4301252237	4300	15.774740022901995	0.0	2220726	4064.522803874605	4.3
78970.72744624839	4300	15.477418998220474	0.0	2156729	4297.321024681521	4.3
78974.03158440598	4300	16.173280840645333	0.0	2039773	3304.1381575751416	4.3
78978.29042150777	4300	15.914443738842401	0.0	2176469	4258.837101802929	4.3
78984.36249993081	4300	13.842365315801166	0.0	2221506	6072.0784230412355	4.3
78988.45857821089	4300	13.746287035726166	0.0	2044075	4096.078280075	4.3
78996.17816267414	4300	10.026702572474866	0.0	2186790	7719.5844632513	4.3
78998.14628434317	1850	12.058580903443593	0.0	905935	1968.1216690312726	-0.6000000000000001
79001.34398428079	2850	12.860880965831413	0.0	1547572	3197.699937612181	1.85
79006.8873748735	2850	11.317490373114003	0.0	1141971	5543.390592717408	2.85
79008.5607214405	1200	13.644143806116528	0.0	622896	1673.346566997476	-0.44999999999999996
79010.32318389876	1200	15.881681347864179	0.0	641447	1762.462458252351	1.2
79011.8783988431	1850	18.32646640352429	0.0	873429	1555.214944339889	1.2000000000000002
79013.9555653763	1850	20.249299870319525	0.0	954453	2077.166533204763	1.85
79018.28531995333	1850	19.919545293293396	0.0	885062	4329.75457702613	1.85
79019.82242877342	1200	22.382436473204883	0.0	670129	1537.1088200885104	0.5499999999999999
79022.95134812254	2850	23.25351712408658	0.0	1492672	3128.919349118304	1.2000000000000002
79025.54513514387	2850	24.659730102767927	0.0	1439896	2593.787021318655	2.85
79027.90862387492	2850	26.296241371706742	0.0	1139291	2363.4887310611853	2.85
79030.78980023866	2850	27.41506500795526	0.0	1499009	2881.1763637514814	2.85
79036.83009492072	4300	25.374770325898936	0.0	2133870	6040.294682056327	2.8499999999999996
79043.6993334095	4300	22.50553183711756	0.0	2146120	6869.238488781374	4.3
79051.1137827996	4300	19.0910824470128	0.0	2108491	7414.44939010476	4.3
79057.34125357178	2850	16.863611674831258	0.0	1527299	6227.47077218154	1.4000000000000001
79060.10648452523	2850	18.09838072139191	0.0	1343002	2765.2309534393494	2.85
79066.60921046577	4300	15.595654780843029	0.0	2219102	6502.725940548881	2.8499999999999996
79071.78661522506	4300	14.418250021558647	0.0	2124950	5177.4047592843835	4.3
79075.7423778956	4300	14.462487351032642	0.0	2246506	3955.762670526004	4.3
79079.98638966186	4300	14.218475584757783	0.0	1961140	4244.011766274857	4.3
79084.96146669361	4300	13.243398553012245	0.0	2155012	4975.07703174554	4.3

