84629.04585604656	750	4.0	1.285877653047053	450283	1285.877653047053	0.35017561657829294	-4.779273908102327
84629.54345539084	300	7.5024006557098835	0.0	155580	497.59934429011565	0.31266118371187424	-0.15000000000000002
84630.33038355316	750	10.715472493386022	0.0	350812	786.928162323862	0.4457992696106135	0.3
84632.96620053043	1200	12.079655516130838	0.0	617681	2635.8169772551837	0.23434138459917808	0.75
84639.59991178123	1850	9.445944265319987	0.0	996749	6633.711250810851	0.1502551079349686	1.2000000000000002
84642.94879903959	1200	10.097057006963265	0.0	520315	3348.887258356723	0.15536951824867198	0.5499999999999999
84646.74106489243	1200	10.304791154126928	0.0	561791	3792.2658528363368	0.1481412490054782	1.2
84647.71359006534	1200	13.332265981221237	0.0	709534	972.5251729056903	0.7295790584834624	1.2
84649.48925757507	2850	15.556598471484179	0.0	1348011	1775.6675097370564	0.7591573268126168	1.2000000000000002
84668.88957400821	4300	4.0	3.8437179616610084	2169201	19400.316433145188	0.11181266076124141	-13.677987235142336
84670.18628930367	300	6.703284704538117	0.0	141840	1296.7152954618832	0.10938407258431954	-3.7
84671.19908626545	300	9.69048774276751	0.0	156148	1012.7969617706058	0.15417502805993494	0.3
84675.39620909968	1200	9.493364908525352	0.0	624282	4197.122834242159	0.14874046451697942	0.29999999999999993
84676.83020865581	1200	12.059365352400459	0.0	687371	1433.9995561248948	0.47933836315646194	1.2
84679.29196805174	1850	13.597605956469163	0.0	821631	2461.759395931296	0.33375763746772374	1.2000000000000002
84681.79551030202	2850	15.094063706172975	0.0	1471065	2503.542250296188	0.5875934387869676	1.85
84692.24698728176	4300	8.642586726442273	0.0	2289689	10451.476979730702	0.2190780312142062	2.8499999999999996
84692.86839261293	750	12.021181395266307	0.0	372963	621.4053311759651	0.6001927909021865	-2.8
84696.7265401116	1850	12.16303389660241	0.0	987708	3858.1474986638977	0.25600576451316337	0.75
84698.43533960354	1850	14.454234404659946	0.0	923755	1708.799491942464	0.540587122336939	1.85
84700.70090364304	2850	16.18867036515579	0.0	1415116	2265.5640395041573	0.6246197305946439	1.85
84707.06577248755	4300	13.823801520647164	0.0	2176469	6364.8688445086245	0.3419503297193276	2.8499999999999996
84709.69909199105	2850	15.190482017145285	0.0	1505760	2633.31950350188	0.5718105979914659	1.4000000000000001
84719.99257401431	4300	8.8969999938864	0.0	2044075	10293.482023258885	0.198579547268967	2.8499999999999996
84722.21493055012	750	10.674643458067228	0.0	359903	2222.3565358191718	0.16194656176864886	-2.8
84723.12423980891	1200	13.765334199288938	0.0	590335	909.3092587782902	0.6492125691023418	0.75
84725.53041072367	2850	15.359163284522616	0.0	1547572	2406.170914766322	0.6431679439323179	1.2000000000000002
84736.28612243768	4300	8.603451570514506	0.0	1972048	10755.71171400811	0.18334890822999916	2.8499999999999996
84737.82368862275	750	11.065885385441339	0.0	400396	1537.5661850731665	0.26040895272482	-2.8
84741.05234748973	1850	11.83722651846657	0.0	975811	3228.6588669747684	0.3022341598182927	0.75
84742.23001784454	1850	14.659556163651837	0.0	873429	1177.6703548147327	0.741658305678761	1.85
84744.15202373275	2850	16.73755027543957	0.0	1497683	1922.0058882122653	0.779229142421127	1.85
84751.76424461826	4300	13.125329389939088	0.0	2191074	7612.220885500484	0.28783636641094956	2.8499999999999996
84753.87459398739	2850	15.014980020803927	0.0	1587293	2110.349369135161	0.7521470251394848	1.4000000000000001
84760.76252563241	4300	12.127048375787217	0.0	2307787	6887.93164501671	0.33504789520808337	2.8499999999999996
84763.79935443001	1850	13.090219578195315	0.0	943942	3036.8287975919025	0.3108314834041723	-0.6000000000000001
84767.37829924315	2850	13.51127476504801	0.0	1139291	3578.9448131473055	0.31833153610382536	1.85
84770.23743988069	2850	14.652134127517895	0.0	1499009	2859.1406375301144	0.5242865567098958	2.85
84772.2744809858	2850	16.61509302241873	0.0	1427478	2037.0411050991659	0.7007605278198392	2.85
84775.26396034827	4300	17.62561365995007	0.0	2146120	2989.4793624686613	0.7178908899467266	2.8499999999999996
84778.65944736812	4300	18.23012664009891	0.0	2108491	3395.487019851159	0.6209686527066818	4.3
84783.96792858154	4300	16.921645426683977	0.0	2184571	5308.4812134149315	0.41152467385199076	4.3
84788.35688109808	4300	16.53269291013619	0.0	2121928	4388.9525165477835	0.4834702567411333	4.3
84791.47380456986	4300	17.415769438360577	0.0	2219102	3116.9234717756144	0.7119526738767977	4.3
84797.16825617806	4300	15.721317830150133	0.0	2124950	5694.451608210445	0.3731614817722181	4.3
84809.61180925398	4300	7.277764754230702	0.0	2246506	12443.55307591943	0.1805357349539822	4.3
84810.11260627006	750	10.776967738157225	0.0	331053	500.7970160734773	0.6610522614444405	-2.8
84813.3434183909	1200	11.546155617316922	0.0	550906	3230.812120840305	0.17051626012122129	0.75

