17363.734762618442	750	4.0	7.357001870393233	450283	7357.001870393234	0.061204687443681766	-30.885108042690902
17369.56678196991	300	4.0	1.8320193514658103	155580	5832.01935146581	0.026676866214597996	-8.027683211302984
17380.817832952012	300	4.0	7.251050982101249	139857	11251.05098210125	0.0124305720614449	-30.87951922303537
17392.295637273157	300	4.0	7.477804321144386	155432	11477.804321144386	0.013541962874699259	-31.854558580920855
17404.34857214596	300	4.0	8.052934872801018	163442	12052.934872801017	0.013560348722104829	-34.327619953044376
17407.171064500213	300	5.177507645743603	0.0	126289	2822.492354256398	0.04474378816635327	0.3
17408.387886365083	300	7.960685780873138	0.0	153295	1216.8218648704644	0.1259798204039659	0.3
17425.50090233231	750	4.0	9.152330186354023	437162	17113.015967227162	0.02554558476642582	-39.0550198013223
17429.881600935987	300	4.0	0.3806986036796334	150710	4380.698603679633	0.03440318854015861	-1.7870039958224233
17436.045164212752	300	4.0	2.1635632767631576	139105	6163.563276763158	0.02256892543383639	-9.003322090081577
17449.47753619669	300	4.0	9.432371983937358	141840	13432.371983937359	0.010559564622660429	-40.259199530930644
17455.33048489322	300	4.0	1.8529486965304558	156148	5852.948696530456	0.026678518486342156	-7.66767939508096
17458.330425336004	300	5.000059557219726	0.0	160746	2999.940442780274	0.05358306375276717	0.3
17459.774775650538	300	7.555709242685325	0.0	179801	1444.3503145343998	0.12448572772870588	0.3
17465.421112023345	750	5.909372869877217	0.0	337059	5646.3363728081085	0.059695168290579456	0.3
17469.220546967084	300	6.109937926139138	0.0	138313	3799.4349437380774	0.03640357106994458	-0.15000000000000002
17473.238824505144	300	6.091660388081472	0.0	143509	4018.277538057667	0.035714058733078105	0.3
17478.53124437798	300	4.799240515243133	0.0	150616	5292.419872838339	0.028458815365913936	0.3
17479.694888778005	300	7.635596115219594	0.0	165384	1163.6444000235392	0.14212589344017337	0.3
17483.39648492044	750	7.933999972787809	0.0	350713	3701.5961424317848	0.09474642465171716	0.3
17487.445352561084	750	7.885132332142169	0.0	386472	4048.8676406456398	0.09545187304230388	0.75
17503.27591734454	750	4.0	7.945432451317225	399894	15830.564783459395	0.02526088016883834	-33.41535954066406
17506.819505017233	300	4.456412327306597	0.0	163927	3543.587672693403	0.046260178988432564	-0.15000000000000002
17519.27132227534	300	4.0	7.995404930803649	137654	12451.817258110246	0.011054932556960051	-34.08024120245569
17520.14148800876	300	7.129834266581796	0.0	146754	870.1657334182032	0.16865063098212094	0.3
17522.48472747849	750	8.786594796850371	0.0	379700	2343.239469731424	0.16204063003578556	0.3
17527.128183193952	750	8.143139081393198	0.0	425781	4643.455715457173	0.09169485531705551	0.75
17528.001301044005	750	11.270021231338418	0.0	277716	873.1178500547799	0.3180739003132005	0.75
17556.83538060479	1850	4.0	17.564058329443043	972798	28834.07956078146	0.03373778580132472	-74.77545081660509
17559.222738155408	300	5.612642449381848	0.0	149029	2387.3575506181514	0.06242424808190644	-1.25
17560.45882301561	300	8.376557589176505	0.0	157421	1236.0848602053434	0.12735452481300402	0.3
17585.464627195317	750	4.0	16.62924659053093	400322	25005.804179707437	0.01600916319759342	-71.20576033928299
17587.088761190455	300	6.3758660048617735	0.0	143881	1624.1339951382274	0.0885893654284076	-0.15000000000000002
17590.2899976692	300	7.174629526120788	0.0	163444	3201.236478740985	0.051056521780071966	0.3
17596.377180063202	750	5.08744713211521	0.0	401088	6087.182394005577	0.06589058353089206	0.3
17606.04203923013	300	4.0	4.577412034811093	159914	9664.859166926304	0.016545921387787498	-19.832871749687698
17610.00899241968	300	4.033046810452333	0.0	131610	3966.9531895476666	0.03317659516295096	0.3
17613.40911675802	300	4.632922472111133	0.0	124011	3400.1243383412007	0.03647248972680233	0.3
17614.482067946527	300	7.559971283601308	0.0	144254	1072.9511885098254	0.13444600420299457	0.3
17619.346247182602	750	6.695792047525599	0.0	390680	4864.179236075708	0.08031776401298699	0.3
17620.0751677885	300	9.966871441630497	0.0	147968	728.9206058951016	0.20299604484125935	-0.15000000000000002
17627.498826993455	1200	6.543212236673103	0.0	641452	7423.659204957395	0.08640644489332823	0.29999999999999993
17628.6932706312	300	9.34876859892523	0.0	145210	1194.4436377478737	0.1215712448967402	-0.6000000000000001
17636.130995234274	1200	5.91104399585251	0.0	634861	7437.724603072719	0.0853568845151543	0.29999999999999993
17637.14140057369	300	8.900638656431598	0.0	167025	1010.4053394209129	0.16530494592964637	-0.6000000000000001
17638.83925878267	750	11.202780447455455	0.0	393804	1697.8582089761437	0.23194162970621374	0.3
17660.785099600867	1850	4.0	10.743060370742711	830730	21945.840818198165	0.037853641921576926	-45.445159594193655
17661.37311956532	300	7.411980035545976	0.0	118421	588.0199644540248	0.20138942069756702	-1.25

