52257.54844977539	750	4.0	3.2987720221343615	450283	3298.7720221343616	-13.434719695177753
52259.17945931543	750	6.368990459958526	0.0	398865	1631.0095400414746	0.75
52260.623611995565	750	8.924837779826076	0.0	350812	1444.15268013245	0.75
52262.19042144909	750	11.358028326295287	0.0	382355	1566.8094535307885	0.75
52263.870800116834	750	13.677649658553046	0.0	411561	1680.3786677422415	0.75
52265.18955459044	750	16.358895184949766	0.0	318564	1318.75447360328	0.75
52266.64082333104	750	18.907626444350047	0.0	352642	1451.268740599716	0.75
52270.73187727785	1850	18.816572497544403	0.0	1060487	4091.053946805645	0.75
52274.02878151585	1850	19.519668259546457	0.0	852833	3296.904237997947	1.85
52277.55598651408	1850	19.992463261316477	0.0	913888	3527.204998229979	1.85
52281.18100379654	1850	20.367445978857905	0.0	939819	3625.0172824585734	1.85
52284.72156175016	1850	20.826888025239807	0.0	917428	3540.5579536180944	1.85
52288.37310388637	1850	21.175345889027216	0.0	946851	3651.5421362125926	1.85
52292.362630446776	1850	21.185819328622163	0.0	1036454	3989.5265604050555	1.85
52295.5418400763	1850	22.006609699104438	0.0	821631	3179.2096295177266	1.85
52304.96236053129	1850	16.586089244114884	0.0	923170	9420.520454989555	1.85
52312.35820532791	1850	13.190244447490517	0.0	966699	7395.844796624367	1.85
52316.88015797835	1850	12.6682917970587	0.0	885714	4521.952650431816	1.85
52321.24640353773	1850	12.302046237677889	0.0	987708	4366.245559380812	1.85
52324.64890536872	1850	12.899544406686966	0.0	923755	3402.5018309909224	1.85
52327.78489965001	1850	13.763550125398398	0.0	891604	3135.994281288567	1.85
52332.442855526875	1850	13.105594248537015	0.0	955231	4657.955876861383	1.85
52338.22077974692	1850	11.327670028489345	0.0	968026	5777.92422004767	1.85
52342.412910821775	1850	11.135538953632487	0.0	874175	4192.131074856858	1.85
52348.31297230796	1850	9.235477467437068	0.0	897976	5900.061486195421	1.85
52354.27487326327	1850	7.27357651212896	0.0	905935	5961.900955308108	1.85
52361.02614791608	750	4.522301859309926	0.0	425781	6751.274652819034	-0.3500000000000001
52363.943777461514	300	5.604672313881194	0.0	111155	2917.6295454287315	-0.15000000000000002
52365.68645183002	300	7.86199794537518	0.0	153605	1742.6743685060144	0.3
52366.77705897865	300	10.771390796746381	0.0	149029	1090.6071486287979	0.3
52367.489516897214	300	14.058932878187864	0.0	157421	712.4579185585169	0.3
52368.72998921655	750	16.818460558863322	0.0	400322	1240.4723193245454	0.3
52373.38337954782	1850	16.165070227589073	0.0	885062	4653.390331274246	0.75
52376.479838192456	1850	17.06861158295595	0.0	1035329	3096.4586446331273	1.85
52379.849361967434	1850	17.6990878079709	0.0	1026056	3369.523774985049	1.85
52387.98618912787	1850	13.562260647541581	0.0	943942	8136.827160429318	1.85
52392.151720085116	1850	13.396729690295523	0.0	728962	4165.530957246059	1.85
52397.056804836146	1850	12.491644939264306	0.0	938587	4905.084751031216	1.85
52399.99574050144	1850	13.552709273967015	0.0	908665	2938.935665297292	1.85
52402.21161416629	1850	15.336835609119877	0.0	930577	2215.873664847139	1.85
52404.018990516204	1850	17.529459259211478	0.0	858450	1807.3763499083993	1.85
52405.97941637829	1850	19.5690333971161	0.0	1025005	1960.425862095377	1.85
52407.50519612352	1850	22.043253651884694	0.0	886255	1525.7797452314094	1.85
52409.16579493251	1850	24.38265484290581	0.0	973972	1660.598808978879	1.85
52410.80208687336	1850	26.746362902051363	0.0	958994	1636.2919408544506	1.85
52413.537650291735	1850	28.010799483678273	0.0	982064	2735.5634183730854	1.85
52415.732503518266	1850	29.81594625713965	0.0	830730	2194.8532265386243	1.85
52417.1899408	1850	32.35850897540793	0.0	846370	1457.4372817317192	1.85

