50632.17568209183	750	4.0	3.6837208861072464	450283	3683.7208861072463	1	-15.089999810261158
50638.87908986933	300	4.0	2.7034077775018694	398865	6703.4077775018695	0	-10.874653443258039
50639.87578130651	300	7.003308562819716	0.0	139857	996.6914371802843	0	-0.15000000000000002
50640.973120188435	300	9.905969680896753	0.0	155432	1097.3388819229626	0	0.3
50641.92153637608	750	12.957553493254416	0.0	163442	948.4161876423364	1	0.3
50645.20531378708	750	13.673776082257373	0.0	318564	3283.777410997044	1	0.3
50649.475869292495	750	13.403220576842347	0.0	352642	4270.555505415024	1	0.75
50658.527277045425	300	8.351812823915454	0.0	437162	9051.407752926894	0	0.75
50659.69443765434	300	11.184652214998668	0.0	150710	1167.1606089167872	0	-0.15000000000000002
50661.6932204047	300	13.185869464636784	0.0	139105	1998.7827503618828	0	0.3
50662.489843387106	750	16.38924648223485	0.0	141840	796.622982401933	1	0.3
50664.751043701566	750	18.12804616777105	0.0	405134	2261.200314463798	1	0.3
50666.68052902417	750	20.198560845170828	0.0	386351	1929.4853226002194	1	0.75
50672.14764662702	750	18.731443242323838	0.0	434409	5467.11760284699	1	0.75
50674.305259286004	750	20.573830583341678	0.0	337059	2157.6126589821615	1	0.75
50686.00142989621	750	12.877659973128868	0.0	366214	11696.17061021281	1	0.75
50687.95484317059	750	14.924246698749517	0.0	360831	1953.4132743793505	1	0.75
50691.62320890405	750	15.255880965287025	0.0	372963	3668.365733462493	1	0.75
50693.160174823664	1850	17.718915045671814	0.0	405596	1536.9659196152134	3	0.75
50701.91656633983	1850	12.962523529511369	0.0	923755	8756.391516160444	3	0.75
50713.16244028312	300	5.716649586221534	0.0	891604	11245.873943289835	0	1.85
50713.72470378804	750	9.15438608130607	0.0	157812	562.2635049154649	1	-1.25
50715.41586582138	750	11.463224047962933	0.0	401853	1691.1620333431367	1	0.3
50717.00587214438	750	13.873217724958447	0.0	343800	1590.0063230044848	1	0.75
50718.492867425986	750	16.386222443352462	0.0	359903	1486.9952816059842	1	0.75
50726.872758732236	750	12.006331137102963	0.0	379700	8379.891306249498	1	0.75
50730.73170621519	750	12.147383654141523	0.0	425781	3858.94748296144	1	0.75
50731.82765269744	300	15.051437171901624	0.0	277716	1095.9464822398977	0	0.75
50732.46957372253	750	18.40951614680959	0.0	153605	641.9210250920346	1	-0.15000000000000002
50734.497238088305	750	20.381851781030132	0.0	400508	2027.66436577946	1	0.3
50739.47083082599	750	19.40825904334875	0.0	358218	4973.59273768138	1	0.75
50740.95160969304	1850	21.927480176294118	0.0	400322	1480.7788670546313	3	0.75
50751.07180213627	750	15.807287733060154	0.0	885062	10120.192443233964	1	0.75
50753.385390050775	750	17.49369981855905	0.0	412837	2313.587914501101	1	-0.3500000000000001
50754.92861206899	1850	19.950477800348672	0.0	401088	1543.2220182103786	3	0.75
50759.26631833477	1850	19.612771534569692	0.0	943942	4337.706265778978	3	0.75
50766.14769646343	1850	16.731393405907152	0.0	728962	6881.378128662542	3	1.85
50771.39286265733	1850	15.48622721200183	0.0	938587	5245.166193905318	3	1.85
50774.276975560315	1850	16.60211430902053	0.0	908665	2884.1129029813037	3	1.85
50779.90043489617	1850	14.978654973165412	0.0	930577	5623.459335855118	3	1.85
50783.13955914299	1850	15.739530726344137	0.0	858450	3239.124246821275	3	1.85
50786.378005923514	1850	16.501083945817008	0.0	1025005	3238.4467805271274	3	1.85
50791.96178374897	1850	14.917306120361769	0.0	886255	5583.7778254552395	3	1.85
50795.045504779395	1850	15.83358508993071	0.0	973972	3083.7210304310593	3	1.85
50798.71371925721	1850	16.165370612112376	0.0	958994	3668.2144778183315	3	1.85
50806.499287993036	1850	12.379801876291122	0.0	982064	7785.568735821256	3	1.85
50814.50102795843	750	8.3780619108967	0.0	830730	8001.739965394423	1	1.85
50818.00942428523	300	8.86966558410009	0.0	314107	3508.396326796608	0	-0.3500000000000001

