7487.012232021668	750	4.0	2.3574189033009527	450283	2357.418903300953	-9.386901284194096
7491.068183308658	1850	4.0	0.05595128699047928	957685	4055.9512869904793	0.5094094659409392
7494.134533867861	1850	4.933649440797437	0.0	877771	3066.3505592025635	1.85
7497.2651470067585	1850	5.8030363019001765	0.0	933276	3130.6131388972613	1.85
7503.201090929163	1850	4.0	0.13290762050439844	996749	5935.943922404575	1.2784972318310868
7504.011522463846	750	7.189568465316832	0.0	318564	810.4315346831679	-0.3500000000000001
7504.962945101547	750	10.238145827615485	0.0	352642	951.422637701347	0.75
7509.0676250389715	1850	10.13346589019165	0.0	1060487	4104.679937423834	0.75
7511.634472286902	1850	11.566618642261584	0.0	852833	2566.8472479300654	1.85
7516.362874764828	1850	10.838216164334982	0.0	913888	4728.402477926603	1.85
7519.197546955229	1850	12.003543973934335	0.0	939819	2834.6721904006477	1.85
7521.502586762071	1850	13.69850416709239	0.0	917428	2305.0398068419463	1.85
7523.273870001109	1850	15.92722092805486	0.0	946851	1771.2832390375306	1.85
7527.5690331853275	1850	15.632057743835386	0.0	1036454	4295.163184219474	1.85
7528.864772809057	1850	18.336318120105624	0.0	821631	1295.739623729762	1.85
7530.3278906509395	1850	20.873200278224317	0.0	923170	1463.1178418813076	1.85
7531.891974744042	1850	23.30911618512153	0.0	966699	1564.0840931027901	1.85
7533.481005529522	1850	25.720085399642272	0.0	885714	1589.030785479254	1.85
7535.15851950268	1850	28.04257142648488	0.0	987708	1677.5139731573952	1.85
7537.851119282808	1850	29.34997164635629	0.0	923755	2692.599780128589	1.85
7539.409402948635	1850	31.791687980529456	0.0	891604	1558.2836658268347	1.85
7542.424217047762	1850	32.77687388140182	0.0	955231	3014.814099127635	1.85
7543.909568358052	1850	35.291522571112516	0.0	968026	1485.3513102893062	1.85
7549.550316583359	4300	33.650774345805324	0.0	2044075	5640.748225307196	1.8499999999999996
7553.600399007904	4300	33.60069192125993	0.0	2186790	4050.0824245453873	4.3
7557.183343821048	4300	34.01774710811615	0.0	2105231	3582.9448131437844	4.3
7562.1956380034035	4300	33.005452925761055	0.0	2395588	5012.294182355089	4.3
7569.192297303105	4300	30.008793626059916	0.0	1972048	6996.659299701139	4.3
7573.954689668769	4300	29.246401260396066	0.0	2134614	4762.392365663853	4.3
7578.444699347781	4300	28.756391581384385	0.0	2164140	4490.009679011681	4.3
7582.057446646863	4300	29.14364428230172	0.0	2113193	3612.747299082663	4.3
7588.109736756972	4300	27.091354172193284	0.0	2147852	6052.2901101084335	4.3
7596.1141852093115	4300	23.086905719853775	0.0	2191074	8004.448452339512	4.3
7600.864520119495	4300	22.336570809670274	0.0	2286761	4750.334910183502	4.3
7609.772867155394	4300	17.428223773770828	0.0	2307787	8908.347035899447	4.3
7616.002206618667	4300	15.198884310498698	0.0	2143948	6229.339463272127	4.3
7619.275962508432	4300	15.925128420733886	0.0	1919781	3273.755889764813	4.3
7622.927867625732	4300	16.273223303433515	0.0	2147467	3651.9051173003713	4.3
7628.041926603172	4300	15.159164325993803	0.0	2133870	5114.058977439713	4.3
7637.001727459263	4300	10.199363469902945	0.0	2146120	8959.800856090858	4.3
7640.440922652473	1850	10.760168276693111	0.0	858450	3439.1951932098336	-0.6000000000000001
7644.698329796999	1850	10.50276113216735	0.0	1025005	4257.407144525762	1.85
7646.177680279845	1850	13.023410649320674	0.0	886255	1479.3504828466755	1.85
7648.905127072812	1850	14.295963856353676	0.0	973972	2727.4467929669995	1.85
7650.8292341335255	1850	16.371856795640394	0.0	958994	1924.1070607132817	1.85
7652.54453446451	1850	18.656556464656365	0.0	982064	1715.3003309840283	1.85
7653.997090653901	1850	21.20400027526561	0.0	830730	1452.5561893907548	1.85
7657.334765970647	1850	21.86632495851945	0.0	846370	3337.6753167461607	1.85

