39369.052240034136	750	4.0	2.53156505183997	450283	2531.5650518399702	-10.13572972291187
39373.622334875254	1850	4.0	0.5700948411194285	957685	4570.094841119429	-1.7014078168135427
39375.49120434273	1850	6.131130532525975	0.0	877771	1868.8694674740248	1.85
39378.042060374595	1850	7.580274500662527	0.0	933276	2550.8560318634486	1.85
39387.17668609307	1850	4.0	1.5543512178088221	996749	9134.625718471349	-4.833710236577934
39389.07297356531	750	6.103712527757746	0.0	318564	1896.2874722422537	-0.3500000000000001
39389.94092219136	750	9.235763901710094	0.0	352642	867.9486260476527	0.75
39390.96345613409	750	12.213229958974608	0.0	437162	1022.5339427354847	0.75
39392.54357562957	1850	14.633110463504394	0.0	852833	1580.1194954702153	0.75
39396.22379640594	1850	14.95288968713188	0.0	913888	3680.220776372514	1.85
39398.706975238114	1850	16.469710854961953	0.0	939819	2483.1788321699287	1.85
39417.19404962494	1850	4.0	2.017363531860796	917428	18487.074386822747	-6.824663187001422
39418.33356492911	300	6.860484695822765	0.0	160746	1139.5153041772348	-1.25
39419.41088230816	300	9.783167316774406	0.0	179801	1077.3173790483588	0.3
39419.79041761603	300	13.403632008907763	0.0	140051	379.5353078666423	0.3
39420.65366102904	750	16.54038859590054	0.0	366214	863.2434130072226	0.3
39422.81407675469	1850	18.37997287025563	0.0	966699	2160.4157256449125	0.75
39428.69331363839	1850	16.50073598655586	0.0	885714	5879.23688369977	1.85
39433.115198910506	1850	16.07885071444192	0.0	987708	4421.88527211394	1.85
39435.41436035141	1850	17.779689273538363	0.0	923755	2299.161440903558	1.85
39437.37400897914	1850	19.820040645801107	0.0	891604	1959.6486277372562	1.85
39443.37579524787	1850	17.818254377071877	0.0	955231	6001.786268729231	1.85
39454.97423714581	1850	10.219812479125086	0.0	968026	11598.441897946792	1.85
39456.362498424045	750	12.831551200888825	0.0	343800	1388.2612782362594	-0.3500000000000001
39457.117163787414	750	16.07688583752081	0.0	359903	754.6653633680171	0.75
39458.97479356869	1850	18.21925605624277	0.0	905935	1857.6297812780356	0.75
39461.143061118346	1850	20.050988506587437	0.0	1076599	2168.2675496553356	1.85
39462.5613902207	1850	22.632659404239178	0.0	758197	1418.3291023482593	1.85
39467.901157681576	1850	21.2928919433571	0.0	972798	5339.767460882079	1.85
39470.23113608808	1850	22.962913536856473	0.0	975811	2329.9784065006274	1.85
39472.76712151915	1850	24.426928105785976	0.0	873429	2535.9854310704936	1.85
39477.60561219454	1850	23.588437430396553	0.0	954453	4838.490675389423	1.85
39484.51518740591	1850	20.67886221902803	0.0	885062	6909.575211368521	1.85
39488.58598735902	1850	20.60806226591279	0.0	1035329	4070.7999531152427	1.85
39490.81586179273	1850	22.378187832205334	0.0	1026056	2229.8744337074518	1.85
39495.79526221478	1850	21.398787410163955	0.0	943942	4979.40042204138	1.85
39503.07798367839	1850	18.116065946547778	0.0	728962	7282.721463616178	1.85
39505.18442799918	1850	20.009621625764517	0.0	938587	2106.44432078326	1.85
39506.86275508238	1850	22.33129454255896	0.0	908665	1678.3270832055553	1.85
39510.67738340761	1850	22.516666217336383	0.0	930577	3814.6283252225776	1.85
39512.9698057776	1850	24.224243847351346	0.0	858450	2292.4223699850368	1.85
39532.43656104264	1850	8.757488582308149	0.0	1025005	19466.755265043197	1.85
39533.37437420774	300	11.819675417204682	0.0	145210	937.8131651034686	-1.25
39533.82290801306	300	15.37114161188293	0.0	172312	448.5338053217532	0.3
39534.756244968026	750	18.437804656918036	0.0	398987	933.3369549648912	0.3
39536.9508898416	1850	20.243159783343376	0.0	982064	2194.6448735746603	0.75
39542.713882313714	1850	18.480167311232602	0.0	830730	5762.992472110774	1.85
39546.78592663737	1850	18.408122987572273	0.0	846370	4072.0443236603287	1.85

