4727.821070674811	750	4.0	1.7227813724384984	450283	1722.7813724384985	-6.657959901485543
4728.109097979578	750	7.711972695232988	0.0	398865	288.02730476701305	0.75
4736.205623022985	4300	4.0	0.3845523481733926	2177073	8096.52504340638	-0.9035750971455885
4736.407362959812	300	7.798260063172682	0.0	155432	201.73993682731776	-3.7
4736.9987173753525	1200	11.206905647632778	0.0	652874	591.3544155399034	0.29999999999999993
4737.486246810927	1200	14.7193762120577	0.0	520315	487.5294355750801	1.2
4738.006261742537	1200	18.199361280446734	0.0	561791	520.0149316109662	1.2
4752.818935257286	2850	7.386687765698487	0.0	1638769	14812.673514748247	1.2000000000000002
4752.969805407691	300	11.235817615293216	0.0	150710	150.8701504052712	-2.25
4753.22040680253	750	14.985216220453587	0.0	362795	250.60139483962817	0.3
4753.586036409442	1200	18.619586613541863	0.0	607410	365.629606911723	0.75
4753.945396751905	1200	22.260226271079766	0.0	594078	359.3603424620973	1.2
4754.318960279444	1200	25.88666274354142	0.0	624282	373.56352753834193	1.2
4767.108616667566	4300	17.097006355418447	0.0	2275376	12789.656388122976	1.1999999999999997
4767.27649248336	300	20.929130539624403	0.0	140051	167.8758157940443	-3.7
4767.725358704135	1200	24.480264318849546	0.0	587876	448.8662207748577	0.29999999999999993
4768.192650792676	1200	28.012972230307888	0.0	617242	467.29208854165626	1.2
4768.637511962917	1200	31.568111060066148	0.0	581493	444.861170241742	1.2
4769.337255101248	1850	34.8683679217358	0.0	987708	699.7431383303506	1.2000000000000002
4774.694424509548	4300	33.51119851343456	0.0	2156729	5357.169408301241	1.8499999999999996
4777.884292781923	2850	34.32133024106038	0.0	1415116	3189.8682723741836	1.4000000000000001
4782.327737026352	2850	33.87788599663073	0.0	1468126	4443.44424442965	2.85
4783.051687489814	1850	37.15393553316869	0.0	968026	723.9504634620417	0.8500000000000001
4787.411448555108	4300	36.794174467874484	0.0	2044075	4359.761065294205	1.8499999999999996
4794.799970968842	4300	33.405652054141264	0.0	2186790	7388.522413733229	4.3
4795.866152496894	2850	36.33947052608935	0.0	1480464	1066.1815280519118	1.4000000000000001
4797.246423972383	4300	38.95919905059978	0.0	2395588	1380.2714754895712	2.8499999999999996
4813.082222330558	4300	27.123400692424624	0.0	1972048	15835.798358175158	4.3
4817.185749781885	300	27.019873241098285	0.0	153605	4103.527451326339	-3.7
4820.449835908243	300	27.7557871147405	0.0	149029	3264.086126357786	0.3
4821.098664274737	300	31.10695874824646	0.0	157421	648.8283664940378	0.3
4821.747734740446	300	34.457888282537226	0.0	157488	649.070465709232	0.3
4822.3476373849435	300	37.857985638039175	0.0	143881	599.9026444980572	0.3
4830.6686968966405	1200	33.53692612634215	0.0	670129	8321.05951169702	0.29999999999999993
4831.069489097729	1200	37.13613392525349	0.0	690253	400.79220108866417	1.2
4832.145879983303	4300	40.05974303968017	0.0	2143948	1076.390885573318	1.1999999999999997
4849.097782791815	4300	27.107840231167927	0.0	1919781	16951.902808512245	4.3
4849.26304922169	300	30.94257380129229	0.0	124011	165.26642987563508	-3.7
4849.603176086369	750	34.60244693661449	0.0	378327	340.12686467780594	0.3
4850.087128470839	1200	38.11849455214445	0.0	587506	483.95238447004596	0.75
4850.556915507169	1200	41.648707515815275	0.0	566904	469.7870363291727	1.2
4851.077959624034	1200	45.12766339894995	0.0	641452	521.0441168653253	1.2
4881.452184061359	4300	18.75343896162466	0.0	2121928	30374.224437325287	1.1999999999999997
4881.672817941465	300	22.53280508151878	0.0	172312	220.63388010587715	-3.7
4882.078454518846	750	26.127168504137032	0.0	398987	405.6365773817471	0.3
4882.479860947425	750	29.725762075558553	0.0	393804	401.4064285784789	0.75
4883.237868185576	1850	32.96775483740709	0.0	830730	758.0072381514656	0.75
4896.16317834329	2850	24.042444679692363	0.0	1364537	12925.310157714728	1.85

