77025.17306132	300	4.0	0.46714511776966045	181801	467.14511776966043	-1.70872400640954
77025.51787730423	300	7.655184015782108	0.0	155580	344.81598421789204	0.3
77026.08776753282	300	11.085293787175887	0.0	139857	569.8902286062196	0.3
77026.4358527731	300	14.737208546905094	0.0	155432	348.08524027079386	0.3
77027.22873499927	750	17.94432632074027	0.0	411561	792.8822261648253	0.3
77027.746869161	750	21.426192159018363	0.0	318564	518.134161721907	0.75
77028.5995234121	1200	24.57353790791682	0.0	561791	852.654251101543	0.75
77030.13805476768	1850	27.035006552327424	0.0	1060487	1538.5313555893956	1.2000000000000002
77038.47362856452	2850	22.699432755486892	0.0	1348011	8335.57379684053	1.85
77041.6038368673	1200	23.569224452701135	0.0	560821	3130.208302785758	-0.44999999999999996
77051.19336036821	1850	17.979700951790974	0.0	939819	9589.52350091016	1.2000000000000002
77052.48813693637	1200	20.684924383630428	0.0	594078	1294.776568160549	0.5499999999999999
77056.33391814039	1200	20.839143179619217	0.0	624282	3845.7812040112117	1.2
77061.62154210641	1200	19.551519213603118	0.0	687371	5287.623966016097	1.2
77062.42856059765	1200	22.744500722368265	0.0	526950	807.0184912348536	1.2
77063.94709302236	1850	25.22596829764483	0.0	923170	1518.532424723435	1.2000000000000002
77072.69634600697	2850	20.476715313035797	0.0	1491626	8749.252984609035	1.85
77073.94648807433	1200	23.226573245679155	0.0	581493	1250.142067356641	-0.44999999999999996
77075.58085399478	1850	25.59220732524182	0.0	987708	1634.3659204373355	1.2000000000000002
77078.23058271989	2850	26.942478600115113	0.0	1336050	2649.728725126707	1.85
77079.9642778842	2850	29.208783435808108	0.0	1415116	1733.6951643070017	2.85
77085.37271423184	4300	27.800347088170412	0.0	2176469	5408.436347637698	2.8499999999999996
77090.03235125914	2850	27.140710060857764	0.0	1505760	4659.6370273126495	1.4000000000000001
77100.55187039862	2850	20.621190921382684	0.0	1323990	10519.51913947508	2.85
77101.36243427884	1200	23.810627041149406	0.0	587236	810.5638802332793	-0.44999999999999996
77102.56548404967	1850	26.60757727032225	0.0	905935	1203.0497708271537	1.2000000000000002
77104.53699640413	2850	28.636064915872026	0.0	1547572	1971.5123544502233	1.85
77106.17349451645	2850	30.999566803552995	0.0	1141971	1636.4981123190305	2.85
77109.1997445898	4300	31.973316730188373	0.0	2134614	3026.250073364623	2.8499999999999996
77112.53179068067	4300	32.641270639313966	0.0	2164140	3332.0460908744058	4.3
77132.96506697127	4300	16.207994348713147	0.0	2113193	20433.27629060082	4.3
77133.64848234181	750	19.524578978178788	0.0	400322	683.4153705343601	-2.8
77134.6092862156	1200	22.56377510440622	0.0	584349	960.80387377257	0.75
77137.37137110387	1850	23.80169021612483	0.0	1035329	2762.0848882813866	1.2000000000000002
77138.9123072421	1850	26.260754077877195	0.0	1026056	1540.9361382476332	1.85
77146.48099753555	2850	22.692063784445615	0.0	1439896	7568.690293431581	1.85
77149.87666766673	1850	23.2963936532494	0.0	728962	3395.670131196212	0.8500000000000001
77153.17208231051	1850	24.00097900946575	0.0	938587	3295.414643783655	1.85
77154.70329571018	1850	26.46976560980904	0.0	908665	1531.213399656707	1.85
77156.8048156841	2850	28.36824563589167	0.0	1402287	2101.5199739173686	1.85
77161.66210246246	2850	27.51095885753123	0.0	1339500	4857.28677836044	2.85
77165.48413686981	4300	27.688924450175048	0.0	2184571	3822.034407356184	2.8499999999999996
77172.69244289173	2850	24.48061842826237	0.0	1343002	7208.3060219126755	1.4000000000000001
77177.13902188037	1850	24.034039439622582	0.0	973972	4446.578988639789	0.8500000000000001
77179.09785785063	1850	26.075203469365565	0.0	958994	1958.8359702570149	1.85
77187.51616020157	2850	21.65690111841007	0.0	1483527	8418.302350955497	1.85
77189.10508643204	1200	24.067974887946296	0.0	538612	1588.92623046377	-0.44999999999999996
77191.19413464746	1850	25.97892667252788	0.0	846370	2089.0482154184183	1.2000000000000002

