89913.28558810511	750	4.0	7.49325938324108	450283	7493.25938324108	-31.471015347936643
89914.90806265349	300	6.37752545162965	0.0	155580	1622.4745483703505	-0.15000000000000002
89915.8935974293	300	9.391990675800567	0.0	139857	985.5347758290833	0.3
89916.66908447316	300	12.616503631949383	0.0	155432	775.4870438511849	0.3
89918.90908127121	750	14.37650683389197	0.0	411561	2239.996798057412	0.3
89924.11674589793	1200	13.168842207169826	0.0	520315	5207.664626722144	0.75
89928.03016682429	1200	13.255421280812168	0.0	561791	3913.420926357658	1.2
89932.77543783757	1200	12.510150267544416	0.0	709534	4745.271013267752	1.2
89936.67255559863	1200	12.613032506480806	0.0	584846	3897.117761063612	1.2
89940.1567654542	1200	13.128822650902695	0.0	560821	3484.20985557811	1.2
89943.53878573443	1200	13.746802370670672	0.0	607410	3382.020280232024	1.2
89946.4430785222	1200	14.842509582897728	0.0	594078	2904.2927877729444	1.2
89949.37214220969	1850	15.913445895424763	0.0	946851	2929.0636874729644	1.2000000000000002
89954.89949851538	2850	14.386089589718646	0.0	1578343	5527.356305706119	1.85
89959.61700089616	2850	13.668587208936865	0.0	1231445	4717.502380781782	2.85
89964.51922365234	2850	12.766364452756523	0.0	1471065	4902.222756180342	2.85
89970.30984022352	2850	10.975747881576964	0.0	1491626	5790.6165711795575	2.85
89972.97125529812	1850	12.31433280697665	0.0	885714	2661.4150746003165	0.8500000000000001
89977.40993897518	2850	11.875649129909556	0.0	1537156	4438.6836770670925	1.85
89981.4426979943	2850	11.842890110798923	0.0	1336050	4032.7590191106347	2.85
89986.08803842407	2850	11.19754968101278	0.0	1415116	4645.3404297861425	2.85
89990.89585554376	2850	10.389732561324315	0.0	1468126	4807.817119688465	2.85
89996.4662118679	2850	8.819376237194597	0.0	1505760	5570.35632412972	2.85
90000.23614366155	2850	9.04944444355312	0.0	1323990	3769.931793641476	2.85
90004.89437126655	2850	8.391216838550685	0.0	1383735	4658.227605002437	2.85
90009.78199222694	2850	7.503595878158203	0.0	1480464	4887.620960392482	2.85
90014.69975616712	2850	6.585831937987214	0.0	1547572	4917.763940170989	2.85
90018.07219018768	2850	7.213397917424236	0.0	1141971	3372.4340205629774	2.85
90022.61136618901	2850	6.674221916090285	0.0	1498470	4539.176001333951	2.85
90026.30845858814	2850	6.977129516967849	0.0	1561263	3697.0923991224363	2.85
90029.94193069912	2850	7.343657405978928	0.0	1341201	3633.4721109889206	2.85
90033.53618370653	2850	7.749404398581908	0.0	1497683	3594.2530073970206	2.85
90037.79714779263	2850	7.48844031246169	0.0	1358081	4260.964086120218	2.85
90041.64628526369	2850	7.639302841405777	0.0	1587293	3849.1374710559135	2.85
90045.90849285401	2850	7.377095251081387	0.0	1492672	4262.2075903243895	2.85
90050.35024180694	2850	6.935346298161405	0.0	1439896	4441.748952919983	2.85
90054.12032281904	2850	7.165265286054369	0.0	1139291	3770.081012107036	2.85
90058.38912427041	2850	6.896463834689947	0.0	1499009	4268.801451364422	2.85
90062.93930210442	2850	6.346286000671933	0.0	1427478	4550.177834018014	2.85
90066.95294906563	2850	6.332639039471738	0.0	1402287	4013.6469612001943	2.85
90071.74621151548	2850	5.539376589627304	0.0	1339500	4793.262449844434	2.85
90075.08676329904	1850	6.1988248060520545	0.0	1025005	3340.5517835752494	0.8500000000000001
90078.10520101439	1850	7.180387090720155	0.0	886255	3018.4377153319006	1.85
90081.62708410124	1850	7.658504003860875	0.0	973972	3521.883086859279	1.85
90087.07749431489	1850	6.20809379022236	0.0	958994	5450.4102136385145	1.85
90089.57745680698	1200	7.708131298134693	0.0	638661	2499.9624920876677	0.5499999999999999
90092.66156047361	1850	8.624027631485143	0.0	830730	3084.1036666495497	1.2000000000000002
90097.56854470915	2850	7.717043395953888	0.0	1364537	4906.984235531256	1.85

