26323.769899722418	300	4.0	1.3543755221805773	181801	1354.3755221805773	-5.523814745376482
26324.36889575197	300	7.401003970451717	0.0	155580	598.9960295482824	0.3
26324.743245755366	300	11.02665396705387	0.0	139857	374.3500033978485	0.3
26325.154563538614	300	14.615336183807875	0.0	155432	411.3177832459951	0.3
26326.111844138428	750	17.65805558399249	0.0	411561	957.2805998153855	0.3
26326.804492807176	750	20.965406915244664	0.0	318564	692.648668747825	0.75
26327.919185496405	1200	23.85071422601447	0.0	561791	1114.6926892301924	0.75
26329.97967271454	1850	25.790227007882176	0.0	1060487	2060.4872181322976	1.2000000000000002
26332.31092904901	2850	27.45897067341101	0.0	1348011	2331.256334471168	1.85
26334.83586731872	2850	28.934032403702016	0.0	1429765	2524.938269708992	2.85
26337.396067960755	2850	30.373831761669287	0.0	1354548	2560.200642032728	2.85
26341.4743125577	4300	30.295587164723468	0.0	2102452	4078.2445969458217	2.8499999999999996
26346.80346719123	4300	28.966432531196777	0.0	2209463	5329.154633526691	4.3
26351.753689608064	4300	28.016210114360316	0.0	2275376	4950.222416836459	4.3
26354.493523806217	2850	29.27637591620702	0.0	1231445	2739.834198153296	1.4000000000000001
26358.910440201664	4300	28.859459520763053	0.0	2152483	4416.916395443969	2.8499999999999996
26364.19024251326	4300	27.579657209163944	0.0	2289689	5279.802311599108	4.3
26367.953462646794	2850	27.81643707563287	0.0	1358801	3763.220133531076	1.4000000000000001
26374.008775136645	4300	25.761124585781513	0.0	2220726	6055.312489851355	2.8499999999999996
26377.82177275592	2850	25.9481269665055	0.0	1336050	3812.997619276012	1.4000000000000001
26381.28251251018	2850	26.487387212246446	0.0	1415116	3460.739754259055	2.85
26384.857469472725	2850	26.912430249702346	0.0	1468126	3574.956962544101	2.85
26388.315388387997	2850	27.4545113344309	0.0	1505760	3457.9189152714457	2.85
26391.292128590394	2850	28.477771132033215	0.0	1323990	2976.740202397684	2.85
26394.208339928493	2850	29.56155979393518	0.0	1383735	2916.211338098034	2.85
26398.68054870964	4300	29.089351012791532	0.0	2105231	4472.208781143651	2.8499999999999996
26410.44001018054	4300	21.32988954188901	0.0	2395588	11759.461470902523	4.3
26411.59133177575	1200	24.17856794667904	0.0	487160	1151.3215952099724	-1.9000000000000001
26415.35112212988	1850	24.418777592549468	0.0	972798	3759.79035412957	1.2000000000000002
26418.510835525034	1850	25.259064197394203	0.0	975811	3159.713395155263	1.85
26425.28870349864	2850	22.48119622378859	0.0	1341201	6777.8679736056165	1.85
26437.61226398287	1850	14.157635739557406	0.0	954453	12323.560484231182	0.8500000000000001
26439.904746111955	750	15.865153610475954	0.0	369834	2292.4821290814516	-0.3500000000000001
26443.651448161792	750	16.118451560638015	0.0	412837	3746.702049837941	0.75
26448.09545882937	750	15.674440893057362	0.0	401088	4444.010667580652	0.75
26452.583538522045	750	15.186361200383294	0.0	365161	4488.0796926740695	0.75
26454.431827714856	750	17.338072007572613	0.0	321064	1848.2891928106778	0.75
26455.6211354171	750	20.14876430532761	0.0	361565	1189.307702245003	0.75
26457.638015302673	1200	22.13188441975601	0.0	605884	2016.8798855715995	0.75
26459.8323706965	1200	23.937529025930132	0.0	587506	2194.3553938258765	1.2
26461.802909241494	1850	25.966990480936232	0.0	858450	1970.5385449939008	1.2000000000000002
26467.265249304466	2850	24.504650417964314	0.0	1527299	5462.340062971919	1.85
26472.90535097649	1850	22.86454874594086	0.0	886255	5640.101672023456	0.8500000000000001
26487.882249168997	1850	11.887650553433025	0.0	973972	14976.898192507833	1.85
26488.44148200051	300	15.328417721916933	0.0	167025	559.2328315160897	-1.25
26491.97562841406	750	15.79427130836772	0.0	393804	3534.1464135492133	0.3
26498.981705670398	750	12.788194052029707	0.0	331053	7006.077256338013	0.75
26503.815602547023	300	11.954297175403614	0.0	118421	4833.896876626093	-0.15000000000000002

