29261.874376233944	300	4.0	0.830401278185472	181801	830.401278185472	-3.27072549619753
29262.301380838904	300	7.572995395036738	0.0	155580	427.00460496326224	0.3
29262.636609709265	300	11.23776652467626	0.0	139857	335.2288703604771	0.3
29263.00026182377	300	14.87411441017452	0.0	155432	363.65211450173877	0.3
29263.81478037545	750	18.059595858492283	0.0	411561	814.5185516822379	0.3
29264.36701389968	750	21.507362334261696	0.0	318564	552.2335242305898	0.75
29265.90054478223	1200	23.973831451709543	0.0	561791	1533.5308825521538	0.75
29267.76542164439	1850	26.108954589549242	0.0	1060487	1864.8768621603015	1.2000000000000002
29270.054090855258	2850	27.82028537868542	0.0	1348011	2288.6692108638217	1.85
29272.86899224553	2850	29.005383988412813	0.0	1429765	2814.9013902726037	2.85
29275.0038211257	2850	30.87055510824172	0.0	1354548	2134.8288801710933	2.85
29278.131917853832	4300	31.74245838011055	0.0	2102452	3128.096728131173	2.8499999999999996
29283.436282807575	4300	30.43809342637062	0.0	2209463	5304.364953739924	4.3
29289.607176834415	4300	28.267199399528028	0.0	2275376	6170.894026842593	4.3
29291.36227545107	2850	30.51210078287407	0.0	1231445	1755.0986166539547	1.4000000000000001
29297.973241006992	4300	27.901135226949567	0.0	2152483	6610.965555924508	2.8499999999999996
29300.51787762907	2850	29.35649860487198	0.0	1491626	2544.6366220775867	1.4000000000000001
29303.347578823385	4300	30.526797410558665	0.0	2059512	2829.7011943133148	2.8499999999999996
29307.256845068612	4300	30.617531165330764	0.0	2220726	3909.266245227899	4.3
29311.088998053183	4300	30.785378180761676	0.0	2156729	3832.1529845690884	4.3
29318.244335874104	4300	27.63004035984142	0.0	2039773	7155.337820920255	4.3
29322.951760671363	2850	26.92261556258344	0.0	1468126	4707.42479725798	1.4000000000000001
29326.080403033837	2850	27.79397320010884	0.0	1505760	3128.642362474598	2.85
29329.71523015322	2850	28.15914608072784	0.0	1323990	3634.8271193810015	2.85
29333.176416303064	2850	28.697959930881836	0.0	1383735	3461.186149846006	2.85
29338.255142671576	4300	27.61923356236899	0.0	2105231	5078.726368512846	2.8499999999999996
29344.29090708748	2850	25.58346914646488	0.0	1547572	6035.764415904113	1.4000000000000001
29346.014015573684	2850	27.860360660262423	0.0	1141971	1723.108486202456	2.85
29349.496139417384	4300	28.37823681656139	0.0	2134614	3482.123843701033	2.8499999999999996
29357.233858122476	4300	24.640518111469348	0.0	2164140	7737.718705092044	4.3
29362.285839210985	1850	23.588537022962313	0.0	873429	5051.981088507031	-0.6000000000000001
29364.316536609003	1850	25.557839624941245	0.0	954453	2030.697398021073	1.85
29366.70697677011	2850	27.167399463835665	0.0	1358081	2390.4401611055796	1.85
29370.53295991732	2850	27.341416316622844	0.0	1587293	3825.9831472128203	2.85
29374.15527406425	2850	27.71910216969616	0.0	1492672	3622.31414692668	2.85
29377.307640370153	2850	28.566735863793607	0.0	1439896	3152.3663059025534	2.85
29379.289437068346	2850	30.584939165600957	0.0	1139291	1981.7966981926502	2.85
29383.067910989732	4300	30.806465244216138	0.0	2147467	3778.47392138482	2.8499999999999996
29386.593654960263	4300	31.28072127368516	0.0	2133870	3525.7439705309794	4.3
29391.729814278486	4300	30.144561955462464	0.0	2146120	5136.159318222692	4.3
29400.48044664327	4300	25.393929590678216	0.0	2108491	8750.632364784247	4.3
29402.87730174198	2850	26.997074491967076	0.0	1527299	2396.8550987111425	1.4000000000000001
29406.921550244308	2850	26.952825989639923	0.0	1343002	4044.2485023271547	2.85
29414.78257389863	4300	23.091802335320914	0.0	2219102	7861.023654319008	2.8499999999999996
29416.72178236935	1850	25.15259386460019	0.0	958994	1939.2084707207255	-0.6000000000000001
29429.2200752664	2850	16.654300967549606	0.0	1483527	12498.29289705058	1.85
29430.271935713878	750	19.602440520072918	0.0	331053	1051.8604474766921	-1.35
29431.180002321325	750	22.694373912622943	0.0	314107	908.0666074499724	0.75

