64291.64377684607	300	4.0	12.362346157793583	450283	12362.346157793583	0	-52.408088478512404
64295.9026431463	300	4.0	0.25886630023295126	155580	4258.866300232951	0	-1.2631250910016902
64297.05471438622	300	6.847928760081545	0.0	139857	1152.0712399184547	0	0.3
64303.35459303378	300	4.548050112521912	0.0	155432	6299.8786475596335	0	0.3
64304.585322116094	300	7.3173210302094684	0.0	163442	1230.7290823124433	0	0.3
64307.676902552485	300	8.225740593817966	0.0	126289	3091.580436391504	0	0.3
64308.018086066324	1850	11.884557079984766	0.0	153295	341.18351383319987	3	0.3
64309.760342548536	1850	14.142300597768397	0.0	1060487	1742.2564822163688	3	0.30000000000000004
64312.30683725493	1850	15.595805891371628	0.0	852833	2546.4947063967697	3	1.85
64320.42371996335	750	11.478923182954302	0.0	913888	8116.882708417324	1	1.85
64324.1315098352	750	11.771133311108322	0.0	353220	3707.789871845981	1	-0.3500000000000001
64324.844856368334	1850	15.057786777974819	0.0	405134	713.346533133503	3	0.75
64329.42343638352	1850	14.479206762787303	0.0	946851	4578.580015187515	3	0.75
64333.11659263612	1850	14.786050510185069	0.0	1036454	3693.1562526022353	3	1.85
64355.94858197709	300	4.0	8.045938830786406	821631	22831.989340971475	0	-32.747536972381546
64357.521474255846	300	6.427107721246812	0.0	138313	1572.8922787531885	0	-1.25
64357.93164453293	1850	10.016937444161163	0.0	143509	410.17027708564837	3	0.3
64362.91596111197	750	9.032620865128392	0.0	885714	4984.31657903277	1	0.30000000000000004
64364.030342470636	1850	11.918239506457263	0.0	405596	1114.3813586711292	3	-0.3500000000000001
64370.85025612137	750	9.098325855726896	0.0	923755	6819.913650730367	1	0.75
64371.6082544328	1850	12.34032754428868	0.0	386472	757.9983114382162	3	-0.3500000000000001
64373.24192365551	1850	14.706658321582932	0.0	955231	1633.6692227057476	3	0.75
64374.640059975194	1850	17.30852200189771	0.0	968026	1398.1363196852244	3	1.85
64379.9152318127	1850	16.033350164387787	0.0	874175	5275.171837509923	3	1.85
64389.51532369116	750	10.433258285928687	0.0	897976	9600.0918784591	1	1.85
64390.341687587395	1850	13.606894389694892	0.0	379700	826.3638962337961	3	-0.3500000000000001
64421.27194362706	300	4.0	17.323361649978423	1076599	30930.256039673313	0	-73.74045509490722
64425.819610250925	300	4.0	0.5476666238639546	111155	4547.666623863955	0	-3.604966482615005
64427.67329693914	300	6.146313311793417	0.0	153605	1853.6866882065833	0	0.3
64429.67105066364	300	8.14855958729133	0.0	149029	1997.7537245020865	0	0.3
64430.04656719737	1850	11.773043053549472	0.0	157421	375.51653374185764	3	0.3
64437.52819097541	750	8.291419275509185	0.0	954453	7481.623778040288	1	0.30000000000000004
64450.75409009951	300	4.0	4.934479848587865	369834	13225.89912409705	0	-21.56826334892782
64452.412457285085	300	6.341632814418668	0.0	163444	1658.3671855813323	0	-0.15000000000000002
64454.87317941356	300	7.880910685943396	0.0	179328	2460.7221284752727	0	0.3
64460.1587150225	300	6.595375076994478	0.0	159914	5285.535608948918	0	0.3
64461.58150933286	300	9.172580766637887	0.0	131610	1422.7943103565904	0	0.3
64464.058973645195	300	10.695116454300496	0.0	124011	2477.4643123373917	0	0.3
64464.38475313314	1850	14.369336966355721	0.0	144254	325.77948794477584	3	0.3
64465.93468168258	1850	16.819408416919394	0.0	930577	1549.9285494363226	3	0.30000000000000004
64468.474502819394	1850	18.27958728010046	0.0	858450	2539.8211368189327	3	1.85
64477.461125450805	1850	13.292964648695575	0.0	1025005	8986.622631404887	3	1.85
64481.30735484588	1850	13.446735253619032	0.0	886255	3846.229395076543	3	1.85
64488.06376277595	750	10.690327323547688	0.0	973972	6756.407930071343	1	1.85
64488.702086680554	1850	14.052003418942464	0.0	398987	638.3239046052239	3	-0.3500000000000001
64491.450066854486	1850	15.304023245012802	0.0	982064	2747.9801739296627	3	0.75
64514.644963621715	300	4.0	7.890873522218644	830730	23194.896767231447	0	-32.08075614554017
64514.9974140909	750	7.64754953081159	0.0	118421	352.45046918841024	1	-1.25

