39540.512793971255	300	4.0	2.3285977156683004	450283	2328.5977156683	0	-9.262970177373692
39541.10653816814	750	7.406255803118879	0.0	155580	593.7441968811207	1	-0.15000000000000002
39544.34687638439	750	8.165917586868012	0.0	350812	3240.3382162508674	1	0.3
39545.717161463734	750	10.79563250753242	0.0	382355	1370.285079335592	1	0.75
39547.42934084165	750	13.083453129611273	0.0	411561	1712.1793779211466	1	0.75
39548.94167108804	750	15.571122883220063	0.0	318564	1512.3302463912098	1	0.75
39550.54192199177	750	17.970871979491353	0.0	352642	1600.2509037287116	1	0.75
39551.78345950279	1850	20.729334468467517	0.0	437162	1241.5375110238333	3	0.75
39554.16214110561	1850	22.350652865638985	0.0	852833	2378.6816028285334	3	0.75
39559.063466848136	1850	21.44932712312018	0.0	913888	4901.325742518808	3	1.85
39563.99379447806	1850	20.518999493195455	0.0	939819	4930.327629924725	3	1.85
39569.85723079062	1850	18.65556318062846	0.0	917428	5863.436312566993	3	1.85
39572.89034495322	1850	19.622449018029293	0.0	946851	3033.1141625991677	3	1.85
39581.326927369264	1850	15.185866601986877	0.0	1036454	8436.582416042414	3	1.85
39583.669900012246	1850	16.842893959008876	0.0	821631	2342.972642978001	3	1.85
39588.079328183594	1850	16.433465787667583	0.0	923170	4409.428171341296	3	1.85
39590.99066961584	1850	17.522124355413055	0.0	966699	2911.341432254526	3	1.85
39596.34757873487	1850	16.165215236377907	0.0	885714	5356.909119035148	3	1.85
39599.58984085094	1850	16.92295312030994	0.0	987708	3242.26211606797	3	1.85
39610.26425522262	750	10.248538748635884	0.0	923755	10674.414371674056	1	1.85
39620.07216695075	300	4.4406270205087806	0.0	386472	9807.911728127103	0	-0.3500000000000001
39620.77264276161	750	7.740151209644462	0.0	157812	700.4758108643177	1	-0.15000000000000002
39632.58532024112	300	4.0	4.072526269864915	401853	11812.677479509377	0	-17.211862960419133
39634.990747871925	300	5.5945723691938385	0.0	137654	2405.427630806162	0	-0.15000000000000002
39636.11862044625	300	8.466699794872682	0.0	146754	1127.8725743211571	0	0.3
39636.67528105685	750	11.910039184272616	0.0	153938	556.6606106000654	1	0.3
39642.0557983308	300	10.529521910318726	0.0	425781	5380.51727395389	0	0.3
39642.47232339316	750	14.112996847964387	0.0	111155	416.5250623543391	1	-0.15000000000000002
39643.7645341697	1850	16.820786071423267	0.0	400396	1292.210776541118	3	0.3
39647.256386908804	1850	17.328933332313092	0.0	975811	3491.8527391101766	3	0.75
39649.73253872827	1850	18.852781512856616	0.0	873429	2476.1518194564756	3	1.85
39652.24047915313	1850	20.344841087999622	0.0	954453	2507.9404248569895	3	1.85
39655.001101800284	1850	21.584218440839678	0.0	885062	2760.6226471599434	3	1.85
39657.63134678825	1850	22.95397345287246	0.0	1035329	2630.2449879672167	3	1.85
39660.35925005442	1850	24.226070186700525	0.0	1026056	2727.903266171934	3	1.85
39664.266716274054	1850	24.318603967068977	0.0	943942	3907.4662196315485	3	1.85
39667.29773240954	1850	25.28758783157848	0.0	728962	3031.016135490499	3	1.85
39673.63238631028	1850	22.95293393084136	0.0	938587	6334.653900737119	3	1.85
39679.686244505894	1850	20.899075735223956	0.0	908665	6053.858195617405	3	1.85
39682.02980595713	1850	22.555514283987016	0.0	930577	2343.5614512369375	3	1.85
39688.20313018658	1850	20.3821900545347	0.0	858450	6173.324229452316	3	1.85
39697.436519774485	1850	15.148800466635567	0.0	1025005	9233.389587899135	3	1.85
39703.01856121273	1850	13.56675902838515	0.0	886255	5582.041438250417	3	1.85
39720.26581921353	300	4.0	3.680498972407109	973972	17247.25800079226	0	-13.976145581350568
39721.24759761407	300	7.01822159945537	0.0	167025	981.7784005446305	0	-1.25
39724.95778855461	300	7.308030658921578	0.0	160064	3710.190940533792	0	0.3
39726.893681359696	300	9.372137853838682	0.0	137507	1935.892805082896	0	0.3
39729.794189403714	300	10.4716298098178	0.0	118421	2900.5080440208794	0	0.3

