45259.47135538532	750	4.0	2.449160651051174	450283	2449.1606510511738	-9.781390799520047
45261.296342507914	750	6.175012877403898	0.0	398865	1824.9871225961024	0.75
45262.187445862495	750	9.283909522819856	0.0	350812	891.1033545840404	0.75
45265.66984883382	1850	9.801506551490304	0.0	933276	3482.402971329553	0.75
45268.32711916142	1850	11.144236223889546	0.0	996749	2657.270327600758	1.85
45273.431155967366	1850	10.040199417939832	0.0	801058	5104.036805949714	1.85
45274.20848058219	750	13.262874803125134	0.0	352642	777.3246148146975	-0.3500000000000001
45278.678157428294	1200	12.79319795701296	0.0	709534	4469.676846112174	0.75
45280.583023513296	1200	14.88833187201189	0.0	584846	1904.8660850010713	1.2
45282.15901220537	1200	17.312343179934498	0.0	560821	1575.9886920773938	1.2
45285.38214929112	1200	18.089206094183226	0.0	607410	3223.1370857512757	1.2
45286.70017456192	1200	20.77118082338287	0.0	594078	1318.0252708003534	1.2
45288.43845613147	1850	23.032899253827196	0.0	946851	1738.2815695556742	1.2000000000000002
45294.1884457573	4300	21.28290962800259	0.0	2275376	5749.989625824608	1.8499999999999996
45298.29110129727	4300	21.18025408803896	0.0	2005399	4102.655539963627	4.3
45302.65033978933	4300	20.821015595976334	0.0	2152483	4359.238492062628	4.3
45308.8776726275	4300	18.593682757808242	0.0	2289689	6227.332838168092	4.3
45312.427618316106	4300	19.04373706920475	0.0	2059512	3549.9456886034955	4.3
45315.94315794006	4300	19.52819744525502	0.0	2220726	3515.53962394973	4.3
45320.3276917144	4300	19.143663670911504	0.0	2156729	4384.533774343516	4.3
45325.055106646236	4300	18.41624873908196	0.0	2039773	4727.414931829543	4.3
45335.65697153785	4300	11.814383847463864	0.0	2176469	10601.8648916181	4.3
45340.09137380779	1850	11.379981577524852	0.0	968026	4434.402269939012	-0.6000000000000001
45342.76531678482	1200	12.70603860048834	0.0	536667	2673.942977036511	0.5499999999999999
45351.19772973403	1200	8.273625651280438	0.0	587236	8432.412949207901	1.2
45351.55621536956	300	11.915140015744477	0.0	153938	358.4856355359633	-0.6000000000000001
45352.4064858186	750	15.064869566705656	0.0	425781	850.2704490388207	0.3
45353.34815989985	1200	18.12319548546322	0.0	487160	941.674081242435	0.75
45354.37454812138	1200	21.096807263932053	0.0	622896	1026.3882215311692	1.2
45356.90414359854	2850	22.567211786770663	0.0	1561263	2529.5954771613915	1.2000000000000002
45364.74228634462	4300	18.729069040694892	0.0	2113193	7838.142746075769	2.8499999999999996
45371.842949562626	1850	15.628405822684886	0.0	954453	7100.663218010007	-0.6000000000000001
45372.71317623552	750	18.758179149786336	0.0	369834	870.2266728985488	-0.3500000000000001
45374.18623282644	1200	21.28512255886383	0.0	670129	1473.056590922507	0.75
45378.93705871135	2850	20.534296673957915	0.0	1492672	4750.825884905917	1.2000000000000002
45381.83748839407	2850	21.63386699123239	0.0	1439896	2900.42968272552	2.85
45385.31394486311	2850	22.157410522199335	0.0	1139291	3476.4564690330585	2.85
45390.346595559015	2850	21.12475982629704	0.0	1499009	5032.650695902294	2.85
45397.84171008287	2850	17.62964530244501	0.0	1427478	7495.114523852032	2.85
45409.37643832103	1850	10.094917064277485	0.0	930577	11534.728238167523	0.8500000000000001
45416.56031644367	300	6.911038941641124	0.0	147968	7183.878122636363	-1.25
45417.10998337651	300	10.361372008800263	0.0	161857	549.6669328408598	0.3
45418.26970052215	750	13.201654863162114	0.0	372093	1159.7171456381498	0.3
45420.172140126415	750	15.299215258896682	0.0	438281	1902.4396042654312	0.75
45428.77877088981	750	10.692584495499544	0.0	398987	8606.630763397137	0.75
45429.18155916959	300	14.289796215717454	0.0	160064	402.7882797820917	-0.15000000000000002
45430.900127917565	1850	16.57122746774433	0.0	830730	1718.5687479731241	0.30000000000000004
45433.165645500856	2850	18.30570988445659	0.0	1364537	2265.517583287737	1.85

