26229.782380175304	300	4.0	0.28767060367880365	181801	287.6706036788037	-0.9369835958188555
26230.111209984036	300	7.671170191268149	0.0	155580	328.8298087318509	0.3
26230.34274365451	300	11.43963652079285	0.0	139857	231.53367047529952	0.3
26230.538149920354	300	15.244230254946403	0.0	155432	195.40626584644542	0.3
26230.753311194374	300	19.029068980924954	0.0	163442	215.16127402145133	0.3
26231.046336434712	300	22.7360437405878	0.0	126289	293.0252403371521	0.3
26231.371220944155	300	26.411159231142477	0.0	153295	324.8845094453243	0.3
26231.728939898345	300	30.05344027695245	0.0	173849	357.718954190027	0.3
26232.04969494201	300	33.732685233288244	0.0	150710	320.7550436642084	0.3
26232.351911320147	300	37.43046885515202	0.0	139105	302.21637813621993	0.3
26232.658496784905	300	41.12388339039632	0.0	141840	306.58546475569847	0.3
26233.385687109763	750	44.39669306553496	0.0	405134	727.1903248613589	0.3
26234.082872113246	750	47.69950806205337	0.0	386351	697.1850034815909	0.75
26234.856828438395	750	50.92555173690491	0.0	434409	773.9563251484647	0.75
26235.475270839444	750	54.30710933585378	0.0	337059	618.4424010511208	0.75
26236.140287544113	750	57.64209263118625	0.0	366214	665.0167046675363	0.75
26238.13153819032	750	59.650841984978136	0.0	360831	1991.2506462081162	0.75
26242.732536154093	750	59.049844021202595	0.0	372963	4600.997963775538	0.75
26253.31364930962	750	52.468730865679134	0.0	405596	10581.113155523459	0.75
26255.912898216604	750	53.8694819586934	0.0	350713	2599.2489069857384	0.75
26257.99550858845	750	55.786871586845976	0.0	386472	2082.610371847421	0.75
26260.20073413564	750	57.58164603965766	0.0	399894	2205.225547188311	0.75
26262.466571040844	750	59.31580913445543	0.0	401853	2265.8369052022367	0.75
26265.2481675783	750	59.9604416270395	0.0	343800	1855.3675074159275	0.75
26268.669160644575	750	59.92305960892109	0.0	359903	2537.3820181184024	0.75
26272.645142168854	750	59.947078084645185	0.0	379700	3975.9815242759105	0.75
26275.569065503925	750	59.82991282732596	0.0	425781	2117.165257319216	0.75
26279.609506239067	750	59.78947209218375	0.0	277716	3540.440735142209	0.75
26281.977655336825	750	59.70349686200256	0.0	400396	1585.9752301811861	0.75
26284.30883942998	750	59.888491785461284	0.0	400508	1815.0050765412757	0.75
26286.185807587724	750	59.66859717864878	0.0	358218	1219.8946068125051	0.75
26290.298208400876	750	59.55619636549607	0.0	400322	4112.40081315271	0.75
26296.157710067037	750	57.69669469933305	0.0	369834	5859.50166616302	0.75
26303.290955808683	750	54.56344895768713	0.0	412837	7133.245741645921	0.75
26306.67822673429	750	55.17617803208428	0.0	401088	3387.27092560285	0.75
26308.214856703933	300	57.639548062440035	0.0	159914	1536.629969644244	-0.15000000000000002
26311.461502833823	750	58.39290193255034	0.0	321064	3246.6461298896943	0.3
26314.951487868744	750	58.902916897629375	0.0	361565	3489.985034920969	0.75
26317.85441041648	750	59.99999434989232	0.0	378327	2402.922547737059	0.75
26321.6090918647	750	59.67499185187679	0.0	390680	1825.0024980155304	0.75
26334.048449805796	750	51.23563391077849	0.0	345516	12439.357941098302	0.75
26336.508513247463	750	52.77557046911182	0.0	384505	2460.0634416666676	0.75
26338.095950437833	750	55.18813327874324	0.0	372093	1587.4371903685833	0.75
26339.90300544914	750	57.38107826743506	0.0	438281	1807.0550113081842	0.75
26341.544464681345	750	59.73961903523106	0.0	398987	1641.4592322039953	0.75
26344.66947988319	750	59.61913735403418	0.0	393804	1620.4816811968774	0.75
26348.456152124676	750	59.832465112548135	0.0	331053	2786.6722414860483	0.75
26351.960511662022	750	59.895388141940735	0.0	314107	2437.0769706073975	0.75

