66854.21412677916	750	4.0	1.9258447272451578	450283	1925.8447272451579	-7.531132327154179
66855.39005710592	750	6.824069673241949	0.0	398865	1175.9303267580503	0.75
66857.76389851634	1850	8.450228262810677	0.0	877771	2373.8414104312733	0.75
66860.60473122519	1850	9.609395553969776	0.0	933276	2840.8327088409	1.85
66862.99568431274	1850	11.218442466418429	0.0	996749	2390.9530875513487	1.85
66864.99624825847	1850	13.217878520683703	0.0	801058	2000.5639457347243	1.85
66867.15130085571	1850	15.062825923446017	0.0	905515	2155.052597237688	1.85
66879.57396957128	4300	6.640157207869525	0.0	2290172	12422.668715576492	1.8499999999999996
66882.0158604879	750	8.198266291255232	0.0	374758	2441.8909166142935	-2.8
66884.27907865855	750	9.935048120605945	0.0	362795	2263.218170649287	0.75
66887.15036544602	750	11.063761333131488	0.0	353220	2871.286787474457	0.75
66888.94540895807	750	13.268717821087138	0.0	405134	1795.0435120443487	0.75
66889.96958299504	750	16.24454378412582	0.0	386351	1024.174036961318	0.75
66892.66845770433	1850	17.545669074822303	0.0	1036454	2698.874709303516	0.75
66895.02785981527	1850	19.186266963895687	0.0	821631	2359.402110926618	1.85
66897.71279920754	1850	20.501327571609643	0.0	923170	2684.9393922860445	1.85
66902.9956606109	2850	19.218466168249492	0.0	1491626	5282.86140336015	1.85
66906.36672170371	2850	19.847405075447565	0.0	1358801	3371.061092801927	2.85
66914.48352612459	4300	15.7306006545703	0.0	2220726	8116.804420877267	2.8499999999999996
66925.66389879237	4300	8.550227986795496	0.0	2156729	11180.372667774802	4.3
66927.1369937739	1200	11.07713300526848	0.0	601738	1473.0949815270158	-1.9000000000000001
66935.64670308522	2850	6.567423693932194	0.0	1468126	8509.709311336286	1.2000000000000002
66937.97273250436	750	8.24139427479778	0.0	401853	2326.029419134415	-1.35
66938.82504419789	750	11.389082581266134	0.0	343800	852.3116935316466	0.75
66942.45625675464	1850	11.757870024523797	0.0	897976	3631.2125567423373	0.75
66943.8757159599	1200	14.33841081925159	0.0	590335	1419.4592052722057	0.5499999999999999
66945.66957980923	1200	16.544546969928696	0.0	696376	1793.8638493228952	1.2
66948.7205054658	2850	17.493621313353064	0.0	1141971	3050.9256565756336	1.2000000000000002
66960.25786900066	2850	9.956257778487299	0.0	1498470	11537.363534865763	2.85
66961.29857206774	750	12.915554711406575	0.0	400508	1040.7030670807262	-1.35
66962.74860314748	1200	15.465523631674518	0.0	570392	1450.0310797320565	0.75
66964.32470061211	1200	17.889426167044924	0.0	620283	1576.097464629594	1.2
66965.74894704275	1200	20.46517973639263	0.0	584349	1424.2464306522925	1.2
66968.19147515288	1850	22.02265162626067	0.0	1035329	2442.528110131961	1.2000000000000002
66971.55594509696	1850	22.658181682187067	0.0	1026056	3364.4699440736053	1.85
66981.38549773555	2850	16.828629043602486	0.0	1439896	9829.552638584582	1.85
66984.85086655588	1200	17.36326022327086	0.0	487812	3465.368820331629	-0.44999999999999996
66986.31304616065	1200	19.90108061849152	0.0	575591	1462.1796047793373	1.2
66988.48605410493	1850	21.728072674219952	0.0	908665	2173.0079442715673	1.2000000000000002
66991.82006763732	2850	22.39405914183029	0.0	1402287	3334.013532389662	1.85
66995.10275460525	2850	23.11137217390157	0.0	1339500	3282.6869679287197	2.85
66998.89466272674	2850	23.319464052409348	0.0	1527299	3791.9081214922244	2.85
67003.70963492003	2850	22.504491859121558	0.0	1343002	4814.972193287791	2.85
67008.84301322534	2850	21.371113553797397	0.0	1587250	5133.3783053241605	2.85
67015.66221178848	2850	18.5519149906578	0.0	1464921	6819.198563139597	2.85
67019.09679822218	2850	19.117328556957094	0.0	1483527	3434.586433700702	2.85
67023.7045996547	4300	18.509527124445633	0.0	1961140	4607.801432511461	2.8499999999999996
67029.73233548974	4300	16.481791289400554	0.0	2155012	6027.73583504508	4.3

