70312.37588027665	750	4.0	1.2730900632482312	450283	1273.0900632482312	-4.724287271967394
70313.45440960619	1200	6.921470670462022	0.0	611087	1078.529329537978	0.75
70314.46751924878	1200	9.908361027871045	0.0	571051	1013.109642590976	1.2
70319.76892024187	1850	8.606960034785343	0.0	933276	5301.400993085703	1.2000000000000002
70321.22868797528	750	11.147192301382642	0.0	411561	1459.7677334027	-0.3500000000000001
70321.7841548002	750	14.591725476455391	0.0	318564	555.466824927251	0.75
70322.70264559968	1200	17.67323467698431	0.0	561791	918.4907994710804	0.75
70325.83113127586	1200	18.544749000805414	0.0	709534	3128.485676178895	1.2
70326.80459213759	1200	21.57128813907191	0.0	584846	973.4608617335036	1.2
70328.2924676109	1850	24.083412665766588	0.0	913888	1487.8754733053263	1.2000000000000002
70329.84007143172	1850	26.53580884492901	0.0	939819	1547.603820837577	1.85
70332.33885574336	2850	28.037024533287887	0.0	1519951	2498.784311641125	1.85
70334.50780545635	2850	29.868074820290097	0.0	1422919	2168.949712997789	2.85
70337.7986136879	4300	30.577266588743978	0.0	2275376	3290.8082315461206	2.8499999999999996
70340.7238395555	4300	31.65204072114689	0.0	2005399	2925.2258675970875	4.3
70343.97410345214	4300	32.40177682450875	0.0	2152483	3250.263896638135	4.3
70350.43639646252	4300	29.93948381413091	0.0	2289689	6462.293010377844	4.3
70353.52326816689	4300	30.85261210977008	0.0	2059512	3086.8717043608267	4.3
70356.91354131598	4300	31.462338960660336	0.0	2220726	3390.273149109742	4.3
70362.03995789807	4300	30.335922378581458	0.0	2156729	5126.416582078881	4.3
70364.94882082762	4300	31.427059449031056	0.0	2039773	2908.862929550403	4.3
70368.07862273416	4300	32.297257542496304	0.0	2176469	3129.8019065347517	4.3
70373.06372695841	4300	31.312153318253472	0.0	2221506	4985.104224242831	4.3
70380.53132717838	4300	27.844553098278023	0.0	2044075	7467.600219975452	4.3
70384.53635152243	2850	27.839528754236557	0.0	1383735	4005.0243440414647	1.4000000000000001
70392.27564086311	2850	24.100239413559432	0.0	1480464	7739.2893406771245	2.85
70393.90011200862	1850	26.475768268043876	0.0	1076599	1624.4711455155602	0.8500000000000001
70396.62866395657	4300	27.747216320096523	0.0	1972048	2728.5519479473496	1.8499999999999996
70399.71252356192	4300	28.663356714759608	0.0	2134614	3083.8596053369156	4.3
70402.90691126038	4300	29.46896901628632	0.0	2164140	3194.387698473287	4.3
70409.61297952544	4300	26.76290075124224	0.0	2113193	6706.068265044081	4.3
70412.02486442607	2850	28.351015850600344	0.0	1497683	2411.8849006418977	1.4000000000000001
70415.14351721808	4300	29.232363058592604	0.0	2191074	3118.6527920077397	2.8499999999999996
70439.64252729481	4300	8.73335298186469	0.0	2286761	24499.010076727915	4.3
70440.00131211338	300	12.37456816329993	0.0	179328	358.78481856476066	-3.7
70440.64899447827	750	15.726885798404728	0.0	365161	647.6823648952007	0.3
70441.22812327571	750	19.147757000962745	0.0	321064	579.1287974419852	0.75
70441.98703808033	750	22.388842196339446	0.0	361565	758.9148046232971	0.75
70443.07053959112	750	25.305340685549815	0.0	378327	1083.5015107896315	0.75
70446.06574930651	2850	26.310130970147668	0.0	1402287	2995.2097154021462	0.75
70449.08165736345	4300	27.29422291321658	0.0	2108491	3015.9080569310886	2.8499999999999996
70454.33651528877	4300	26.039364987884678	0.0	2184571	5254.8579253318985	4.3
70459.64485956343	4300	24.731020713229594	0.0	2121928	5308.344274655082	4.3
70462.9328173777	4300	25.443062898947762	0.0	2219102	3287.957814281832	4.3
70467.86838103413	4300	24.507499242510864	0.0	2124950	4935.563656436899	4.3
70480.2368272887	4300	16.139052987945373	0.0	2246506	12368.446254565493	4.3
70481.57986951749	1850	18.796010759163646	0.0	830730	1343.0422287817232	-0.6000000000000001
70483.67495263094	2850	20.700927645711477	0.0	1364537	2095.0831134521736	1.85

