14798.479050836479	300	4.0	13.942264819519094	450283	13942.264819519094	0	-59.2017387239321
14805.530790348374	300	4.0	3.051739511894885	155580	7051.739511894885	0	-13.272479901148005
14808.550460823208	300	4.980329525165024	0.0	139857	3019.670474834977	0	0.3
14810.793274107487	300	6.737516240885448	0.0	155432	2242.813284279576	0	0.3
14812.733932736739	300	8.796857611634113	0.0	163442	1940.658629251334	0	0.3
14813.867898074344	300	11.662892274030302	0.0	126289	1133.9653376038125	0	0.3
14814.803225920958	750	14.727564427416288	0.0	153295	935.3278466140147	1	0.3
14821.824004165146	750	11.706786183228832	0.0	437162	7020.778244187454	1	0.3
14823.188027899549	1850	14.3427624488266	0.0	374758	1364.023734402234	3	0.75
14833.821945181098	750	7.708845167277804	0.0	913888	10633.917281548795	1	0.75
14835.049628527053	750	10.481161821323688	0.0	353220	1227.6833459541162	1	-0.3500000000000001
14848.00351548946	300	4.0	2.4727251410823774	405134	12953.886962406066	0	-9.882718106654222
14849.033842953388	300	6.969672536071695	0.0	160746	1030.3274639283054	0	-0.15000000000000002
14849.617478296956	750	10.386037192502583	0.0	179801	583.6353435691116	1	0.3
14850.565119913339	750	13.43839557611823	0.0	337059	947.641616384354	1	0.3
14851.451646006033	1850	16.55186948342534	0.0	366214	886.5260926928876	3	0.75
14855.031618506324	1850	16.971896983134574	0.0	966699	3579.972500290764	3	0.75
14865.404125527426	750	10.599389962031374	0.0	885714	10372.507021103202	1	1.85
14868.516404626891	750	11.487110862567151	0.0	405596	3112.279099464223	1	-0.3500000000000001
14869.591587589264	1850	14.411927900194357	0.0	350713	1075.182962372795	3	0.75
14873.342035951307	1850	14.661479538151154	0.0	891604	3750.448362043201	3	0.75
14875.611191081614	1850	16.392324407843414	0.0	955231	2269.15513030774	3	1.85
14878.110036154965	1850	17.893479334493183	0.0	968026	2498.845073350232	3	1.85
14880.515106827768	1850	19.488408661690357	0.0	874175	2405.070672802822	3	1.85
14886.25232583035	1850	17.751189659108608	0.0	897976	5737.219002581752	3	1.85
14890.414531827955	1850	17.588983661502816	0.0	905935	4162.205997605793	3	1.85
14896.097855438686	1850	15.905660050771543	0.0	1076599	5683.323610731271	3	1.85
14898.641462402464	1850	17.36205308699271	0.0	758197	2543.6069637788314	3	1.85
14901.68667233232	1850	18.316843157135647	0.0	972798	3045.209929857063	3	1.85
14904.165202800388	1850	19.83831268906923	0.0	975811	2478.5304680664203	3	1.85
14909.249451645088	1850	18.754063844368492	0.0	873429	5084.248844700737	3	1.85
14914.315703513881	1850	17.687811975574757	0.0	954453	5066.2518687937345	3	1.85
14927.312523348106	300	8.690992141349643	0.0	885062	12996.819834225114	0	1.85
14931.332443438303	300	8.67107205115242	0.0	163444	4019.9200901972226	0	-1.25
14933.581558736507	300	10.421956752947478	0.0	179328	2249.115298204941	0	0.3
14940.779992497519	300	7.22352299193487	0.0	159914	7198.433761012609	0	0.3
14943.59749809169	300	8.406017397762557	0.0	131610	2817.505594172312	0	0.3
14945.477167486193	300	10.526348003260406	0.0	124011	1879.669394502153	0	0.3
14947.163531981088	300	12.839983508365625	0.0	144254	1686.3644948947797	0	0.3
14948.794326598414	750	15.209188891041059	0.0	149991	1630.7946173245673	1	0.3
14954.918265800647	300	13.085249688806334	0.0	345516	6123.939202234724	0	0.3
14956.530820984895	750	15.472694504558305	0.0	161857	1612.5551842480295	1	-0.15000000000000002
14957.885713698075	1850	18.11780179138092	0.0	372093	1354.892713177385	3	0.3
14968.735389488746	750	11.268126000709703	0.0	973972	10849.675790671217	1	0.75
14970.111779090557	1850	13.891736398897248	0.0	398987	1376.3896018124542	3	-0.3500000000000001
14985.17613197395	300	4.0	1.1726164844963023	982064	15064.35288339355	0	-4.292250883334099
14985.558968521509	750	7.617163452440592	0.0	137507	382.83654755940756	1	-1.25
14986.330737518318	1850	10.845394455631391	0.0	314107	771.7689968092012	3	0.3

