10697.607862210843	750	4.0	4.763203999230196	450283	4763.203999230196	0.09453363745763825	-19.731777196689844
10697.919175663654	300	7.6886865471891594	0.0	155580	311.3134528108402	0.49975353970499076	-0.15000000000000002
10698.52075642601	750	11.087105784832325	0.0	350812	601.5807623568356	0.5831502966045832	0.3
10709.558932335896	1850	4.048929874946423	0.0	933276	11038.175909885902	0.08454983935925034	0.75
10709.872917988954	300	7.734944221889509	0.0	163442	313.9856530569147	0.5205397074954047	-1.25
10710.408978276888	750	11.198883933956035	0.0	318564	536.0602879334747	0.5942689790136702	0.3
10711.781135682248	1850	13.826726528596849	0.0	905515	1372.157405359184	0.6599206450100868	0.75
10714.066032216466	2850	15.541829994379196	0.0	1638769	2284.8965342176543	0.7172180339277868	1.85
10716.589135884418	4300	17.018726326424474	0.0	2055469	2523.1036679547183	0.8146589559937532	2.8499999999999996
10719.18691813499	4300	18.420944075852518	0.0	2169201	2597.7822505719573	0.8350203330253735	4.3
10723.836994631	4300	17.770867579844154	0.0	2173522	4650.076496008363	0.46741639666912066	4.3
10729.183747288596	4300	16.424114922249018	0.0	2102452	5346.752657595138	0.39322035909281067	4.3
10732.623990794747	4300	16.983871416096246	0.0	2209463	3440.2435061527713	0.6422402937607301	4.3
10735.553622931526	4300	18.054239279318363	0.0	2275376	2929.63213677788	0.7766763517629023	4.3
10743.47274966671	4300	14.135112544133646	0.0	2005399	7919.126735184718	0.2532348663003463	4.3
10747.533185730566	2850	14.074676480275764	0.0	1471065	4060.436063857882	0.3622923688157569	1.4000000000000001
10749.558077874082	2850	16.049784336759384	0.0	1491626	2024.892143516379	0.7366446676066796	2.85
10752.461206334021	4300	17.146655876822436	0.0	2059512	2903.1284599369515	0.7094112535566984	2.8499999999999996
10755.14497896064	4300	18.462883250205294	0.0	2220726	2683.7726266171408	0.8274642858993592	4.3
10758.360420625542	4300	19.247441585302777	0.0	2156729	3215.4416649025156	0.6707411375368202	4.3
10762.071061886609	4300	19.536800324235404	0.0	2039773	3710.6412610673738	0.5497090277633723	4.3
10766.02501166182	4300	19.58285054902314	0.0	2176469	3953.949775212264	0.550454387064934	4.3
10771.22780440429	4300	18.380057806553175	0.0	2221506	5202.7927424699665	0.4269833741148346	4.3
10774.066610785527	4300	19.541251425315924	0.0	2044075	2838.806381237247	0.7200473457823932	4.3
10781.956456487711	4300	15.651405723130988	0.0	2186790	7889.845702184934	0.2771651160927535	4.3
10789.554256270456	4300	12.053605940386918	0.0	2105231	7597.799782744071	0.2770842954800345	4.3
10805.463089314706	1850	4.0	3.8552271038651726	1076599	15908.833044252091	0.06767303403117794	-17.177476546620245
10806.334860429779	300	7.12822888492754	0.0	111155	871.7711150724599	0.1275047980808139	-1.25
10808.134095262905	750	9.328994051800949	0.0	400396	1799.2348331265903	0.22253682100196923	0.3
10810.732969625562	1200	10.730119689143297	0.0	641447	2598.8743626576525	0.24681724103971134	0.75
10813.156134689092	1200	12.30695462561271	0.0	570392	2423.165063530588	0.23539131055683438	1.2
10816.38574190322	1850	13.077347411485578	0.0	954453	3229.6072141271297	0.2955322231833574	1.2000000000000002
10834.887771956943	2850	4.0	5.424682642237199	1358081	18502.030053722778	0.07340172921872114	-21.476135361619953
10835.306987433209	300	7.5807845237349225	0.0	163444	419.2154762650772	0.3898806443315836	-2.25
10839.21654173842	750	7.671230218521723	0.0	401088	3909.5543052132	0.10259174542355601	0.3
10844.892324625836	750	5.995447331105702	0.0	365161	5675.7828874160205	0.06433667517649616	0.75
10845.39862462462	300	9.489147332320371	0.0	131610	506.2999987853317	0.2599446974437025	-0.15000000000000002
10867.481024422927	1200	4.0	12.59325246598605	575591	22082.399798306422	0.026065599991724815	-53.85098560374001
10868.427511650594	300	7.053512772333748	0.0	144254	946.4872276662526	0.15240987493902708	-0.6000000000000001
10869.474084295096	750	10.006940127832692	0.0	390680	1046.5726445010548	0.37329467959317203	0.3
10875.365922996983	1200	8.115101425946424	0.0	566904	5891.838701886268	0.0962185200043759	0.75
10876.966483420516	750	10.514541002413214	0.0	384505	1600.5604235332084	0.24023148039060727	0.3
10877.938321380507	1200	13.542703042421678	0.0	599477	971.8379599915365	0.6168487182834684	0.75
10880.37966268634	2850	15.10136173658915	0.0	1587250	2441.341305832528	0.6501548948555261	1.2000000000000002
10884.318795053252	4300	15.162229369677718	0.0	2124950	3939.1323669114317	0.5394462033948142	2.8499999999999996
10887.331266612327	4300	16.149757810602125	0.0	2246506	3012.4715590755936	0.7457351732440463	4.3
10891.510251850363	4300	15.970772572565803	0.0	1961140	4178.985238036321	0.46928617554091373	4.3
10902.849376803248	4300	8.631647619680798	0.0	2155012	11339.124952885006	0.19005099678804596	4.3

