38615.230075530664	300	4.0	0.6280356876803407	181801	628.0356876803406	-2.400553457025465
38615.56847954436	300	7.661595986308681	0.0	155580	338.4040136913186	0.3
38615.88856541896	300	11.34151011170464	0.0	139857	320.08587460404067	0.3
38616.24805838423	300	14.982017146428207	0.0	155432	359.49296527643287	0.3
38616.98088770295	750	18.249187827707377	0.0	411561	732.8293187208318	0.3
38617.53943174617	750	21.69064378448423	0.0	318564	558.5440432231488	0.75
38618.463349252816	1200	24.766726277840743	0.0	561791	923.9175066434876	0.75
38624.34390017882	1850	22.886175351830527	0.0	1060487	5880.5509260102135	1.2000000000000002
38626.97070289405	1850	24.259372636601437	0.0	852833	2626.802715229089	1.85
38628.925821033765	1850	26.30425449688371	0.0	913888	1955.1181397177286	1.85
38633.58454727601	2850	25.64552825464259	0.0	1354548	4658.726242241121	1.85
38635.56545977137	1850	27.664615759281446	0.0	917428	1980.912495361144	0.8500000000000001
38638.59375054404	2850	28.636324986613964	0.0	1422919	3028.290772667483	1.85
38644.55919791541	4300	26.670877615246184	0.0	2275376	5965.44737136778	2.8499999999999996
38646.62438267239	2850	28.605692858273077	0.0	1231445	2065.184756973107	1.4000000000000001
38650.260133645075	4300	28.969941885583317	0.0	2152483	3635.7509726897592	2.8499999999999996
38654.378278053446	4300	28.851797477205928	0.0	2289689	4118.144408377389	4.3
38658.1865510145	4300	29.043524516152544	0.0	2059512	3808.2729610533806	4.3
38662.08059359979	4300	29.1494819308592	0.0	2220726	3894.0425852933486	4.3
38664.21573355388	2850	31.014341976768804	0.0	1336050	2135.139954090396	1.4000000000000001
38667.69088642132	4300	31.53918910933155	0.0	2039773	3475.152867437254	2.8499999999999996
38671.347927206254	4300	31.88214832439159	0.0	2176469	3657.0407849399603	4.3
38678.69063077934	4300	28.539444751309944	0.0	2221506	7342.703573081644	4.3
38680.968616321494	2850	30.261459209153507	0.0	1323990	2277.9855421564343	1.4000000000000001
38685.08720687759	4300	30.142868653052385	0.0	2186790	4118.590556101124	2.8499999999999996
38688.7064130105	4300	30.523662520147226	0.0	2105231	3619.2061329051567	4.3
38693.27300293119	4300	29.9570725994514	0.0	2395588	4566.589920695828	4.3
38695.50135495679	2850	31.72872057385056	0.0	1141971	2228.352025600841	1.4000000000000001
38699.2155973818	4300	32.014478148839565	0.0	2134614	3714.2424250109934	2.8499999999999996
38702.817295792505	4300	32.41277973813321	0.0	2164140	3601.698410706349	4.3
38713.152537403985	4300	26.077538126651234	0.0	2113193	10335.24161148198	4.3
38718.04325626956	2850	25.186819261077872	0.0	1497683	4890.718865573364	1.4000000000000001
38720.41786556395	2850	26.812209966684513	0.0	1358081	2374.609294393358	2.85
38723.041739088374	2850	28.188336442267673	0.0	1587293	2623.873524416841	2.85
38728.131399059566	2850	27.098676471071595	0.0	1492672	5089.659971196079	2.85
38734.80604454446	2850	24.424030986177563	0.0	1439896	6674.64548489403	2.85
38740.36223683779	1850	22.867838692846036	0.0	728962	5556.19229333153	0.8500000000000001
38742.23888460797	1850	24.991190922666426	0.0	938587	1876.647770179609	1.85
38743.70658465558	1850	27.523490875061526	0.0	908665	1467.7000476048997	1.85
38746.160426380244	2850	29.069649150390187	0.0	1402287	2453.841724671335	1.85
38749.785637985944	4300	29.444437544691315	0.0	2108491	3625.211605698875	2.8499999999999996
38754.17155727451	4300	29.058518256131585	0.0	2184571	4385.91928855973	4.3
38756.60255212393	2850	30.627523406711546	0.0	1343002	2430.994849420039	1.4000000000000001
38760.928182196854	4300	30.30189333378368	0.0	2219102	4325.630072927862	2.8499999999999996
38764.63596705956	4300	30.594108471075703	0.0	2124950	3707.7848627079816	4.3
38768.16081951047	4300	31.069256020169583	0.0	2246506	3524.8524509061226	4.3
38771.143255917836	4300	32.08681961280671	0.0	1961140	2982.4364073628713	4.3
38775.69487017836	4300	31.53520535227698	0.0	2155012	4551.614260529731	4.3

