66529.99343022892	300	4.0	3.4958154486273005	450283	3495.8154486273006	0	-14.282006429097391
66532.19522283458	300	5.798207394335723	0.0	155580	2201.7926056642777	0	-0.15000000000000002
66533.2508299535	300	8.742600275411	0.0	139857	1055.6071189247234	0	0.3
66538.62735719704	300	7.366073031879323	0.0	155432	5376.5272435316765	0	0.3
66543.3944159985	300	6.599014230409507	0.0	163442	4767.058801469816	0	0.3
66544.64895045145	300	9.344479777465324	0.0	126289	1254.5344529441825	0	0.3
66545.45455846011	750	12.538871768796795	0.0	153295	805.6080086685295	1	0.3
66555.71208023872	300	6.28134999019705	0.0	437162	10257.521778599745	0	0.3
66557.95921680948	300	8.034213419433	0.0	150710	2247.1365707640507	0	-0.15000000000000002
66559.36324493116	300	10.630185297755585	0.0	139105	1404.028121677415	0	0.3
66563.64215202029	300	10.351278208634254	0.0	141840	4278.9070891213305	0	0.3
66566.26690990818	300	11.726520320730113	0.0	156148	2624.757887904142	0	0.3
66568.62051115376	300	13.372919075161285	0.0	160746	2353.601245568828	0	0.3
66570.26842537313	750	15.725004855792449	0.0	179801	1647.9142193688344	1	0.3
66577.64062533776	750	12.35280489116105	0.0	337059	7372.199964631401	1	0.3
66579.70709963034	750	14.286330598588602	0.0	366214	2066.4742925724477	1	0.75
66587.05968372957	300	10.93374649934169	0.0	360831	7352.584099246911	0	0.75
66587.88085694403	750	14.112573284900055	0.0	150616	821.1732144416359	1	-0.15000000000000002
66589.93730282116	750	16.05612740777175	0.0	405596	2056.4458771283043	1	0.3
66592.16113775034	750	17.832292478584634	0.0	350713	2223.8349291871177	1	0.75
66595.93432523956	750	18.05910498935578	0.0	386472	3773.187489228855	1	0.75
66598.0699338952	1850	19.92349633373019	0.0	399894	2135.60865562559	3	0.75
66602.80668379621	1850	19.186746432718177	0.0	968026	4736.749901012012	3	0.75
66607.31799251956	1850	18.675437709358043	0.0	874175	4511.308723360132	3	1.85
66611.72524569352	1850	18.268184535394543	0.0	897976	4407.253173963502	3	1.85
66617.91185221834	1850	16.08157801057519	0.0	905935	6186.606524819356	3	1.85
66627.41567414049	750	10.577756088430307	0.0	1076599	9503.82192214488	1	1.85
66629.74992840632	750	12.243501822600745	0.0	277716	2334.254265829563	1	-0.3500000000000001
66638.7058262581	300	7.287603970819091	0.0	400396	8955.897851781654	0	0.75
66642.61801123597	300	7.375418992947289	0.0	149029	3912.184977871802	0	-0.15000000000000002
66644.15684769572	300	9.836582533202652	0.0	157421	1538.8364597446357	0	0.3
66645.69630505129	300	12.297125177625803	0.0	157488	1539.4573555768495	0	0.3
66647.8654341714	300	14.127996057524857	0.0	143881	2169.1291201009467	0	0.3
66650.34486118652	750	15.648569042405317	0.0	163444	2479.42701511954	1	0.3
66656.05415476202	750	13.939275466884274	0.0	401088	5709.293575521044	1	0.3
66660.62780174795	750	13.36562848095776	0.0	365161	4573.646985926515	1	0.75
66663.15010845932	750	14.843321769592475	0.0	321064	2522.306711365285	1	0.75
66667.10618306397	750	14.887247164945787	0.0	361565	3956.0746046466875	1	0.75
66669.27923649622	750	16.714193732700235	0.0	378327	2173.0534322455533	1	0.75
66673.50305352408	750	16.4903767048314	0.0	390680	4223.817027868833	1	0.75
66674.60613517981	1850	19.387295049096316	0.0	345516	1103.0816557350854	3	0.75
66681.57719648156	1850	16.416233747341273	0.0	1025005	6971.061301755042	3	0.75
66687.60827777922	1850	14.38515244969588	0.0	886255	6031.081297645392	3	1.85
66703.29408079459	300	4.0	1.3006505656688478	973972	15685.803015364729	0	-3.742797432376045
66704.16467851563	300	7.129402278953253	0.0	167025	870.5977210467474	0	-1.25
66706.72131506223	300	8.572765732350609	0.0	160064	2556.636546602645	0	0.3
66713.33900094368	300	5.955079850893059	0.0	137507	6617.68588145755	0	0.3
66715.5217737166	300	7.772307077992531	0.0	118421	2182.7727729005273	0	0.3

