38180.48429580559	300	4.0	1.6900349197431748	181801	1690.0349197431747	-6.967150154895651
38181.53033775329	300	6.953958052298805	0.0	155580	1046.0419477011942	0.3
38182.046020138114	300	10.438275667473798	0.0	139857	515.682384825009	0.3
38182.61022174718	300	13.87407405841511	0.0	155432	564.2016090586872	0.3
38183.192645572635	300	17.291650232955345	0.0	163442	582.4238254597653	0.3
38183.647296876734	300	20.83699892884925	0.0	126289	454.65130410609504	0.3
38184.182064684406	300	24.302231121178405	0.0	153295	534.7678076708489	0.3
38184.77780837204	300	27.706487433544957	0.0	173849	595.7436876334481	0.3
38185.30490747047	300	31.179388335113348	0.0	150710	527.09909843161	0.3
38185.83416719532	300	34.65012861026799	0.0	139105	529.2597248453626	0.3
38186.38045926378	300	38.103836541808874	0.0	141840	546.2920684591152	0.3
38186.97378818302	300	41.51050762256357	0.0	156148	593.328919245304	0.3
38187.58223280257	300	44.90206300301669	0.0	160746	608.4446195468763	0.3
38188.62500955923	300	47.85928624635165	0.0	179801	1042.7767566650423	0.3
38189.53103674997	300	50.95325905562397	0.0	140051	906.0271907276825	0.3
38192.09149956169	300	52.39279624389859	0.0	138313	2560.4628117253833	0.3
38192.53076930786	300	55.953526497729115	0.0	143509	439.26974616946796	0.3
38192.98783117916	300	59.49646462642445	0.0	150616	457.0618713046609	0.3
38194.28446730675	300	59.50243158528772	0.0	165384	494.03304113673204	0.3
38198.01564114266	300	59.77125774938567	0.0	140881	3731.1738359020515	0.3
38200.13379761272	300	59.64806804803421	0.0	157671	1623.1897013514508	0.3
38211.88746029317	300	51.894405367587794	0.0	157812	11753.662680446421	0.3
38212.24270496283	300	55.53916069791683	0.0	163927	355.24466967096805	0.3
38212.553835464576	300	59.22803019617589	0.0	137654	311.13050174094224	0.3
38214.80365999117	300	59.901620170659086	0.0	146754	326.4100255168047	0.3
38219.314389080166	750	59.390891081669096	0.0	379700	4510.729088989988	0.3
38221.794328387085	750	59.78799322324967	0.0	425781	602.8978584194249	0.75
38225.96052445841	1200	59.62179715192362	0.0	487160	666.1960713260472	0.75
38227.618814333604	1200	59.79227094278348	0.0	622896	829.5262091401377	1.2
38243.31667175547	1200	48.09441352091787	0.0	641447	15697.857421865616	1.2
38247.15000735418	1200	48.261077922202084	0.0	570392	3833.3355987157843	1.2
38252.46947379034	1200	46.941611486048025	0.0	620283	5319.466436154063	1.2
38256.87669903601	1200	46.534386240379206	0.0	584349	4407.225245668814	1.2
38266.474950942626	1200	40.93613433376042	0.0	670129	9598.251906618789	1.2
38279.4488048489	1200	31.96228042748502	0.0	690253	12973.853906275397	1.2
38283.39489134078	750	32.016193935606445	0.0	365161	3946.0864918785787	0.3
38284.10071478602	750	35.31037049035715	0.0	321064	705.8234452492992	0.75
38284.88548347383	750	38.52560180255172	0.0	361565	784.768687805431	0.75
38291.914588884414	750	35.496496391967085	0.0	378327	7029.105410584636	0.75
38299.81626003606	750	31.59482524032148	0.0	390680	7901.671151645607	0.75
38300.28221439534	300	35.12887088104556	0.0	147968	465.9543592759176	-0.15000000000000002
38300.784396317984	300	38.6266889584047	0.0	161857	502.1819226408561	0.3
38301.24315681019	300	42.1679284662006	0.0	145210	458.76049220409817	0.3
38305.816212814156	300	41.59487246223872	0.0	172312	4573.056003961887	0.3
38306.57542736215	300	44.83565791423777	0.0	167025	759.2145480009416	0.3
38307.30633469585	300	48.10475058053789	0.0	160064	730.9073336998815	0.3
38309.87825901075	300	49.532826265635954	0.0	137507	2571.924314901941	0.3
38310.3120706665	300	53.0990146098931	0.0	118421	433.8116557428514	0.3

