77674.34837973332	750	4.0	16.985480747088474	450283	16985.480747088473	0.026509876682600474	-72.28756721248044
77677.5444201957	300	4.80395953763188	0.0	155580	3196.0404623681197	0.04867898320809191	-0.15000000000000002
77681.80470548145	300	4.543674251868903	0.0	139857	4260.285285762978	0.03282808324301054	0.3
77685.00720535024	300	5.341174383082995	0.0	155432	3202.499868785907	0.04853458434611131	0.3
77686.79976963995	300	7.548610093364207	0.0	163442	1792.5642897187884	0.09117776190088013	0.3
77700.93113744882	750	4.0	6.582757715498968	318564	14131.367808863175	0.02254304072392745	-28.00585817664556
77702.20100071341	300	6.730136735407994	0.0	153295	1269.863264592006	0.12071772156449623	-0.15000000000000002
77703.44257503354	300	9.488562415289959	0.0	173849	1241.574320118037	0.1400230313908813	0.3
77709.86636741091	1200	7.064770037906226	0.0	584846	6423.792377383732	0.09104372707609128	0.29999999999999993
77716.17921015609	750	4.75192729273109	0.0	362795	6312.842745175136	0.05746935487618187	0.3
77721.41200455221	300	4.0	0.4808671034067447	141840	5232.794396137835	0.02710597613097273	-2.217728544649002
77725.36913227859	300	4.042872273631226	0.0	156148	3957.1277263687734	0.03945993427492621	0.3
77727.39124485884	300	6.020759693389663	0.0	160746	2022.1125802415636	0.07949409027503164	0.3
77729.4929474423	300	7.919057109931596	0.0	179801	2101.7025834580672	0.08555016366976234	0.3
77733.12891187226	750	8.283092679963802	0.0	337059	3635.9644299677943	0.09270140192295158	0.3
77735.61188497426	750	9.800119577973254	0.0	366214	2482.973101990549	0.14749011969014633	0.75
77750.2068191083	1200	4.0	4.794814556066085	617242	14594.934134039338	0.04229152350612015	-19.867702591084164
77752.09167038475	300	6.11514872353881	0.0	150616	1884.8512764611905	0.079908691938168	-0.6000000000000001
77754.39194162811	300	7.814877480179804	0.0	165384	2300.271243359005	0.07189760793535617	0.3
77769.67521099154	750	4.0	7.468391883255394	350713	15283.269363435198	0.02294751153434953	-31.81408509799819
77772.65036457057	300	5.024846420973455	0.0	157671	2975.153579026545	0.05299591964310937	-0.15000000000000002
77779.56957279412	300	4.0	1.8943618025772258	157812	6919.208223550681	0.022807811949185238	-7.845755751082071
77783.28808419952	300	4.2814885946076	0.0	163927	3718.5114053924	0.044084038511292785	0.3
77786.25619817263	300	5.313374621492205	0.0	137654	2968.1139731153953	0.046377599124172254	0.3
77790.29038850131	300	5.279184292824615	0.0	146754	4034.1903286675897	0.03637755981842082	0.3
77792.35056669044	300	7.219006103673993	0.0	153938	2060.1781891506216	0.07472072115444837	0.3
77800.18154350853	750	4.0	0.6119707144072172	425781	7830.976818081211	0.054371377912510184	-2.331474071951034
77802.05665138217	300	6.124892126373452	0.0	111155	1875.1078736265486	0.05927925617688378	-0.15000000000000002
77804.8950783166	300	7.2864651919361	0.0	153605	2838.4269344373524	0.05411624239341161	0.3
77811.04219107212	750	5.139352436417133	0.0	400508	6147.112755518966	0.06515383984788928	0.3
77815.76591099461	300	4.415632513927363	0.0	157421	4723.71992248977	0.033325642202136914	-0.15000000000000002
77826.05006410652	300	4.0	5.868520597983663	157488	10284.153111911026	0.015313657652334894	-24.93463857132975
77830.87562641992	300	4.0	0.8255623134065754	143881	4825.562313406575	0.029816421518434007	-3.249917947648274
77834.2249300547	300	4.650696365215792	0.0	163444	3349.303634784208	0.04879939767256441	0.3
77837.563852649	300	5.311773770926396	0.0	179328	3338.922594289396	0.053708343016608734	0.3
77839.26749318167	300	7.6081332382432745	0.0	159914	1703.6405326831218	0.09386604564294204	0.3
77842.04101728801	750	8.834609131898485	0.0	321064	2773.524106344789	0.11576030627082898	0.3
77844.42504564897	750	10.450580770954621	0.0	361565	2384.0283609438648	0.1516613669213449	0.75
77847.76133034709	1200	11.114296072827685	0.0	605884	3336.2846981269354	0.1816044057451562	0.75
77852.25336374833	1850	10.622262671596166	0.0	930577	4492.033401231518	0.20716163858997058	1.2000000000000002
77854.39542401765	1200	12.480202402269711	0.0	566904	2142.0602693264545	0.2646536178826827	0.5499999999999999
77858.2247654584	1850	12.650860961515235	0.0	1025005	3829.3414407544774	0.26767135181292373	1.2000000000000002
77861.70339792447	1850	13.172228495445552	0.0	886255	3478.632466069683	0.2547710942861783	1.85
77873.00166436264	2850	5.873962057278924	0.0	1587250	11298.266438166627	0.14048615410928153	1.85
77873.73779870312	300	9.137827716792637	0.0	167025	736.1343404862877	0.2268947267011941	-2.25
77875.96628729503	1200	10.909339124885388	0.0	638661	2228.48859190725	0.2865893064560867	0.29999999999999993
77880.03140745773	1200	10.84421896217387	0.0	538612	4065.120162711518	0.13249596037543324	1.2
77881.87254499864	1200	13.003081421288258	0.0	550906	1841.1375408856118	0.29922044810134435	1.2

