94619.1481052593	750	4.0	6.08121071098197	450283	6081.21071098197	0.07404495936752208	-25.399206057222468
94619.5233555918	300	7.624749667504155	0.0	155580	375.25033249584504	0.4146032302362388	-0.15000000000000002
94620.26910542882	750	10.878999830484407	0.0	350812	745.749837019748	0.4704151212448877	0.3
94622.89010159572	1200	12.258003663570765	0.0	617681	2620.99616691364	0.23566650260589722	0.75
94628.60150728836	1850	10.546597970926939	0.0	996749	5711.405692643826	0.17451903325372112	1.2000000000000002
94629.73152558587	1200	13.416579673421339	0.0	520315	1130.018297505601	0.46044829641125445	0.5499999999999999
94631.96940943308	2850	15.178695826207342	0.0	1388403	2237.883847213996	0.6204088749862785	1.2000000000000002
94653.88476643628	4300	4.0	6.736661176990463	2290172	21915.357003197805	0.10450078452592977	-26.11764306105899
94654.24761251087	300	7.6371539254188665	0.0	150710	362.8460745811339	0.41535518931540927	-3.7
94655.00849063194	750	10.876275804340887	0.0	362795	760.8781210779807	0.47681092404918546	0.3
94656.58790285337	1200	13.296863582911921	0.0	607410	1579.412221428965	0.3845797770581064	0.75
94669.36674135772	2850	4.5180250785649	0.0	1519951	12778.83850434702	0.11894281311114098	1.2000000000000002
94672.56129441345	300	5.323472022829237	0.0	160746	3194.5530557356633	0.05031877611529677	-2.25
94674.00548369555	300	7.8792827407222665	0.0	179801	1444.1892821069703	0.12449960834613247	0.3
94676.12488708158	750	9.759879354691456	0.0	337059	2119.40338603081	0.15903485019491242	0.3
94677.07104478308	1200	12.81372165318683	0.0	587876	946.1577015046256	0.6213298259530426	0.75
94680.3227056186	1850	13.562060817663303	0.0	966699	3251.6608355235267	0.29729392113687614	1.2000000000000002
94682.13665577264	2850	15.748110663621093	0.0	1358801	1813.9501540422102	0.7490839794974768	1.85
94687.25168284403	4300	14.63308359222776	0.0	2220726	5115.027071393333	0.4341572329929183	2.8499999999999996
94690.89751301562	2850	14.987253420638533	0.0	1336050	3645.830171589227	0.36645974637310447	1.4000000000000001
94692.68391884612	2850	17.200847590141098	0.0	1415116	1786.4058304974365	0.7921581847983287	2.85
94695.45289490101	4300	18.431871535250533	0.0	2176469	2768.9760548905665	0.7860194370969441	2.8499999999999996
94698.75631092112	4300	19.128455515137016	0.0	2221506	3303.4160201135173	0.6724875058042677	4.3
94701.53847903549	4300	20.34628740076776	0.0	2044075	2782.1681143692554	0.7347057819557434	4.3
94704.32195294443	4300	21.562813491824457	0.0	2186790	2783.4739089433037	0.785633374530238	4.3
94706.93455031473	4300	22.95021612151713	0.0	2105231	2612.5973703073287	0.8058000149301056	4.3
94709.74752269044	4300	24.137243745825675	0.0	2395588	2812.972375691453	0.8516215874360101	4.3
94712.68950506317	4300	25.195261373082385	0.0	1972048	2941.9823727432913	0.6703126498209223	4.3
94717.84576931749	4300	24.038997118768282	0.0	2134614	5156.264254314102	0.41398460100527784	4.3
94722.6604851566	4300	23.22428127966527	0.0	2164140	4814.7158391030125	0.449484470594049	4.3
94725.53054479841	4300	24.35422163784916	0.0	2113193	2870.0596418161085	0.736288880276655	4.3
94729.11606937076	4300	24.768697065511443	0.0	2147852	3585.524572337719	0.5990342435722387	4.3
94734.39925973502	4300	23.48550670125951	0.0	2191074	5283.190364251934	0.41472554440317655	4.3
94737.15035416157	4300	24.73441227471491	0.0	2286761	2751.0944265445996	0.8312186517247949	4.3
94739.92600840499	4300	25.958758031288472	0.0	2307787	2775.6542434264366	0.8314389320879993	4.3
94742.51028740642	4300	27.37447902985306	0.0	2143948	2584.279001435411	0.829611662985756	4.3
94744.83272390472	4300	29.05204253155428	0.0	1919781	2322.4364982987804	0.8266236779374887	4.3
94747.42111334065	4300	30.463653095627897	0.0	2147467	2588.389435926383	0.8296537492363172	4.3
94749.99362054361	4300	31.891145892657967	0.0	2133870	2572.507202969932	0.829490388806869	4.3
94765.06501386386	4300	20.819752572412174	0.0	2146120	15071.39332024579	0.14239692073572666	4.3
94775.5921955314	4300	14.292570904882975	0.0	2108491	10527.181667529198	0.20029016944806627	4.3
94780.90171869936	2850	12.983047736909132	0.0	1527299	5309.5231679738445	0.28765276121449324	1.4000000000000001
94785.2130192099	1850	12.671747226373911	0.0	886255	4311.300510535221	0.20556558231891306	0.8500000000000001
94790.74177884315	1850	11.14298759312977	0.0	973972	5528.759633244141	0.17616464896458106	1.85
94795.19632051983	1850	10.688445916457063	0.0	958994	4454.541676672707	0.21528454992844848	1.85
94799.86295148	1200	10.02181495627284	0.0	638661	4666.630960184225	0.1368569757174001	0.5499999999999999
94804.13153543876	1200	9.753230997510624	0.0	538612	4268.583958762216	0.12618048636348814	1.2
94807.78969140812	1200	10.0950750281437	0.0	550906	3658.1559693669233	0.15059664066082432	1.2

