3847.009045857829	300	4.0	1.9193425489622389	450283	1919.3425489622389	0	-7.503172960537627
3847.4286969505456	750	7.580348907283595	0.0	155580	419.651092716406	1	-0.15000000000000002
3848.2745645372406	1850	10.734481320588468	0.0	350812	845.8675866951269	3	0.3
3853.626731205542	750	9.38231465228715	0.0	933276	5352.166668301316	1	0.75
3855.294799901364	750	11.714245956465527	0.0	411561	1668.068695821623	1	-0.3500000000000001
3856.079820855202	1850	14.929225002627708	0.0	318564	785.020953837819	3	0.75
3858.146556459815	1850	16.862489398013953	0.0	905515	2066.7356046137565	3	0.75
3861.6355540271243	1850	17.373491830705074	0.0	1060487	3488.9975673088798	3	1.85
3863.7551398016503	1850	19.253906056179243	0.0	852833	2119.5857745258345	3	1.85
3866.7099566345837	1850	20.299089223245474	0.0	913888	2954.816832933767	3	1.85
3873.669107862084	1850	17.339937995745743	0.0	939819	6959.151227499735	3	1.85
3875.774460385477	1850	19.23458547235206	0.0	917428	2105.3525233936793	3	1.85
3878.0004072064794	1850	21.00863865134986	0.0	946851	2225.946821002201	3	1.85
3880.3610948161136	1850	22.647951041716027	0.0	1036454	2360.687609633831	3	1.85
3882.358084504749	1850	24.65096135308029	0.0	821631	1996.9896886357333	3	1.85
3885.7939597580944	1850	25.215086099734844	0.0	923170	3435.8752533454517	3	1.85
3888.8762109746867	1850	26.132834883142596	0.0	966699	3082.251216592245	3	1.85
3891.439259989568	1850	27.569785868261206	0.0	885714	2563.0490148813924	3	1.85
3893.63171031104	1850	29.3773355467896	0.0	987708	2192.4503214716074	3	1.85
3895.6908979261493	1850	31.318147931679786	0.0	923755	2059.1876151098168	3	1.85
3900.9463190980414	1850	30.06272675978768	0.0	891604	5255.421171892108	3	1.85
3903.817859872745	1850	31.191185985084275	0.0	955231	2871.540774703404	3	1.85
3910.9068475771514	1850	28.102198280677893	0.0	968026	7088.98770440638	3	1.85
3913.863496890774	1850	29.145548967055383	0.0	874175	2956.649313622511	3	1.85
3921.6324619811494	1850	25.376583876680154	0.0	897976	7768.965090375228	3	1.85
3924.6561044410278	1850	26.35294141680189	0.0	905935	3023.6424598782623	3	1.85
3927.095326325054	4300	27.91371953277578	0.0	1076599	2439.221884026112	5	1.85
3935.6853628489816	4300	23.323683008847862	0.0	1972048	8590.036523927916	5	1.8499999999999996
3947.7772894995283	1850	15.231756358301245	0.0	2134614	12091.926650546618	3	4.3
3950.4511518750196	1850	16.557893982810114	0.0	975811	2673.8623754911296	3	-0.6000000000000001
3954.484706621036	1850	16.524339236793576	0.0	873429	4033.5547460165362	3	1.85
3960.4417381571257	1850	14.567307700703866	0.0	954453	5957.031536089711	3	1.85
3963.367466517648	1850	15.641579340181519	0.0	885062	2925.7283605223474	3	1.85
3967.601740774203	1200	15.407305083626532	0.0	1035329	4234.274256554987	2	1.85
3969.1825260263695	1850	17.826519831460036	0.0	690253	1580.785252166498	3	0.5499999999999999
3974.234238922819	1850	16.77480693501036	0.0	943942	5051.712896449673	3	1.2000000000000002
3976.033467160325	1850	18.97557869750428	0.0	728962	1799.2282375060836	3	1.85
3978.2291036614615	1850	20.779942196367635	0.0	938587	2195.636501136644	3	1.85
3982.526277612265	1850	20.48276824556448	0.0	908665	4297.173950803156	3	1.85
3985.035040240679	1850	21.974005617150404	0.0	930577	2508.762628414076	3	1.85
3986.9735409493296	1850	24.035504908499398	0.0	858450	1938.5007086510047	3	1.85
3989.3742440781725	1850	25.634801779656577	0.0	1025005	2400.7031288428225	3	1.85
3994.942362336873	1850	24.06668352095582	0.0	886255	5568.118258700755	3	1.85
3997.155960543571	1850	25.85308531425783	0.0	973972	2213.5982066979905	3	1.85
4000.6220010025513	1850	26.38704485527749	0.0	958994	3466.0404589803366	3	1.85
4002.9803086816846	4300	28.02873717614461	0.0	982064	2358.3076791328826	5	1.85
4013.795452711313	1850	21.213593146515908	0.0	1961140	10815.144029628702	3	1.8499999999999996
4017.0450363987375	1850	21.964009459091052	0.0	846370	3249.5836874248544	3	-0.6000000000000001

