5133.542223562768	300	4.0	0.8918057195618709	181801	891.8057195618709	-3.534764594116045
5134.106051110674	300	7.436172452094295	0.0	155580	563.8275479057049	0.3
5134.499842577654	300	11.042380985115065	0.0	139857	393.79146697923085	0.3
5135.07360314176	300	14.468620421008687	0.0	155432	573.760564106378	0.3
5135.717893666949	300	17.824329895820153	0.0	163442	644.2905251885343	0.3
5136.230346025149	300	21.311877537621083	0.0	126289	512.4523581990699	0.3
5136.6152953937335	300	24.92692816903594	0.0	153295	384.9493685851449	0.3
5137.520792586227	300	28.02143097654214	0.0	173849	905.4971924937989	0.3
5138.76159307913	300	30.78063048363903	0.0	150710	1240.800492903109	0.3
5139.722776107712	300	33.81944745505781	0.0	139105	961.1830285812213	0.3
5140.572842387079	300	36.96938117569094	0.0	141840	850.0662793668697	0.3
5141.47985616262	300	40.062367400148474	0.0	156148	907.0137755424654	0.3
5142.20402956439	300	43.33819399837945	0.0	160746	724.1734017690262	0.3
5143.004563959096	300	46.53765960367306	0.0	179801	800.5343947063859	0.3
5143.645804233139	300	49.89641932963107	0.0	140051	641.2402740419911	0.3
5145.661001840822	750	51.88122172194786	0.0	366214	2015.1976076832043	0.3
5146.64496922064	300	54.897254342129266	0.0	143509	983.9673798186008	-0.15000000000000002
5147.684330211416	300	57.857893351353496	0.0	150616	1039.3609907757702	0.3
5149.707415867635	300	59.834807695134515	0.0	165384	523.0856562189801	0.3
5151.540466266919	300	59.996281567806456	0.0	140881	338.5261273280539	0.3
5154.243185239673	300	59.60718433180752	0.0	157671	889.0972359989421	0.3
5157.094028302312	300	59.541573580214894	0.0	157812	1065.610751592626	0.3
5159.445936096965	300	59.97523592706176	0.0	163927	1066.3376531531344	0.3
5163.884251349957	300	59.53692067407013	0.0	137654	2938.3152529916233	0.3
5165.835435167074	300	59.84977134930743	0.0	146754	687.1493247627002	0.3
5167.821423901185	300	59.86279426272879	0.0	153938	986.977086578641	0.3
5170.808788499012	300	59.65811786673202	0.0	181901	1704.6763959967725	0.3
5172.3180559883185	300	59.75382805709365	0.0	111155	404.2898096383735	0.3
5174.586727203203	300	59.631981289485864	0.0	153605	1121.8467676077864	0.3
5176.164464816931	300	59.64252473865911	0.0	149029	489.456550826749	0.3
5177.909707011942	300	59.51754416690527	0.0	157421	624.9805717538446	0.3
5179.229105816086	300	59.87347566416168	0.0	157488	644.0685027435853	0.3
5181.1313984755925	300	59.97399443365861	0.0	143881	1399.4812305030705	0.3
5185.598307604097	750	59.507085305154455	0.0	412837	3966.9091285041545	0.3
5189.35762788174	750	59.51778542313614	0.0	401088	2989.299882018316	0.75
5205.843485230549	750	47.03192807432689	0.0	365161	16485.857348809255	0.75
5207.239097795563	750	49.636315509313725	0.0	321064	1395.6125650131623	0.75
5208.329001909976	750	52.54641139490029	0.0	361565	1089.904114413437	0.75
5218.793097235063	750	46.08231606981308	0.0	378327	10464.0953250872	0.75
5220.722739508909	750	48.152673795967324	0.0	390680	1929.6422738457538	0.75
5221.887220932199	750	50.98819237267737	0.0	345516	1164.481423289958	0.75
5223.080644809074	750	53.794768495801044	0.0	384505	1193.423876876322	0.75
5224.144306548105	750	56.73110675677044	0.0	372093	1063.6617390306076	0.75
5225.392344715011	750	59.48306858986504	0.0	438281	1248.0381669054002	0.75
5228.4835989874855	750	59.696810156976554	0.0	398987	1286.2584328884834	0.75
5232.2861612369925	1200	59.89424790747006	0.0	638661	2802.5622495064986	0.75
5235.338755694389	1200	59.596729599317534	0.0	538612	1297.5183081525238	1.2
5238.027112343792	1200	59.54508939173787	0.0	550906	1051.6402075796664	1.2

