14559.65380469881	300	4.0	5.8262256606969896	450283	5826.2256606969895	0	-24.302770340997053
14560.84375668686	300	6.810048011951353	0.0	155580	1189.9519880486469	0	-0.15000000000000002
14561.909376983202	300	9.744427715609287	0.0	139857	1065.6202963420665	0	0.3
14564.70371557315	300	10.950089125660332	0.0	155432	2794.3385899489544	0	0.3
14565.966979322999	750	13.686825375813077	0.0	163442	1263.2637498472538	1	0.3
14569.39659729607	750	14.25720740274134	0.0	318564	3429.617973071737	1	0.3
14572.060354019464	750	15.593450679347434	0.0	352642	2663.756723393906	1	0.75
14578.035384828147	750	13.618419870665916	0.0	437162	5975.0308086815185	1	0.75
14583.757440315925	750	11.896364382887805	0.0	374758	5722.055487778111	1	0.75
14586.618009094045	750	13.035795604768218	0.0	362795	2860.568778119586	1	0.75
14589.193981009896	750	14.459823688918352	0.0	353220	2575.971915849866	1	0.75
14594.060557156487	750	13.593247542327699	0.0	405134	4866.5761465906535	1	0.75
14597.886363516165	750	13.767441182649197	0.0	386351	3825.8063596785014	1	0.75
14602.459753207342	750	13.194051491471019	0.0	434409	4573.38969117818	1	0.75
14606.012984401767	750	13.64082029704837	0.0	337059	3553.2311944226503	1	0.75
14608.923791004197	750	14.730013694617645	0.0	366214	2910.806602430725	1	0.75
14615.63753738551	750	12.016267313305429	0.0	360831	6713.746381312216	1	0.75
14620.217408737552	750	11.436395961263814	0.0	372963	4579.871352041614	1	0.75
14623.29925516544	750	12.35454953337465	0.0	405596	3081.8464278891647	1	0.75
14626.150421365646	750	13.503383333169582	0.0	350713	2851.166200205067	1	0.75
14628.991178205471	750	14.662626493344085	0.0	386472	2840.756839825497	1	0.75
14632.021687938673	750	15.632116760142027	0.0	399894	3030.509733202057	1	0.75
14635.030384081147	750	16.62342061767056	0.0	401853	3008.6961424714664	1	0.75
14639.818848925599	750	15.834955773216974	0.0	343800	4788.464844453589	1	0.75
14643.44226418407	750	16.2115405147455	0.0	359903	3623.415258471474	1	0.75
14646.422059822831	750	17.23174487598429	0.0	379700	2979.7956387612085	1	0.75
14651.472133282832	750	16.181671415982002	0.0	425781	5050.07346000229	1	0.75
14655.595494707964	750	16.05830999084957	0.0	277716	4123.361425132433	1	0.75
14658.568310759227	750	17.085493939588662	0.0	400396	2972.8160512609043	1	0.75
14663.123496289661	750	16.530308409153793	0.0	400508	4555.185530434867	1	0.75
14665.713318027634	750	17.94048667118166	0.0	358218	2589.8217379721327	1	0.75
14669.693871060927	750	17.959933637889677	0.0	400322	3980.553033291982	1	0.75
14672.52064698331	750	19.1331577155061	0.0	369834	2826.7759223835733	1	0.75
14677.65945111016	750	17.994353588656406	0.0	412837	5138.804126849698	1	0.75
14683.591261085337	750	16.062543613478898	0.0	401088	5931.809975177507	1	0.75
14688.121311575458	750	15.532493123358273	0.0	365161	4530.050490120624	1	0.75
14690.723154203994	750	16.93065049482179	0.0	321064	2601.842628536483	1	0.75
14693.403883574478	750	18.24992112433713	0.0	361565	2680.729370484662	1	0.75
14696.056145116343	750	19.59765958247408	0.0	378327	2652.26154186305	1	0.75
14699.751890799344	750	19.901913899472426	0.0	390680	3695.745683001653	1	0.75
14703.166362564909	750	20.487442133906857	0.0	345516	3414.47176556557	1	0.75
14708.802409643407	750	18.851395055407764	0.0	384505	5636.047078499094	1	0.75
14714.193793650615	750	17.460011048201217	0.0	372093	5391.384007206545	1	0.75
14720.906746203415	750	14.74705849540059	0.0	438281	6712.952552800628	1	0.75
14724.437946716647	750	15.215857982167558	0.0	398987	3531.200513233032	1	0.75
14727.593729977452	750	16.060074721361957	0.0	393804	3155.7832608055987	1	0.75
14731.85987229452	750	15.793932404293846	0.0	331053	4266.142317068113	1	0.75
14734.538706651081	750	17.11509804773359	0.0	314107	2678.834356560257	1	0.75

