699.2379777362112	750	4.0	2.9943111910374913	450283	2994.3111910374914	1	-12.125538121461211
701.2947356462234	300	5.94324208998778	0.0	398865	2056.7579100122202	0	0.75
701.8802076329317	750	9.357770103279384	0.0	139857	585.4719867083967	1	-0.15000000000000002
710.9757386415886	300	4.262239094622526	0.0	382355	9095.531008656857	0	0.3
711.6053185702297	750	7.632659165981466	0.0	163442	629.5799286410601	1	-0.15000000000000002
712.809611951767	750	10.428365784444189	0.0	318564	1204.2933815372758	1	0.3
714.9602174466329	750	12.277760289578294	0.0	352642	2150.6054948658943	1	0.75
719.9172771803795	750	11.32070055583177	0.0	437162	4957.059733746524	1	0.75
739.2197434010478	300	4.0	7.981765664836499	374758	19302.46622066827	0	-33.57159235879694
739.9546873764536	750	7.265056024594122	0.0	139105	734.9439754058781	1	-0.15000000000000002
747.1953552110459	300	4.024388190001804	0.0	353220	7240.667834592317	0	0.3
748.1365261551853	750	7.083217245862471	0.0	156148	941.1709441393334	1	-0.15000000000000002
751.8604377633033	750	7.359305637744487	0.0	386351	3723.9116081179836	1	0.3
754.0826879016577	750	9.137055499390097	0.0	434409	2222.250138354391	1	0.75
757.6498125541256	750	9.569930846922244	0.0	337059	3567.124652467854	1	0.75
759.2225499403438	750	11.997193460704024	0.0	366214	1572.7373862182185	1	0.75
762.3242456234166	750	12.895497777631252	0.0	360831	3101.6956830727713	1	0.75
764.3909134525624	750	14.828829948485417	0.0	372963	2066.667829145834	1	0.75
766.5644043107585	750	16.655339090289417	0.0	405596	2173.490858196003	1	0.75
768.0361078612815	750	19.1836355397664	0.0	350713	1471.7035505230178	1	0.75
770.3937222539447	750	20.826021147103216	0.0	386472	2357.614392663186	1	0.75
772.3952828672101	750	22.82446053383784	0.0	399894	2001.5606132653786	1	0.75
774.4485113331428	1850	24.77123206790509	0.0	401853	2053.228465932749	3	0.75
778.0577447543411	1850	25.161998646706927	0.0	874175	3609.2334211981606	3	0.75
781.1812450088327	1850	26.038498392215306	0.0	897976	3123.5002544916206	3	1.85
784.1462434175684	1850	27.073499983479607	0.0	905935	2964.9984087356997	3	1.85
787.8071182873457	1850	27.41262511370229	0.0	1076599	3660.8748697773135	3	1.85
790.0858628708737	1850	29.133880530174245	0.0	758197	2278.7445835280455	3	1.85
792.5365936239933	1850	30.683149777054663	0.0	972798	2450.730753119585	3	1.85
804.6421933681866	750	22.57755003286142	0.0	975811	12105.59974419324	1	1.85
808.8930826306314	750	22.32666077041666	0.0	358218	4250.889262444761	1	-0.3500000000000001
812.7816549625378	750	22.438088438510285	0.0	400322	3888.572331906378	1	0.75
814.0859516323693	1850	25.133791768678808	0.0	369834	1304.2966698314735	3	0.75
817.7550129084985	1850	25.46473049254959	0.0	1035329	3669.0612761292177	3	0.75
820.7934400351348	1850	26.426303365913306	0.0	1026056	3038.427126636285	3	1.85
832.2916826884394	750	18.928060712608673	0.0	943942	11498.242653304635	1	1.85
835.9521582661339	750	19.267585134914235	0.0	321064	3660.4755776944357	1	-0.3500000000000001
851.5292480464763	300	7.6904953545718255	0.0	361565	15577.08978034241	0	0.75
851.9636634602202	1850	11.256079940827949	0.0	144254	434.4154137438763	3	-0.15000000000000002
892.3998100761467	300	4.0	29.18006667509848	930577	40436.14661592643	0	-125.17428670292347
896.6380272213685	300	4.0	0.2382171452219445	147968	4238.2171452219445	0	-2.2743337244543613
899.5635269278273	300	5.074500293541283	0.0	161857	2925.499706458717	0	0.3
903.4714926005176	300	5.166534620850808	0.0	145210	3907.9656726904764	0	0.3
911.5264179548991	300	4.0	2.8883907335305885	172312	8054.925354381396	0	-12.12008015418153
915.1948750348994	300	4.331542919999832	0.0	167025	3668.4570800001684	0	0.3
916.4929645167881	300	7.033453438111073	0.0	160064	1298.0894818887582	0	0.3
919.3468921748416	300	8.179525780057599	0.0	137507	2853.9276580534747	0	0.3
920.1627489878347	300	11.363668967064479	0.0	118421	815.8568129931195	0	0.3

