24728.751817542237	300	4.0	2.1171437503636477	450283	2117.1437503636475	0	-8.353718126563685
24729.201562218066	750	7.5502553241700445	0.0	155580	449.74467582995595	1	-0.15000000000000002
24732.440388567946	750	8.31142897429112	0.0	350812	3238.826349878923	1	0.3
24738.5090967323	300	6.2427208099375315	0.0	382355	6068.708164353589	0	0.75
24739.737735398267	300	9.014082143970905	0.0	163442	1228.6386659666264	0	-0.15000000000000002
24740.642472650572	750	12.109344891665161	0.0	126289	904.737252305745	1	0.3
24742.528909020002	750	14.222908522233114	0.0	352642	1886.436369432047	1	0.3
24745.83501066083	750	14.916806881405533	0.0	437162	3306.101640827581	1	0.75
24746.762114123296	1850	17.989703418939808	0.0	374758	927.103462465726	3	0.75
24749.08128449876	1850	19.67053304347564	0.0	913888	2319.170375464168	3	0.75
24752.36565123676	1850	20.386166305474326	0.0	939819	3284.3667380013135	3	1.85
24757.522659593877	1850	19.22915794835859	0.0	917428	5157.008357115733	3	1.85
24765.212475119988	1850	15.539342422246154	0.0	946851	7689.815526112437	3	1.85
24773.94863626396	750	10.803181278271683	0.0	1036454	8736.16114397447	1	1.85
24778.842924788692	300	9.908892753544242	0.0	337059	4894.2885247274435	0	-0.3500000000000001
24779.379987826644	750	13.371829715588362	0.0	138313	537.0630379558811	1	-0.15000000000000002
24780.83877225728	750	15.913045284955134	0.0	360831	1458.784430633228	1	0.3
24782.338860027987	750	18.412957514247218	0.0	372963	1500.087770707917	1	0.75
24783.32506928013	1850	21.42674826210526	0.0	405596	986.2092521419593	3	0.75
24785.868846391564	1850	22.88297115067073	0.0	923755	2543.777111434525	3	0.75
24787.920371673958	1850	24.831445868277132	0.0	891604	2051.5252823935984	3	1.85
24790.21785105179	1850	26.533966490439965	0.0	955231	2297.4793778371686	3	1.85
24793.04653289898	1850	27.705284643249676	0.0	968026	2828.681847190288	3	1.85
24796.820550432218	1850	27.931267110013316	0.0	874175	3774.0175332363624	3	1.85
24803.576344025016	1850	25.175473517213874	0.0	897976	6755.79359279944	3	1.85
24808.7801659739	1850	23.97165156832643	0.0	905935	5203.821948887447	3	1.85
24812.0137233807	1850	24.73809416152921	0.0	1076599	3233.5574067972193	3	1.85
24821.085829717842	750	19.66598782438627	0.0	758197	9072.10633714294	1	1.85
24821.901616255655	1850	22.85020128657297	0.0	400396	815.7865378133042	3	-0.3500000000000001
24824.53688089708	1850	24.214936645145052	0.0	975811	2635.2646414279147	3	0.75
24827.360805715783	1850	25.391011826442934	0.0	873429	2823.924818702117	3	1.85
24829.920073608515	1850	26.83174393371353	0.0	954453	2559.267892729402	3	1.85
24832.873545837658	1850	27.87827170456907	0.0	885062	2953.472229144461	3	1.85
24838.921819890686	1850	25.829997651543707	0.0	1035329	6048.274053025361	3	1.85
24841.447475063367	1850	27.30434247885922	0.0	1026056	2525.655172684487	3	1.85
24852.412437373947	750	20.339380168280872	0.0	943942	10964.962310578347	1	1.85
24853.571628656948	1850	23.180188885282213	0.0	321064	1159.1912829986613	3	-0.3500000000000001
24859.457250951567	1850	21.294566590663404	0.0	938587	5885.622294618806	3	0.75
24863.435383512944	1850	21.31643402928489	0.0	908665	3978.1325613785148	3	1.85
24865.720277679444	1850	23.031539862785895	0.0	930577	2284.894166498993	3	1.85
24867.40427400088	1850	25.34754354134868	0.0	858450	1683.996321437213	3	1.85
24870.765768064965	1850	25.986049477261773	0.0	1025005	3361.4940640869086	3	1.85
24876.193967822284	1850	24.557849719942993	0.0	886255	5428.1997573187755	3	1.85
24878.425220293346	1850	26.32659724887882	0.0	973972	2231.2524710641737	3	1.85
24883.126890217216	1850	25.624927325011935	0.0	958994	4701.669923866883	3	1.85
24888.853721176278	1850	23.898096365950718	0.0	982064	5726.830959061217	3	1.85
24892.899505282436	1850	23.85231225979376	0.0	830730	4045.7841061569598	3	1.85
24894.60553960253	1850	26.146277939700393	0.0	846370	1706.034320093363	3	1.85

