38726.62507395536	750	4.0	2.198225516955507	450283	2198.2255169555074	1	-8.70236972290868
38728.8407426535	750	5.78433130186119	0.0	398865	2215.6686981388098	1	0.75
38729.78876149314	750	8.836312462216894	0.0	350812	948.0188396442958	1	0.75
38730.45985449037	1850	12.165219464984611	0.0	382355	671.0929972322829	3	0.75
38736.572388501874	1850	10.05268545347574	0.0	996749	6112.534011508872	3	0.75
38742.23557260727	750	8.389501348079268	0.0	801058	5663.184105396473	1	1.85
38742.984421498666	1850	11.64065245668613	0.0	352642	748.8488913931382	3	-0.3500000000000001
38744.868797954194	1850	13.756276001154728	0.0	1060487	1884.3764555314024	3	0.75
38754.09372989461	750	8.531344060737375	0.0	852833	9224.931940417353	1	1.85
38755.23056571645	1850	11.394508238898375	0.0	362795	1136.8358218389992	3	-0.3500000000000001
38761.03122893215	1850	9.593845023193095	0.0	939819	5800.663215705281	3	0.75
38762.864645243186	1850	11.760428712161636	0.0	917428	1833.4163110314594	3	1.85
38764.54270240009	1850	14.082371555259657	0.0	946851	1678.0571569019787	3	1.85
38767.08411088305	1850	15.540963072294835	0.0	1036454	2541.408482964821	3	1.85
38768.80128976212	1850	17.82378419321842	0.0	821631	1717.178879076415	3	1.85
38770.125460365736	1850	20.499613589607772	0.0	923170	1324.170603610648	3	1.85
38776.841870894146	1850	17.78320306119555	0.0	966699	6716.410528412225	3	1.85
38779.21170950747	1850	19.413364447870336	0.0	885714	2369.8386133252143	3	1.85
38784.39727453053	1850	18.2277994248145	0.0	987708	5185.565023055836	3	1.85
38791.1500251263	1850	15.475048829041896	0.0	923755	6752.750595772604	3	1.85
38792.635655629834	1850	17.989418325507003	0.0	891604	1485.6305035348953	3	1.85
38794.54676178846	1850	20.078312166885105	0.0	955231	1911.1061586218975	3	1.85
38801.569328955055	1850	17.05574500028675	0.0	968026	7022.567166598358	3	1.85
38802.93117562956	1850	19.69389832578476	0.0	874175	1361.8466745019869	3	1.85
38806.21269555321	1850	20.41237840213167	0.0	897976	3281.519923653094	3	1.85
38809.555637910446	1850	21.069436044886327	0.0	905935	3342.942357245341	3	1.85
38811.04736119915	4300	23.57771275618464	0.0	1076599	1491.7232887016885	5	1.85
38826.642464531535	1850	11.98260942379853	0.0	1972048	15595.103332386108	3	1.8499999999999996
38829.93785196759	1850	12.687221987745158	0.0	972798	3295.3874360533737	3	-0.6000000000000001
38846.044737511285	300	4.0	3.41966355594826	975811	16106.885543693417	0	-12.854553290577519
38847.88213961692	300	6.162597894363052	0.0	157421	1837.4021056369484	0	-1.25
38848.148848982826	1850	9.895888528456588	0.0	157488	266.7093659064638	3	0.3
38849.278131244384	1850	12.766606266900745	0.0	885062	1129.2822615558434	3	0.30000000000000004
38858.59404644085	1850	7.450691070440933	0.0	1035329	9315.915196459811	3	1.85
38864.77964622703	750	5.265091284266009	0.0	1026056	6185.599786174924	1	1.85
38867.009418109104	750	7.035319402186793	0.0	365161	2229.771882079216	1	-0.3500000000000001
38873.513556256396	300	4.531181254889769	0.0	321064	6504.138147297024	0	0.75
38874.68538549739	300	7.359352013897136	0.0	124011	1171.8292409926323	0	-0.15000000000000002
38875.24628942169	750	10.798448089606984	0.0	144254	560.9039242901524	1	0.3
38878.97136254319	750	11.073374968105282	0.0	390680	3725.0731215017013	1	0.3
38880.74809992417	750	13.296637587121216	0.0	345516	1776.7373809840658	1	0.75
38881.91482439021	1850	16.129913121078072	0.0	384505	1166.724466043146	3	0.75
38885.707054686245	1850	16.33768282503814	0.0	886255	3792.230296039932	3	0.75
38896.94141683777	750	9.1033206735167	0.0	973972	11234.362151521438	1	1.85
38897.886140675946	1850	12.158596835336564	0.0	398987	944.723838180137	3	-0.3500000000000001
38903.67145615774	1200	10.37328135354383	0.0	982064	5785.315481792734	2	0.75
38905.18768466464	1850	12.857052846639725	0.0	538612	1516.2285069041045	3	0.5499999999999999
38909.932307487135	1850	12.11243002414564	0.0	846370	4744.622822494085	3	1.2000000000000002

