72211.7201762573	300	4.0	6.182542949097989	181801	6182.54294909799	-26.284934681121353
72212.53266155104	300	7.187514706247144	0.0	155580	812.4852937528565	0.3
72213.27112147989	300	10.449054777410577	0.0	139857	738.4599288365678	0.3
72220.1290487381	300	7.591127519190882	0.0	155432	6857.9272582196945	0.3
72222.26810550595	300	9.452070751336349	0.0	163442	2139.0567678545335	0.3
72223.68524387458	300	12.034932382717104	0.0	126289	1417.1383686192455	0.3
72234.405371869	300	5.314804388301818	0.0	153295	10720.127994415285	0.3
72236.56648319644	300	7.153693060861198	0.0	173849	2161.1113274406193	0.3
72237.90683413217	300	9.813342125128926	0.0	150710	1340.3509357322732	0.3
72240.42226496268	300	11.297911294624432	0.0	139105	2515.430830504493	0.3
72240.77592432314	300	14.944251934158487	0.0	141840	353.65936046594635	0.3
72241.6375706242	750	18.08260563309383	0.0	405134	861.6463010646553	0.3
72242.46297789701	750	21.257198360283773	0.0	386351	825.4072728100595	0.75
72245.55884534138	1200	22.161330915924644	0.0	687371	3095.8674443591276	0.75
72247.87217911717	1850	23.847997140131024	0.0	821631	2313.33377579362	1.2000000000000002
72252.79811067092	1850	22.922065586384416	0.0	923170	4925.931553746611	1.85
72254.60781899682	1850	25.112357260474788	0.0	966699	1809.708325909629	1.85
72263.08979287196	2850	20.63038338534078	0.0	1358801	8481.973875134005	1.85
72264.80544141962	1200	22.914734837685472	0.0	639204	1715.6485476553105	-0.44999999999999996
72266.36754181371	1850	25.352634443586506	0.0	923755	1562.1003940989633	1.2000000000000002
72268.53252828614	1850	27.18764797115527	0.0	891604	2164.9864724312383	1.85
72276.72606285414	2850	22.99411340315956	0.0	1468126	8193.534567995706	1.85
72281.00774599725	1850	22.712430260050773	0.0	968026	4281.6831431087885	0.8500000000000001
72282.40095790896	1200	25.31921834834477	0.0	536667	1393.2119117060029	0.5499999999999999
72287.88216899706	2850	23.838007260234466	0.0	1383735	5481.211088110302	1.2000000000000002
72290.86505540666	1850	24.855120850641406	0.0	905935	2982.886409593064	0.8500000000000001
72304.50570822248	2850	15.21446803482234	0.0	1547572	13640.652815819063	1.85
72305.25798492115	750	18.462191336155882	0.0	277716	752.2766986664567	-1.35
72307.89134245226	1200	19.828833805037625	0.0	622896	2633.3575311182562	0.75
72309.38624045828	1200	22.333935799020285	0.0	641447	1494.8980060173426	1.2
72320.20943606026	1850	15.510740197034995	0.0	873429	10823.19560198529	1.2000000000000002
72320.98026613475	750	18.739910122542845	0.0	400322	770.8300744921487	-0.3500000000000001
72322.06866902842	1200	21.65150722887372	0.0	584349	1088.402893669128	0.75
72334.96750352789	1200	12.752672729399318	0.0	670129	12898.834499474398	1.2
72343.44183543013	750	8.278340827167689	0.0	401088	8474.33190223163	0.3
72344.48359005849	300	11.236586198802849	0.0	159914	1041.7546283648398	-0.15000000000000002
72345.20346942414	300	14.516706833152977	0.0	131610	719.8793656498708	0.3
72346.71721930103	750	17.002956956267983	0.0	361565	1513.7498768849962	0.3
72347.42900076976	750	20.29117548754206	0.0	378327	711.7814687259233	0.75
72348.49009755524	1200	23.230078702048843	0.0	587506	1061.0967854932169	0.75
72360.90233295113	1850	14.817843306170987	0.0	858450	12412.235395877855	1.2000000000000002
72361.79903414594	750	17.921142111361437	0.0	384505	896.7011948095492	-0.3500000000000001
72362.66937184683	750	21.05080441047258	0.0	372093	870.3377008888559	0.75
72364.50727121242	1200	23.212905044871057	0.0	634861	1837.8993656015239	0.75
72367.33931319813	1850	24.380863059160944	0.0	958994	2832.0419857101137	1.2000000000000002
72373.91841589217	1850	21.801760365133415	0.0	982064	6579.102694027529	1.85
72374.77861357339	1200	24.94156268390828	0.0	538612	860.1976812251344	0.5499999999999999
72378.042550004	1850	25.677626253282853	0.0	846370	3263.936430625428	1.2000000000000002

