58298.49511909952	300	4.0	3.8622011256347126	450283	3862.2011256347128	0	-15.857464840229262
58299.42284900837	300	7.072270091154298	0.0	155580	927.7299088457022	0	-0.15000000000000002
58300.918877130585	300	9.576241968937241	0.0	139857	1496.0281222170565	0	0.3
58301.638818467756	750	12.856300631761771	0.0	155432	719.9413371754703	1	0.3
58303.876144823684	750	14.618974275834807	0.0	411561	2237.3263559269644	1	0.3
58309.85985566178	750	12.635263437737171	0.0	318564	5983.710838097637	1	0.75
58310.78265903482	1850	15.712460064696547	0.0	352642	922.8033730406233	3	0.75
58313.66775989204	1850	16.82735920747195	0.0	1060487	2885.1008572245973	3	0.75
58317.880269809946	1850	16.61484928957512	0.0	852833	4212.509917896832	3	1.85
58320.442130276635	1850	18.052988822885133	0.0	913888	2561.8604666899864	3	1.85
58323.81760108609	1850	18.677518013425168	0.0	939819	3375.470809459967	3	1.85
58325.88751195671	1850	20.607607142814675	0.0	917428	2069.9108706104907	3	1.85
58327.56354489575	1850	22.931574203778894	0.0	946851	1676.0329390357801	3	1.85
58332.85513452718	1850	21.639984572345984	0.0	1036454	5291.589631432911	3	1.85
58338.32864960031	1850	20.166469499211452	0.0	821631	5473.515073134532	3	1.85
58341.0126554911	1850	21.482463608423735	0.0	923170	2684.005890787719	3	1.85
58345.06152463786	1850	21.433594461664924	0.0	966699	4048.8691467588096	3	1.85
58346.56058459983	1850	23.93453449968968	0.0	885714	1499.0599619752459	3	1.85
58348.049379101576	4300	26.445739997944578	0.0	987708	1488.7945017450977	5	1.85
58352.66727356175	4300	25.827845537770223	0.0	2156729	4617.894460174356	5	1.8499999999999996
58359.95454431473	4300	22.540574784789	0.0	2039773	7287.270752981222	5	4.3
58367.17854631591	4300	19.3165727836076	0.0	2176469	7224.002001181402	5	4.3
58370.54383146697	4300	19.95128763255172	0.0	2221506	3365.2851510558835	5	4.3
58375.04389647114	4300	19.45122262837715	0.0	2044075	4500.065004174569	5	4.3
58378.08257603707	4300	20.412543062449977	0.0	2186790	3038.6795659271684	5	4.3
58380.57890957395	4300	21.916209525572967	0.0	2105231	2496.333536877012	5	4.3
58384.62547032783	4300	21.86964877168901	0.0	2395588	4046.560753883954	5	4.3
58392.64625499695	1850	17.84886410257283	0.0	1972048	8020.784669116182	3	4.3
58393.67601690439	4300	20.819102195129684	0.0	972798	1029.7619074431473	5	-0.6000000000000001
58398.56900746995	4300	19.926111629565252	0.0	2164140	4892.99056556443	5	1.8499999999999996
58402.32158705044	4300	20.17353204907105	0.0	2113193	3752.5795804942036	5	4.3
58405.00198907167	4300	21.493130027841172	0.0	2147852	2680.402021229879	5	4.3
58409.31410838319	4300	21.18101071633262	0.0	2191074	4312.119311508555	5	4.3
58419.87435522451	1850	14.620763875011002	0.0	2286761	10560.246841321616	3	4.3
58420.96108076031	4300	17.534038339209722	0.0	1026056	1086.7255358012806	5	-0.6000000000000001
58423.741692899916	4300	18.753426199602202	0.0	2143948	2780.6121396075173	5	1.8499999999999996
58425.76146397473	4300	20.733655124777176	0.0	1919781	2019.7710748250297	5	4.3
58432.75919747432	4300	17.735921625194603	0.0	2147467	6997.733499582573	5	4.3
58437.073518002704	4300	17.421601096804288	0.0	2133870	4314.320528390315	5	4.3
58442.23736089792	4300	16.257758201588445	0.0	2146120	5163.842895215844	5	4.3
58445.49782982646	4300	16.997289273049766	0.0	2108491	3260.468928538678	5	4.3
58453.369239509484	1850	13.125879590026795	0.0	2184571	7871.409683022972	3	4.3
58454.55862335088	1850	15.936495748631563	0.0	886255	1189.383841395231	3	-0.6000000000000001
58455.855487600216	4300	18.639631499300652	0.0	973972	1296.8642493309085	5	1.85
58458.629918606464	4300	19.865200493049446	0.0	2124950	2774.4310062512054	5	1.8499999999999996
58466.884594987656	4300	15.610524111865786	0.0	2246506	8254.676381183663	5	4.3
58471.73271953831	4300	14.762399561209534	0.0	1961140	4848.124550656251	5	4.3
58477.91033636727	1850	12.58478273224762	0.0	2155012	6177.616828961917	3	4.3

