18924.131259645954	300	4.0	1.993680029737563	181801	1993.680029737563	-8.27282412787152
18924.912771287454	300	7.218488358502995	0.0	155580	781.511641497005	0.3
18926.36766022225	300	9.763599423703809	0.0	139857	1454.8889347991862	0.3
18927.07255789866	300	13.058701747295448	0.0	155432	704.8976764083598	0.3
18928.833050386045	750	15.298209259908454	0.0	411561	1760.4924873869943	0.3
18930.33474516208	750	17.796514483871604	0.0	318564	1501.6947760368491	0.75
18935.936915514772	750	16.194344131182778	0.0	352642	5602.170352688827	0.75
18939.80034469702	750	16.33091494893389	0.0	437162	3863.429182248887	0.75
18941.340213374082	750	18.791046271873874	0.0	374758	1539.8686770600157	0.75
18943.95161163093	1200	20.17964801502252	0.0	560821	2611.398256851359	0.75
18947.0151564763	1200	21.11610316965322	0.0	607410	3063.5448453692975	1.2
18951.787227299286	1200	20.34403234666552	0.0	594078	4772.070822987698	1.2
18954.39114871123	1200	21.740110934722733	0.0	624282	2603.92141194279	1.2
18961.007206825667	1850	19.124052820286217	0.0	1036454	6616.058114436518	1.2000000000000002
18963.518137291274	1200	20.613122354676154	0.0	526950	2510.9304656100603	0.5499999999999999
18967.51229424196	1200	20.618965403995535	0.0	587876	3994.1569506806195	1.2
18975.775211847333	1200	16.3560477986211	0.0	617242	8262.917605374438	1.2
18979.74571212882	750	16.385547517131123	0.0	372963	3970.500281489975	0.3
18983.655276282792	750	16.47598336316299	0.0	405596	3909.5641539681337	0.75
18988.04404796801	750	16.087211677943163	0.0	350713	4388.771685219826	0.75
18989.031273757086	750	19.099985888868396	0.0	386472	987.2257890747635	0.75
18990.57812528215	1200	21.553134363805025	0.0	616206	1546.85152506337	0.75
18992.888767890392	1850	23.2424917555619	0.0	968026	2310.6426082431235	1.2000000000000002
18995.165807335336	1850	24.965452310620407	0.0	874175	2277.039444941494	1.85
18998.43689723842	1850	25.694362407532605	0.0	897976	3271.089903087804	1.85
19000.272672591116	1850	27.858587054838207	0.0	905935	1835.7753526943945	1.85
19003.315982931133	2850	28.815276714820264	0.0	1547572	3043.3103400179416	1.85
19010.632327427713	2850	25.49893221824375	0.0	1141971	7316.344496576516	2.85
19013.444316608366	2850	26.686943037587856	0.0	1498470	2811.9891806558953	2.85
19019.358810215883	4300	24.772449430070488	0.0	2164140	5914.493607517367	2.8499999999999996
19026.224251640586	1850	21.907008005368205	0.0	873429	6865.441424702281	-0.6000000000000001
19028.189581987936	1850	23.941677658016914	0.0	954453	1965.3303473512894	1.85
19029.900573015402	1850	26.230686630551297	0.0	885062	1710.9910274656168	1.85
19033.35021777205	2850	26.781041873902492	0.0	1587293	3449.644756648802	1.85
19036.78664610193	2850	27.344613544026707	0.0	1492672	3436.428329875788	2.85
19042.284840329223	2850	25.84641931673405	0.0	1439896	5498.194227292655	2.85
19049.62896823178	2850	22.502291414176312	0.0	1139291	7344.127902557735	2.85
19053.37643237104	1200	22.754827274917172	0.0	575591	3747.464139259142	-0.44999999999999996
19059.34864958346	1850	20.782610062495625	0.0	908665	5972.2172124215485	1.2000000000000002
19060.34843173	1200	23.782827915956002	0.0	587506	999.7821465396237	0.5499999999999999
19066.02560721819	1850	22.105652427764667	0.0	858450	5677.175488191333	1.2000000000000002
19069.712239645407	1200	22.41902000054788	0.0	641452	3686.6324272167885	0.5499999999999999
19071.223127120807	1850	24.908132525146293	0.0	886255	1510.8874754015887	1.2000000000000002
19073.2620263104	1850	26.869233335556142	0.0	973972	2038.899189590149	1.85
19078.022489187504	2850	26.108770458449115	0.0	1464921	4760.462877107026	1.85
19082.658991808177	2850	25.47226783777653	0.0	1483527	4636.502620672585	2.85
19087.208231887056	2850	24.923027758894474	0.0	1231456	4549.240078882054	2.85
19090.480428223655	1850	25.65083142229779	0.0	846370	3272.196336596681	0.8500000000000001

