27115.134277032143	300	4.0	5.010966960333859	450283	5010.96696033386	0	-20.797157929435595
27117.2155555442	300	5.918721487941656	0.0	155580	2081.278512058344	0	-0.15000000000000002
27118.054112527534	300	9.080164504607312	0.0	139857	838.5569833343447	0	0.3
27118.77535929998	750	12.358917732161132	0.0	155432	721.2467724461804	1	0.3
27119.595274181254	1850	15.539002850885991	0.0	411561	819.9148812751401	3	0.3
27124.552480442344	1850	14.581796589793955	0.0	801058	4957.206261092037	3	0.75
27128.454341414592	1850	14.679935617547045	0.0	905515	3901.8609722469087	3	1.85
27133.241925060993	1850	13.892351971150314	0.0	1060487	4787.583646396733	3	1.85
27134.555938828566	1850	16.57833820357745	0.0	852833	1314.0137675728674	3	1.85
27135.839981620917	1850	19.29429541122749	0.0	913888	1284.0427923499549	3	1.85
27137.079490884393	1850	22.054786147747894	0.0	939819	1239.5092634795972	3	1.85
27139.104995219357	1850	24.0292818127827	0.0	917428	2025.5043349651987	3	1.85
27148.450138844713	1850	18.684138187425365	0.0	946851	9345.143625357332	3	1.85
27156.50602533182	1850	14.628251700320286	0.0	1036454	8055.886487105077	3	1.85
27171.22279286136	300	4.0	0.08851582922263697	821631	14716.767529542924	0	1.469381934342661
27172.44826191737	300	6.774530943991831	0.0	138313	1225.4690560081685	0	-1.25
27174.242164183972	300	8.980628677387791	0.0	143509	1793.90226660404	0	0.3
27179.960389332784	300	7.262403528574109	0.0	150616	5718.225148813682	0	0.3
27181.07881840989	300	10.143974451467024	0.0	165384	1118.429077107086	0	0.3
27181.98739702323	750	13.235395838125807	0.0	140881	908.5786133412164	1	0.3
27192.529683081768	300	6.693109779588263	0.0	386472	10542.286058537544	0	0.3
27192.812707334182	1850	10.410085527174976	0.0	157812	283.0242524132866	3	-0.15000000000000002
27194.138067350952	1850	13.084725510404237	0.0	968026	1325.360016770741	3	0.30000000000000004
27198.654517328494	1850	12.568275532866574	0.0	874175	4516.449977537662	3	1.85
27199.735938851158	1850	15.486854010199721	0.0	897976	1081.4215226668528	3	1.85
27203.291446251056	1850	15.931346610301894	0.0	905935	3555.5073998978255	3	1.85
27209.64119545427	1850	13.581597407091042	0.0	1076599	6349.749203210852	3	1.85
27213.13784311372	1850	14.084949747639254	0.0	758197	3496.647659451787	3	1.85
27218.517001411852	1850	12.705791449506664	0.0	972798	5379.158298132587	3	1.85
27223.23853811102	1850	11.984254750339037	0.0	975811	4721.536699167628	3	1.85
27224.58235343125	1850	14.640439430109401	0.0	873429	1343.8153202296369	3	1.85
27225.947914089567	1850	17.274878771791904	0.0	954453	1365.5606583174954	3	1.85
27227.119866463112	1850	20.102926398245742	0.0	885062	1171.9523735461607	3	1.85
27229.245821592274	1850	21.9769712690832	0.0	1035329	2125.9551291625403	3	1.85
27238.779770476605	1850	16.44302238475098	0.0	1026056	9533.948884332227	3	1.85
27246.420277771063	1850	12.802515090291857	0.0	943942	7640.507294459119	3	1.85
27260.606755683806	300	4.0	1.383962822451791	728962	14186.477912743649	0	-4.101040136542702
27261.395056992016	750	7.21169869179	0.0	124011	788.3013082100011	1	-1.25
27266.372735233977	300	6.234020449831029	0.0	378327	4977.67824195897	0	0.3
27270.67790895147	300	5.928846732335104	0.0	149991	4305.173717495926	0	-0.15000000000000002
27271.628169101947	300	8.97858658186149	0.0	147968	950.2601504736133	0	0.3
27276.82238989814	300	7.784365785667968	0.0	161857	5194.220796193523	0	0.3
27282.55395351411	300	6.052802169697553	0.0	145210	5731.563615970415	0	0.3
27282.855631935152	750	9.751123748653285	0.0	172312	301.6784210442694	1	0.3
27283.448926471676	1850	13.15782921213122	0.0	398987	593.2945365220642	3	0.3
27284.856624046966	1850	15.750131636841061	0.0	982064	1407.6975752901592	3	0.75
27289.215837462714	1850	15.390918221090079	0.0	830730	4359.213415750983	3	1.85
27290.239708049616	1850	18.36704763419294	0.0	846370	1023.870586897138	3	1.85

