187.002118652221	750	4.0	1.5532468923158504	450283	1553.2468923158503	1	-5.928961636958157
188.1974648630729	750	6.80465378914807	0.0	398865	1195.3462108519302	1	0.75
189.02511913275364	1850	9.976999519467338	0.0	350812	827.6542696807314	3	0.75
191.344882861175	1850	11.657235791045993	0.0	933276	2319.7637284213447	3	0.75
197.80279462629727	1850	9.199324025923689	0.0	996749	6457.911765122303	3	1.85
199.53374210312475	1850	11.468376549096208	0.0	801058	1730.9474768274818	3	1.85
201.83735938137008	1850	13.164759270850908	0.0	905515	2303.6172782453004	3	1.85
205.22522739457008	1850	13.776891257650904	0.0	1060487	3387.8680132000027	3	1.85
207.5547817291845	1850	15.447336923036493	0.0	852833	2329.554334614412	3	1.85
209.87240137402412	1850	17.12971727819686	0.0	913888	2317.6196448396313	3	1.85
212.12836268457704	1850	18.873755967643962	0.0	939819	2255.961310552898	3	1.85
217.36300309870853	1850	17.639115553512486	0.0	917428	5234.640414131477	3	1.85
219.73214161013277	1850	19.269977042088254	0.0	946851	2369.138511424232	3	1.85
222.43192685550613	1850	20.57019179671487	0.0	1036454	2699.7852453733813	3	1.85
223.98506300870062	1850	23.017055643520404	0.0	821631	1553.1361531944628	3	1.85
226.2060151928623	1850	24.7961034593587	0.0	923170	2220.952184161705	3	1.85
228.8309993242818	1850	26.171119327939188	0.0	966699	2624.98413141951	3	1.85
231.44928483207173	1850	27.55283382014929	0.0	885714	2618.285507789899	3	1.85
233.99871083174042	1850	29.003407820480575	0.0	987708	2549.4259996687138	3	1.85
236.38503766838173	1850	30.617080983839283	0.0	923755	2386.3268366412885	3	1.85
238.39505361455096	1850	32.60706503767005	0.0	891604	2010.0159461692392	3	1.85
240.66957704634524	1850	34.33254160587577	0.0	955231	2274.5234317942795	3	1.85
243.06963999508042	4300	35.93247865714059	0.0	968026	2400.0629487351775	5	1.85
247.97901707205352	4300	35.02310158016752	0.0	2044075	4909.377076973076	5	1.8499999999999996
253.22068025118756	4300	33.781438401033476	0.0	2186790	5241.663179134045	5	4.3
258.0811709682559	4300	32.920947683965146	0.0	2105231	4860.490717068327	5	4.3
263.1908313739093	4300	31.811287278311713	0.0	2395588	5109.660405653434	5	4.3
268.2621555652284	4300	30.739963086992635	0.0	1972048	5071.324191319081	5	4.3
273.1313462973737	4300	29.870772354847272	0.0	2134614	4869.19073214536	5	4.3
278.24374327856634	4300	28.75837537365466	0.0	2164140	5112.396981192614	5	4.3
283.3868727201119	4300	27.61524593210905	0.0	2113193	5143.129441545605	5	4.3
287.59835417178925	4300	27.403764480431725	0.0	2147852	4211.481451677324	5	4.3
292.8775245732555	4300	26.124594078965444	0.0	2191074	5279.17040146628	5	4.3
297.58039214753467	4300	25.421726504686294	0.0	2286761	4702.867574279151	5	4.3
303.1192245271072	4300	23.88289412511373	0.0	2307787	5538.832379572567	5	4.3
308.31350903755015	4300	22.688609614670792	0.0	2143948	5194.284510442937	5	4.3
313.05522905142584	4300	21.94688960079513	0.0	1919781	4741.720013875664	5	4.3
318.28749772095114	4300	20.714620931269778	0.0	2147467	5232.26866952535	5	4.3
322.4128075373314	4300	20.5893111148896	0.0	2133870	4125.309816380182	5	4.3
328.6258922988118	4300	18.37622635340919	0.0	2146120	6213.084761480406	5	4.3
333.67088589929875	4300	17.331232752922165	0.0	2108491	5044.993600487027	5	4.3
339.213711229813	4300	15.788407422407932	0.0	2184571	5542.825330514233	5	4.3
345.20490126807033	1850	13.797217384150569	0.0	2121928	5991.190038257365	3	4.3
348.06832840738946	1850	14.93379024483146	0.0	973972	2863.4271393191084	3	-0.6000000000000001
350.717855719459	1850	16.284262932761916	0.0	958994	2649.527312069545	3	1.85
354.2279840149236	1850	16.774134637297283	0.0	982064	3510.1282954646294	3	1.85
356.3467911225448	1850	18.655327529676114	0.0	830730	2118.807107621173	3	1.85
358.429749675435	1850	20.572368976785913	0.0	846370	2082.958552890198	3	1.85

