69077.27459693463	300	4.0	0.7844089405126341	181801	784.4089405126341	-3.0729584442043265
69077.87945829004	300	7.39513864459143	0.0	155580	604.8613554085697	0.3
69078.43403949171	300	10.84055744291406	0.0	139857	554.5812016773707	0.3
69079.47260572447	300	13.801991210164262	0.0	155432	1038.5662327497967	0.3
69081.29020692254	750	15.984390012103102	0.0	411561	1817.6011980611606	0.3
69082.59390509305	750	18.6806918415847	0.0	318564	1303.6981705184023	0.75
69084.59187593232	1200	20.682721002314604	0.0	561791	1997.9708392700954	0.75
69087.54003642652	1200	21.734560508100888	0.0	709534	2948.160494213718	1.2
69091.25186247163	1850	22.022734462997892	0.0	852833	3711.8260451029964	1.2000000000000002
69093.06879677526	1200	24.205800159352396	0.0	560821	1816.934303645496	0.5499999999999999
69097.21352876924	2850	24.061068165375154	0.0	1354548	4144.731993977242	1.2000000000000002
69100.53249283238	1850	24.74210410223824	0.0	917428	3318.9640631369107	0.8500000000000001
69106.01713641253	2850	23.257460522084955	0.0	1422919	5484.643580153286	1.85
69109.55446323127	1850	23.720133703354996	0.0	1036454	3537.326818729959	0.8500000000000001
69112.32509030442	1850	24.94950663020685	0.0	821631	2770.6270731481445	1.85
69117.48123275	1850	23.793364184632047	0.0	923170	5156.1424455748065	1.85
69121.28341700508	1850	23.991179929547013	0.0	966699	3802.1842550850333	1.85
69124.249043512	1850	25.02555342262526	0.0	885714	2965.62650692175	1.85
69128.75142835222	1850	24.523168582398217	0.0	987708	4502.384840227046	1.85
69133.24594075707	2850	24.028656177552513	0.0	1336050	4494.512404845704	1.85
69137.59514050934	1850	23.67945642528335	0.0	891604	4349.199752269158	0.8500000000000001
69142.18330833557	1850	23.091288599054206	0.0	955231	4588.167826229148	1.85
69147.34151236118	1850	21.933084573441082	0.0	968026	5158.204025613123	1.85
69150.61964434679	1200	22.65495258783041	0.0	536667	3278.1319856106697	0.5499999999999999
69154.84141499102	1850	22.43318194360194	0.0	897976	4221.770644228473	1.2000000000000002
69160.26549682395	1850	21.00910011066489	0.0	905935	5424.081832937052	1.85
69163.03332952432	1200	22.24126741028811	0.0	696376	2767.832700376776	0.5499999999999999
69166.22863799738	1850	23.045958937243622	0.0	758197	3195.3084730444903	1.2000000000000002
69174.65035434664	1850	18.6242425879855	0.0	972798	8421.716349258118	1.85
69177.12264672293	1200	20.15195021169297	0.0	641447	2472.2923762925316	0.5499999999999999
69178.95557749312	1200	22.31901944150431	0.0	570392	1832.9307701886596	1.2
69182.83152171512	1850	22.44307521949789	0.0	954453	3875.9442220064197	1.2000000000000002
69184.59583310274	1850	24.678763831882502	0.0	885062	1764.3113876153861	1.85
69186.31232947297	1850	26.962267461636852	0.0	1035329	1716.4963702456462	1.85
69189.90658285661	2850	27.368014077993113	0.0	1492672	3594.25338364374	1.85
69193.53568926414	2850	27.73890767045251	0.0	1439896	3629.106407540603	2.85
69196.29615028828	2850	28.9784466463142	0.0	1139291	2760.461024138308	2.85
69200.25974379909	4300	29.014853135504868	0.0	2147467	3963.593510809331	2.8499999999999996
69204.4499790664	4300	28.82461786818823	0.0	2133870	4190.235267316638	4.3
69208.79393078263	4300	28.48066615195646	0.0	2146120	4343.95171623177	4.3
69211.07292967303	2850	30.201667261552696	0.0	1339500	2278.9988904037637	1.4000000000000001
69216.77852875658	4300	28.49606817800475	0.0	2184571	5705.599083547943	2.8499999999999996
69218.92377340427	2850	30.350823530303387	0.0	1343002	2145.2446477013673	1.4000000000000001
69226.68844087656	4300	26.58615605802008	0.0	2219102	7764.6674722833095	2.8499999999999996
69232.87040957565	2850	24.404187358928485	0.0	1464921	6181.968699091593	1.4000000000000001
69236.07312272162	1850	25.201474212969522	0.0	982064	3202.7131459589614	0.8500000000000001
69239.85706072686	2850	25.417536207718012	0.0	1231456	3783.9380052515103	1.85
69242.76704182907	1850	26.507555105524126	0.0	846370	2909.981102193884	0.8500000000000001

