75858.20698154341	750	4.0	0.5586366700457084	450283	558.6366700457083	-1.652137681196546
75859.09431130662	750	7.112670236789274	0.0	398865	887.3297632107259	0.75
75859.8936037691	750	10.313377774287325	0.0	350812	799.2924625019505	0.75
75861.39797529476	1200	12.809006248625531	0.0	617681	1504.3715256617938	0.75
75862.03029219066	1200	16.176689352731287	0.0	652874	632.3168958942446	1.2
75863.60346830467	4300	18.603513238708036	0.0	1941625	1573.1761140232463	1.1999999999999997
75870.28269982609	4300	15.92428171729662	0.0	2157535	6679.231521411419	4.3
75871.09590691155	1850	19.111074631833187	0.0	1060487	813.2070854634288	-0.6000000000000001
75873.69846892334	4300	20.50851262004826	0.0	2055469	2602.562011784923	1.8499999999999996
75876.7686143182	2850	21.43836722517419	0.0	1429765	3070.1453948740746	1.4000000000000001
75877.49940091498	1850	24.707580628399537	0.0	939819	730.7865967746518	0.8500000000000001
75879.96738458819	4300	26.239596955180588	0.0	2102452	2467.983673218949	1.8499999999999996
75886.95513038279	4300	23.25185116058901	0.0	2209463	6987.745794591576	4.3
75887.7626480388	1850	26.44433350458296	0.0	1036454	807.5176560060507	-0.6000000000000001
75891.35547681151	4300	26.85150473186736	0.0	2005399	3592.8287727155966	1.8499999999999996
75893.59121279792	4300	28.615768745455117	0.0	2152483	2235.735986412246	4.3
75896.03519318848	4300	30.171788354913808	0.0	2289689	2443.9803905413055	4.3
75898.27125313025	4300	31.935728413136374	0.0	2059512	2236.0599417774347	4.3
75905.04729131146	4300	29.159690231931908	0.0	2220726	6776.038181204465	4.3
75906.04850188232	2850	32.15847966105698	0.0	1336050	1001.2105708749252	1.4000000000000001
75907.6235614374	4300	34.583420105986335	0.0	2039773	1575.0595550706475	2.8499999999999996
75911.34878592838	4300	34.8581956150059	0.0	2176469	3725.2244909804353	4.3
75913.3936030488	4300	36.81337849458731	0.0	2221506	2044.817120418588	4.3
75914.90409705805	4300	39.30288448532662	0.0	2044075	1510.4940092606917	4.3
75919.96146591842	4300	38.24551562496602	0.0	2186790	5057.368860360599	4.3
75924.16748036501	2850	38.039501178384405	0.0	1480464	4206.014446581619	1.4000000000000001
75936.11368058328	2850	30.093300960107968	0.0	1547572	11946.200218276432	2.85
75937.31443578193	1850	32.89254576146175	0.0	758197	1200.7551986462195	0.8500000000000001
75944.51915531809	1850	29.687826225288653	0.0	972798	7204.7195361730965	1.85
75954.90262013773	1200	23.304361405668015	0.0	641447	10383.464819620636	0.5499999999999999
75955.96620458344	300	26.24077695995876	0.0	157421	1063.584445709254	-0.6000000000000001
75958.00387607982	300	28.203105463588205	0.0	157488	2037.6714963705565	0.3
75958.21774881052	300	31.98923273287697	0.0	143881	213.8727307112341	0.3
75959.261060995	1850	34.94592054840139	0.0	1035329	1043.3121844755829	0.30000000000000004
75965.71012113705	4300	32.496860406360184	0.0	2307787	6449.060142041203	1.8499999999999996
75977.96547554304	4300	24.241506000375193	0.0	2143948	12255.354405984992	4.3
75986.50628259819	1200	19.70069894522655	0.0	487812	8540.807055148643	-1.9000000000000001
75986.85863450558	300	23.34834703781842	0.0	124011	352.35190740812595	-0.6000000000000001
75988.2692718125	1200	25.937709730901574	0.0	605884	1410.6373069168462	0.29999999999999993
75990.39299713477	1850	27.813984408630713	0.0	930577	2123.7253222708605	1.2000000000000002
76000.69054836566	1850	21.51643317775013	0.0	858450	10297.551230880581	1.85
76002.14520350912	300	24.061778034274848	0.0	161857	1454.6551434752832	-1.25
76003.05872275512	300	27.148258788277964	0.0	145210	913.5192459968847	0.3
76003.64646456952	300	30.5605169738797	0.0	172312	587.7418143982626	0.3
76005.59955943016	1200	32.60742211323305	0.0	630203	1953.0948606466566	0.29999999999999993
76008.32095415135	1850	33.88602739204685	0.0	982064	2721.3947211862037	1.2000000000000002
76013.57260143057	4300	32.63438011283545	0.0	1961140	5251.647279211392	1.8499999999999996
76017.27719024169	4300	32.92979130172708	0.0	2155012	3704.588811108372	4.3

