51060.65655747637	300	4.0	2.8768697552616134	181801	2876.8697552616136	-12.070539947624937
51063.54790144201	300	5.1086560343556595	0.0	155580	2891.3439656443406	0.3
51065.32241140399	300	7.334146072375219	0.0	139857	1774.5099619804403	0.3
51067.288415079696	300	9.368142396666189	0.0	155432	1966.0036757090309	0.3
51069.62365693027	300	11.032900546096306	0.0	163442	2335.241850569882	0.3
51071.4803759463	300	13.176181530059191	0.0	126289	1856.7190160371142	0.3
51077.03454569007	750	11.622011786299643	0.0	352642	5554.1697437595485	0.3
51080.70826604694	300	11.948291429424788	0.0	173849	3673.720356874856	-0.15000000000000002
51082.641669928744	300	14.014887547619098	0.0	150710	1933.4038818056883	0.3
51089.213722364286	750	11.442835112080633	0.0	362795	6572.052435538465	0.3
51093.07552132162	300	11.58103615474722	0.0	141840	3861.7989573334135	-0.15000000000000002
51095.86402853282	300	12.79252894353727	0.0	156148	2788.50721120995	0.3
51102.06440817087	750	10.592149305499678	0.0	386351	6200.379638037593	0.3
51107.51162344029	300	9.144934036074332	0.0	179801	5447.2152694253455	-0.15000000000000002
51110.410615898094	300	10.245941578270298	0.0	140051	2898.9924578040336	0.3
51112.577933437446	300	12.078624038921548	0.0	138313	2167.317539348748	0.3
51114.897390820726	300	13.759166655638698	0.0	143509	2319.4573832828514	0.3
51121.417827704485	750	11.238729771880195	0.0	372963	6520.4368837585025	0.3
51126.175926418226	300	10.48063105814313	0.0	165384	4758.098713737065	-0.15000000000000002
51128.17173099677	300	12.48482647959161	0.0	140881	1995.8045785515194	0.3
51130.62573711734	300	14.030820359024863	0.0	157671	2454.0061205667475	0.3
51139.89791324148	750	8.75864423488539	0.0	399894	9272.176124139474	0.3
51142.18581670995	300	10.470740766417604	0.0	163927	2287.903468467785	-0.15000000000000002
51144.04874126725	300	12.60781620911833	0.0	137654	1862.924557299275	0.3
51146.02953100443	300	14.627026471937443	0.0	146754	1980.7897371808867	0.3
51151.14022121484	750	13.516336261527398	0.0	379700	5110.6902104100445	0.3
51160.583995740766	750	8.072561735604065	0.0	425781	9443.774525923332	0.75
51163.0473711841	300	9.609186292270108	0.0	111155	2463.3754433339573	-0.15000000000000002
51165.30624582033	300	11.350311656037958	0.0	153605	2258.874636232149	0.3
51167.49308607121	300	13.163471405152398	0.0	149029	2186.84025088556	0.3
51171.883157600874	750	12.773399875497711	0.0	358218	4390.071529654687	0.3
51173.834812852445	300	14.821744623925014	0.0	157488	1951.6552515726971	-0.15000000000000002
51179.9246283474	750	12.73192912896831	0.0	369834	6089.8154949567015	0.3
51182.05534178939	300	14.601215686978373	0.0	163444	2130.713441989939	-0.15000000000000002
51190.076121227175	750	10.580436249187567	0.0	401088	8020.779437790805	0.3
51192.44037521834	300	12.216182258022032	0.0	159914	2364.2539911655354	-0.15000000000000002
51194.79406232131	300	13.86249515505746	0.0	131610	2353.6871029645727	0.3
51196.75401314506	300	15.902544331305645	0.0	124011	1959.9508237518123	0.3
51204.55769965795	750	12.098857818414997	0.0	378327	7803.686512890648	0.3
51210.09400289749	300	10.56255457887518	0.0	149991	5536.303239539819	-0.15000000000000002
51212.34327686458	300	12.313280611777927	0.0	147968	2249.2739670972514	0.3
51214.957788406806	300	13.698769069551592	0.0	161857	2614.511542226336	0.3
51220.933343690725	750	11.723213785633005	0.0	372093	5975.5552839185875	0.3
51226.2015064279	300	10.455051048460653	0.0	172312	5268.1627371723525	-0.15000000000000002
51228.269085657084	300	12.387471819276046	0.0	167025	2067.5792291846064	0.3
51230.48605685697	300	14.170500619391527	0.0	160064	2216.9711998845196	0.3
51234.91824729721	750	13.738310179145124	0.0	331053	4432.190440246402	0.3
51239.216798384565	750	13.4397590917932	0.0	314107	4298.551087351925	0.75

