20845.631178706666	750	4.0	2.2071109720730187	450283	2207.1109720730187	-8.74057717991398
20848.089376614982	750	5.541802091684112	0.0	398865	2458.197908315888	0.75
20849.454780649685	750	8.176398056978908	0.0	350812	1365.4040347052044	0.75
20852.526273258216	750	9.10490544844626	0.0	382355	3071.4926085326492	0.75
20855.250189627794	750	10.380989078869831	0.0	411561	2723.916369576429	0.75
20857.032958438955	750	12.598220267705685	0.0	318564	1782.768811164146	0.75
20858.173212126527	750	15.457966580133403	0.0	352642	1140.2536875722817	0.75
20872.036435050435	1850	5.59474365622325	0.0	1060487	13863.222923910153	0.75
20873.41803190169	300	8.213146804969496	0.0	150710	1381.596851253754	-1.25
20874.019297758376	300	11.611880948281257	0.0	139105	601.2658566882382	0.3
20876.064928861546	750	13.566249845109288	0.0	353220	2045.6311031719688	0.3
20881.73987587053	750	11.8913028361283	0.0	405134	5674.947008980989	0.75
20883.12115836388	750	14.510020342778473	0.0	386351	1381.2824933498273	0.75
20886.392489240217	750	15.23868946643825	0.0	434409	3271.330876340222	0.75
20887.50594697421	750	18.125231732449034	0.0	337059	1113.4577339892126	0.75
20890.502635678025	1850	19.12854302862753	0.0	923170	2996.6887038215086	0.75
20893.42120329734	1850	20.209975409314186	0.0	966699	2918.5676193133436	1.85
20896.04700308276	1850	21.58417562389334	0.0	885714	2625.799785420844	1.85
20900.073773145097	1850	21.557405561553068	0.0	987708	4026.7700623402743	1.85
20905.354263531557	1850	20.276915175094718	0.0	923755	5280.490386458349	1.85
20917.175281017815	1850	12.455897688839267	0.0	891604	11821.01748625545	1.85
20918.38803054724	750	15.243148159409005	0.0	399894	1212.74952943026	-0.3500000000000001
20925.441777295124	1850	12.189401411528392	0.0	968026	7053.746747880614	0.75
20927.873805601455	1850	13.757373105195391	0.0	874175	2432.028306333001	1.85
20930.550085146348	1850	15.081093560302792	0.0	897976	2676.279544892599	1.85
20935.17898624779	1850	14.452192458864294	0.0	905935	4628.901101438499	1.85
20942.4411516393	1850	11.190027067352348	0.0	1076599	7262.165391511947	1.85
20944.02352201621	750	13.607656690446696	0.0	277716	1582.370376905651	-0.3500000000000001
20946.464811060145	750	15.166367646510706	0.0	400396	2441.2890439359903	0.75
20948.470620374363	750	17.160558332295107	0.0	400508	2005.8093142156008	0.75
20949.513746796652	750	20.117431910004445	0.0	358218	1043.1264222906589	0.75
20957.385807421153	1850	16.245371285504746	0.0	954453	7872.060624499698	0.75
20959.977183263887	1850	17.65399544276941	0.0	885062	2591.3758427353378	1.85
20963.14795146729	1850	18.483227239364535	0.0	1035329	3170.7682034048744	1.85
20976.07019074563	1850	9.560987961021606	0.0	1026056	12922.23927834293	1.85
20978.053125615457	300	11.578053091193969	0.0	159914	1982.934869827639	-1.25
20978.608362122977	300	15.022816583672933	0.0	131610	555.2365075210346	0.3
20979.85804352742	750	17.77313517923031	0.0	361565	1249.6814044426235	0.3
20982.788389746234	1850	18.842788960416524	0.0	908665	2930.3462188137873	0.75
20985.450087943547	1850	20.18109076310376	0.0	930577	2661.6981973127636	1.85
20987.956917943433	1850	21.674260763218477	0.0	858450	2506.8299998852845	1.85
20996.218260870803	1850	17.412917835848706	0.0	1025005	8261.342927369773	1.85
21004.517499884598	1850	13.113678822054435	0.0	886255	8299.23901379427	1.85
21006.719103333893	750	14.912075372757034	0.0	438281	2201.6034492974018	-0.3500000000000001
21010.96229622709	750	14.668882479562061	0.0	398987	4243.192893194973	0.75
21012.37986739549	750	17.251311311162585	0.0	393804	1417.5711683994718	0.75
21018.02388126822	1850	15.60729743843483	0.0	830730	5644.0138727277545	0.75
21020.80932619718	1850	16.821852509470613	0.0	846370	2785.4449289642157	1.85

