69307.59121230351	750	4.0	5.4804760340235585	450283	5480.476034023559	0.0821612935089179	-22.816046946301302
69308.92958803357	300	6.661624269925245	0.0	155580	1338.3757300747554	0.1162453834928029	-0.15000000000000002
69310.23238388168	300	9.358828421802263	0.0	139857	1302.79584812298	0.10735143207702173	0.3
69313.64207495132	1200	9.949137352165023	0.0	617681	3409.691069637241	0.1811545349373002	0.29999999999999993
69323.26969295033	1200	4.32151935316108	0.0	652874	9627.617999003942	0.06781261990946726	1.2
69323.97475066138	300	7.616461642112801	0.0	126289	705.0577110482789	0.17911867074290086	-0.6000000000000001
69326.72315455697	750	8.868057746528589	0.0	352642	2748.403895584214	0.1283079246709628	0.3
69328.65074000678	750	10.940472296720396	0.0	437162	1927.5854498081915	0.2267925398811766	0.75
69330.6039441424	1200	12.987268161093933	0.0	584846	1953.2041356264642	0.2994290199024273	0.75
69334.33325176865	1850	13.257960534848271	0.0	913888	3729.307626245662	0.24505567563489575	1.2000000000000002
69347.2003027073	2850	4.390909596202879	0.0	1354548	12867.050938645392	0.10527260725545888	1.85
69349.21743108166	300	6.37378122183197	0.0	156148	2017.128374370909	0.07741103738560944	-2.25
69354.476277714	300	5.114934589504288	0.0	160746	5258.846632327682	0.03056677846656469	0.3
69365.39126653048	300	4.0	5.800054226979101	179801	10914.988816483388	0.016472852425507903	-24.64023317601013
69366.29533480086	300	7.095931729623395	0.0	140051	904.0682703766048	0.15491197356330116	0.3
69368.41346552677	750	8.977801003706746	0.0	366214	2118.130725916647	0.17289489997909188	0.3
69373.17568281396	750	8.215583716522572	0.0	360831	4762.217287184177	0.07576953722188381	0.75
69376.87672297136	750	8.514543559126299	0.0	372963	3701.0401573962718	0.10077248128601343	0.75
69383.24146285333	750	6.149803677153126	0.0	405596	6364.739881973173	0.06372546365151038	0.75
69391.21306409696	300	4.0	1.821797566482739	140881	7971.601243635865	0.01767286090890114	-7.983729535875778
69402.07220405267	300	4.0	6.859139955710643	157671	10859.139955710643	0.014519658153690468	-29.194301809555764
69404.32269482987	300	5.749509222810301	0.0	157812	2250.490777189699	0.0701233711328814	0.3
69411.15432705973	300	4.0	1.08212300704853	163927	6831.63222985883	0.02399529050810562	-4.353128930308679
69413.10393946106	300	6.050387598679571	0.0	137654	1949.6124013204287	0.07060582909032075	0.3
69415.81367306084	300	7.340653998903382	0.0	146754	2709.7335997761893	0.05415809141242562	0.3
69421.35739638479	750	5.796930674944862	0.0	379700	5543.723323958519	0.0684918741090552	0.3
69422.74045974885	300	8.413867310882136	0.0	181901	1383.0633640627273	0.13152036611371776	-0.15000000000000002
69425.86169613453	750	9.292630925205462	0.0	277716	3121.2363856766733	0.08897627916758766	0.3
69436.06929617161	1200	4.0	0.9149691118785885	622896	10207.60003708405	0.06102276712812303	-3.1843671810779304
69437.10228613332	300	6.967010038287412	0.0	149029	1032.9899617125889	0.1442695529711882	-0.6000000000000001
69438.17049496598	300	9.89880120563856	0.0	157421	1068.2088326488515	0.14736912407814592	0.3
69444.31572778538	1200	7.753568386223842	0.0	620283	6145.232819414718	0.10093726604471868	0.29999999999999993
69446.16486486931	750	9.904431302284708	0.0	369834	1849.137083939135	0.20000356015366852	0.3
69449.9673588419	1200	10.101937329694895	0.0	670129	3802.4939725898134	0.17623407290862492	0.75
69456.03223407496	1200	8.037062096633479	0.0	690253	6064.875233061416	0.11381157459550498	1.2
69459.53300365231	750	8.536292519277456	0.0	365161	3500.769577356021	0.10430877895019593	0.3
69460.5906309921	750	11.478665179486649	0.0	321064	1057.6273397908074	0.30357006472951487	0.75
69465.502005991	1850	10.567290180587902	0.0	938587	4911.374998898747	0.19110473140626702	0.75
69467.75034268528	1200	12.318953486300655	0.0	605884	2248.3366942872444	0.2694809907873136	0.5499999999999999
69474.27205474336	1850	9.7972414282305	0.0	930577	6521.712058070156	0.14268906564933007	1.2000000000000002
69475.86196274594	1200	12.207333425651306	0.0	566904	1589.9080025791943	0.3565640270256845	0.5499999999999999
69496.94034924006	1850	4.0	8.87105306848264	1025005	21078.386494133945	0.04862824772120276	-36.945528194475344
69497.59567912025	300	7.344670119816521	0.0	145210	655.329880183479	0.22158305975510253	-1.25
69500.82462151768	750	8.115727722379033	0.0	438281	3228.9423974374886	0.13573515599034003	0.3
69502.54321866992	750	10.397130570126608	0.0	398987	1718.5971522524244	0.23215853667456648	0.75
69507.7986562406	1200	9.141692999445064	0.0	638661	5255.4375706815445	0.12152384866350455	0.75
69509.07212935557	1200	11.868219884481496	0.0	538612	1273.473114963567	0.42294728775283896	1.2
69511.17180636185	1850	13.768542878204586	0.0	846370	2099.67700627691	0.4030953320295487	1.2000000000000002

