44644.97460216737	750	4.0	0.7186164744522315	450283	718.6164744522315	-2.3400508401445954
44646.88971101313	1850	6.084891154239212	0.0	957685	1915.108845760788	0.75
44651.75290436086	1850	5.221697806511346	0.0	877771	4863.193347727866	1.85
44652.86177983053	750	8.112822336844097	0.0	382355	1108.875469667249	-0.3500000000000001
44664.773899391	750	4.0	3.799297223628766	411561	11912.119560472864	-15.586978061603691
44665.94877694103	300	6.825122449973723	0.0	126289	1174.877550026277	-0.15000000000000002
44667.26578383885	300	9.508115552160586	0.0	153295	1317.0068978131378	0.3
44668.70190292508	300	12.071996465927617	0.0	173849	1436.1190862329672	0.3
44674.013053531686	750	10.760845859321675	0.0	374758	5311.150606605942	0.3
44674.843708589025	750	13.930190801984445	0.0	362795	830.6550573372299	0.75
44679.478093840815	1850	13.295805550195547	0.0	939819	4634.385251788897	0.75
44681.00845357079	1850	15.765445820225358	0.0	917428	1530.35972997019	1.85
44682.49616658877	1850	18.277732802243264	0.0	946851	1487.7130179820942	1.85
44686.04899901213	1850	18.724900378886666	0.0	1036454	3552.8324233565986	1.85
44687.28587871896	1850	21.488020672051533	0.0	821631	1236.87970683513	1.85
44688.90586137479	1850	23.8680380162313	0.0	923170	1619.982655820235	1.85
44696.17369313993	1850	20.60020625109518	0.0	966699	7267.831765136118	1.85
44697.463352813545	1850	23.31054657747944	0.0	885714	1289.6596736157408	1.85
44699.81754398397	1850	24.956355407053216	0.0	987708	2354.1911704262234	1.85
44702.24060330905	1850	26.533296081967798	0.0	923755	2423.0593250854185	1.85
44707.92609421105	1850	24.847805179966535	0.0	891604	5685.490902001266	1.85
44714.64737455116	1850	22.12652483985327	0.0	955231	6721.280340113261	1.85
44718.87280761655	1850	21.90109177447233	0.0	968026	4225.43306538094	1.85
44721.70797084395	1850	23.065928547070683	0.0	874175	2835.16322740165	1.85
44727.34551722321	1850	21.428382167798787	0.0	897976	5637.546379271893	1.85
44729.32510304994	1850	23.448796341073542	0.0	905935	1979.5858267252445	1.85
44731.09204731454	1850	25.681852076476027	0.0	1076599	1766.9442645975164	1.85
44732.21535656781	1850	28.558542823208622	0.0	758197	1123.3092532674023	1.85
44739.8036283799	1850	24.970271011115745	0.0	972798	7588.271812092877	1.85
44750.934329091564	1850	17.83957029945705	0.0	975811	11130.700711658696	1.85
44757.003997002415	1850	15.769902388602599	0.0	873429	6069.667910854454	1.85
44763.68223660496	1850	13.091662786062166	0.0	954453	6678.239602540433	1.85
44770.484911649146	1850	10.288987741873159	0.0	885062	6802.675044189006	1.85
44771.27037173247	750	13.503527658553068	0.0	412837	785.4600833200909	-0.3500000000000001
44775.661734959205	1850	13.11216443181091	0.0	1026056	4391.363226742159	0.75
44777.00267145227	1850	15.771227938750373	0.0	943942	1340.9364930605368	1.85
44778.27369563838	1850	18.500203752639294	0.0	728962	1271.0241861110812	1.85
44780.08334838713	1850	20.69055100388866	0.0	938587	1809.6527487506316	1.85
44781.446165322755	1850	23.327734068259943	0.0	908665	1362.8169356287187	1.85
44782.955993168114	1850	25.81790622290347	0.0	930577	1509.8278453564722	1.85
44789.574480136274	1850	23.199419254743603	0.0	858450	6618.486968159869	1.85
44792.631664156055	1850	24.14223523496313	0.0	1025005	3057.1840197804695	1.85
44793.96633015116	1850	26.80756923985457	0.0	886255	1334.6659951085644	1.85
44798.70899360952	1850	26.06490578149026	0.0	973972	4742.663458364311	1.85
44800.21204510119	1850	28.56185428982498	0.0	958994	1503.0514916652796	1.85
44802.00579114195	1850	30.768108249062934	0.0	982064	1793.7460407620456	1.85
44803.351809886706	1850	33.422089504306456	0.0	830730	1346.0187447564747	1.85
44815.35915247996	4300	25.414746911052696	0.0	2155012	12007.342593253767	1.8499999999999996

