64795.04664807392	300	4.0	0.9391336281906429	181801	939.133628190643	-3.7382746012197643
64795.59205097301	300	7.4545971009075345	0.0	155580	545.4028990924656	0.3
64796.43880334905	300	10.607844724876388	0.0	139857	846.7523760311476	0.3
64796.65372052978	300	14.392927544144143	0.0	155432	214.9171807322443	0.3
64797.09096131559	750	17.955686758338494	0.0	411561	437.24078580564617	0.3
64797.44747938627	750	21.59916868765301	0.0	318564	356.5180706854873	0.75
64798.01512194302	1200	25.031526130903124	0.0	561791	567.6425567498859	0.75
64800.30888875054	1850	26.73775932338245	0.0	1060487	2293.766807520676	1.2000000000000002
64802.86171911613	2850	28.184928957789985	0.0	1348011	2552.8303655924665	1.85
64806.524931866785	2850	28.521716207129284	0.0	1429765	3663.2127506606985	2.85
64808.517934803356	2850	30.52871327055493	0.0	1354548	1993.0029365743546	2.85
64815.29961218404	4300	27.74703588987308	0.0	2102452	6781.677380681853	2.8499999999999996
64819.59562717439	2850	27.451020899517424	0.0	1422919	4296.014990355653	1.4000000000000001
64823.50113844321	4300	27.545509630697225	0.0	2275376	3905.5112688202007	2.8499999999999996
64824.673891328915	2850	30.372756744994188	0.0	1231445	1172.752885703037	1.4000000000000001
64837.77733868251	4300	21.269309391403812	0.0	2152483	13103.447353590376	2.8499999999999996
64843.42722418247	1200	19.619423891445834	0.0	617242	5649.885499957976	-1.9000000000000001
64844.30166591974	1200	22.744982154185088	0.0	581493	874.4417372607463	1.2
64845.78227953708	1850	25.264368536841737	0.0	987708	1480.6136173433522	1.2000000000000002
64848.159720351134	2850	26.886927722786094	0.0	1336050	2377.4408140556397	1.85
64850.96174574097	2850	28.08490233294784	0.0	1415116	2802.025389838253	2.85
64856.47101738554	4300	26.575630688374396	0.0	2176469	5509.271644573443	2.8499999999999996
64862.206605118554	2850	24.840042955365256	0.0	1505760	5735.587733009137	1.4000000000000001
64863.706305630236	1850	27.340342443679077	0.0	874175	1499.7005116861792	0.8500000000000001
64870.890194609055	2850	24.156453464861645	0.0	1383735	7183.888978817432	1.85
64874.64926321966	1850	24.39738485425116	0.0	905935	3759.068610610486	0.8500000000000001
64879.501043912525	2850	23.545604161388933	0.0	1547572	4851.7806928622285	1.85
64884.51545728729	1850	22.531190786622535	0.0	758197	5014.413374766397	0.8500000000000001
64886.246136956426	1850	24.800511117489634	0.0	972798	1730.679669132899	1.85
64889.532106404375	1850	25.514541669542137	0.0	975811	3285.9694479474947	1.85
64894.95855089959	2850	24.08809717432765	0.0	1341201	5426.444495214489	1.85
64895.86702964207	1850	27.17961843184584	0.0	954453	908.4787424818104	0.8500000000000001
64898.720432668444	2850	28.326215405468457	0.0	1358081	2853.4030263773807	1.85
64903.28034954995	4300	27.7662985239665	0.0	2286761	4559.916881501957	2.8499999999999996
64906.20479232349	2850	28.841855750424212	0.0	1492672	2924.442773542287	1.4000000000000001
64913.02404647783	4300	26.02260159608688	0.0	2143948	6819.254154337334	2.8499999999999996
64917.001371725506	2850	26.045276348408464	0.0	1139291	3977.325247678414	1.4000000000000001
64919.42953006886	2850	27.617118005058465	0.0	1499009	2428.158343349998	2.85
64921.66664712093	2850	29.380000952989715	0.0	1427478	2237.117052068753	2.85
64931.54390030404	4300	23.5027477698866	0.0	2146120	9877.253183103114	2.8499999999999996
64935.47392736193	1850	23.57272071199099	0.0	858450	3930.027057895607	-0.6000000000000001
64941.79477657679	1850	21.251871497131294	0.0	1025005	6320.849214859695	1.85
64943.08558730341	1850	23.961060770508578	0.0	886255	1290.8107266227155	1.85
64944.73784439269	1850	26.308803681229133	0.0	973972	1652.2570892794467	1.85
64947.55545199122	2850	27.491196082701883	0.0	1464921	2817.6075985272482	1.85
64950.714004285226	2850	28.332643788693574	0.0	1483527	3158.552294008312	2.85
64953.98029614418	2850	29.066351929739433	0.0	1231456	3266.291858954142	2.85
64959.6983156593	2850	27.348332414617584	0.0	1364537	5718.01951512185	2.85

