45841.308037578805	750	4.0	1.078979691297577	450283	1078.9796912975771	0.41732296134183144	-3.889612672579581
45841.666374137065	300	7.641663441742663	0.0	155580	358.3365582573372	0.4341728367225964	-0.15000000000000002
45842.316379893186	750	10.991657685622167	0.0	350812	650.005756120496	0.5397059898266002	0.3
45843.32425486701	1200	13.983782711795502	0.0	617681	1007.8749738266652	0.6128547846116369	0.75
45849.92446689567	2850	11.383570683137245	0.0	1472558	6600.212028658257	0.22310768102693107	1.2000000000000002
45852.3783662629	1850	12.929671315907262	0.0	801058	2453.8993672299825	0.3264428895078336	0.8500000000000001
45854.31633579777	1850	14.991701781031294	0.0	905515	1937.9695348759678	0.4672493471668294	1.85
45859.56397965191	2850	13.744057926891383	0.0	1638769	5247.64385413991	0.312286627208354	1.85
45862.43706091146	2850	14.870976667343744	0.0	1348011	2873.0812595476386	0.46918652075028394	2.85
45867.25835802958	2850	14.049679549221558	0.0	1429765	4821.297118122186	0.2965519371593654	2.85
45869.607822025	2850	15.700215553800913	0.0	1354548	2349.4639954206464	0.5765349044037947	2.85
45873.08145877601	4300	16.22657880278912	0.0	2102452	3473.6367510117925	0.6052596027456246	2.8499999999999996
45876.95701504314	4300	16.35102253565997	0.0	2209463	3875.556267129152	0.5701021602343234	4.3
45881.06714353269	4300	16.240894046112693	0.0	2275376	4110.1284895472745	0.5536021576421885	4.3
45884.5579914888	4300	16.750046089997124	0.0	2005399	3490.8479561155686	0.5744733157130975	4.3
45888.35899086753	4300	16.94904671126751	0.0	2152483	3800.999378729611	0.5662939625944937	4.3
45892.178481347786	4300	17.129556231007612	0.0	2289689	3819.490480259896	0.5994749854289986	4.3
45895.67459532657	4300	17.633442252219247	0.0	2059512	3496.113978788365	0.5890860574041575	4.3
45902.93445143672	4300	14.373586142072767	0.0	2220726	7259.856110146479	0.30589118658926057	4.3
45905.20624193591	2850	16.101795642880575	0.0	1336050	2271.790499192191	0.5881044050827204	1.4000000000000001
45909.099349991935	4300	16.20868758686087	0.0	2039773	3893.108056019708	0.5239446145980989	2.8499999999999996
45912.8480971746	4300	16.459940404196946	0.0	2176469	3748.747182663922	0.5805856980873714	4.3
45916.99809117946	4300	16.309946399336035	0.0	2221506	4149.994004860911	0.5353034239080676	4.3
45920.91542596483	4300	16.39261161396843	0.0	2044075	3917.3347853676064	0.5218024784696011	4.3
45924.694856326816	4300	16.613181251976588	0.0	2186790	3779.430361991843	0.5786030672748032	4.3
45928.21242422881	4300	17.09561334998828	0.0	2105231	3517.567901988307	0.5984905078335566	4.3
45939.16000787239	4300	10.14802970640104	0.0	2395588	10947.583643587242	0.21882344798555267	4.3
45942.247951891055	1200	11.06008568773987	0.0	487160	3087.9440186611705	0.1577619273717327	-1.9000000000000001
45943.90353718467	1850	13.404500394124996	0.0	972798	1655.585293614873	0.5875855528264284	1.2000000000000002
45946.62599411659	2850	14.68204346220722	0.0	1561263	2722.4569319177745	0.5734757386594186	1.85
45948.89197796304	2850	16.416059615756964	0.0	1341201	2265.983846450257	0.5918846253476335	2.85
45955.664936837704	4300	13.643100741089878	0.0	2147852	6772.958874667084	0.317121665692319	2.8499999999999996
45965.93319281938	2850	7.3748447594148745	0.0	1358081	10268.255981675004	0.13226014256205404	1.4000000000000001
45966.90521279448	750	10.402824784311521	0.0	412837	972.0199751033542	0.424720695638074	-1.35
45968.0087817766	1200	13.29925580218352	0.0	690253	1103.5689821280016	0.6254733606856109	0.75
45970.42997642308	2850	14.878061155706515	0.0	1439896	2421.194646477005	0.5947047677869031	1.2000000000000002
45972.43860908697	2850	16.86942849182064	0.0	1139291	2008.6326638858734	0.5671972882268792	2.85
45976.293398541304	4300	17.014639037490078	0.0	2147467	3854.7894543305633	0.5570906077859801	2.8499999999999996
45980.5354731106	4300	16.772564468191273	0.0	2133870	4242.0745692988	0.503025103670613	4.3
45984.384064916725	4300	16.923972662067733	0.0	2146120	3848.591806123542	0.5576377303992806	4.3
45988.443091154666	4300	16.86494642412767	0.0	2108491	4059.0262379400633	0.5194573467625696	4.3
45992.017951328016	4300	17.29008625077783	0.0	2184571	3574.8601733498376	0.6110927124606775	4.3
45995.23834981104	4300	18.069687767751283	0.0	2121928	3220.3984830265476	0.6589023101283419	4.3
45999.08826712271	4300	18.219770456080944	0.0	2219102	3849.9173116703364	0.5764025095482411	4.3
46004.375323993736	4300	16.932713585053488	0.0	2124950	5287.0568710274565	0.4019154799798946	4.3
46007.86197337905	4300	17.446064199742526	0.0	2246506	3486.6493853109614	0.6443165778194938	4.3
46011.26494675689	4300	18.04309082189717	0.0	1961140	3402.973377845355	0.5763018931525482	4.3
46015.75194235133	4300	17.5560952274649	0.0	2155012	4486.995594432266	0.48027949986714236	4.3

