17536.047875829867	300	4.0	6.037696447158927	450283	6037.696447158927	0	-25.212094722783387
17537.47508353505	300	6.57279229481707	0.0	155580	1427.2077051829299	0	-0.15000000000000002
17538.705422745672	300	9.342453084194917	0.0	139857	1230.3392106221543	0	0.3
17540.023427264	300	12.024448565866008	0.0	155432	1318.0045183289083	0	0.3
17541.239400961917	750	14.808474867950327	0.0	163442	1215.9736979156826	1	0.3
17543.07070247137	750	16.977173358495122	0.0	318564	1831.3015094552068	1	0.3
17546.589952230956	750	17.45792359891096	0.0	352642	3519.249759584164	1	0.75
17548.10551494844	1850	19.94236088142822	0.0	437162	1515.5627174827362	3	0.75
17551.07177529391	1850	20.97610053595903	0.0	852833	2966.2603454691894	3	0.75
17553.920409020808	1850	22.127466809058618	0.0	913888	2848.6337269004152	3	1.85
17559.146674414376	1850	20.901201415487957	0.0	939819	5226.265393570657	3	1.85
17565.341537412718	1850	18.70633841714689	0.0	917428	6194.862998341068	3	1.85
17566.97729312042	1850	21.070582709444626	0.0	946851	1635.7557077022634	3	1.85
17568.815982040665	1850	23.23189378920039	0.0	1036454	1838.6889202442342	3	1.85
17570.290152294463	4300	25.75772353540313	0.0	821631	1474.1702537972649	5	1.85
17574.02255558792	4300	26.02532024194865	0.0	2152483	3732.40329345448	5	1.8499999999999996
17577.88301281765	4300	26.16486301221935	0.0	2289689	3860.4572297293	5	4.3
17581.0653005626	4300	26.982575267265233	0.0	2059512	3182.2877449541165	5	4.3
17584.625361591778	4300	27.422514238089057	0.0	2220726	3560.0610291761755	5	4.3
17587.996613810094	4300	28.051262019774274	0.0	2156729	3371.2522183147853	5	4.3
17590.99770375616	4300	29.050172073710772	0.0	2039773	3001.0899460635023	5	4.3
17594.241608576438	4300	29.80626725342746	0.0	2176469	3243.9048202833105	5	4.3
17597.542627834348	4300	30.505247995519696	0.0	2221506	3301.019257907767	5	4.3
17602.405986504218	4300	29.64188932564541	0.0	2044075	4863.358669874288	5	4.3
17605.703914719666	4300	30.343961110196492	0.0	2186790	3297.9282154489165	5	4.3
17609.861394805794	4300	30.186481024069824	0.0	2105231	4157.480086126667	5	4.3
17613.773191811688	4300	30.2746840181737	0.0	2395588	3911.7970058961205	5	4.3
17616.672590800998	4300	31.37528502886334	0.0	1972048	2899.398989310365	5	4.3
17621.306727225958	4300	30.74114860390149	0.0	2134614	4634.13642496185	5	4.3
17626.492296217337	4300	29.55557961252171	0.0	2164140	5185.568991379776	5	4.3
17631.455138640235	4300	28.59273718962311	0.0	2113193	4962.842422898601	5	4.3
17635.693304681892	4300	28.354571147966084	0.0	2147852	4238.1660416570285	5	4.3
17640.151174872393	4300	27.896700957464194	0.0	2191074	4457.870190501888	5	4.3
17650.046930742672	4300	22.000945087185084	0.0	2286761	9895.75587027911	5	4.3
17652.1419693782	4300	23.90590645165979	0.0	2307787	2095.038635525291	5	4.3
17654.09395238727	4300	25.953923442587822	0.0	2143948	1951.9830090719706	5	4.3
17658.71478430747	4300	25.333091522385725	0.0	1919781	4620.831920202095	5	4.3
17679.72571864097	1850	8.322157188890305	0.0	2147467	21010.93433349542	3	4.3
17686.458968038645	1850	5.588907791215564	0.0	908665	6733.249397674741	3	-0.6000000000000001
17690.746179161026	1850	5.30169666883346	0.0	930577	4287.211122382104	3	1.85
17697.935855445387	750	4.0	1.8879796155259647	858450	7189.676284359425	1	-6.268312346761649
17701.394790234903	300	4.541065210483579	0.0	384505	3458.9347895164206	0	-0.3500000000000001
17702.65299843407	300	7.282857011313572	0.0	145210	1258.2081991700068	0	-0.15000000000000002
17703.96649686215	300	9.969358583232347	0.0	172312	1313.498428081224	0	0.3
17705.161135018967	750	12.774720426414268	0.0	167025	1194.6381568180807	1	0.3
17707.12992245691	750	14.805932988473785	0.0	393804	1968.7874379404825	1	0.3
17710.275169448832	750	15.660685996548649	0.0	331053	3145.246991925136	1	0.75
17711.386641302517	1850	18.549214142864315	0.0	314107	1111.4718536843318	3	0.75

