2663.681936138091	300	4.0	1.5045758503941398	181801	1504.5758503941397	-6.169676156694801
2665.2326559971075	300	6.449280140983281	0.0	155580	1550.719859016719	0.3
2671.095224195056	300	4.586711943034903	0.0	139857	5862.568197948378	0.3
2673.1490928173152	300	6.532843320775019	0.0	155432	2053.868622259884	0.3
2673.989656287716	300	9.692279850374375	0.0	163442	840.5634704006445	0.3
2674.6573314269917	300	13.024604711099116	0.0	126289	667.6751392752598	0.3
2680.832557222503	750	10.849378915587597	0.0	352642	6175.225795511517	0.3
2686.1174230178317	300	9.564513120259381	0.0	173849	5284.865795328215	-0.15000000000000002
2693.14818890247	300	6.533747235621204	0.0	150710	7030.7658846381755	0.3
2694.722607560868	300	8.95932857722332	0.0	139105	1574.418658397883	0.3
2699.607809862325	300	8.074126275765995	0.0	141840	4885.202301457326	0.3
2703.828911251423	300	7.853024886668298	0.0	156148	4221.1013890976965	0.3
2706.2052712697464	300	9.476664868344644	0.0	160746	2376.3600183236545	0.3
2706.6694718358567	300	13.01246430223424	0.0	179801	464.2005661104025	0.3
2707.469702861338	750	16.212233276752702	0.0	337059	800.2310254815388	0.3
2711.2659034821245	750	16.4160326559666	0.0	366214	3796.2006207861014	0.75
2714.688051027334	750	16.993885110757358	0.0	360831	3422.1475452092436	0.75
2715.9348614871533	750	19.747074650937588	0.0	372963	1246.8104598197663	0.75
2717.2646288434344	1200	22.417307294657036	0.0	639204	1329.7673562805542	0.75
2724.761483549529	1850	18.920452588561844	0.0	923755	7496.854706095193	1.2000000000000002
2726.393272933921	1200	21.28866320417016	0.0	601738	1631.7893843916822	0.5499999999999999
2733.136857732698	1200	18.545078405393078	0.0	616206	6743.584798777084	1.2
2734.001087886576	750	21.680848251515037	0.0	401853	864.230153878039	0.3
2735.2466538860062	1200	24.435282252084722	0.0	536667	1245.5659994303185	0.75
2739.527667536764	1850	24.15426860132708	0.0	897976	4281.013650757641	1.2000000000000002
2740.5459821131512	1850	27.135954024939863	0.0	905935	1018.3145763872159	1.85
2761.2232097522983	2850	10.45872638579272	0.0	1547572	20677.227639147142	1.85
2761.417416103309	300	14.264520034782215	0.0	111155	194.20635101050482	-2.25
2761.9088035003597	750	17.773132637731234	0.0	400396	491.3873970509836	0.3
2762.400305971958	750	21.281630166132878	0.0	400508	491.50247159835595	0.75
2763.066355982894	1200	24.61558015519694	0.0	570392	666.050010935935	0.75
2764.2572595261727	1850	27.424676611918134	0.0	954453	1190.9035432788066	1.2000000000000002
2766.0330695248986	2850	29.648866613192236	0.0	1358081	1775.8099987258975	1.85
2775.8495582498017	4300	23.832377888289088	0.0	2286761	9816.488724903149	2.8499999999999996
2777.702957091943	1850	25.978979046147938	0.0	1026056	1853.398842141149	-0.6000000000000001
2779.1513857831437	2850	28.530550354946904	0.0	1439896	1448.428691201035	1.85
2780.5430890914536	2850	31.138847046636833	0.0	1139291	1391.7033083100691	2.85
2790.027624558901	4300	25.65431157918965	0.0	2147467	9484.535467447187	2.8499999999999996
2796.734811492915	2850	22.947124645175958	0.0	1427478	6707.186934013691	1.4000000000000001
2798.8698565600275	1850	24.812079578063027	0.0	930577	2135.045067112929	0.8500000000000001
2799.9509358221867	1850	27.731000315904044	0.0	858450	1081.0792621589876	1.85
2808.668736734428	4300	23.01319940366242	0.0	2184571	8717.800912241622	1.8499999999999996
2809.9929524035897	1850	25.688983734500553	0.0	886255	1324.2156691618666	-0.6000000000000001
2813.8431742222792	1850	25.838761915810974	0.0	973972	3850.2218186895825	1.85
2819.554132221723	2850	24.127803916367153	0.0	1464921	5710.957999443822	1.85
2822.2861124015626	1850	25.39582373652747	0.0	982064	2731.980179839683	0.8500000000000001
2844.337423138908	2850	7.344512999182178	0.0	1231456	22051.31073734529	1.85
2844.872673433133	300	10.809262704957495	0.0	118421	535.250294224682	-2.25

