18945.360627699483	750	4.0	1.2671234907059954	450283	1267.1234907059954	0.35535841873558716	-4.69863101003578
18945.792817662936	300	7.567810036548084	0.0	155580	432.1899634519155	0.3599805945454573	-0.15000000000000002
18948.383351705204	750	8.977275994279188	0.0	350812	2590.5340422688973	0.13542072571752203	0.3
18948.949576416642	750	12.411051282843374	0.0	382355	566.2247114358133	0.6752707755026043	0.75
18950.297100039712	1850	15.06352765977336	0.0	996749	1347.5236230700148	0.739689444352109	0.75
18957.919116066354	4300	11.441511633131245	0.0	1941625	7622.016026642114	0.2547390340315756	1.8499999999999996
18961.947967263663	1850	11.412660435824918	0.0	905515	4028.8511973063273	0.2247576184013506	-0.6000000000000001
18964.205382397497	1850	13.155245301991435	0.0	1060487	2257.4151338334827	0.4697793436863821	1.85
18972.15360726993	2850	9.207020429555197	0.0	1348011	7948.224872436238	0.16959900124048913	1.85
18973.454172707676	1200	11.906454991808328	0.0	560821	1300.56543774687	0.43121321213300845	-0.44999999999999996
18975.82587039607	1850	13.534757303414374	0.0	939819	2371.697688393955	0.3962642475889995	1.2000000000000002
18981.28405856938	2850	12.076569130102268	0.0	1519951	5458.188173312107	0.27847171107654795	1.85
18983.94690310666	1850	13.413724592824012	0.0	946851	2662.844537278255	0.3555787755329475	0.8500000000000001
18987.83890948764	2850	13.521718211843782	0.0	1578343	3892.006380980231	0.40553453553241153	1.85
18998.507246094705	2850	6.853381604779497	0.0	1231445	10668.336607064284	0.11542989740167839	2.85
18998.94545678745	300	10.415170912033114	0.0	138313	438.21069274638273	0.31563127575266525	-2.25
19002.826230384664	1200	10.534397314816912	0.0	617242	3880.773597216203	0.1590512779314842	0.29999999999999993
19004.657826405662	1200	12.702801293816956	0.0	581493	1831.596020999955	0.3174788508671991	1.2
19008.706406636025	1850	12.654221063452727	0.0	987708	4048.5802303642286	0.2439640426518462	1.2000000000000002
19011.897921855012	1850	13.462705844465392	0.0	923755	3191.5152189873356	0.28944088829791215	1.85
19016.887697199887	2850	12.472930499591362	0.0	1415116	4989.7753448740295	0.2836031488779833	1.85
19020.42323706137	1850	12.937390638108974	0.0	955231	3535.5398614823885	0.2701796719665575	0.8500000000000001
19023.22463837358	1850	14.135989325900766	0.0	968026	2801.401312208209	0.3455506341706365	1.85
19031.94740085124	2850	9.413226848238649	0.0	1323990	8722.762477662116	0.15178563022787447	1.85
19033.527658652325	1200	11.832969047155192	0.0	587236	1580.2578010834593	0.3716077209664006	-0.44999999999999996
19035.352350586832	1850	14.008277112647121	0.0	905935	1824.691934508069	0.4964865481494207	1.2000000000000002
19037.80043487045	2850	15.560192829032175	0.0	1547572	2448.0842836149463	0.6321563396970911	1.85
19043.404301422685	4300	13.956326276796103	0.0	1972048	5603.866552236073	0.3519084513554497	2.8499999999999996
19046.84380414447	2850	14.51682355500833	0.0	1498470	3439.502721787772	0.435664722841426	1.4000000000000001
19053.414248844718	2850	11.946378854764054	0.0	1561263	6570.444700244275	0.23761907621594558	2.85
19060.85643870407	1850	8.504188995410487	0.0	873429	7442.189859353565	0.11736182716465485	0.8500000000000001
19062.120890229577	750	11.23973746990364	0.0	400322	1264.4515255068495	0.31659734827678176	-0.3500000000000001
19065.241196530078	1850	12.119431169402624	0.0	885062	3120.3063005010154	0.2836458715152064	0.75
19067.920114858378	1850	13.440512841103606	0.0	1035329	2678.9183282990175	0.3864727748745455	1.85
19071.000769961636	2850	14.359857737843798	0.0	1492672	3080.655103259807	0.4845307085562819	1.85
19077.470392210587	2850	11.890235488894152	0.0	1439896	6469.622248949646	0.22256260792255214	2.85
19079.307786998357	1850	14.052840701126248	0.0	728962	1837.3947877679036	0.3967367300990086	0.8500000000000001
19083.321098008222	2850	14.039529691262233	0.0	1499009	4013.3110098640163	0.3735093034942216	1.85
19085.963022383563	2850	15.397605315921696	0.0	1427478	2641.924375340536	0.540317509965062	2.85
19093.19462772354	4300	12.165999975943134	0.0	2146120	7231.605339978564	0.29676951369782045	2.8499999999999996
19094.676417989223	1850	14.684209710260092	0.0	858450	1481.7902656830427	0.5793330000074545	-0.6000000000000001
19097.566829051226	2850	15.793798648257608	0.0	1527299	2890.4110620024817	0.5284020048490559	1.85
19106.66105251451	4300	10.69957518497281	0.0	2121928	9094.2234632848	0.23332701341314607	2.8499999999999996
19108.622907940342	1200	12.737719759143726	0.0	634861	1961.855425829085	0.32360233666642696	-1.9000000000000001
19112.383768204752	1850	12.976859494735958	0.0	958994	3760.8602644077678	0.2549932548879253	1.2000000000000002
19113.8195104252	1850	15.541117274286226	0.0	982064	1435.7422204497334	0.6840113677874411	1.85
19121.007424949123	4300	12.353202750363803	0.0	1961140	7187.914523922424	0.27283852548232745	1.8499999999999996
19123.558373611555	1850	13.802254087934195	0.0	846370	2550.948662429607	0.33178637126859684	-0.6000000000000001

