72694.88861792491	750	4.0	1.0783739192747983	450283	1078.3739192747983	1	-3.8870078528816325
72695.91133782441	750	6.977280100516688	0.0	398865	1022.7198994833124	1	0.75
72696.76199286233	1850	10.126625062590348	0.0	350812	850.6550379263399	3	0.75
72698.87430076489	1850	12.014317160026275	0.0	933276	2112.307902564073	3	0.75
72701.1434216676	1850	13.745196257309207	0.0	996749	2269.120902717069	3	1.85
72702.9442151053	1850	15.944402819627108	0.0	801058	1800.7934376820972	3	1.85
72707.09009464784	1850	15.798523277089819	0.0	905515	4145.87954253729	3	1.85
72710.76041500375	1850	16.12820292118165	0.0	1060487	3670.3203559081658	3	1.85
72712.71820398344	1850	18.170413941490505	0.0	852833	1957.7889796911468	3	1.85
72714.88810182971	1850	20.000516095225205	0.0	913888	2169.8978462652976	3	1.85
72717.21842068413	1850	21.67019724080734	0.0	939819	2330.318854417861	3	1.85
72719.31719483262	1850	23.571423092313285	0.0	917428	2098.7741484940543	3	1.85
72721.51591005338	1850	25.372707871569524	0.0	946851	2198.71522074376	3	1.85
72732.67584880668	750	18.21276911825595	0.0	1036454	11159.938753313574	1	1.85
72733.49226495031	1850	21.396352974612423	0.0	337059	816.4161436435271	3	-0.3500000000000001
72735.6581868536	1850	23.230431071327736	0.0	923170	2165.921903284687	3	0.75
72738.08922578515	1850	24.79939213978398	0.0	966699	2431.038931543757	3	1.85
72740.2666079307	1850	26.622009994241033	0.0	885714	2177.382145542947	3	1.85
72742.52702840835	1850	28.361589516580416	0.0	987708	2260.4204776606152	3	1.85
72744.88139028705	1850	30.007227637883112	0.0	923755	2354.361878697305	3	1.85
72747.00556616393	1850	31.88305176099555	0.0	891604	2124.1758768875643	3	1.85
72749.25284991617	1850	33.63576800874573	0.0	955231	2247.2837522498207	3	1.85
72751.90867778574	1850	34.97994013918876	0.0	968026	2655.8278695569643	3	1.85
72755.90808293775	1850	34.98053498718664	0.0	874175	3999.4051520021358	3	1.85
72759.02905486841	4300	35.85956305651587	0.0	897976	3120.971930670774	5	1.85
72772.79677817918	1850	26.091839745747222	0.0	2105231	13767.72331076864	3	1.8499999999999996
72775.50085751849	1850	27.387760406432303	0.0	1076599	2704.079339314922	3	-0.6000000000000001
72779.00021439878	1850	27.888403526141744	0.0	758197	3499.3568802905593	3	1.85
72782.18666038544	1850	28.701957539486287	0.0	972798	3186.445986655457	3	1.85
72784.4624324441	1850	30.426185480836523	0.0	975811	2275.7720586497644	3	1.85
72786.5480374282	1850	32.34058049673356	0.0	873429	2085.6049841029685	3	1.85
72788.69770985986	1850	34.19090806507764	0.0	954453	2149.672431655907	3	1.85
72790.7234245857	4300	36.16519333923652	0.0	885062	2025.7147258411321	5	1.85
72797.96610297951	4300	32.922514945425384	0.0	2286761	7242.678393811133	5	1.8499999999999996
72804.29621433695	4300	30.592403587985647	0.0	2307787	6330.111357439737	5	4.3
72809.33775442623	4300	29.550863498700412	0.0	2143948	5041.540089285232	5	4.3
72822.33902456908	1850	20.54959335584088	0.0	1919781	13001.270142859532	3	4.3
72824.5976125176	1850	22.29100540733017	0.0	938587	2258.5879485107066	3	-0.6000000000000001
72826.88224626944	1850	24.006371655490153	0.0	908665	2284.6337518400205	3	1.85
72829.20930189597	1850	25.679316028946513	0.0	930577	2327.0556265436385	3	1.85
72831.25080190264	1850	27.637816022287698	0.0	858450	2041.5000066588136	3	1.85
72833.66271204215	1850	29.225905882775017	0.0	1025005	2411.910139512682	3	1.85
72835.89765524799	1850	30.990962676948048	0.0	886255	2234.943205826967	3	1.85
72838.18087317763	1850	32.70774474730855	0.0	973972	2283.217929639497	3	1.85
72840.75965243165	1850	34.12896549328857	0.0	958994	2578.779254019983	3	1.85
72843.07101224629	4300	35.817605678640376	0.0	982064	2311.359814648186	5	1.85
72853.22707903109	4300	29.66153889385303	0.0	1961140	10156.066784787346	5	1.8499999999999996
72864.58894572753	4300	22.299672197407403	0.0	2155012	11361.866696445626	5	4.3

