15358.349347040104	300	4.0	5.708034786895509	450283	5708.03478689551	0	-23.79454958365069
15360.926538048912	300	5.422808991191076	0.0	155580	2577.191008808925	0	-0.15000000000000002
15361.95739372945	300	8.391953310652395	0.0	139857	1030.8556805386802	0	0.3
15363.101374123633	750	11.247972916470397	0.0	155432	1143.9803941819985	1	0.3
15366.209720836612	750	12.139626203492325	0.0	411561	3108.346712978071	1	0.3
15368.782240622371	750	13.567106417733266	0.0	318564	2572.51978575906	1	0.75
15375.189865517166	300	11.159481522938462	0.0	352642	6407.624894794803	0	0.75
15377.726551986389	750	12.62279505371418	0.0	173849	2536.6864692242807	1	-0.15000000000000002
15383.866894401539	750	10.48245263856458	0.0	374758	6140.342415149602	1	0.3
15386.712121795805	750	11.637225244299254	0.0	362795	2845.2273942653237	1	0.75
15389.828868060742	750	12.520478979363517	0.0	353220	3116.7462649357362	1	0.75
15392.883899063034	750	13.465447977070832	0.0	405134	3055.0310022926847	1	0.75
15396.868946291066	750	13.480400749037731	0.0	386351	3985.0472280331014	1	0.75
15403.282463523446	750	11.066883516658779	0.0	434409	6413.517232378954	1	0.75
15409.199173790055	300	9.150173250050665	0.0	337059	5916.710266608112	0	0.75
15410.260862448165	750	12.088484591940032	0.0	138313	1061.6886581106346	1	-0.15000000000000002
15412.837558067278	750	13.51178897282548	0.0	360831	2576.695619114553	1	0.3
15415.552131667053	750	14.797215373050642	0.0	372963	2714.5735997748384	1	0.75
15418.837502471984	750	15.511844568118608	0.0	405596	3285.370804932034	1	0.75
15423.670977306898	750	14.678369733205662	0.0	350713	4833.474834912945	1	0.75
15426.518203085026	750	15.831143955078018	0.0	386472	2847.2257781276444	1	0.75
15429.780705720363	750	16.568641319741054	0.0	399894	3262.502635336963	1	0.75
15436.66149184144	750	13.687855198664307	0.0	401853	6880.786121076748	1	0.75
15441.326008007576	750	13.023339032526012	0.0	343800	4664.516166138295	1	0.75
15444.256522754384	750	14.092824285718208	0.0	359903	2930.514746807803	1	0.75
15448.429374824831	750	13.919972215270588	0.0	379700	4172.85207044762	1	0.75
15451.827292490825	750	14.52205454927656	0.0	425781	3397.9176659940294	1	0.75
15454.38499522289	750	15.964351817211606	0.0	277716	2557.7027320649545	1	0.75
15457.304892921564	750	17.044454118539825	0.0	400396	2919.897698671777	1	0.75
15461.086469207818	750	17.262877832284925	0.0	400508	3781.5762862548995	1	0.75
15463.65974569449	750	18.689601345613525	0.0	358218	2573.2764866713983	1	0.75
15468.51730587984	750	17.832041160262968	0.0	400322	4857.560185350559	1	0.75
15473.218599557906	750	17.130747482196124	0.0	369834	4701.2936780668415	1	0.75
15476.616133766638	750	17.733213273463996	0.0	412837	3397.534208732128	1	0.75
15479.727048067734	750	18.62229897236757	0.0	401088	3110.9143010964276	1	0.75
15484.339276707882	750	18.010070332218383	0.0	365161	4612.228640149186	1	0.75
15486.67565988046	750	19.67368715963911	0.0	321064	2336.383172579279	1	0.75
15491.913000703085	750	18.436346337015408	0.0	361565	5237.340822623696	1	0.75
15496.693908810852	750	17.65543822924888	0.0	378327	4780.908107766528	1	0.75
15499.799598876445	750	18.549748163655728	0.0	390680	3105.690065593155	1	0.75
15502.38706523233	750	19.962281807772126	0.0	345516	2587.4663558836037	1	0.75
15505.479195810107	750	20.87015122999426	0.0	384505	3092.1305777778657	1	0.75
15512.090008828847	750	18.259338211255084	0.0	372093	6610.813018739176	1	0.75
15519.854515065006	750	14.494831975094824	0.0	438281	7764.506236160258	1	0.75
15522.86633351109	750	15.483013529011153	0.0	398987	3011.818446083673	1	0.75
15526.346976707197	750	16.00237033290435	0.0	393804	3480.643196106805	1	0.75
15528.817617348042	750	17.531729692056704	0.0	331053	2470.6406408476473	1	0.75
15531.230817764404	750	19.118529275694463	0.0	314107	2413.2004163622387	1	0.75

