45352.44581022841	300	4.0	1.2458394139673619	181801	1245.839413967362	-5.057109480059656
45355.14161416351	300	5.304196064901544	0.0	155580	2695.8039350984563	0.3
45357.95545480156	300	6.490355426851344	0.0	139857	2813.8406380502006	0.3
45358.74235941765	300	9.703450810760037	0.0	155432	786.9046160913047	0.3
45359.90526089424	300	12.540549334169869	0.0	163442	1162.901476590169	0.3
45362.70614575664	300	13.739664471765886	0.0	126289	2800.8848624039847	0.3
45364.18285071229	300	16.262959516114915	0.0	153295	1476.7049556509708	0.3
45365.28719840683	300	19.158611821577036	0.0	173849	1104.3476945378782	0.3
45366.93891755279	300	21.5068926756161	0.0	150710	1651.7191459609337	0.3
45368.93233729858	300	23.51347292983028	0.0	139105	1993.4197457858256	0.3
45370.158696322906	300	26.287113905503073	0.0	141840	1226.3590243272035	0.3
45370.63441157653	300	29.811398651870565	0.0	156148	475.71525363250873	0.3
45371.121779228764	300	33.324030999640556	0.0	160746	487.36765223000776	0.3
45371.65743667117	300	36.78837355722452	0.0	179801	535.6574424160328	0.3
45372.09235839279	300	40.35345183561114	0.0	140051	434.92172161338266	0.3
45372.93023258123	300	43.515577647176755	0.0	138313	837.8741884343859	0.3
45374.510138795995	300	45.935671432407226	0.0	143509	1579.9062147695302	0.3
45375.090210065595	300	49.355600162805416	0.0	150616	580.0712696018122	0.3
45375.71931365918	300	52.72649656921757	0.0	165384	629.10359358784	0.3
45376.26706303862	300	56.17874718978396	0.0	140881	547.749379433612	0.3
45377.02156995735	300	59.42424027104672	0.0	157671	754.5069187372401	0.3
45380.64419917916	300	59.683225348901864	0.0	157812	1741.0149221448592	0.3
45384.22461178583	300	59.542826148649354	0.0	163927	1640.3992002525063	0.3
45386.81217023555	750	59.93055363749599	0.0	343800	1112.2725111533678	0.3
45391.12948905239	750	59.61323482065436	0.0	359903	2817.3188168416277	0.75
45394.773496940965	750	59.607533254075115	0.0	379700	2005.701566579253	0.75
45399.087720238975	750	59.29330995605832	0.0	425781	4314.223298016793	0.75
45403.92951294075	750	58.451517254285974	0.0	277716	4841.792701772348	0.75
45412.728049247744	750	53.652980947293955	0.0	400396	8798.536306992017	0.75
45420.00968728205	750	50.371342912988204	0.0	400508	7281.638034305748	0.75
45427.206670707375	750	47.17435948766148	0.0	358218	7196.983425326734	0.75
45428.244644833714	300	50.136385361319405	0.0	157488	1037.9741263420647	-0.15000000000000002
45429.062998030284	300	53.318032164750626	0.0	143881	818.353196568783	0.3
45430.266215237585	300	56.11481495744278	0.0	163444	1203.2172073078439	0.3
45433.69982395069	300	56.68120624434118	0.0	179328	3433.608713101592	0.3
45434.87019037199	300	59.51083982303577	0.0	159914	670.3664213054211	0.3
45436.1207883162	300	59.562540763695864	0.0	131610	448.29905933989824	0.3
45438.39879502247	300	59.65968673379184	0.0	124011	1902.8540299040276	0.3
45439.105421938766	300	59.70294968628244	0.0	144254	456.737047509403	0.3
45439.62363846757	300	59.774286444023566	0.0	149991	428.6632422588702	0.3
45440.819570324245	750	59.68609703516103	0.0	345516	1088.1894088625304	0.3
45444.965396030435	750	59.5402713289713	0.0	384505	4145.82570618973	0.75
45446.06099935195	750	59.53825381771181	0.0	372093	1002.017511259485	0.75
45448.92853763358	750	59.61227750952557	0.0	438281	925.9763081862384	0.75
45452.63816538889	750	59.902649754222345	0.0	398987	2709.6277553032255	0.75
45456.96905010838	750	59.571765034732515	0.0	393804	2830.8847194898244	0.75
45460.61525638433	750	59.61469924487844	0.0	331053	1957.0657898540794	0.75
45462.52145629131	750	59.97066944642991	0.0	314107	644.029798448531	0.75

