82502.77018916771	750	4.0	3.1688828817652253	450283	3168.882881765225	-12.876196391590469
82504.23934406563	750	6.5308451020649745	0.0	398865	1469.1548979350257	0.75
82505.36950935231	750	9.400679815392548	0.0	350812	1130.1652866724255	0.75
82510.40752118036	750	8.362667987344558	0.0	382355	5038.011828047992	0.75
82511.54033231604	300	11.229856851671213	0.0	163442	1132.811135673344	-0.15000000000000002
82512.72426181324	300	14.045927354472054	0.0	126289	1183.9294971991587	0.3
82517.28819918101	750	13.481989986686287	0.0	352642	4563.937367785767	0.3
82519.32510801738	750	15.445081150318739	0.0	437162	2036.9088363675473	0.75
82520.8879576057	750	17.882231562018344	0.0	374758	1562.8495883003984	0.75
82527.44147433637	1850	15.32871483133656	0.0	913888	6553.516730681784	0.75
82530.73785611933	1850	16.03233304837423	0.0	939819	3296.381782962329	1.85
82534.23059756184	1850	16.539591605867255	0.0	917428	3492.7414425069755	1.85
82541.40339101903	1850	13.36679814867858	0.0	946851	7172.793457188676	1.85
82544.96697313186	1850	13.803216035859409	0.0	1036454	3563.58211281917	1.85
82547.62664620217	1850	15.14354296553045	0.0	821631	2659.673070328957	1.85
82550.4521923828	1850	16.317996784912744	0.0	923170	2825.5461806177073	1.85
82553.33193759038	1850	17.43825157734	0.0	966699	2879.7452075727438	1.85
82556.17308520383	1850	18.597103963886976	0.0	885714	2841.1476134530244	1.85
82565.08459948457	1850	13.685589683140671	0.0	987708	8911.514280746305	1.85
82568.12219742232	750	14.647991745414243	0.0	350713	3037.597937726428	-0.3500000000000001
82570.09269614554	750	16.677493022186077	0.0	386472	1970.498723228164	0.75
82571.71665489161	750	19.053534276116373	0.0	399894	1623.9587460697041	0.75
82576.67886236007	1850	18.091326807653523	0.0	968026	4962.207468462848	0.75
82580.33864710052	1850	18.431542067203885	0.0	874175	3659.7847404496397	1.85
82588.6911623611	1850	14.079026806620538	0.0	897976	8352.515260583346	1.85
82590.5402268268	750	16.229962340930946	0.0	379700	1849.0644656895904	-0.3500000000000001
82598.71745548557	750	12.052733682147881	0.0	425781	8177.228658783067	0.75
82601.64985517589	300	13.120333991827025	0.0	111155	2932.3996903208563	-0.15000000000000002
82602.98905524507	300	15.781133922638857	0.0	153605	1339.200069188168	0.3
82605.5520496905	750	17.21813947720671	0.0	400508	2562.9944454321508	0.3
82607.44257361206	750	19.327615555642197	0.0	358218	1890.5239215645079	0.75
82609.82803551562	750	20.942153652085956	0.0	400322	2385.4619035562437	0.75
82611.82333912232	750	22.94685004538457	0.0	369834	1995.303606701387	0.75
82617.56594374104	1850	21.204245426672095	0.0	1035329	5742.604618712474	0.75
82624.57000147604	1850	18.200187691669587	0.0	1026056	7004.057735002508	1.85
82632.7367301074	1850	14.03345906030169	0.0	943942	8166.728631367898	1.85
82635.70110082554	1850	15.069088342167227	0.0	728962	2964.3707181344625	1.85
82642.05220612699	1850	12.717983040719925	0.0	938587	6351.1053014473	1.85
82645.47764111708	1850	13.292548050623799	0.0	908665	3425.434990096127	1.85
82648.99390678036	1850	13.776282387342773	0.0	930577	3516.2656632810244	1.85
82655.82315805559	1850	10.947031112111803	0.0	858450	6829.251275230969	1.85
82657.21083328931	750	13.559355878390331	0.0	384505	1387.6752337214716	-0.3500000000000001
82658.55472434359	750	16.215464824111457	0.0	372093	1343.891054278876	0.75
82661.69270212151	1850	17.077487046186285	0.0	973972	3137.97777792517	0.75
82664.62222981744	1850	18.147959350263257	0.0	958994	2929.527695923027	1.85
82667.54647500391	1850	19.223714163778403	0.0	982064	2924.245186484851	1.85
82670.22610768591	1850	20.54408148178199	0.0	830730	2679.6326819964115	1.85
82675.66902332183	1850	19.101165845874934	0.0	846370	5442.915635907059	1.85

