52477.230944041265	750	4.0	1.6160175113199524	450283	1616.0175113199525	1	-6.198875298675795
52478.425052514474	750	6.805891526793574	0.0	398865	1194.108473206426	1	0.75
52479.76888348142	750	9.462060559840603	0.0	350812	1343.830966952971	1	0.75
52480.430661665436	1850	12.800282375830191	0.0	382355	661.7781840104119	3	0.75
52482.70113170593	1850	14.529812335331306	0.0	996749	2270.470040498886	3	0.75
52484.77191262818	1850	16.459031413079217	0.0	801058	2070.780922252089	3	1.85
52486.226943913585	1850	19.004000127675344	0.0	905515	1455.0312854038748	3	1.85
52487.943169623424	1850	21.287774417831994	0.0	1060487	1716.225709843346	3	1.85
52493.534085001294	1850	19.69685903996227	0.0	852833	5590.915377869725	3	1.85
52505.36416239909	750	11.866781642170153	0.0	913888	11830.077397792116	1	1.85
52510.252841662776	750	10.978102378488968	0.0	353220	4888.679263681186	1	-0.3500000000000001
52513.45176270897	750	11.779181332283374	0.0	405134	3198.9210462055944	1	0.75
52515.42213378781	1850	13.808810253448852	0.0	386351	1970.371078834521	3	0.75
52530.48075139595	300	4.0	1.2498073546941868	1036454	15058.617608143039	0	-4.624171625185003
52531.14098662467	750	7.3397647712934555	0.0	140051	660.2352287065445	1	-1.25
52532.308046088365	750	10.172705307593851	0.0	366214	1167.0594636996045	1	0.3
52533.09996770144	1850	13.380783694517676	0.0	360831	791.921613076174	3	0.75
52535.01834801379	1850	15.46240338216363	0.0	885714	1918.3803123540451	3	0.75
52537.61642318691	1850	16.864328209049606	0.0	987708	2598.075173114025	3	1.85
52543.505854862684	1850	14.974896533283209	0.0	923755	5889.431675766397	3	1.85
52557.02620360208	750	5.454547793882908	0.0	891604	13520.3487394003	1	1.85
52557.98011590409	1850	8.500635491883001	0.0	399894	953.9123019999075	3	-0.3500000000000001
52573.659171495	300	4.0	7.178420099026566	968026	15679.055590909566	0	-30.11720642581423
52575.85080163966	300	5.8083698553384915	0.0	137654	2191.6301446615093	0	-1.25
52579.21678893075	300	6.4423825642485335	0.0	146754	3365.987291089957	0	0.3
52581.11790302012	300	8.541268474889868	0.0	153938	1901.1140893586655	0	0.3
52586.26222246046	300	7.396949034545011	0.0	181901	5144.319440344858	0	0.3
52587.63741873842	300	10.021752756584458	0.0	111155	1375.1962779605537	0	0.3
52588.1946838158	750	13.464487679205114	0.0	153605	557.2650773793446	1	0.3
52591.236741869965	750	14.422429625041973	0.0	400508	3042.0580541631384	1	0.3
52593.732274534814	750	15.92689696018821	0.0	358218	2495.5326648537625	1	0.75
52594.674328036686	1850	18.984843458312547	0.0	400322	942.0535018756656	3	0.75
52604.69038826881	750	12.968783226184282	0.0	885062	10016.060232128264	1	0.75
52606.416360544674	1850	15.2428109503218	0.0	412837	1725.972275862481	3	-0.3500000000000001
52613.90906637043	750	11.75010512456497	0.0	1026056	7492.7058257568315	1	0.75
52623.68171215048	300	5.9774593445124395	0.0	365161	9772.64578005253	0	-0.3500000000000001
52624.0012628523	750	9.657908642685397	0.0	131610	319.55070182704054	1	-0.15000000000000002
52624.73936747586	1850	12.919804019130243	0.0	361565	738.1046235551547	3	0.3
52626.46169608671	1850	15.197475408279333	0.0	908665	1722.328610850909	3	0.75
52628.61370247726	1850	17.045469017730376	0.0	930577	2152.0063905489587	3	1.85
52632.66613326961	1850	16.993038225382207	0.0	858450	4052.430792348168	3	1.85
52645.78404001621	750	7.875131478777168	0.0	1025005	13117.906746605038	1	1.85
52652.30617760645	300	5.352993888542286	0.0	372093	6522.137590234883	0	-0.3500000000000001
52654.14811236853	300	7.51105912645913	0.0	172312	1841.9347620831563	0	-0.15000000000000002
52659.51943558732	300	6.139735907677204	0.0	167025	5371.323218781926	0	0.3
52660.90297062312	300	8.756200871874862	0.0	160064	1383.5350358023409	0	0.3
52663.69191028416	300	9.96726121084468	0.0	137507	2788.939661030183	0	0.3
52664.507910474334	750	13.151261020662146	0.0	118421	816.0001901825337	1	0.3

