52242.44431760373	300	4.0	0.6808046007133377	181801	680.8046007133377	-2.6274597830673523
52243.10476912908	300	7.33954847464456	0.0	155580	660.4515253554397	0.3
52243.41154683503	300	11.032770768699868	0.0	139857	306.77770594469223	0.3
52243.71004423489	300	14.734273368838938	0.0	155432	298.4973998609289	0.3
52246.49853980358	750	15.945777800146294	0.0	411561	2788.495568692644	0.3
52248.27989057562	750	18.16442702811133	0.0	318564	1781.3507720349623	0.75
52256.40597266764	750	14.038344936085155	0.0	352642	8126.082092026177	0.75
52260.264885633565	750	14.179431970159769	0.0	437162	3858.9129659253863	0.75
52266.05898085063	750	12.385336753097977	0.0	374758	5794.095217061791	0.75
52266.762865349585	300	15.681452254141972	0.0	139105	703.8844989560065	-0.15000000000000002
52268.14166036096	750	18.302657242759757	0.0	353220	1378.7950113822142	0.3
52269.11991665992	1200	21.3244009438014	0.0	594078	978.256298958357	0.75
52270.14384193375	1200	24.300475669971497	0.0	624282	1023.9252738299028	1.2
52273.74173071474	1850	24.702586888984815	0.0	1036454	3597.8887809866833	1.2000000000000002
52275.786856306775	2850	26.657461296943655	0.0	1231445	2045.1255920411584	1.85
52280.22469667961	2850	26.21962092411103	0.0	1471065	4437.840372832626	2.85
52282.68009626525	2850	27.76422133846929	0.0	1491626	2455.39958564174	2.85
52284.89484426199	2850	29.549473341729193	0.0	1358801	2214.747996740098	2.85
52288.27322249016	4300	30.171095113559737	0.0	2220726	3378.37822816946	2.8499999999999996
52297.021122369784	4300	25.423195233941634	0.0	2156729	8747.8998796181	4.3
52298.57956120068	1850	27.864756403042655	0.0	891604	1558.43883089898	-0.6000000000000001
52301.25794326573	2850	29.18637433799018	0.0	1468126	2678.382065052474	1.85
52304.72033246862	4300	29.723985135094924	0.0	2221506	3462.389202895253	2.8499999999999996
52311.156821851	4300	27.28749575271758	0.0	2044075	6436.489382377346	4.3
52313.25048509962	2850	29.1938325041001	0.0	1383735	2093.6632486174803	1.4000000000000001
52316.494873091964	4300	29.949444511756244	0.0	2105231	3244.387992343859	2.8499999999999996
52320.16413397416	4300	30.28018362956042	0.0	2395588	3669.260882195823	4.3
52323.41601901087	4300	31.02829859286291	0.0	1972048	3251.8850366975107	4.3
52328.741525259866	4300	29.70279234385746	0.0	2134614	5325.506249005447	4.3
52335.83779365536	4300	26.606523948365894	0.0	2164140	7096.268395491568	4.3
52338.00646295025	2850	28.437854653468836	0.0	1341201	2168.669294897058	1.4000000000000001
52343.25640666761	4300	27.187910936110406	0.0	2147852	5249.943717358431	2.8499999999999996
52345.40428181791	2850	29.040035785814823	0.0	1358081	2147.875150295582	1.4000000000000001
52348.99818724425	4300	29.446130359466157	0.0	2286761	3593.9054263486696	2.8499999999999996
52354.5246434207	4300	27.919674183013523	0.0	2307787	5526.456176452634	4.3
52356.75955005724	2850	29.684767546476657	0.0	1439896	2234.906636536863	1.4000000000000001
52358.44533586732	2850	31.998981736392093	0.0	1139291	1685.785810084566	2.85
52361.53306979297	4300	32.9112478107459	0.0	2147467	3087.7339256461946	2.8499999999999996
52366.56849531411	4300	31.875822289610394	0.0	2133870	5035.4255211355	4.3
52369.93190845026	4300	32.51240915346119	0.0	2146120	3363.4131361492045	4.3
52376.55155045616	4300	29.892767147545552	0.0	2108491	6619.642005915638	4.3
52380.114489797474	4300	30.329827806235883	0.0	2184571	3562.9393413096686	4.3
52389.4419369623	4300	25.002380641411467	0.0	2121928	9327.447164824418	4.3
52390.92857407895	1850	27.515743524766712	0.0	973972	1486.637116644752	-0.6000000000000001
52393.26093707911	2850	29.18338052460638	0.0	1464921	2332.3630001603296	1.85
52398.250313091	4300	28.194004512724053	0.0	2246506	4989.376011882329	2.8499999999999996
52401.537245210675	2850	28.907072393038867	0.0	1231456	3286.9321196851843	1.4000000000000001
52407.67616722727	2850	26.76815037644532	0.0	1364537	6138.9220165935485	2.85

