67406.40447432915	750	4.0	2.6094573854686454	450283	2609.4573854686455	-10.470666757515174
67413.89841253223	750	4.0	3.493938203075746	398865	7493.938203075746	-14.273934273225708
67415.22205506425	300	6.676357467975835	0.0	139857	1323.6425320241656	-0.15000000000000002
67416.10220203923	300	9.796210492999721	0.0	155432	880.1469749761121	0.3
67416.97120836697	300	12.927204165252682	0.0	163442	869.0063277470408	0.3
67417.71689862186	300	16.18151391036986	0.0	126289	745.6902548828241	0.3
67418.60831565302	300	19.29009687919376	0.0	153295	891.4170311760972	0.3
67420.57013008765	1200	21.328282444557992	0.0	709534	1961.8144346357678	0.29999999999999993
67423.72416827205	1850	22.174244260165604	0.0	852833	3154.038184392389	1.2000000000000002
67429.3363182387	1850	20.56209429353056	0.0	913888	5612.149966635043	1.85
67432.09270221823	1850	21.805710313981503	0.0	939819	2756.3839795490567	1.85
67437.53032367853	2850	20.36808885368745	0.0	1519951	5437.6214602940545	1.85
67449.94031510412	2850	11.958097428105031	0.0	1422919	12409.991425582417	2.85
67451.57838156741	1200	14.320030964812066	0.0	687371	1638.0664632929663	-0.44999999999999996
67453.54304493801	1850	16.355367594197773	0.0	821631	1964.6633706142911	1.2000000000000002
67456.04165237866	1850	17.856760153555413	0.0	923170	2498.6074406423604	1.85
67459.34925562087	1850	18.549156911334947	0.0	966699	3307.603242220467	1.85
67461.51832754875	1850	20.3800849834494	0.0	885714	2169.0719278855477	1.85
67465.17020093273	2850	20.728211599481313	0.0	1537156	3651.8733839680845	1.85
67470.25815834274	4300	19.64025418946644	0.0	2156729	5087.957410014877	2.8499999999999996
67475.23063802642	4300	18.667774505785907	0.0	2039773	4972.4796836805335	4.3
67480.72684330383	4300	17.171569228365815	0.0	2176469	5496.205277420092	4.3
67485.95176321027	4300	15.946649321922475	0.0	2221506	5224.919906443338	4.3
67490.72619393206	4300	15.172218600136828	0.0	2044075	4774.430721785648	4.3
67495.88066368157	4300	14.01774885062582	0.0	2186790	5154.469749511008	4.3
67500.79806793701	4300	13.100344595196278	0.0	2105231	4917.404255429541	4.3
67508.00785995713	4300	9.890552575069817	0.0	2395588	7209.79202012646	4.3
67510.99642126072	2850	10.901991271484034	0.0	1141971	2988.561303585784	1.4000000000000001
67515.6420004197	2850	10.256412112490889	0.0	1498470	4645.579158993146	2.85
67519.96116778614	2850	9.937244746059758	0.0	1561263	4319.16736643113	2.85
67523.0772829808	2850	10.821129551400722	0.0	1341201	3116.115194659036	2.85
67526.59262949026	2850	11.305783041944931	0.0	1497683	3515.3465094557914	2.85
67530.06990224152	2850	11.828510290671236	0.0	1358081	3477.272751273694	2.85
67535.16183917288	2850	10.736573359311919	0.0	1587293	5091.936931359319	2.85
67540.88994121239	2850	9.00847131981407	0.0	1492672	5728.102039497848	2.85
67545.94681816864	2850	7.9515943635551105	0.0	1439896	5056.8769562589605	2.85
67548.61785245973	2850	9.280560072459334	0.0	1139291	2671.0342910957775	2.85
67552.3657921079	2850	9.53262042428794	0.0	1499009	3747.9396481713948	2.85
67557.19570392114	2850	8.70270861103738	0.0	1427478	4829.911813250559	2.85
67563.17974656381	2850	6.718665968371209	0.0	1402287	5984.042642666172	2.85
67565.18314794387	1850	8.715264588312674	0.0	858450	2003.4013800585324	0.8500000000000001
67569.6245861396	2850	8.273826392570317	0.0	1527299	4441.4381957423575	1.85
67573.9224270599	2850	7.9759854722930354	0.0	1343002	4297.840920277282	2.85
67579.55953111962	2850	6.338881412550119	0.0	1587250	5637.104059742916	2.85
67581.92823833866	1850	7.970174193518107	0.0	958994	2368.7072190320127	0.8500000000000001
67584.20063884342	1850	9.69777368877041	0.0	982064	2272.4005047476994	1.85
67588.65364033548	4300	9.244772196696097	0.0	1961140	4453.001492074312	1.8499999999999996
67593.62150645153	4300	8.276906080645563	0.0	2155012	4967.8661160505335	4.3

