39941.89887569264	300	4.0	1.2277183966446155	181801	1227.7183966446155	-4.979189105571846
39942.29431542115	300	7.604560271483351	0.0	155580	395.43972851664967	0.3
39942.65787663797	300	11.240999054674294	0.0	139857	363.5612168090569	0.3
39943.792802346594	300	14.106073346042576	0.0	155432	1134.9257086317173	0.3
39944.19246169811	300	17.706413994520997	0.0	163442	399.6593515215814	0.3
39944.486605675156	300	21.412270017483028	0.0	126289	294.14397703796783	0.3
39944.82654281109	300	25.072332881548505	0.0	153295	339.93713593452543	0.3
39945.20133266819	300	28.697543024442393	0.0	173849	374.7898571061112	0.3
39945.916797107275	750	31.982078585363812	0.0	374758	715.4644390785797	0.3
39946.611976292705	750	35.28689939992811	0.0	362795	695.1791854357034	0.75
39947.29091947517	750	38.6079562174708	0.0	353220	678.9431824573084	0.75
39951.9685336794	750	37.930342013242665	0.0	405134	4677.614204228135	0.75
39953.53451043588	300	40.36436525676229	0.0	160746	1565.976756480366	-0.15000000000000002
39954.34205754936	300	43.55681814328767	0.0	179801	807.5471134746165	0.3
39954.815430726245	300	47.08344496639993	0.0	140051	473.37317688774243	0.3
39955.28392223445	300	50.61495345820025	0.0	138313	468.4915081996866	0.3
39955.767008190574	300	54.1318675020701	0.0	143509	483.08595613014563	0.3
39956.27005618316	300	57.6288195094808	0.0	150616	503.04799258930115	0.3
39957.99868602295	300	59.900189669694264	0.0	165384	728.6298397865356	0.3
39960.389806801555	300	59.77439373351166	0.0	140881	625.7959361826098	0.3
39963.90180371013	750	59.93105775289151	0.0	386472	1843.3359806201495	0.3
39967.029585739576	750	59.79699715634055	0.0	399894	1634.0605965509603	0.75
39970.000397913514	750	59.569451784871845	0.0	401853	1227.5453714687046	0.75
39972.444010824125	750	59.65927874990559	0.0	343800	910.1730349662549	0.75
39976.557133620016	750	59.5461559540075	0.0	359903	3113.122795898087	0.75
39985.83785681874	750	54.26543275527927	0.0	379700	9280.723198728238	0.75
39991.488295795665	750	52.6149937783554	0.0	425781	5650.438976923871	0.75
39992.066986314654	750	56.03630325936241	0.0	277716	578.6905189929852	0.75
39992.865971497515	750	59.237318076503975	0.0	400396	798.9851828584427	0.75
39996.50847848006	750	59.594811093963564	0.0	400508	3642.506982540403	0.75
39998.87519175607	750	59.58890817784589	0.0	358218	1505.902916117679	0.75
40000.28387713887	750	59.88647069119445	0.0	400322	702.4374866514379	0.75
40001.4422955215	750	59.97188548230442	0.0	369834	914.5852088900203	0.75
40004.60131024887	750	59.870294613939166	0.0	412837	2601.590868365263	0.75
40013.29104008794	750	55.1805647748761	0.0	401088	8689.729839063062	0.75
40014.02251960516	750	58.44908525765534	0.0	365161	731.4795172207631	0.75
40014.97376602421	750	59.79627868817786	0.0	321064	652.8065694774829	0.75
40016.004107563866	750	59.58632782313445	0.0	361565	709.9508650434178	0.75
40019.595326550996	750	59.995108836002714	0.0	378327	2591.2189871317337	0.75
40023.820565227754	750	59.759794338996606	0.0	390680	2235.314497006104	0.75
40027.79776946611	750	59.78259010063819	0.0	345516	1977.2042383584221	0.75
40030.547017599405	750	59.81053019649327	0.0	384505	972.0599041449219	0.75
40043.30011461286	750	51.05743318303238	0.0	372093	12753.097013460889	0.75
40044.53719146145	300	53.82035633444042	0.0	172312	1237.0768485919632	-0.15000000000000002
40045.2108382145	300	57.14670958138658	0.0	167025	673.6467530538335	0.3
40046.591478472474	300	59.76606932342017	0.0	160064	380.6402579664109	0.3
40050.00954551043	750	59.569860401050434	0.0	331053	1696.208922369732	0.3
40054.06037005755	750	59.519035853934625	0.0	314107	2550.824547115805	0.75

