13669.19569115404	750	4.0	3.3708027324830896	450283	3370.8027324830896	-13.744451749677285
13670.549290832307	750	6.646400321732675	0.0	398865	1353.5996782673246	0.75
13671.506285756273	750	9.689405397766624	0.0	350812	956.9949239660513	0.75
13672.440452631792	750	12.755238522247698	0.0	382355	934.1668755189253	0.75
13676.45414732512	1850	12.741543828920658	0.0	996749	4013.694693327041	0.75
13681.769127990261	1850	11.426563163778825	0.0	801058	5314.980665141833	1.85
13683.73186259898	1850	13.463828555059537	0.0	905515	1962.734608719287	1.85
13686.084277611997	1850	15.111413542042909	0.0	1060487	2352.415013016628	1.85
13688.108122816959	1850	17.087568337080818	0.0	852833	2023.8452049620887	1.85
13693.081124542208	1850	16.114566611831062	0.0	913888	4973.001725249757	1.85
13695.475565217092	1850	17.720125936947923	0.0	939819	2394.440674883138	1.85
13697.411254998926	1850	19.784436155112257	0.0	917428	1935.689781835664	1.85
13700.975162628782	1850	20.220528525256764	0.0	946851	3563.907629855494	1.85
13708.94617861307	1850	16.249512540967352	0.0	1036454	7971.01598428941	1.85
13710.57420870441	1850	18.621482449630005	0.0	821631	1628.0300913373478	1.85
13713.707385007872	1850	19.48830614616525	0.0	923170	3133.1763034647556	1.85
13717.246637618842	1850	19.949053535197624	0.0	966699	3539.2526109676255	1.85
13719.023659239216	1850	22.172031914823858	0.0	885714	1777.0216203737666	1.85
13726.234713504042	1850	18.960977649997737	0.0	987708	7211.0542648261235	1.85
13730.305986649562	1850	18.889704504479393	0.0	923755	4071.273145518346	1.85
13735.47365983407	1850	17.72203131997145	0.0	891604	5167.67318450794	1.85
13742.501493457017	1850	14.694197697024665	0.0	955231	7027.833622946785	1.85
13744.429381207916	1850	16.766309946127368	0.0	968026	1927.8877508972957	1.85
13752.903758881805	1850	12.291932272237586	0.0	874175	8474.377673889781	1.85
13754.007789542718	750	15.187901611325056	0.0	359903	1104.0306609125291	-0.3500000000000001
13762.82748526627	1850	10.368205887772813	0.0	905935	8819.695723552244	0.75
13763.739832011046	750	13.455859142997012	0.0	425781	912.346744775801	-0.3500000000000001
13766.556943276224	1850	14.638747877817712	0.0	758197	2817.1112651792987	0.75
13773.295512720024	1850	11.90017843401877	0.0	972798	6738.569443798942	1.85
13774.24828903101	750	14.947402123033177	0.0	400508	952.7763109855929	-0.3500000000000001
13777.132613814736	1850	16.06307733930769	0.0	873429	2884.3247837254867	0.75
13779.145184036459	1850	18.050507117583777	0.0	954453	2012.5702217239123	1.85
13783.01425760731	1850	18.181433546731743	0.0	885062	3869.0735708520333	1.85
13785.95384910161	1850	19.241842052431437	0.0	1035329	2939.591494300305	1.85
13788.174385848873	1850	21.02130530516719	0.0	1026056	2220.536747264249	1.85
13790.200597567626	1850	22.99509358641545	0.0	943942	2026.2117187517395	1.85
13794.839680295701	1850	22.356010858338372	0.0	728962	4639.0827280770745	1.85
13799.818745249413	1850	21.376945904627036	0.0	938587	4979.064953711338	1.85
13804.123202941655	1850	21.072488212386208	0.0	908665	4304.457692240826	1.85
13813.768474330913	1850	15.427216823127852	0.0	930577	9645.271389258356	1.85
13818.116178095064	1850	15.079513058976838	0.0	858450	4347.703764151014	1.85
13820.25554366179	1850	16.940147492251025	0.0	1025005	2139.3655667258126	1.85
13823.451734458047	1850	17.7439566959934	0.0	886255	3196.1907962576247	1.85
13837.140249394542	1850	8.055441759500345	0.0	973972	13688.514936493057	1.85
13837.542253386215	300	11.653437767826853	0.0	167025	402.0039916734906	-1.25
13838.381459851935	750	14.81423130210623	0.0	393804	839.2064657206244	0.3
13840.272373004158	1850	16.923318149884135	0.0	830730	1890.9131522220944	0.75
13855.863000413796	1850	5.332690740245635	0.0	846370	15590.627409638502	1.85

