17617.042932024062	750	4.0	1.2671234907059954	450283	1267.1234907059954	1	-4.69863101003578
17619.848918483403	750	5.194013540660322	0.0	398865	2805.9864593396783	1	0.75
17620.375031293403	750	8.667900730658568	0.0	350812	526.1128100017538	1	0.75
17620.94125600484	1850	12.101676019222756	0.0	382355	566.2247114358133	3	0.75
17622.920403103537	1850	14.122528920525685	0.0	996749	1979.1470986970712	3	0.75
17626.081647725056	1850	14.96128429900611	0.0	801058	3161.2446215195764	3	1.85
17629.70138152455	1850	15.341550499516815	0.0	905515	3619.7337994892923	3	1.85
17634.246036283697	1850	14.796895740366566	0.0	1060487	4544.654759150249	3	1.85
17635.886363659385	1850	17.156568364680016	0.0	852833	1640.3273756865492	3	1.85
17642.62092620538	1850	14.422005818682548	0.0	913888	6734.562545997468	3	1.85
17645.025744394647	1850	16.017187629421056	0.0	939819	2404.818189261492	3	1.85
17647.142655711235	1850	17.900276312832727	0.0	917428	2116.9113165883305	3	1.85
17651.631495150825	1850	17.411436873242934	0.0	946851	4488.839439589791	3	1.85
17654.09094718472	1850	18.95198483934674	0.0	1036454	2459.452033896198	3	1.85
17656.347789720767	1850	20.695142303300457	0.0	821631	2256.8425360462816	3	1.85
17658.597841901345	1850	22.445090122722853	0.0	923170	2250.052180577605	3	1.85
17664.385525072288	1850	20.657406951779144	0.0	966699	5787.683170943711	3	1.85
17670.9008108973	1850	18.14212112677018	0.0	885714	6515.285825008964	3	1.85
17675.967175491518	1850	17.075756532550425	0.0	987708	5066.3645942197545	3	1.85
17680.054477990878	1850	16.98845403319245	0.0	923755	4087.302499357973	3	1.85
17682.80384239061	1850	18.23908963345732	0.0	891604	2749.3643997351337	3	1.85
17685.175526257648	1850	19.867405766421385	0.0	955231	2371.6838670359352	3	1.85
17689.299468688856	1850	19.743463335213214	0.0	968026	4123.942431208168	3	1.85
17692.646787521422	1850	20.396144502648536	0.0	874175	3347.318832564682	3	1.85
17695.386108435676	1850	21.656823588396414	0.0	897976	2739.3209142521177	3	1.85
17700.786571110242	1850	20.256360913829276	0.0	905935	5400.462674567138	3	1.85
17705.791151394962	1850	19.25178062910857	0.0	1076599	5004.58028472071	3	1.85
17707.22356412654	1850	21.819367897531983	0.0	758197	1432.4127315765857	3	1.85
17708.835102060908	1850	24.207829963165064	0.0	972798	1611.5379343669151	3	1.85
17710.449473374003	1850	26.59345865006998	0.0	975811	1614.371313095086	3	1.85
17712.255155400428	1850	28.787776623642426	0.0	873429	1805.6820264275555	3	1.85
17715.94622322798	1850	29.096708796090496	0.0	954453	3691.0678275519267	3	1.85
17717.986157577976	1850	31.05677444609478	0.0	885062	2039.9343499957165	3	1.85
17721.075843762734	1850	31.967088261337828	0.0	1035329	3089.6861847569544	3	1.85
17728.329112444848	1850	28.713819579223035	0.0	1026056	7253.26868211479	3	1.85
17733.622873391425	1850	27.420058632646846	0.0	943942	5293.760946576191	3	1.85
17736.193844556434	1850	28.849087467638704	0.0	728962	2570.971165008145	3	1.85
17738.914598884778	1850	30.12833313929294	0.0	938587	2720.7543283457653	3	1.85
17741.130068759932	1850	31.912863264136927	0.0	908665	2215.4698751560118	3	1.85
17742.92950853271	1850	34.11342349136043	0.0	930577	1799.439772776497	3	1.85
17746.48751570695	1850	34.55541631711723	0.0	858450	3558.007174243209	3	1.85
17750.5100468378	1850	34.53288518626979	0.0	1025005	4022.531130847443	3	1.85
17752.876842029604	4300	36.166089994462794	0.0	886255	2366.7951918069875	5	1.85
17757.805561286234	4300	35.237370737833864	0.0	2219102	4928.71925662893	5	1.8499999999999996
17764.576622888515	4300	32.4663091355523	0.0	2124950	6771.061602281565	5	4.3
17768.868942306563	4300	32.17398971750524	0.0	2246506	4292.319418047054	5	4.3
17777.6351682542	4300	27.407763769868257	0.0	1961140	8766.22594763699	5	4.3
17784.386213484893	4300	24.65671853917547	0.0	2155012	6751.045230692786	5	4.3

