8823.077694482763	750	4.0	0.6717751759521179	450283	671.7751759521179	-2.138633256594107
8824.052732306594	1200	7.024962176167628	0.0	611087	975.0378238323716	0.75
8826.849888108583	1850	8.227806374179217	0.0	877771	2797.1558019884105	1.2000000000000002
8828.662785521814	1850	10.414908960948603	0.0	933276	1812.8974132306143	1.85
8830.593538957819	1850	12.48415552494446	0.0	996749	1930.7534360041418	1.85
8834.661692847945	2850	12.416001634819349	0.0	1224260	4068.153890125111	1.85
8836.832138529973	1850	14.245555952790466	0.0	905515	2170.445682028883	0.8500000000000001
8839.004103832847	1850	16.0735906499169	0.0	1060487	2171.9653028735675	1.85
8840.727991072314	1850	18.34970341044995	0.0	852833	1723.8872394669484	1.85
8843.50363849575	2850	19.57405598701568	0.0	1429765	2775.6474234342704	1.85
8847.195210736027	4300	19.882483746737424	0.0	2173522	3691.572240278255	2.8499999999999996
8853.718114732657	4300	17.3595797501075	0.0	2102452	6522.903996629925	4.3
8865.026280349146	4300	10.051414133617705	0.0	2209463	11308.165616489794	4.3
8866.423178792707	1200	12.654515690056096	0.0	687371	1396.8984435616087	-1.9000000000000001
8868.496348186316	2850	14.581346296447025	0.0	1231445	2073.16939360907	1.2000000000000002
8870.725699182178	2850	16.351995300585656	0.0	1471065	2229.3509958613704	2.85
8875.872226433621	4300	15.205468049140386	0.0	2289689	5146.52725144527	2.8499999999999996
8880.850045542396	4300	14.227648940366013	0.0	2059512	4977.8191087743735	4.3
8884.317662645904	4300	14.760031836858328	0.0	2220726	3467.617103507685	4.3
8887.330127122377	4300	15.747567360385284	0.0	2156729	3012.4644764730447	4.3
8890.183568691795	4300	16.894125790967497	0.0	2039773	2853.441569417786	4.3
8893.222873280663	4300	17.85482120209944	0.0	2176469	3039.3045888680554	4.3
8896.344437373567	4300	18.73325710919466	0.0	2221506	3121.5640929047827	4.3
8907.217862617912	4300	11.85983186484951	0.0	2044075	10873.42524434515	4.3
8909.383914810778	1200	13.693779671982504	0.0	587236	2166.052192867006	-1.9000000000000001
8911.213556113391	1200	15.864138369370131	0.0	590335	1829.6413026123712	1.2
8912.815656883748	1200	18.262037599012295	0.0	696376	1602.1007703578364	1.2
8913.960464704936	1200	21.117229777824424	0.0	487160	1144.8078211878694	1.2
8915.30309139039	1200	23.77460309237143	0.0	622896	1342.626685452998	1.2
8920.533381257192	4300	22.544313225569166	0.0	2164140	5230.289866802259	1.1999999999999997
8926.921173895611	4300	20.156520587149096	0.0	2113193	6387.792638420072	4.3
8930.834457145791	4300	20.243237336968846	0.0	2147852	3913.2832501802486	4.3
8937.894941302713	4300	17.18275318004795	0.0	2191074	7060.4841569208975	4.3
8943.797410799361	4300	15.280283683399768	0.0	2286761	5902.46949664818	4.3
8949.467563048034	2850	13.610131434726522	0.0	1492672	5670.1522486732465	1.4000000000000001
8954.66998035814	1850	12.407714124622421	0.0	943942	5202.4173101041	0.8500000000000001
8955.743961698468	1200	15.333732784293222	0.0	487812	1073.9813403291992	0.5499999999999999
8959.534805752395	1850	15.542888730367359	0.0	938587	3790.8440539258645	1.2000000000000002
8964.582852428524	1850	14.494842054237838	0.0	908665	5048.046676129522	1.85
8966.330775714809	1850	16.746918767952106	0.0	930577	1747.9232862857298	1.85
8969.171026503738	2850	17.90666797902228	0.0	1339500	2840.2507889298245	1.85
8972.541296239764	2850	18.536398242996203	0.0	1527299	3370.2697360260795	2.85
8978.428167809649	2850	16.64952667311099	0.0	1343002	5886.871569885209	2.85
8982.225663148945	2850	16.85203133381465	0.0	1587250	3797.495339296338	2.85
8985.745417871913	2850	17.33227661084763	0.0	1464921	3519.7547229670217	2.85
8990.440570252735	2850	16.63712423002533	0.0	1483527	4695.152380822301	2.85
8993.33342930231	2850	17.74426518045015	0.0	1231456	2892.859049575179	2.85
8996.339981532092	2850	18.737712950669163	0.0	1364537	3006.5522297809894	2.85

