64947.17687572818	750	4.0	7.113234200500951	450283	7113.234200500951	0.06330214742097043	-29.83690706215409
64950.59190897523	300	4.584966752954726	0.0	155580	3415.0332470452745	0.04555738956117326	-0.15000000000000002
64954.34904048936	300	4.827835238824528	0.0	139857	3757.131514130198	0.037224408960402834	0.3
64954.9034353827	300	8.273440345485701	0.0	155432	554.3948933388251	0.28036333282926884	0.3
64956.23956305717	750	10.937312671020855	0.0	411561	1336.1276744648478	0.3080252043764009	0.3
64963.00097859799	1200	8.175897130199655	0.0	520315	6761.415540821199	0.0769535605168272	0.75
64966.36497905079	750	8.811896677397291	0.0	352642	3364.000452802364	0.1048281666270982	0.3
64969.6200118255	750	9.55686390269021	0.0	437162	3255.032774707081	0.1343034095991061	0.75
64975.26440160275	1200	7.912474125447658	0.0	584846	5644.389777242553	0.10361545234845815	0.75
64983.26622578891	750	4.0	0.08935006071624321	362795	8001.824186163902	0.04533903664458354	-0.08420526107984583
64983.939762462636	300	7.326463326270596	0.0	141840	673.5366737294038	0.21058986916722044	-0.15000000000000002
64987.117714321874	750	8.148511467033448	0.0	405134	3177.9518592371487	0.1274827366633711	0.3
64988.08816931042	750	11.178056478497579	0.0	386351	970.4549885358683	0.3981132608560138	0.75
65001.7137024419	1850	4.0	2.4474766529890277	1036454	13625.533131486607	0.0760670419276958	-9.774149607852818
65002.242522939516	300	7.471179502381237	0.0	140051	528.8204976187627	0.2648365572640219	-1.25
65004.4728895266	750	9.240812915303854	0.0	366214	2230.366587077385	0.16419453291751357	0.3
65011.73246202428	1200	5.981240417624238	0.0	617242	7259.5724976796155	0.08502456586765814	0.75
65012.39162780652	300	9.322074635379744	0.0	150616	659.1657822444944	0.22849487042113223	-0.6000000000000001
65019.61601235449	1200	6.097690087406874	0.0	639204	7224.38454797287	0.08847867880722902	0.29999999999999993
65020.09902878433	300	9.614673657570217	0.0	140881	483.01642983665676	0.2916691675428974	-0.6000000000000001
65021.87774502877	1200	11.835957413131752	0.0	601738	1778.7162444384649	0.3382990411660443	0.29999999999999993
65023.82730967123	1850	13.886392770663804	0.0	955231	1949.564642467947	0.48997144243997803	1.2000000000000002
65034.98859164597	2850	6.72511079592146	0.0	1505760	11161.281974742344	0.13490923385033107	1.85
65035.427328993654	300	10.286373448236661	0.0	137654	438.7373476847992	0.313750358218636	-2.25
65039.61146678253	1200	10.102235659358422	0.0	587236	4184.137788878239	0.14034815047461355	0.29999999999999993
65048.95045089758	1200	4.7632515443059145	0.0	590335	9338.984115052508	0.06321190749735854	1.2
65049.67659891062	300	8.037103531267846	0.0	181901	726.1480130380693	0.25050127072435247	-0.6000000000000001
65050.98869844683	750	10.725003995055163	0.0	277716	1312.0995362126814	0.211657722859666	0.3
65053.67273052585	1200	12.0409719160413	0.0	622896	2684.032079013862	0.2320747225304616	0.75
65056.26810698225	1850	13.445595459633402	0.0	975811	2595.376456407897	0.3759805239778436	1.2000000000000002
65072.18938970106	2850	4.0	2.475687259175118	1341201	15921.282718808521	0.08423950655782148	-8.795455214453007
65073.07481986997	300	7.114569831089582	0.0	157488	885.4301689104179	0.17786608761456557	-2.25
65074.83580912555	750	9.35358057550878	0.0	369834	1760.9892555808033	0.21001490998763797	0.3
65076.45730296046	1200	11.732086740606269	0.0	670129	1621.4938349025103	0.4132787837829124	0.75
65083.998539097585	1850	8.190850603477752	0.0	1026056	7541.236137128516	0.1360593915032466	1.2000000000000002
65088.933781814805	750	7.255607886257184	0.0	365161	4935.242717220568	0.07399048454614843	-0.3500000000000001
65090.01639795614	750	10.172991744920528	0.0	321064	1082.6161413366572	0.2965631009376941	0.75
65092.07234707404	1200	12.117042627018265	0.0	575591	2055.9491179022616	0.27996364063099505	0.75
65102.32629027258	1850	5.8630994284826015	0.0	908665	10253.943198535664	0.0886161530648779	1.2000000000000002
65103.130405055526	300	9.058984645540582	0.0	149991	804.1147829420183	0.18652934031535554	-1.25
65106.60220819877	1200	9.587181502289251	0.0	566904	3471.8031432513303	0.16328806001053867	0.29999999999999993
65119.09602928606	1200	4.0	2.9066395850037643	641452	12493.821087293016	0.05134153879091451	-11.298550215516187
65119.99799730114	300	7.098031984914946	0.0	145210	901.9680150850548	0.16099240502037848	-0.6000000000000001
65122.405564084635	750	8.69046520142474	0.0	438281	2407.566783490204	0.182043132928023	0.3
65129.183462367575	750	5.912566918483496	0.0	398987	6777.898282941244	0.058865887823099795	0.75
65134.02510739965	300	5.070921886408449	0.0	160064	4841.645032075047	0.033059837914511316	-0.15000000000000002
65134.5721907004	300	8.523838585663132	0.0	137507	547.0833007453166	0.251345635687779	0.3
65135.71914826872	750	11.376881017341454	0.0	314107	1146.9575683216792	0.2738610465421373	0.3

