51751.846683111646	300	4.0	0.5496687570043776	181801	549.6687570043775	-2.063575655118824
51752.115532121126	300	7.731150990513919	0.0	155580	268.8490094860804	0.3
51753.230470722316	300	10.616212389322115	0.0	139857	1114.9386011918043	0.3
51753.529741848295	300	14.316941263342322	0.0	155432	299.2711259797928	0.3
51754.08552779256	750	17.761155319084395	0.0	411561	555.7859442579265	0.3
51755.12000509139	750	20.726678020253868	0.0	318564	1034.4772988305283	0.75
51756.70199598664	1200	23.144687125008332	0.0	561791	1581.9908952455376	0.75
51757.96671785294	1850	25.87996525870276	0.0	1060487	1264.7218663055708	1.2000000000000002
51762.33400337572	2850	25.512679735931865	0.0	1348011	4367.2855227708915	1.85
51768.806124130846	2850	23.04055898080183	0.0	1429765	6472.120755130037	2.85
51770.42940793055	1850	25.41727518109775	0.0	939819	1623.2837997040817	0.8500000000000001
51771.49391173124	1850	28.352771380410278	0.0	917428	1064.5038006874724	1.85
51774.95094856282	2850	28.895734548821878	0.0	1422919	3457.0368315884	1.85
51779.939751275524	4300	27.90693183612129	0.0	2275376	4988.802712700588	2.8499999999999996
51781.31539730143	2850	30.53128581022018	0.0	1231445	1375.6460259011103	1.4000000000000001
51785.780787141266	4300	30.065895970387412	0.0	2152483	4465.389839832765	2.8499999999999996
51793.08918224876	4300	26.757500862883862	0.0	2289689	7308.395107503549	4.3
51809.85985293329	2850	13.986830178356282	0.0	1358801	16770.67068452758	1.4000000000000001
51812.787801429346	750	15.058881682294897	0.0	405596	2927.9484960613836	-1.35
51813.39916638128	750	18.447516730364683	0.0	350713	611.364951930214	0.75
51816.34911841743	1200	19.49756469421256	0.0	601738	2949.952036152122	0.75
51817.12981557062	1200	22.716867541020747	0.0	616206	780.6971531918135	1.2
51818.31057256164	1850	25.53611054998908	0.0	968026	1180.7569910316654	1.2000000000000002
51820.376849944456	2850	27.46983316717667	0.0	1323990	2066.2773828124095	1.85
51831.44118912959	2850	20.40549398204167	0.0	1383735	11064.339185135	2.85
51832.59582272252	1200	23.2508603891177	0.0	590335	1154.6335929239674	-0.44999999999999996
51834.63564121796	1850	25.211041893672995	0.0	1076599	2039.8184954447058	1.2000000000000002
51836.32192668347	2850	27.52475642816102	0.0	1141971	1686.2854655119731	1.85
51841.38389417549	4300	26.462788936145817	0.0	2134614	5061.967492015203	2.8499999999999996
51843.817045947675	4300	28.029637163953826	0.0	2164140	2433.1517721919936	4.3
51846.27497069176	2850	29.571712419868955	0.0	1341201	2457.9247440848717	1.4000000000000001
51850.91926191418	4300	28.927421197442428	0.0	2147852	4644.291222426528	2.8499999999999996
51852.61412433713	2850	31.23255877449964	0.0	1358081	1694.8624229427887	1.4000000000000001
51856.19297080613	4300	31.65371230549636	0.0	2286761	3578.846469003281	2.8499999999999996
51858.702688002784	4300	33.14399510883524	0.0	2307787	2509.7171966611213	4.3
51861.130174987	4300	34.716508124616524	0.0	2143948	2427.486984218719	4.3
51865.124626686906	4300	34.722056424714246	0.0	1919781	3994.4516999022744	4.3
51867.467420962676	4300	36.37926214894333	0.0	2147467	2342.794275770915	4.3
51872.043977479785	4300	35.802705631836	0.0	2133870	4576.556517107336	4.3
51875.791566986765	4300	36.05511612485784	0.0	2146120	3747.5895069781513	4.3
51881.2588864922	4300	34.58779661941705	0.0	2108491	5467.319505440791	4.3
51883.75709327436	4300	36.08958983725373	0.0	2184571	2498.206782163313	4.3
51886.471787727394	4300	37.37489538422262	0.0	2121928	2714.6944530311134	4.3
51889.068706124985	4300	38.77797698663256	0.0	2219102	2596.9183975900564	4.3
51891.66171567325	4300	40.184967438374194	0.0	2124950	2593.0095482583624	4.3
51898.50424155006	4300	37.34244156156027	0.0	2246506	6842.525876813922	4.3
51903.19319847251	4300	36.65348463911232	0.0	1961140	4688.95692244795	4.3
51907.49245105468	4300	36.35423205694534	0.0	2155012	4299.252582166979	4.3

