85939.958205425	750	4.0	7.023702420502296	450283	7023.702420502296	-29.45192040815987
85940.72969646573	300	7.2285089592715295	0.0	155580	771.4910407284705	-0.15000000000000002
85942.01156581088	300	9.946639614108541	0.0	139857	1281.8693451629892	0.3
85942.6947636763	300	13.263441748691783	0.0	155432	683.1978654167577	0.3
85946.01976206129	750	13.938443363715487	0.0	411561	3324.998384976296	0.3
85950.46358278199	750	13.494622643020005	0.0	318564	4443.820720695482	0.75
85957.85530989691	750	10.102895528095848	0.0	352642	7391.727114924155	0.75
85958.57407726905	300	13.384128155967922	0.0	173849	718.7673721279273	-0.15000000000000002
85961.97111340587	750	13.987092019145763	0.0	374758	3397.0361368221575	0.3
85963.28950751461	750	16.66869791040563	0.0	362795	1318.3941087401304	0.75
85966.67231930103	1200	17.285886123995084	0.0	607410	3382.811786410543	0.75
85977.70503730777	1200	10.253168117251	0.0	594078	11032.718006744086	1.2
85979.75131225397	300	12.20689317104586	0.0	160746	2046.2749462051404	-0.6000000000000001
85982.2207933853	300	13.737412039693947	0.0	179801	2469.4811313519126	0.3
85984.16885463429	300	15.789350790727926	0.0	140051	1948.0612489660207	0.3
85985.58521677699	300	18.372988648020577	0.0	138313	1416.362142707348	0.3
85989.31106750036	300	18.64713792466855	0.0	143509	3725.850723352029	0.3
85991.50854391299	300	20.449661512033007	0.0	150616	2197.4764126355426	0.3
85993.26466106856	300	22.693544356459448	0.0	165384	1756.1171555735589	0.3
85995.10336353832	300	24.85484188670061	0.0	140881	1838.7024697588395	0.3
86000.1514157491	300	23.806789675924982	0.0	157671	5048.052210775625	0.3
86001.95024066792	300	26.007964757102123	0.0	157812	1798.8249188228597	0.3
86004.84982191777	300	27.108383507251094	0.0	163927	2899.5812498510263	0.3
86006.07473641296	300	29.883469012058775	0.0	137654	1224.9144951923201	0.3
86007.16860087751	300	32.78960454750276	0.0	146754	1093.8644645560112	0.3
86009.4052276174	750	34.55297780760883	0.0	379700	2236.6267398939312	0.3
86016.91919803333	1850	31.03900739167594	0.0	1076599	7513.970415932892	0.75
86021.17871224506	1850	30.779493179952112	0.0	758197	4259.514211723833	1.85
86026.55921251078	1850	29.398992914232732	0.0	972798	5380.500265719382	1.85
86030.57473477177	1850	29.383470653233985	0.0	975811	4015.5222609987472	1.85
86035.27758630482	1850	28.680619120198912	0.0	873429	4702.851533035073	1.85
86037.9557414598	1850	30.002463965203912	0.0	954453	2678.155154995003	1.85
86044.65290126143	4300	27.305304163578345	0.0	2191074	6697.159801625568	1.8499999999999996
86064.33788455167	4300	11.620320873341509	0.0	2286761	19684.983290236836	4.3
86067.02252785784	750	12.935677567179262	0.0	401088	2684.643306162247	-2.8
86074.39504945405	750	9.563155970969841	0.0	365161	7372.521596209422	0.75
86076.86155836198	300	11.096647063041104	0.0	131610	2466.508907928737	-0.15000000000000002
86079.19027317227	300	12.767932252759588	0.0	124011	2328.7148102815177	0.3
86083.71396261867	300	12.244242806359143	0.0	144254	4523.6894464004445	0.3
86090.03011647546	300	9.928088949562273	0.0	149991	6316.15385679687	0.3
86095.78848894637	300	8.1697164786464	0.0	147968	5758.372470915871	0.3
86101.51064512771	300	6.447560297312011	0.0	161857	5722.156181334391	0.3
86106.50906991116	300	5.449135513859468	0.0	145210	4998.424783452542	0.3
86113.15657606242	300	4.0	1.1983706374032446	172312	6647.506151262713	-4.852993740833951
86123.68242193125	300	4.0	6.525845868819022	167025	10525.845868819022	-27.761137235921794
86131.45165443957	300	4.0	3.769232508318577	160064	7769.232508318577	-15.907699785769882
86138.38350203926	300	4.0	2.9318475996887936	137507	6931.847599688794	-12.30694467866181
86141.79660457499	300	4.586897464255306	0.0	118421	3413.1025357446943	0.3

