43293.806907220314	300	4.0	2.221291236739268	181801	2221.2912367392682	-9.251552317978852
43294.81957369032	300	6.9873335299868	0.0	155580	1012.6664700132002	0.3
43295.71665986818	300	10.090247352131897	0.0	139857	897.0861778549018	0.3
43296.65881072676	300	13.148096493550755	0.0	155432	942.1508585811434	0.3
43299.02165897878	750	14.785248241527272	0.0	411561	2362.8482520234825	0.3
43300.868671087694	750	16.9382361326112	0.0	318564	1847.012108916075	0.75
43302.90470718755	750	18.90220003276193	0.0	352642	2036.0360998492692	0.75
43305.412065554156	1200	20.394841666151734	0.0	709534	2507.3583666101936	0.75
43310.38299532795	1200	19.423911892355623	0.0	584846	4970.9297737961115	1.2
43314.24501744178	1200	19.561889778526563	0.0	560821	3862.022113829062	1.2
43316.34924977041	1200	21.4576574499031	0.0	607410	2104.232328623464	1.2
43318.87028024073	1200	22.93662697958011	0.0	594078	2521.0304703229863	1.2
43321.96411730762	1850	23.842789912684417	0.0	946851	3093.837066895695	1.2000000000000002
43325.440708227914	1850	24.366198992389855	0.0	1036454	3476.5909202945622	1.85
43328.60978510842	1850	25.197122111892288	0.0	821631	3169.076880497567	1.85
43331.804778298414	1850	26.002128921897008	0.0	923170	3194.9931899952776	1.85
43337.261042025064	2850	24.545865195247767	0.0	1491626	5456.263726649243	1.85
43344.59914997376	1850	21.207757246554337	0.0	885714	7338.107948693429	0.8500000000000001
43348.79581795542	1200	21.01108926489282	0.0	639204	4196.66798166152	0.5499999999999999
43351.86008610637	1200	21.946821113946278	0.0	586839	3064.2681509465438	1.2
43357.12717574359	1850	20.679731476729206	0.0	891604	5267.089637217073	1.2000000000000002
43360.53436806663	1200	21.27253915369114	0.0	616206	3407.192323038062	0.5499999999999999
43364.627701833524	1850	21.179205386792123	0.0	968026	4093.3337668990184	1.2000000000000002
43366.37487876285	1200	23.4320284574691	0.0	536667	1747.176929323019	0.5499999999999999
43369.91507174353	1850	23.891835476785776	0.0	897976	3540.1929806833305	1.2000000000000002
43372.78950365358	1850	25.01740356673714	0.0	905935	2874.431910048636	1.85
43377.41774940391	2850	24.389157816404992	0.0	1547572	4628.245750332147	1.85
43379.94720201426	1850	25.859705206057097	0.0	758197	2529.452610347898	0.8500000000000001
43384.758945795336	2850	25.047961424981118	0.0	1498470	4811.743781075981	1.85
43392.780798928354	1850	21.026108291963546	0.0	975811	8021.853133017574	0.8500000000000001
43395.03930155383	1200	22.767605666481412	0.0	570392	2258.5026254821314	0.5499999999999999
43398.46832833631	1850	23.338578883997993	0.0	954453	3429.02678248342	1.2000000000000002
43401.28918348891	1850	24.517723731403777	0.0	885062	2820.855152594216	1.85
43404.71350387072	1850	25.09340334959088	0.0	1035329	3424.320381812897	1.85
43409.208557693855	2850	24.598349526452914	0.0	1492672	4495.053823137965	1.85
43412.060885336265	1850	25.74602188403846	0.0	943942	2852.3276424144574	0.8500000000000001
43416.56974471961	2850	25.237162500693294	0.0	1139291	4508.859383345165	1.85
43419.72129649487	1850	26.08561072543362	0.0	938587	3151.5517752596757	0.8500000000000001
43424.38443901287	2850	25.422468207435045	0.0	1427478	4663.1425179985745	1.85
43429.97396836498	2850	23.832938855320297	0.0	1402287	5589.529352114752	2.85
43433.06240208549	1850	24.744505134815466	0.0	858450	3088.4337205048287	0.8500000000000001
43438.49481377271	2850	23.312093447596286	0.0	1527299	5432.411687219179	1.85
43441.68068997629	1850	24.126217244013073	0.0	886255	3185.8762035832106	0.8500000000000001
43445.17396996654	1850	24.63293725376608	0.0	973972	3493.279990246991	1.85
43448.61475963089	1850	25.19214758941544	0.0	958994	3440.7896643506406	1.85
43453.89377256359	2850	23.91313465671189	0.0	1483527	5279.012932703555	1.85
43467.37307449595	1850	14.433832724351122	0.0	830730	13479.301932360768	0.8500000000000001
43468.79471852586	750	17.012188694441903	0.0	314107	1421.6440299092176	-0.3500000000000001

