3973.5362335581053	750	4.0	1.2506799138553708	450283	1250.6799138553708	-4.6279236295780946
3976.3761422619245	1850	5.160091296180793	0.0	957685	2839.9087038192065	0.75
3978.659013049585	1850	6.877220508520384	0.0	877771	2282.870787660409	1.85
3980.6486514082762	1850	8.887582149829544	0.0	933276	1989.6383586908391	1.85
3986.2884814346326	1850	7.247752123473053	0.0	996749	5639.8300263564915	1.85
3989.7051917545523	750	7.8310418035536715	0.0	318564	3416.7103199193816	-0.3500000000000001
3990.7416290000756	300	10.79460455802992	0.0	153295	1036.4372455237487	-0.15000000000000002
3997.0309843222312	300	8.505249235874365	0.0	173849	6289.355322155558	0.3
3997.3865535517207	300	12.149680006385065	0.0	150710	355.5692294892994	0.3
3998.1299145669987	750	15.406318991106911	0.0	362795	743.3610152781525	0.3
4004.899397203725	1850	12.636836354380332	0.0	939819	6769.4826367265805	0.75
4009.271074742892	1850	12.265158815213667	0.0	917428	4371.677539166665	1.85
4010.454680352416	1850	15.081553205689659	0.0	946851	1183.6056095240065	1.85
4015.602141814649	1850	13.934091743456909	0.0	1036454	5147.461462232751	1.85
4016.9133689573055	1850	16.622864600800394	0.0	821631	1311.2271426565155	1.85
4018.2869555431425	1850	19.24927801496306	0.0	923170	1373.5865858373322	1.85
4019.62030799011	1850	21.91592556799594	0.0	966699	1333.3524469671174	1.85
4020.8486611064504	1850	24.68757245165566	0.0	885714	1228.3531163402808	1.85
4024.250161818091	1850	25.286071740015263	0.0	987708	3401.500711640398	1.85
4026.1439301583914	1850	27.39230339971452	0.0	923755	1893.7683403007436	1.85
4027.3484091730465	1850	30.18782438505943	0.0	891604	1204.4790146550909	1.85
4030.7696224586525	1850	30.766611099453478	0.0	955231	3421.213285605951	1.85
4040.1829375672814	1850	25.353295990824407	0.0	968026	9413.31510862907	1.85
4041.9070481026943	1850	27.629185455411633	0.0	874175	1724.1105354127747	1.85
4043.6759225296087	1850	29.860311028497314	0.0	897976	1768.8744269143156	1.85
4045.023743253261	1850	32.51249030484487	0.0	905935	1347.8207236524477	1.85
4046.2004141127927	1850	35.33581944531313	0.0	1076599	1176.6708595317368	1.85
4048.289228513696	4300	37.247005044410066	0.0	1972048	2088.8144009030684	1.8499999999999996
4050.543639757017	4300	38.99259380108875	0.0	2134614	2254.41124332131	4.3
4052.8281274761653	4300	40.708106081940755	0.0	2164140	2284.487719147996	4.3
4055.0607183513807	4300	42.475515206724964	0.0	2113193	2232.5908752157948	4.3
4057.952463225892	4300	43.58377033221376	0.0	2147852	2891.744874511203	4.3
4063.1979094320827	4300	42.33832412602306	0.0	2191074	5245.446206190705	4.3
4068.6689372713595	4300	40.86729628674658	0.0	2286761	5471.027839276475	4.3
4074.942989033383	4300	38.59324452472245	0.0	2307787	6274.051762024133	4.3
4083.662980190184	4300	33.87325336792184	0.0	2143948	8719.991156800612	4.3
4100.546704926601	4300	20.989528631504832	0.0	1919781	16883.724736417007	4.3
4106.632866217528	4300	18.903367340577585	0.0	2147467	6086.161290927249	4.3
4113.497273330906	4300	16.03896022719949	0.0	2133870	6864.407113378097	4.3
4116.35977828176	4300	17.176455276346047	0.0	2146120	2862.50495085344	4.3
4121.827540225795	4300	15.708693332310377	0.0	2108491	5467.761944035672	4.3
4126.976019458523	4300	14.560214099582147	0.0	2184571	5148.479232728231	4.3
4138.64383784742	4300	6.892395710685362	0.0	2121928	11667.818388896785	4.3
4140.230605758164	1850	9.305627799941998	0.0	973972	1586.7679107433623	-0.6000000000000001
4141.287479017627	1850	12.248754540477908	0.0	958994	1056.8732594640887	1.85
4142.3678523887675	1850	15.16838116933863	0.0	982064	1080.373371139278	1.85
4143.294070324265	1850	18.242163233841012	0.0	830730	926.2179354976178	1.85
4144.236219848258	1850	21.300013709847512	0.0	846370	942.1495239934982	1.85

