68209.72520332328	300	4.0	1.8954476524554658	181801	1895.4476524554657	-7.850424905558502
68210.6509928157	300	7.074210507574593	0.0	155580	925.7894924254072	0.3
68212.11757577388	300	9.60762754939499	0.0	139857	1466.582958179602	0.3
68213.21182663072	300	12.51337669254572	0.0	155432	1094.2508568492708	0.3
68214.41578466233	300	15.309418660958098	0.0	163442	1203.9580315876228	0.3
68217.85794419375	750	15.867259129524045	0.0	318564	3442.159531434053	0.3
68221.77002852807	750	15.955174795189414	0.0	352642	3912.084334334631	0.75
68232.3780277678	750	9.347175555460016	0.0	437162	10607.999239729399	0.75
68233.47344621537	300	12.251757107883808	0.0	150710	1095.4184475762058	-0.15000000000000002
68234.25983904701	300	15.465364276243802	0.0	139105	786.3928316400055	0.3
68236.26118010443	750	17.464023218834182	0.0	353220	2001.3410574096197	0.3
68243.18303305909	1200	14.542170264162545	0.0	594078	6921.852954671639	0.75
68246.7086250381	750	15.016578285149086	0.0	386351	3525.59197901346	0.3
68249.00540163486	750	16.71980168839872	0.0	434409	2296.7765967503633	0.75
68252.22762362771	750	17.49757969554374	0.0	337059	3222.22199285498	0.75
68253.73613172222	750	19.9890716010313	0.0	366214	1508.508094512445	0.75
68256.14307467132	1200	21.582128651946366	0.0	617242	2406.942949084931	0.75
68258.85448583966	1200	22.870717483600217	0.0	581493	2711.411168346148	1.2
68266.28901893542	1850	19.43618438783095	0.0	987708	7434.533095769267	1.2000000000000002
68269.64627017446	1200	20.07893314880212	0.0	586839	3357.25123902883	0.5499999999999999
68273.48817735133	1200	20.237025971914978	0.0	601738	3841.9071768871454	1.2
68279.6327490362	1200	18.09245428704369	0.0	616206	6144.571684871287	1.2
68283.7586132069	750	17.966590116356684	0.0	401853	4125.864170687003	0.3
68285.7875117007	750	19.9376916225455	0.0	343800	2028.8984938111846	0.75
68290.52622191419	1200	19.19898140906916	0.0	587236	4738.71021347634	0.75
68299.21325144438	1200	14.511951878864393	0.0	590335	8687.029530204765	1.2
68306.71877748145	750	11.006425841802487	0.0	425781	7505.526037061906	0.3
68307.95758246219	300	13.767620861067797	0.0	111155	1238.8049807346913	-0.15000000000000002
68310.33594620165	750	15.389257121613195	0.0	400396	2378.363739454603	0.3
68312.15448630953	750	17.570717013736864	0.0	400508	1818.5401078763316	0.75
68315.1699418411	750	18.55526148217687	0.0	358218	3015.455531559993	0.75
68329.3378164944	1200	8.387386828862953	0.0	620283	14167.874653313916	0.75
68330.50353711873	300	11.221666204540202	0.0	143881	1165.72062432275	-0.6000000000000001
68331.8168794066	300	13.908323916664752	0.0	163444	1313.3422878754495	0.3
68347.46059533232	750	4.0	1.7353920090613228	401088	15643.715925726076	-7.162185638963688
68348.63822743185	300	6.822367900469477	0.0	159914	1177.632099530523	-0.15000000000000002
68354.60311926233	300	4.857476069980968	0.0	131610	5964.891830488509	0.3
68356.06706727148	300	7.39352806085137	0.0	124011	1463.948009129597	0.3
68357.3639407984	300	10.096654533926092	0.0	144254	1296.8735269252775	0.3
68358.07160851356	300	13.388986818764774	0.0	149991	707.6677151613186	0.3
68359.59749018827	750	15.863105144053103	0.0	345516	1525.8816747116703	0.3
68361.52215970137	750	17.938435630939594	0.0	384505	1924.669513113509	0.75
68363.73364010316	750	19.726955229160012	0.0	372093	2211.480401779585	0.75
68372.47548512254	1200	14.985110209778462	0.0	634861	8741.84501938155	0.75
68375.93085105353	750	15.529744278787101	0.0	398987	3455.365930991362	0.3
68381.03234723046	750	14.428248101853953	0.0	393804	5101.496176933148	0.75
68383.64250296082	750	15.818092371497356	0.0	331053	2610.1557303565965	0.75
68384.92140408803	750	18.539191244284414	0.0	314107	1278.9011272129414	0.75

