54688.79148332962	750	4.0	3.6837208861072464	450283	3683.7208861072463	0.1222359168682387	-15.089999810261158
54694.12221806344	300	4.0	1.330734733818651	155580	5330.734733818651	0.02918547025290656	-5.8721593554202
54694.96958843095	300	7.1526296324975105	0.0	139857	847.3703675024902	0.16504825441584609	0.3
54697.483115597126	750	8.63910246631353	0.0	382355	2513.5271661839824	0.15211890491738284	0.3
54699.76873181119	750	10.353486252244778	0.0	411561	2285.61621406875	0.18006566345946495	0.75
54706.47026735279	1200	7.651950710646002	0.0	520315	6701.535541598777	0.07764116101007339	0.75
54715.04487250863	750	4.0	0.9226544451890323	352642	8574.605155835034	0.04112632518828305	-3.6674141143128387
54716.67017006892	300	6.374702439712556	0.0	173849	1625.2975602874437	0.10696441331595535	-0.15000000000000002
54718.38609869073	300	8.658773817898975	0.0	150710	1715.928621813582	0.08782999367462797	0.3
54720.340436619765	750	10.704435888865854	0.0	362795	1954.3379290331213	0.18563575654466638	0.3
54723.430815078435	1200	11.614057430197029	0.0	607410	3090.3784586688253	0.19654874253221422	0.75
54741.74933751811	1850	4.0	6.704465009475532	917428	18318.52243967256	0.05008198685354225	-27.629199540744786
54742.40767606438	300	7.341661453732383	0.0	160746	658.3385462676167	0.24416920581565985	-1.25
54746.531930613644	750	7.2174069044661895	0.0	434409	4124.254549266194	0.10533030752849433	0.3
54748.2189800346	750	9.530357483503163	0.0	337059	1687.0494209630258	0.1997920130920617	0.75
54750.2963594814	1200	11.452978036702518	0.0	587876	2077.3794468006454	0.28298922515353797	0.75
54761.20602973394	1850	4.543307784165867	0.0	966699	10909.67025253665	0.08860936926807929	1.2000000000000002
54761.75326038623	300	7.996077131879494	0.0	150616	547.2306522863737	0.2752331203866491	-1.25
54769.422563773034	750	4.3267737450721695	0.0	405596	7669.3033868073235	0.052885637657483095	0.3
54769.933087211284	300	7.816250306829224	0.0	140881	510.52343824294485	0.2759540296227465	-0.15000000000000002
54771.40444641949	750	10.344891098628453	0.0	386472	1471.35920820077	0.2626632557474471	0.3
54774.149965514414	1200	11.599372003698301	0.0	616206	2745.5190949301527	0.22444061712696867	0.75
54784.97336657238	1850	4.775970945731804	0.0	968026	10823.401057966497	0.08943824541062262	1.2000000000000002
54787.53317072331	300	6.216166794801869	0.0	137654	2559.804150929935	0.053775207743917655	-1.25
54788.15002927685	300	9.599308241262879	0.0	146754	616.8585535389892	0.23790543092586663	0.3
54790.90575026686	1200	10.843587251251114	0.0	590335	2755.720990011765	0.2142216146481069	0.29999999999999993
54797.02553519095	1200	8.72380232716386	0.0	696376	6119.784924087254	0.11379092707312133	1.2
54798.519003279114	750	11.230334238996951	0.0	277716	1493.4680881669092	0.18595375569147254	0.3
54809.27366841242	1850	4.475669105689715	0.0	972798	10754.665133307237	0.09045358343954765	0.75
54809.908767373076	300	7.840570145031309	0.0	149029	635.0989606584055	0.23465476914889297	-1.25
54811.2899051012	750	10.459432416902969	0.0	358218	1381.137728128341	0.25936443028418443	0.3
54814.49631509398	1200	11.253022424127561	0.0	620283	3206.4099927754064	0.1934509315395113	0.75
54820.06570486004	1850	9.683632658066413	0.0	885062	5569.3897660611465	0.15891543547435083	1.2000000000000002
54826.2316291365	1200	7.517708381606638	0.0	670129	6165.924276459776	0.10868265161127813	0.5499999999999999
54827.70844343789	750	10.040894080211652	0.0	401088	1476.8143013949853	0.27159000263007743	0.3
54829.712693833666	1200	12.036643684433844	0.0	598727	2004.250395777808	0.2987286425195622	0.75
54834.10058070129	1850	11.64875681680574	0.0	728962	4387.886867628103	0.16613053663209976	1.2000000000000002
54837.9515101583	1850	11.79782735979922	0.0	938587	3850.929457006521	0.243729990507175	1.85
54841.12345656515	1850	12.625880952949807	0.0	908665	3171.946406849413	0.28646921588519086	1.85
54844.237385810105	1850	13.511951707988823	0.0	930577	3113.9292449609834	0.2988433348335954	1.85
54850.9761074987	2850	10.773230019398227	0.0	1339500	6738.7216885905955	0.19877657245704664	1.85
54853.38502978604	1200	12.364307732053815	0.0	641452	2408.92228734441	0.2662817324452318	-0.44999999999999996
54858.860498953414	1850	10.888838564683342	0.0	886255	5475.469167370474	0.161859189214577	1.2000000000000002
54863.193674239104	1200	10.555663278993253	0.0	634861	4333.1752856900885	0.14651172826923706	0.5499999999999999
54867.434534110456	1200	10.314803407643327	0.0	630203	4240.859871349925	0.14860264642495666	1.2
54875.716674475174	1200	6.0326630429315315	0.0	638661	8282.140364711795	0.077113037436697	1.2
54876.626912964966	300	9.12242455313354	0.0	137507	910.238489797992	0.15106700226499623	-0.6000000000000001
54882.268141206114	1200	7.481196311984759	0.0	550906	5641.228241148781	0.09765710168958051	0.29999999999999993

