15832.089774488022	750	4.0	5.708034786895509	450283	5708.03478689551	0.07888581916735309	-23.79454958365069
15834.66696549683	300	5.422808991191076	0.0	155580	2577.191008808925	0.06036805167650452	-0.15000000000000002
15835.69782117737	300	8.391953310652395	0.0	139857	1030.8556805386802	0.1356707855816605	0.3
15838.420881084277	750	9.668893403743501	0.0	382355	2723.0599069088944	0.1404137305352322	0.3
15843.504604864005	1200	8.585169624016538	0.0	652874	5083.723779726963	0.1284243653448584	0.75
15850.11982079373	750	5.969953694289686	0.0	318564	6615.215929726853	0.048156251191811626	0.3
15854.93984663436	300	5.1499278536611115	0.0	153295	4820.025840628574	0.031803771404679645	-0.15000000000000002
15856.761924334503	300	7.327850153517522	0.0	173849	1822.0777001435895	0.09541250627582992	0.3
15859.58389675758	750	8.505877730440325	0.0	374758	2821.972423077197	0.1328000220467598	0.3
15862.896924417471	750	9.19285007055004	0.0	362795	3313.027659890284	0.10950557533588913	0.75
15867.427369473588	1200	8.66240501443373	0.0	607410	4530.445056116309	0.13407292053569184	0.75
15871.88103333415	750	8.208741153873092	0.0	405134	4453.663860560639	0.0909664520458445	0.3
15879.551974492706	750	4.537799995316381	0.0	386351	7670.941158556711	0.050365527777388404	0.75
15882.351826896536	300	5.737947591485013	0.0	179801	2799.852403831368	0.06421802797674517	-0.15000000000000002
15883.464927735673	300	8.624846752348946	0.0	140051	1113.1008391360676	0.12582058612829766	0.3
15886.063788730375	750	10.025985757646925	0.0	366214	2598.8609947020204	0.14091326960024242	0.3
15890.503924931212	1200	9.585849556811398	0.0	617242	4440.136200835527	0.13901420408766962	0.75
15897.308341960737	1200	6.781432527285471	0.0	581493	6804.417029525926	0.08545816599376088	1.2
15898.564266676613	300	9.52550781141065	0.0	165384	1255.9247158748224	0.13168305226384586	-0.6000000000000001
15903.13965602897	1200	8.950118459052556	0.0	586839	4575.389352358093	0.12825990419756325	0.29999999999999993
15909.95163457925	750	6.138139908772792	0.0	386472	6811.978550279763	0.056734177470968095	0.3
15911.1347556222	300	8.955018865822495	0.0	157812	1183.1210429502958	0.1333861830455414	-0.15000000000000002
15916.290710218304	750	7.799064269719693	0.0	401853	5155.9545961028025	0.07793959246726997	0.3
15919.19063250059	750	8.899141987434252	0.0	343800	2899.922282285442	0.11855490131585514	0.75
15923.33057575266	750	8.759198735364736	0.0	359903	4139.943252069515	0.08693428341562125	0.75
15926.089996466224	750	9.999778021801212	0.0	379700	2759.4207135635243	0.13760134441755867	0.75
15931.647280662499	1200	8.442493825525734	0.0	696376	5557.284196275479	0.1253086895334082	0.75
15934.5849181118	750	9.504856376226241	0.0	277716	2937.6374492994914	0.09453719350773668	0.3
15940.908811094474	1200	7.180963393552276	0.0	622896	6323.892982673966	0.0984988205376963	0.75
15945.874794820276	750	6.214979667749024	0.0	400508	4965.983725803252	0.08065028443789704	0.3
15947.129247163532	300	8.960527324493237	0.0	157421	1254.4523432557871	0.12548982099346384	-0.15000000000000002
15950.413819533365	750	9.675954954661055	0.0	400322	3284.5723698321817	0.12187948838541	0.3
15955.904414134839	1200	8.185360353187445	0.0	584349	5490.59460147361	0.10642727107245684	0.75
15959.75633575639	750	8.333438731633581	0.0	412837	3851.9216215538627	0.10717689521248924	0.3
15965.240037997733	750	6.8497364902918525	0.0	401088	5483.702241341729	0.07314182688042221	0.75
15967.182156733097	300	8.907617754928665	0.0	159914	1942.1187353631874	0.08233997082062809	-0.15000000000000002
15971.179498322586	750	8.910276165440282	0.0	321064	3997.3415894883838	0.08031938047133287	0.3
15973.72927311115	750	10.36050137687635	0.0	361565	2549.774788563933	0.14180271984085238	0.75
15978.409107366175	1200	9.68066712185194	0.0	605884	4679.83425502441	0.1294669783122137	0.75
15987.401026816147	1200	4.688747671880363	0.0	587506	8991.919449971578	0.06533710663987954	1.2
15991.874804662693	300	4.214969825333882	0.0	147968	4473.777846546481	0.03307450773717417	-0.6000000000000001
15993.528610405558	300	6.561164082470382	0.0	161857	1653.805742863499	0.09786941465068988	0.3
15994.614937328315	300	9.474837159712479	0.0	145210	1086.326922757903	0.13367062617885725	0.3
15999.93299554368	1200	8.156778944345167	0.0	634861	5318.058215367312	0.11937834718797843	0.29999999999999993
16002.929252987382	750	9.160521500645535	0.0	398987	2996.2574436996315	0.13316178849683571	0.3
16009.039226604233	1200	7.050547883794933	0.0	638661	6109.9736168506015	0.10452761992926561	0.75
16017.589777644207	750	4.0	1.5000031561794758	331053	8550.551039974409	0.03871715383632057	-6.150013571571746
16018.735847651009	300	6.853929993198451	0.0	118421	1146.070006801548	0.10332789384349156	-0.15000000000000002

