63406.309427488995	300	4.0	2.961815758748153	450283	2961.815758748153	0	-11.985807762617057
63406.811901946174	750	7.497525542827947	0.0	155580	502.47445717205244	1	-0.15000000000000002
63407.78482754554	1850	10.524599943462714	0.0	350812	972.9255993652334	3	0.3
63410.32654824919	1850	11.982879239809325	0.0	933276	2541.7207036533887	3	0.75
63413.745400374544	1850	12.564027114455378	0.0	996749	3418.8521253539466	3	1.85
63415.113433752114	1850	15.19599373688976	0.0	801058	1368.0333775656175	3	1.85
63416.76911334097	1850	17.540314148038902	0.0	905515	1655.6795888508561	3	1.85
63420.489771626846	1850	17.819655862161163	0.0	1060487	3720.658285877739	3	1.85
63421.834971298005	1850	20.474456191006883	0.0	852833	1345.1996711542763	3	1.85
63425.771542320705	1850	20.537885168304456	0.0	913888	3936.5710227024265	3	1.85
63432.05186594888	1850	18.257561540135395	0.0	939819	6280.323628169061	3	1.85
63434.36211494633	1850	19.947312542685133	0.0	917428	2310.2489974502605	3	1.85
63436.40159913286	1850	21.907828356149203	0.0	946851	2039.4841865359303	3	1.85
63443.908828602674	1850	18.40059888634398	0.0	1036454	7507.229469805221	3	1.85
63445.63229730735	1850	20.677130181665166	0.0	821631	1723.468704678818	3	1.85
63447.02651217045	1850	23.2829153185647	0.0	923170	1394.214863100465	3	1.85
63448.55694978207	4300	25.75247770694706	0.0	966699	1530.4376116176393	5	1.85
63452.017405311664	4300	26.292022177347526	0.0	2059512	3460.4555295995333	5	1.8499999999999996
63457.836617122506	4300	24.47281036650583	0.0	2220726	5819.211810841696	5	4.3
63474.38590414624	1850	11.923523342771801	0.0	2156729	16549.28702373403	3	4.3
63477.092587538515	1850	13.216839950496542	0.0	891604	2706.6833922752594	3	-0.6000000000000001
63488.32649097294	300	5.982936516074489	0.0	955231	11233.903434422053	0	1.85
63490.651512305005	300	7.657915184011597	0.0	163927	2325.0213320628914	0	-1.25
63492.81933878273	300	9.490088706289589	0.0	137654	2167.8264777220093	0	0.3
63495.850038842036	300	10.459388646976608	0.0	146754	3030.700059312982	0	0.3
63496.53863663801	750	13.770790851002785	0.0	153938	688.5977959738237	1	0.3
63498.24064525249	1850	16.068782236524125	0.0	425781	1702.00861447866	3	0.3
63504.232326255835	1850	14.077101233180102	0.0	758197	5991.681003344023	3	0.75
63507.53544896879	1850	14.773978520228765	0.0	972798	3303.1227129513363	3	1.85
63512.19620797391	1850	14.113219515106753	0.0	975811	4660.75900512201	3	1.85
63519.319215942545	750	10.990211546469675	0.0	873429	7123.007968637079	1	1.85
63520.50054811707	1850	13.808879371952164	0.0	400322	1181.3321745175112	3	-0.3500000000000001
63523.084259287905	1850	15.225168201106985	0.0	885062	2583.711170845177	3	0.75
63528.057615661775	1850	14.25181182723813	0.0	1035329	4973.356373868855	3	1.85
63537.55977770126	750	8.74964978775989	0.0	1026056	9502.16203947824	1	1.85
63539.715801628714	750	10.593625860301003	0.0	365161	2156.0239274588876	1	-0.3500000000000001
63545.25044681232	750	9.058980676692617	0.0	321064	5534.645183608386	1	0.75
63546.13844010551	750	12.170987383507356	0.0	361565	887.99329318526	1	0.75
63547.088814269075	1850	15.22061321995041	0.0	378327	950.3741635569457	3	0.75
63549.552472154	1850	16.756955335025268	0.0	930577	2463.657884925143	3	0.75
63551.75789585265	1850	18.55153163637408	0.0	858450	2205.4236986511883	3	1.85
63554.38613828133	1850	19.923289207695348	0.0	1025005	2628.242428678732	3	1.85
63556.41088116634	1850	21.898546322676456	0.0	886255	2024.7428850188935	3	1.85
63558.52504233708	1850	23.784385151936426	0.0	973972	2114.161170740031	3	1.85
63560.435724793264	1850	25.873702695757498	0.0	958994	1910.6824561789279	3	1.85
63562.39238040422	1850	27.91704708480357	0.0	982064	1956.655610953928	3	1.85
63564.25984849864	4300	30.049578990385157	0.0	830730	1867.4680944184117	5	1.85
63569.04138282001	4300	29.268044669008233	0.0	2155012	4781.534321376928	5	1.8499999999999996

