69578.29424315815	300	4.0	1.2952164589766384	181801	1295.2164589766385	-5.269430773599545
69578.86979816582	300	7.424444992340508	0.0	155580	575.5550076594918	0.3
69579.32956989514	300	10.964673263027452	0.0	139857	459.7717293130573	0.3
69579.81521311298	300	14.47903004518062	0.0	155432	485.64321784683057	0.3
69580.9157151116	750	17.3785280465624	0.0	411561	1100.5019986182183	0.3
69581.81634335098	750	20.47789980718766	0.0	318564	900.6282393747371	0.75
69583.89873250149	1200	22.395510656669188	0.0	561791	2082.3891505184765	0.75
69592.52070901173	1850	17.773534146420598	0.0	1060487	8621.976510248589	1.2000000000000002
69593.9885414256	750	20.305701732548314	0.0	374758	1467.8324138722849	-0.3500000000000001
69596.85156421528	1200	21.44267894286926	0.0	560821	2863.0227896790543	0.75
69598.73972240962	1200	23.554520748528407	0.0	607410	1888.1581943408512	1.2
69602.56574685602	1850	23.72849630212385	0.0	917428	3826.024446404558	1.2000000000000002
69611.77805167671	1850	18.516191481444658	0.0	946851	9212.304820679195	1.85
69614.25728020711	1200	20.036962951034212	0.0	687371	2479.2285304104453	0.5499999999999999
69615.95402361307	1200	22.340219545074866	0.0	526950	1696.7434059593472	1.2
69620.1530819449	1850	22.14116121324612	0.0	923170	4199.058331828741	1.2000000000000002
69625.7673286956	1200	20.526914462549584	0.0	617242	5614.2467506965395	0.5499999999999999
69627.59777575835	1200	22.696467399799054	0.0	581493	1830.4470627505293	1.2
69632.71704425482	1850	21.57719890331174	0.0	987708	5119.268496487315	1.2000000000000002
69636.23559609121	1200	22.05864706693132	0.0	586839	3518.5518363804194	0.5499999999999999
69639.26352446039	1850	23.030718697754033	0.0	891604	3027.9283691772875	1.2000000000000002
69642.09230729024	1850	24.201935867899095	0.0	955231	2828.7828298549402	1.85
69645.42609878453	1850	24.868144373603748	0.0	968026	3333.7914942953475	1.85
69649.8955902681	2850	24.39865289003226	0.0	1323990	4469.491483571488	1.85
69653.81388003453	1850	24.480363123605617	0.0	897976	3918.289766426642	0.8500000000000001
69661.61048907644	1850	20.683754081711935	0.0	905935	7796.609041893678	1.85
69666.12475266853	1200	20.169490489620717	0.0	696376	4514.2635920912235	0.5499999999999999
69669.77600606716	1200	20.518237090998056	0.0	487160	3651.253398622659	1.2
69671.75506496173	1200	22.539178196425073	0.0	622896	1979.058894572983	1.2
69683.20140902152	1850	15.09283413663721	0.0	975811	11446.344059787863	1.2000000000000002
69684.70932698318	750	17.584916174978805	0.0	358218	1507.917961658404	-0.3500000000000001
69685.96713814976	750	20.32710500839418	0.0	400322	1257.8111665846245	0.75
69688.1552277012	1200	22.13901545698172	0.0	584349	2188.0895514124613	0.75
69699.47601697186	1850	14.81822618630214	0.0	1035329	11320.789270679581	1.2000000000000002
69703.18743850863	750	15.106804649541193	0.0	401088	3711.4215367609463	-0.3500000000000001
69704.86141868048	750	17.432824477700574	0.0	365161	1673.9801718406193	0.75
69707.5154821274	750	18.778761030782935	0.0	321064	2654.063446917641	0.75
69712.48606361712	1200	17.80817954106166	0.0	575591	4970.581489721277	0.75
69713.62424549958	750	20.66999765861233	0.0	378327	1138.1818824493268	0.3
69718.49648649886	1200	19.79775665933794	0.0	587506	4872.240999274394	0.75
69720.05202748593	1200	22.242215672264532	0.0	566904	1555.5409870734093	1.2
69724.845540483	1200	21.448702675202874	0.0	641452	4793.512997061658	1.2
69730.8818358416	1850	19.41240731660124	0.0	886255	6036.295358601632	1.2000000000000002
69733.80733165272	1200	20.48691150548413	0.0	634861	2925.4958111171063	0.5499999999999999
69736.90613664406	1200	21.388106514132556	0.0	630203	3098.8049913515765	1.2
69738.72596233623	1200	23.56828082196852	0.0	638661	1819.8256921640339	1.2
69741.58894820068	1850	24.7052949575287	0.0	830730	2862.985864439823	1.2000000000000002
69744.22250534323	1850	26.071737814978654	0.0	846370	2633.557142550045	1.85

