42080.56587429662	300	4.0	2.515923623847116	181801	2515.9236238471162	-10.518471582542597
42083.40755084616	300	5.158323450457868	0.0	155580	2841.6765495421323	0.3
42086.7655717789	300	5.800302517719534	0.0	139857	3358.0209327383336	0.3
42088.518343062446	300	8.04753123417233	0.0	155432	1752.7712835472028	0.3
42090.71722634904	300	9.84864794757337	0.0	163442	2198.8832865989602	0.3
42092.11821577576	300	12.447658520854791	0.0	126289	1400.9894267185798	0.3
42095.90868516753	750	12.657189129085081	0.0	352642	3790.4693917697095	0.3
42098.02005214186	300	14.545822154750505	0.0	173849	2111.366974334576	-0.15000000000000002
42102.393751809585	750	14.17212248703092	0.0	374758	4373.699667719586	0.3
42106.38245547817	750	14.183418818446484	0.0	362795	3988.7036685844355	0.75
42110.35107449004	750	14.214799806578624	0.0	353220	3968.6190118678605	0.75
42114.80787248382	750	13.758001812801592	0.0	405134	4456.797993777032	0.75
42118.90367658373	750	13.662197712889332	0.0	386351	4095.804099912258	0.75
42123.86604928731	750	12.699825009306073	0.0	434409	4962.37270358326	0.75
42128.08708073821	750	12.478793558412034	0.0	337059	4221.031450894036	0.75
42129.581504014386	300	14.984370282235654	0.0	138313	1494.4232761763808	-0.15000000000000002
42133.578385477194	750	14.987488819429807	0.0	360831	3996.8814628058467	0.3
42139.11163839913	750	13.454235897488081	0.0	372963	5533.2529219417265	0.75
42145.02880723432	750	11.537067062300412	0.0	405596	5917.16883518767	0.75
42146.702225454734	300	13.863648841886445	0.0	140881	1673.4182204139668	-0.15000000000000002
42150.92384188455	750	13.64203241207263	0.0	386472	4221.616429813814	0.3
42155.34444369108	750	13.221430605538872	0.0	399894	4420.601806533759	0.75
42160.10770555791	750	12.458168738715008	0.0	401853	4763.261866823864	0.75
42163.07992821181	300	13.48594608481096	0.0	137654	2972.2226539040475	-0.15000000000000002
42169.643550732	750	10.9223235646184	0.0	359903	6563.622520192562	0.3
42172.61391577446	300	11.951958522158735	0.0	153938	2970.365042459665	-0.15000000000000002
42175.462803572766	300	13.10307072385979	0.0	181901	2848.887798298945	0.3
42180.051640921694	750	12.514233374929656	0.0	277716	4588.837348930134	0.3
42182.39250513159	300	14.173369165036506	0.0	153605	2340.864209893149	-0.15000000000000002
42186.70335112957	750	13.862523167054944	0.0	400508	4310.845997981564	0.3
42190.48948942994	750	14.076384866679362	0.0	358218	3786.1383003755814	0.75
42194.88084458189	750	13.685029714733536	0.0	400322	4391.355151945826	0.75
42198.84012704844	750	13.725747248179344	0.0	369834	3959.2824665541925	0.75
42204.87055022438	750	11.695324072233293	0.0	412837	6030.423175946052	0.75
42206.72325148937	300	13.842622807249345	0.0	179328	1852.7012649839469	-0.15000000000000002
42212.20383086763	750	12.362043428992571	0.0	365161	5480.579378256774	0.3
42213.855123729605	300	14.710750567017026	0.0	131610	1651.2928619755432	-0.15000000000000002
42221.00873431574	750	11.557139980876546	0.0	361565	7153.61058614048	0.3
42222.57445225036	300	13.991422046260741	0.0	144254	1565.7179346158046	-0.15000000000000002
42227.21035537583	750	13.355518920795348	0.0	390680	4635.903125465394	0.3
42230.92291241004	750	13.642961886583747	0.0	345516	3712.5570342116007	0.75
42235.63169018077	750	12.934184115848462	0.0	384505	4708.777770735285	0.75
42237.21351417723	300	15.352360119387011	0.0	145210	1581.8239964614515	-0.15000000000000002
42241.99571388723	750	14.570160409387782	0.0	438281	4782.1997099992295	0.3
42246.3896480849	750	14.176226211714653	0.0	398987	4393.934197673128	0.75
42250.781703079345	750	13.784171217271123	0.0	393804	4392.054994443529	0.75
42254.27094686523	750	14.294927431385002	0.0	331053	3489.243785886121	0.75
42257.62167605324	750	14.944198243376102	0.0	314107	3350.7291880089	0.75

