3745.517888194696	750	4.0	1.9193425489622389	450283	1919.3425489622389	0.2346027290665033	-7.503172960537627
3745.9375392874126	300	7.580348907283595	0.0	155580	419.651092716406	0.3707365540094963	-0.15000000000000002
3746.7834068741076	750	10.734481320588468	0.0	350812	845.8675866951269	0.41473630804397044	0.3
3748.985988031012	1200	12.531900163684142	0.0	617681	2202.5811569043262	0.2804350695836041	0.75
3754.400284401212	1850	11.117603793484154	0.0	996749	5414.296370199989	0.18409575905117712	1.2000000000000002
3756.241331858641	1850	13.27655633605503	0.0	801058	1841.0474574291236	0.4351099135264084	1.85
3760.4171620106845	2850	13.100726184011481	0.0	1388403	4175.83015204355	0.33248550574322316	1.85
3765.1639413938246	2850	12.353946800871528	0.0	1638769	4746.779383139952	0.3452380799117672	2.85
3771.929280911772	1850	9.588607282924132	0.0	852833	6765.339517947397	0.12605915752455088	0.8500000000000001
3773.238640573198	1200	12.279247621498323	0.0	560821	1309.3596614258079	0.4283169983939342	0.5499999999999999
3775.451586531764	1850	14.066301662932263	0.0	939819	2212.9459585660607	0.42469134700830274	1.2000000000000002
3778.893387010864	2850	14.624501183832026	0.0	1519951	3441.8004791002363	0.4416150817659684	1.85
3782.700332825911	2850	14.817555368784799	0.0	1422919	3806.945815047227	0.37376917590363656	2.85
3788.515039151178	2850	13.002849043518461	0.0	1578343	5814.706325266338	0.27143984781169583	2.85
3791.2384599149977	2850	14.279428279698728	0.0	1231445	2723.4207638197336	0.45216847002107635	2.85
3796.2056495127163	2850	13.312238681980242	0.0	1471065	4967.189597718486	0.2961564021384819	2.85
3801.635089707168	2850	11.88279848752859	0.0	1491626	5429.440194451652	0.27472924400646187	2.85
3808.6209098976165	1850	8.896978297079732	0.0	885714	6985.820190448858	0.12678740303264097	0.8500000000000001
3809.6831400533815	750	11.83474814131459	0.0	405596	1062.230155765143	0.3818343866427347	-0.3500000000000001
3817.0933723687153	1850	8.424515825981242	0.0	923755	7410.232315333347	0.12465938457672297	0.75
3819.3398145657266	750	10.17807362896976	0.0	386472	2246.4421970114827	0.17203736669215736	-0.3500000000000001
3820.774204311374	1200	12.743683883321985	0.0	616206	1434.3897456477753	0.42959453793482	0.75
3823.9296811775394	1850	13.588207017156954	0.0	968026	3155.4768661650305	0.30677645283341226	1.2000000000000002
3826.930398926958	2850	14.587489267738302	0.0	1323990	3000.7177494186503	0.4412244371389164	1.85
3835.4457036709277	2850	10.072184523768666	0.0	1383735	8515.304743969637	0.16249976267495683	2.85
3836.7503125296244	1200	12.7675756650719	0.0	590335	1304.6088586967646	0.45249961018179313	-0.44999999999999996
3845.1653728646243	1850	8.35251533007185	0.0	1076599	8415.060335000053	0.12793716944870762	1.2000000000000002
3846.019544689201	750	11.498343505495207	0.0	277716	854.1718245766413	0.3251289635286743	-0.3500000000000001
3848.6756917899606	1850	12.84219640473583	0.0	972798	2656.147100759376	0.36624402305199255	0.75
3853.0660860074154	1850	12.451802187280977	0.0	975811	4390.394217454854	0.22226045126437083	1.85
3858.750916294535	1850	10.766971900161698	0.0	873429	5684.83028711928	0.15364205365620506	1.85
3860.527241689028	1200	12.990646505668591	0.0	620283	1776.325394493106	0.3491944673667206	0.5499999999999999
3863.1243053964636	1850	14.393582798232678	0.0	885062	2597.063707435913	0.34079333420504493	1.2000000000000002
3870.670439418175	2850	10.84744877652092	0.0	1587293	7546.134021711759	0.2103451907205777	1.85
3873.0790276179255	1200	12.438860576770686	0.0	690253	2408.588199750234	0.2865799143546323	-0.44999999999999996
3875.3443165280178	1850	14.173571666678466	0.0	943942	2265.2889100922202	0.4166982832938391	1.2000000000000002
3877.968232105688	2850	15.549656089008106	0.0	1139291	2623.91557767036	0.43419499075938944	1.85
3885.330055846403	4300	12.187832348293256	0.0	2147467	7361.82374071485	0.2917031262407644	2.8499999999999996
3887.4650788093836	1850	14.05280938531233	0.0	908665	2135.0229629809255	0.4255996379220761	-0.6000000000000001
3894.1614786594846	2850	11.356409535211435	0.0	1402287	6696.399850100895	0.2094090901663932	1.85
3896.149681281639	1850	13.368206913057168	0.0	858450	1988.2026221542646	0.43177188805326544	0.8500000000000001
3900.9481153419406	2850	12.569772852755747	0.0	1527299	4798.4340603014225	0.3182911301492512	1.85
3904.463077502795	1850	13.054810691901302	0.0	886255	3514.962160854444	0.2521378494113184	0.8500000000000001
3913.384836367707	2850	8.133051826989325	0.0	1587250	8921.758864911977	0.1779077448777988	1.85
3915.259726187153	750	10.258162007543687	0.0	398987	1874.8898194456378	0.21280557175246242	-1.35
3916.7552347512797	1200	12.762653443416944	0.0	638661	1495.5085641267433	0.42705271993739913	0.75
3918.8594274292614	1850	14.658460765435402	0.0	830730	2104.1926779815426	0.39479749582480345	1.2000000000000002
3922.1069994276013	2850	15.410888767095232	0.0	1364537	3247.57199834017	0.42017143906198634	1.85

