28672.47298343956	750	4.0	1.285324341895045	450283	1285.324341895045	-4.776894670148693
28673.205064591784	750	7.267918847774928	0.0	398865	732.0811522250721	0.75
28673.99873546314	750	10.474247976415754	0.0	350812	793.6708713591735	0.75
28677.646550956448	1850	10.826432483112516	0.0	933276	3647.8154933032374	0.75
28679.423294228105	1850	13.049689211451744	0.0	996749	1776.743271660773	1.85
28681.91893458156	1850	14.554048857994895	0.0	801058	2495.640353456848	1.85
28683.156690898177	1850	17.316292541381305	0.0	905515	1237.7563166135865	1.85
28686.397328474322	1850	18.075654965233614	0.0	1060487	3240.6375761476916	1.85
28687.646029992928	1850	20.826953446629314	0.0	852833	1248.7015186043	1.85
28688.928660210277	1850	23.544323229278177	0.0	913888	1282.6302173511413	1.85
28690.17957243642	1850	26.29341100313781	0.0	939819	1250.9122261403677	1.85
28691.296921561123	1850	29.17606187843449	0.0	917428	1117.34912470332	1.85
28695.056364428325	1850	29.416619011228505	0.0	946851	3759.442867205983	1.85
28697.773628598872	1850	30.699354840683704	0.0	1036454	2717.2641705447995	1.85
28703.150212803266	1850	29.322770636290365	0.0	821631	5376.584204393337	1.85
28704.540525063163	1850	31.932458376391317	0.0	923170	1390.3122598990492	1.85
28705.84652086496	1850	34.62646257459425	0.0	966699	1305.9958017970664	1.85
28709.316304754146	4300	35.156678685409865	0.0	2059512	3469.783889184378	1.8499999999999996
28712.958963218138	4300	35.5140202214169	0.0	2220726	3642.6584639929724	4.3
28720.470101421342	4300	32.00288201821265	0.0	2156729	7511.138203204247	4.3
28723.52230670841	4300	32.9506767311448	0.0	2039773	3052.205287067843	4.3
28726.551182459094	4300	33.92180098046099	0.0	2176469	3028.875750683816	4.3
28729.406328135756	4300	35.066655303798456	0.0	2221506	2855.1456766625333	4.3
28732.969186871833	4300	35.50379656771963	0.0	2044075	3562.8587360788233	4.3
28741.66188635605	4300	30.811097083502407	0.0	2186790	8692.69948421723	4.3
28750.001877314142	4300	26.4711061254128	0.0	2105231	8339.990958089604	4.3
28753.832735654505	4300	26.640247785048327	0.0	2395588	3830.8583403644716	4.3
28760.52458742876	4300	23.948396010796642	0.0	1972048	6691.851774251684	4.3
28767.555514152064	4300	20.917469287490377	0.0	2134614	7030.926723306263	4.3
28770.707550292256	4300	21.765433147297948	0.0	2164140	3152.036140192432	4.3
28784.133634797887	4300	12.339348641668467	0.0	2113193	13426.08450562948	4.3
28786.28261051832	1850	14.190372921237811	0.0	954453	2148.9757204306557	-0.6000000000000001
28788.09753434359	1850	16.37544909596556	0.0	885062	1814.9238252722525	1.85
28792.643897030335	1850	15.829086409218723	0.0	1035329	4546.362686746836	1.85
28797.817694438312	1850	14.655289001242942	0.0	1026056	5173.797407975782	1.85
28799.852956035033	1850	16.62002740452368	0.0	943942	2035.261596719259	1.85
28803.3712933615	1850	17.101690078055384	0.0	728962	3518.3373264682955	1.85
28804.757882225702	1850	19.715101213851952	0.0	938587	1386.5888642034308	1.85
28807.75747537961	1850	20.71550805994215	0.0	908665	2999.5931539098024	1.85
28809.027274996235	1850	23.445708443320314	0.0	930577	1269.7996166218354	1.85
28811.94678726181	1850	24.526196177747682	0.0	858450	2919.5122655726304	1.85
28813.449655507797	1850	27.023327931763387	0.0	1025005	1502.8682459842971	1.85
28814.709706849048	1850	29.763276590512916	0.0	886255	1260.051341250468	1.85
28816.07140456042	1850	32.401578879136984	0.0	973972	1361.6977113759297	1.85
28820.981091383022	4300	31.491892056537527	0.0	2124950	4909.686822599459	1.8499999999999996
28829.713185431036	4300	26.759798008523443	0.0	2246506	8732.094048014082	4.3
28832.364917233695	4300	28.10806620586523	0.0	1961140	2651.731802658215	4.3
28836.792556843837	4300	27.680426595722487	0.0	2155012	4427.639610142741	4.3

