61164.13189554927	300	4.0	1.1059344788262697	181801	1105.9344788262697	-4.45551825895296
61165.024626823084	300	7.107268726183027	0.0	155580	892.7312738169726	0.3
61165.45093060829	300	10.680964940976207	0.0	139857	426.3037852068211	0.3
61166.08193724188	300	14.049958307389856	0.0	155432	631.0066335863497	0.3
61168.33163513658	750	15.800260412680327	0.0	411561	2249.6978947095295	0.3
61168.874177837744	750	19.25771771152157	0.0	318564	542.5427011587619	0.75
61171.296334800296	1200	20.835560748973986	0.0	561791	2422.1569625475813	0.75
61176.25081964498	1200	19.881075904292295	0.0	709534	4954.484844681689	1.2
61180.76902393993	1200	19.362871609345316	0.0	584846	4518.20429494698	1.2
61181.91272169607	1200	22.219173853207387	0.0	560821	1143.6977561379276	1.2
61183.59303096942	1850	24.538864579849047	0.0	939819	1680.3092733583414	1.2000000000000002
61192.895768416696	1850	19.236127132581558	0.0	917428	9302.73744726749	1.85
61194.80503706171	1200	21.326858487563136	0.0	624282	1909.268645018424	0.5499999999999999
61199.87031756096	1200	20.26157798831095	0.0	687371	5065.280499252186	1.2
61201.077828202484	1200	23.054067346788887	0.0	526950	1207.5106415220603	1.2
61202.63761251395	1850	25.494283035326568	0.0	923170	1559.7843114623224	1.2000000000000002
61206.01617059547	2850	26.115724953809767	0.0	1491626	3378.5580815168014	1.85
61208.419613813785	2850	27.712281735490656	0.0	1358801	2403.4432183191134	2.85
61219.441585073146	4300	20.690310476134975	0.0	2220726	11021.971259355681	2.8499999999999996
61220.87670338756	1200	23.255192161708845	0.0	586839	1435.1183144261322	-1.9000000000000001
61228.47334059829	1850	19.658554950982538	0.0	891604	7596.63721072631	1.2000000000000002
61230.23469047528	1200	21.8972050739997	0.0	616206	1761.3498769828363	0.5499999999999999
61231.87653140206	1850	24.25536414721814	0.0	968026	1641.8409267815625	1.2000000000000002
61233.71102775368	1850	26.420867795599143	0.0	874175	1834.4963516189919	1.85
61241.23402427006	2850	22.897871279225324	0.0	1383735	7522.996516373819	1.85
61244.56529530654	1850	23.566600242750827	0.0	905935	3331.2710364744953	0.8500000000000001
61248.13250213327	1850	23.999393416016062	0.0	1076599	3567.2068267347686	1.85
61249.20671108416	1850	26.925184465121852	0.0	758197	1074.2089508942086	1.85
61255.45525683576	2850	24.67663871352392	0.0	1498470	6248.545751597931	1.85
61266.48443051643	1850	17.64746503285689	0.0	975811	11029.173680667032	0.8500000000000001
61267.32064020635	750	20.81125534293201	0.0	358218	836.2096899248792	-0.3500000000000001
61270.48621878138	1200	21.645676767911752	0.0	620283	3165.578575020259	0.75
61285.20133697927	1850	10.93055857001549	0.0	885062	14715.118197896261	1.2000000000000002
61286.75306283588	300	13.378832713409087	0.0	163444	1551.7258566064033	-1.25
61287.30857135814	750	16.82332419115538	0.0	401088	555.5085222537066	0.3
61287.821486747016	750	20.310408802276413	0.0	365161	512.9153888789637	0.75
61288.47981061424	1200	23.6520849350512	0.0	487812	658.3238672252103	0.75
61298.120197919445	1850	18.01169762984915	0.0	938587	9640.387305202052	1.2000000000000002
61299.77099215833	750	20.360903390964044	0.0	378327	1650.794238885106	-0.3500000000000001
61304.156849022445	1200	19.975046526849145	0.0	587506	4385.856864114897	0.75
61310.42720319091	1200	17.704692358379827	0.0	566904	6270.354168469317	1.2
61314.34642313159	750	17.78547241770743	0.0	384505	3919.2199406723976	0.3
61318.136409216335	750	17.995486332957462	0.0	372093	3789.9860847499695	0.75
61320.573744873116	1200	19.55815067618261	0.0	634861	2437.3356567748547	0.75
61323.11597008195	1200	21.01592546735234	0.0	630203	2542.2252088302707	1.2
61327.096365509096	1200	21.0355300402099	0.0	638661	3980.39542714244	1.2
61335.25655517851	1200	16.875340370796685	0.0	538612	8160.189669413214	1.2
61336.35013515473	750	19.78176039457248	0.0	314107	1093.5799762242054	0.3

