62486.5846251709	300	4.0	0.9820233058438803	181801	982.0233058438803	-3.9227002151286854
62486.96012812603	300	7.624497044868512	0.0	155580	375.50295513148745	0.3
62487.363380187795	300	11.22124498310558	0.0	139857	403.2520617629326	0.3
62487.72301620316	300	14.861608967734833	0.0	155432	359.6360153707456	0.3
62488.06699836468	300	18.517626806217965	0.0	163442	343.9821615168676	0.3
62488.39409837369	300	22.19052679720527	0.0	126289	327.10000901269643	0.3
62488.77403895348	300	25.81058621741129	0.0	153295	379.94057979397485	0.3
62489.19419597006	300	29.390429200831477	0.0	173849	420.15701657981504	0.3
62489.56907867845	300	33.015546492453836	0.0	150710	374.88270837763764	0.3
62489.92125477259	300	36.663370398306995	0.0	139105	352.17609414684676	0.3
62490.27878223166	300	40.305842939238026	0.0	141840	357.5274590689677	0.3
62491.940517238356	750	42.644107932540166	0.0	405134	1661.735006697862	0.3
62495.03626254432	750	43.54836262656917	0.0	386351	3095.7453059709933	0.75
62497.12339515831	750	45.46123001258228	0.0	434409	2087.1326139868943	0.75
62497.955964578825	750	48.62866059207693	0.0	337059	832.569420505342	0.75
62500.26372716926	750	50.32089800164019	0.0	366214	2307.762590436745	0.75
62501.34407166637	750	53.2405535045365	0.0	360831	1080.3444971036877	0.75
62501.97401506579	750	56.61061010511377	0.0	372963	629.9433994227271	0.75
62502.65207665107	750	59.93254851982982	0.0	405596	678.0615852839568	0.75
62505.05573908436	750	59.77045463419533	0.0	350713	662.093885634487	0.75
62507.50310053501	750	59.87705821894403	0.0	386472	893.3964152512978	0.75
62511.406462740706	750	59.911859670048806	0.0	399894	2465.1985488952255	0.75
62514.21974576799	1200	59.93429998480474	0.0	656471	1477.559685244065	0.75
62519.58464960512	1200	58.56939614766749	0.0	536667	5364.903837137254	1.2
62525.65374489204	1200	56.500300860748645	0.0	587236	6069.095286918839	1.2
62527.07979730167	1200	59.074248451128064	0.0	590335	1426.052409620586	1.2
62529.56863878064	1200	59.76771514950181	0.0	696376	1306.5333016262532	1.2
62531.978167689886	1200	59.614104783551625	0.0	487160	1153.6103659501905	1.2
62534.19591988508	1200	59.83518794139813	0.0	622896	1278.9168421534928	1.2
62536.89106333694	1200	59.67503390819374	0.0	641447	1660.154033204389	1.2
62546.54013137559	1200	54.025965869541224	0.0	570392	9649.068038652516	1.2
62548.617241279964	1200	55.94885596516387	0.0	620283	2077.1099043773497	1.2
62550.91869915823	1200	57.647398086901795	0.0	584349	2301.457878262074	1.2
62559.327955940025	1200	53.23814130510779	0.0	670129	8409.256781794005	1.2
62561.15211522594	1200	55.41398201919071	0.0	690253	1824.1592859170764	1.2
62562.200463692105	1200	58.365633553028694	0.0	598727	1048.3484661620173	1.2
62563.89535365076	1200	59.65888345010631	0.0	487812	1206.7501029223824	1.2
62565.38392693463	1200	59.870166746542075	0.0	575591	1288.7167035642344	1.2
62568.56842740551	1200	59.58934469250615	0.0	605884	2780.822054035928	1.2
62570.78188346732	1200	59.893955906266264	0.0	587506	2195.388786239884	1.2
62575.36835110733	1200	59.307488266262574	0.0	566904	4586.467640003693	1.2
62578.565855928915	1200	59.67900333926167	0.0	641452	3128.484927000906	1.2
62586.284587981405	1850	55.96027128677465	0.0	886255	7718.732052487015	1.2000000000000002
62595.43805065173	1850	50.80680861644732	0.0	973972	9153.462670327328	1.85
62597.237271352635	1850	53.0075879155416	0.0	958994	1799.2207009057263	1.85
62598.78164094542	1850	55.46321832275277	0.0	982064	1544.3695927888227	1.85
62601.2254276979	1850	57.01943157027291	0.0	830730	2443.7867524798635	1.85
62602.814652524154	1850	59.43020674401756	0.0	846370	1589.2248262553444	1.85

