51408.385126455236	300	4.0	6.472892667910572	450283	6472.892667910572	0	-27.08343847201546
51409.17270417521	300	7.212422280022871	0.0	155580	787.5777199771293	0	-0.15000000000000002
51409.88877370332	750	10.496352751916165	0.0	139857	716.0695281067062	1	0.3
51414.96373960706	300	9.421386848182246	0.0	382355	5074.965903733919	0	0.3
51416.006767498446	750	12.378358956789947	0.0	163442	1043.0278913922998	1	-0.15000000000000002
51420.20293509167	300	12.182191363567139	0.0	318564	4196.167593222808	0	0.3
51420.75921234215	750	15.625914113089587	0.0	153295	556.2772504775514	1	-0.15000000000000002
51421.947082258564	1850	18.438044196673786	0.0	437162	1187.869916415803	3	0.3
51426.088442482396	1850	18.296683972845955	0.0	852833	4141.360223827829	3	0.75
51430.859635718	1850	17.525490737239995	0.0	913888	4771.193235605963	3	1.85
51436.47845042509	1850	15.906676030147024	0.0	939819	5618.814707092971	3	1.85
51441.805448280546	1850	14.579678174699632	0.0	917428	5326.997855447392	3	1.85
51446.82012961337	1850	13.564996841869418	0.0	946851	5014.681332830214	3	1.85
51463.94053494714	300	4.0	3.555408491903092	1036454	17120.40533377251	0	-13.438256515183294
51465.32604937338	300	6.614485573759982	0.0	140051	1385.5144262400179	0	-1.25
51466.800357717664	300	9.140177229475308	0.0	138313	1474.3083442846732	0	0.3
51471.34425064194	300	8.596284305204762	0.0	143509	4543.892924270548	0	0.3
51475.77145827797	300	8.169076669166579	0.0	150616	4427.2076360381825	0	0.3
51478.45188948656	300	9.488645460580148	0.0	165384	2680.431208586431	0	0.3
51479.66458290626	750	12.275952040875715	0.0	140881	1212.6934197044327	1	0.3
51482.02502617995	750	13.915508767185674	0.0	386472	2360.443273690042	1	0.3
51486.2018995826	750	13.738635364534348	0.0	399894	4176.873402651326	1	0.75
51487.40645001109	1850	16.534084936049307	0.0	401853	1204.5504284850401	3	0.75
51494.17467885051	750	13.765856096632634	0.0	874175	6768.228839416675	1	0.75
51495.19460976133	1850	16.74592518581022	0.0	359903	1019.9309108224151	3	-0.3500000000000001
51497.79421577522	1850	18.14631917192686	0.0	905935	2599.606013883361	3	0.75
51500.45290033205	1850	19.487634615096958	0.0	1076599	2658.6845568298995	3	1.85
51502.33118548829	1850	21.60934945885142	0.0	758197	1878.2851562455412	3	1.85
51509.51792201067	1850	18.42261293646597	0.0	972798	7186.736522385449	3	1.85
51512.666395025626	1850	19.27413992151214	0.0	975811	3148.4730149538277	3	1.85
51514.444245835395	1850	21.496289111747878	0.0	873429	1777.850809764262	3	1.85
51516.36740305164	4300	23.573131895497067	0.0	954453	1923.1572162508123	5	1.85
51527.442087494645	1850	16.49844745250005	0.0	2191074	11074.68444299702	3	1.8499999999999996
51530.22126667751	1850	17.71926826963173	0.0	1035329	2779.179182868316	3	-0.6000000000000001
51532.16194900854	1850	19.77858593859372	0.0	1026056	1940.682331038012	3	1.85
51533.93761430419	1850	22.0029206429543	0.0	943942	1775.6652956394214	3	1.85
51535.314583770174	1850	24.625951176967785	0.0	728962	1376.9694659865172	3	1.85
51537.117035981224	4300	26.82349896591221	0.0	938587	1802.4522110555745	5	1.85
51542.9345798264	4300	25.00595512073703	0.0	2133870	5817.543845175178	5	1.8499999999999996
51546.51976129657	4300	25.42077365056303	0.0	2146120	3585.1814701739986	5	4.3
51551.78137873093	4300	24.159156216202728	0.0	2108491	5261.617434360302	5	4.3
51555.02290824418	4300	24.91762670295855	0.0	2184571	3241.5295132441784	5	4.3
51558.140203311654	4300	25.800331635484696	0.0	2121928	3117.295067473853	5	4.3
51561.366195216084	4300	26.57433973105633	0.0	2219102	3225.9919044283674	5	4.3
51567.60510442521	4300	24.33543052193454	0.0	2124950	6238.909209121792	5	4.3
51571.503593941125	4300	24.43694100601698	0.0	2246506	3898.48951591756	5	4.3
51578.059894488186	4300	21.880640458954897	0.0	1961140	6556.300547062079	5	4.3
51582.68717607338	4300	21.253358873760316	0.0	2155012	4627.281585194582	5	4.3

