43943.07442379238	300	4.0	2.2140648093953024	181801	2214.0648093953023	-9.220478680399799
43944.401477918975	300	6.672945873404623	0.0	155580	1327.0541265953768	0.3
43945.71258582495	300	9.361837967430063	0.0	139857	1311.107905974561	0.3
43946.37191581924	300	12.702507973136333	0.0	155432	659.3299942937293	0.3
43948.84410117677	300	14.230322615612037	0.0	163442	2472.1853575242976	0.3
43949.479735208966	300	17.594688583418037	0.0	126289	635.6340321939983	0.3
43950.23418760756	300	20.840236184830836	0.0	153295	754.4523985872006	0.3
43951.10033150992	300	23.974092282460635	0.0	173849	866.1439023701993	0.3
43956.727134219036	300	22.347289573348135	0.0	150710	5626.802709112501	0.3
43958.868385176116	300	24.206038616271275	0.0	139105	2141.2509570768607	0.3
43961.51161731376	300	25.562806478626154	0.0	141840	2643.232137645123	0.3
43962.3767268655	300	28.697696926881243	0.0	156148	865.1095517449098	0.3
43963.26495508491	300	31.809468707468973	0.0	160746	888.228219412271	0.3
43966.588597707276	300	32.48582608510615	0.0	179801	3323.6426223628237	0.3
43969.781643699185	300	33.29278009319803	0.0	140051	3193.0459919081204	0.3
43970.37117205216	300	36.70325174022348	0.0	138313	589.5283529745482	0.3
43970.97984184029	300	40.09458195208336	0.0	143509	608.6697881401201	0.3
43971.614692956326	300	43.45973083605222	0.0	150616	634.8511160311361	0.3
43972.445076330994	300	46.62934746138572	0.0	165384	830.3833746665006	0.3
43973.25539374602	300	49.8190300463608	0.0	140881	810.3174150249184	0.3
43976.15364571284	300	50.92077807954086	0.0	157671	2898.2519668199398	0.3
43979.10721645997	300	51.967207332414134	0.0	157812	2953.5707471267337	0.3
43980.7471259967	300	54.327297795682654	0.0	163927	1639.909536731477	0.3
43981.3317274183	300	57.742696374087814	0.0	137654	584.6014215948379	0.3
43982.95901493007	300	59.62473687400261	0.0	146754	617.9595000852053	0.3
43985.01220147084	300	59.81280760946639	0.0	153938	1311.929264536213	0.3
43991.0621669317	300	57.762842148604406	0.0	181901	6049.9654608619885	0.3
43992.84909859194	300	59.93648769753073	0.0	111155	1326.3544510736779	0.3
43995.5700655108	300	59.76579275968302	0.0	153605	2170.694937847697	0.3
43998.864853548876	300	59.60053471020353	0.0	149029	2665.2580494794943	0.3
44001.23421268062	300	59.69362015957788	0.0	157421	1906.9145506256493	0.3
44002.56039176252	300	59.72125294543763	0.0	157488	972.3672141402535	0.3
44004.269004489644	750	59.7533525520047	0.0	369834	1467.9003934329319	0.3
44012.89273245797	750	55.12962458367726	0.0	412837	8623.727968327432	0.75
44015.052710915836	750	56.96964612581782	0.0	401088	2159.9784578594504	0.75
44016.816459509835	750	59.205897531817975	0.0	365161	1763.7485939998453	0.75
44019.698571383604	750	59.997425142170336	0.0	321064	1208.4723896476355	0.75
44022.692043871786	750	59.54900876984369	0.0	361565	2948.4163723266474	0.75
44026.08727078592	750	59.582923443200805	0.0	378327	1466.0853266428867	0.75
44029.95791726827	750	59.71227696084916	0.0	390680	2870.646482351645	0.75
44033.42011785363	750	59.551070702938695	0.0	345516	1661.2062579104572	0.75
44036.64530581405	750	59.798973886457674	0.0	384505	1752.0968164810265	0.75
44040.61792962707	750	59.82635007344308	0.0	372093	3472.623813014592	0.75
44047.24957293613	750	57.194706764376434	0.0	438281	6631.643309066644	0.75
44053.72696578965	750	54.717313910866565	0.0	398987	6477.392853509867	0.75
44055.210900586215	750	57.23337911429456	0.0	393804	1483.9347965720078	0.75
44056.58654084061	750	59.857738859900664	0.0	331053	1375.6402543938898	0.75
44060.925846458485	750	59.518433242025466	0.0	314107	3839.3056178751995	0.75

