85804.59370103515	300	4.0	3.9898612761364944	450283	3989.8612761364943	0	-16.406403487386925
85807.41208341831	300	5.181617616834618	0.0	155580	2818.3823831653817	0	-0.15000000000000002
85808.82185992411	300	7.771841111031399	0.0	139857	1409.776505803219	0	0.3
85811.3254166644	300	9.268284370731768	0.0	155432	2503.5567402996307	0	0.3
85812.15517122332	750	12.438529811826323	0.0	163442	829.754558905447	1	0.3
85813.55095259125	750	15.042748443883266	0.0	318564	1395.781367943057	1	0.3
85814.56743034424	1850	18.026270690904596	0.0	352642	1016.4777529786716	3	0.75
85816.87162444936	1850	19.722076585793197	0.0	1060487	2304.1941051113963	3	0.75
85820.262499656	1850	20.331201379142993	0.0	852833	3390.875206650204	3	1.85
85825.77379799294	1850	18.819903042213447	0.0	913888	5511.298336929547	3	1.85
85828.19241757653	1850	20.4012834586014	0.0	939819	2418.6195836120423	3	1.85
85829.66636282587	1850	22.92733820926525	0.0	917428	1473.945249336153	3	1.85
85832.01484116876	1850	24.578859866369378	0.0	946851	2348.4783428958726	3	1.85
85833.09522670589	4300	27.498474329241837	0.0	1036454	1080.3855371275392	5	1.85
85835.49909395441	4300	29.0946070807231	0.0	2005399	2403.8672485187362	5	1.8499999999999996
85839.26832120883	4300	29.325379826298754	0.0	2152483	3769.2272544243456	5	4.3
85842.57873338576	4300	30.014967649370842	0.0	2289689	3310.4121769279122	5	4.3
85845.3122252133	4300	31.281475821817278	0.0	2059512	2733.491827553563	5	4.3
85848.26044716136	4300	32.3332538737614	0.0	2220726	2948.22194805588	5	4.3
85851.07645000883	4300	33.51725102629402	0.0	2156729	2816.0028474673754	5	4.3
85853.62519042929	4300	34.968510605839995	0.0	2039773	2548.7404204540258	5	4.3
85857.86570521435	4300	34.727995820780954	0.0	2176469	4240.514785059041	5	4.3
85862.48829271445	4300	34.10540832067836	0.0	2221506	4622.5875001026025	5	4.3
85866.3954479476	4300	34.19825308752933	0.0	2044075	3907.1552331490284	5	4.3
85872.5692279297	4300	32.0244731054027	0.0	2186790	6173.779982126631	5	4.3
85876.51854753526	4300	32.075153499852725	0.0	2105231	3949.3196055499748	5	4.3
85879.54092574713	4300	33.052775287976544	0.0	2395588	3022.3782118761774	5	4.3
85886.96037961342	4300	29.633321421694443	0.0	1972048	7419.453866282104	5	4.3
85899.43483268154	1850	21.158868353565623	0.0	2134614	12474.45306812882	3	4.3
85902.92860059676	1850	21.665100438341195	0.0	975811	3493.7679152244277	3	-0.6000000000000001
85904.78368070364	1850	23.810020331455213	0.0	873429	1855.080106885983	3	1.85
85908.35447296973	1850	24.239228065368888	0.0	954453	3570.7922660863255	3	1.85
85913.83698047993	1850	22.75672055516394	0.0	885062	5482.507510204943	3	1.85
85916.38637000187	1850	24.207331033222488	0.0	1035329	2549.3895219414558	3	1.85
85918.29446285464	4300	26.299238180457433	0.0	1026056	1908.092852765053	5	1.85
85921.41184795751	4300	27.18185307759475	0.0	2143948	3117.385102862686	5	1.8499999999999996
85923.84038694845	4300	28.75331408665036	0.0	1919781	2428.5389909443857	5	4.3
85927.63009435039	4300	28.963606684714403	0.0	2147467	3789.7074019359566	5	4.3
85930.7005886385	4300	29.89311239660451	0.0	2133870	3070.4942881098923	5	4.3
85933.53833449945	4300	31.055366535655015	0.0	2146120	2837.745860949498	5	4.3
85936.34858442495	4300	32.245116610139675	0.0	2108491	2810.249925515342	5	4.3
85939.1941870847	4300	33.39951395040999	0.0	2184571	2845.602659729687	5	4.3
85941.82755486063	4300	34.76614617446115	0.0	2121928	2633.3677759488346	5	4.3
85946.1875570596	4300	34.40614397550287	0.0	2219102	4360.002198958279	5	4.3
85950.92921865053	4300	33.66448238456553	0.0	2124950	4741.661590937334	5	4.3
85954.85507567936	4300	33.73862535573501	0.0	2246506	3925.85702883052	5	4.3
85960.91377303128	4300	31.679928003823427	0.0	1961140	6058.697351911584	5	4.3
85964.72317889942	4300	31.870522135680844	0.0	2155012	3809.4058681425845	5	4.3

