73983.68956867648	300	4.0	2.281985719133588	450283	2281.9857191335877	0	-9.062538592274429
73984.53039006698	300	7.159178609490469	0.0	155580	840.8213905095319	0	-0.15000000000000002
73985.29432243112	750	10.3952462453531	0.0	139857	763.9323641373674	1	0.3
73986.96642729425	750	12.723141382226927	0.0	382355	1672.104863126173	1	0.3
73988.4586604174	1850	15.230908259069393	0.0	411561	1492.2331231575358	3	0.75
73997.66374387787	750	10.025824798589268	0.0	801058	9205.083460480124	1	0.75
74000.53922355417	750	11.150345122304998	0.0	352642	2875.4796762842707	1	-0.3500000000000001
74002.09070460679	750	13.598864069679719	0.0	437162	1551.4810526252793	1	0.75
74003.15136911547	1850	16.538199560995892	0.0	374758	1060.6645086838312	3	0.75
74008.36888559507	1850	15.320683081401079	0.0	913888	5217.516479594812	3	0.75
74012.57340744762	1850	15.116161228844634	0.0	939819	4204.521852556446	3	1.85
74016.33818077436	1850	15.351387902110273	0.0	917428	3764.77332673436	3	1.85
74020.22112913564	1850	15.468439540830962	0.0	946851	3882.9483612793106	3	1.85
74024.95607920877	1850	14.733489467688388	0.0	1036454	4734.950073142573	3	1.85
74031.97252748768	1850	11.717041188791628	0.0	821631	7016.448278896762	3	1.85
74036.8192375988	1850	10.870331077659285	0.0	923170	4846.710111132341	3	1.85
74043.63086043949	1850	8.058708236969329	0.0	966699	6811.622840689958	3	1.85
74047.67006826794	750	8.019500408526607	0.0	885714	4039.2078284427216	1	1.85
74050.75013321658	750	8.939435459871262	0.0	405596	3080.0649486553452	1	-0.3500000000000001
74052.86942169876	750	10.820146977691872	0.0	350713	2119.2884821793896	1	0.75
74054.27480792267	750	13.414760753775694	0.0	386472	1405.3862239161767	1	0.75
74055.71126312218	1850	15.978305554271715	0.0	399894	1436.4551995039792	3	0.75
74062.95494365465	1850	12.734625021803964	0.0	968026	7243.680532467751	3	0.75
74067.62189447795	1850	12.067674198512748	0.0	874175	4666.950823291216	3	1.85
74076.383642276	750	7.3059264004591675	0.0	897976	8761.74779805358	1	1.85
74078.32440524701	750	9.365163429446268	0.0	379700	1940.7629710129015	1	-0.3500000000000001
74080.34360354468	750	11.345965131781231	0.0	425781	2019.198297665036	1	0.75
74084.55511969574	750	11.134448980729573	0.0	277716	4211.516151051659	1	0.75
74086.3665480602	750	13.323020616256823	0.0	400396	1811.428364472749	1	0.75
74089.18580141077	750	14.503767265695895	0.0	400508	2819.253350560928	1	0.75
74091.69592837626	750	15.993640300200491	0.0	358218	2510.126965495404	1	0.75
74093.60806567603	750	18.081503000429322	0.0	400322	1912.1372997711671	1	0.75
74095.5332093266	1850	20.156359349846138	0.0	369834	1925.1436505831846	3	0.75
74101.17367864038	1850	18.515890036082773	0.0	1035329	5640.469313763367	3	0.75
74107.67730618159	1850	16.01226249487484	0.0	1026056	6503.627541207935	3	1.85
74109.99496239943	1850	17.694606277035653	0.0	943942	2317.6562178391837	3	1.85
74111.79364407418	1850	19.895924602301122	0.0	728962	1798.6816747345324	3	1.85
74116.38287871746	1850	19.306689959015223	0.0	938587	4589.2346432858985	3	1.85
74120.05996481505	1850	19.629603861410665	0.0	908665	3677.086097604557	3	1.85
74123.42590605748	1850	20.263662618977865	0.0	930577	3365.9412424328007	3	1.85
74126.1107205126	1850	21.57884816385329	0.0	858450	2684.8144551245746	3	1.85
74134.5498803013	1850	17.13968837515943	0.0	1025005	8439.159788693862	3	1.85
74140.41626393478	1850	15.273304741683999	0.0	886255	5866.383633475429	3	1.85
74143.95554960903	1850	15.734019067418673	0.0	973972	3539.285674265327	3	1.85
74147.28599402306	1850	16.403574653406125	0.0	958994	3330.4444140125465	3	1.85
74149.75383121746	1850	17.935737459006692	0.0	982064	2467.8371943994334	3	1.85
74156.03317598398	1850	15.656392692482129	0.0	830730	6279.344766524563	3	1.85
74159.40155102916	1850	16.288017647304102	0.0	846370	3368.3750451780243	3	1.85

