53185.94102931135	300	4.0	2.3267662193051213	450283	2326.7662193051215	0	-9.255094743012021
53186.68679824052	750	7.25423107082677	0.0	155580	745.7689291732296	1	-0.15000000000000002
53188.20088226972	750	9.740147041631724	0.0	350812	1514.0840291950453	1	0.3
53189.14217241581	1850	12.798856895534463	0.0	382355	941.2901460972605	3	0.75
53197.720386068155	750	8.220643243192123	0.0	996749	8578.21365234234	1	0.75
53198.79727811966	750	11.143751191687302	0.0	318564	1076.8920515048208	1	-0.3500000000000001
53199.71120941735	1850	14.229819893997123	0.0	352642	913.9312976901793	3	0.75
53204.34871935078	1850	13.592309960561268	0.0	1060487	4637.509933435855	3	0.75
53207.78050991962	1850	14.160519391726043	0.0	852833	3431.7905688352253	3	1.85
53210.23893896311	1850	15.702090348228998	0.0	913888	2458.429043497044	3	1.85
53212.40961296528	1850	17.531416346057558	0.0	939819	2170.674002171438	3	1.85
53214.62583602656	1850	19.315193284784225	0.0	917428	2216.223061273335	3	1.85
53218.410940553	1850	19.530088758337588	0.0	946851	3785.104526446636	3	1.85
53221.070593018594	1850	20.870436292749062	0.0	1036454	2659.6524655885255	3	1.85
53222.78138021005	1850	23.159649101294292	0.0	821631	1710.7871914547673	3	1.85
53224.90134564429	1850	25.03968366704536	0.0	923170	2119.965434248933	3	1.85
53229.088276328475	1850	24.85275298286893	0.0	966699	4186.930684176427	3	1.85
53231.85793702126	1850	26.083092290078227	0.0	885714	2769.660692790706	3	1.85
53236.55369872999	1850	25.38733058135098	0.0	987708	4695.7617087272465	3	1.85
53238.90435704235	1850	27.036672268992703	0.0	923755	2350.6583123582736	3	1.85
53243.31528983278	1850	26.62573947855316	0.0	891604	4410.932790439544	3	1.85
53248.909445571546	1850	25.03158373978929	0.0	955231	5594.15573876387	3	1.85
53252.77431167322	1850	25.16671763811711	0.0	968026	3864.86610167218	3	1.85
53254.89435412682	1850	27.04667518451404	0.0	874175	2120.0424536030678	3	1.85
53256.96078688903	1850	28.980242422304727	0.0	897976	2066.4327622093115	3	1.85
53258.93901199685	1850	31.00201731448221	0.0	905935	1978.225107822515	3	1.85
53261.29841710286	4300	32.64261220847329	0.0	1076599	2359.405106008924	5	1.85
53268.64234709117	4300	29.298682220160593	0.0	1972048	7343.929988312691	5	1.8499999999999996
53277.78173424636	4300	24.159295064967257	0.0	2134614	9139.387155193337	5	4.3
53288.64177201804	4300	17.299257293288598	0.0	2164140	10860.03777167866	5	4.3
53295.56919061242	4300	14.371838698907109	0.0	2113193	6927.418594381489	5	4.3
53300.389490542926	4300	13.55153876840264	0.0	2147852	4820.299930504467	5	4.3
53308.08772988391	4300	9.853299427419454	0.0	2191074	7698.2393409831875	5	4.3
53316.5254395538	1850	5.415589757532027	0.0	2286761	8437.709669887427	3	4.3
53320.3391233316	1850	5.6019059797319635	0.0	1026056	3813.6837778000636	3	-0.6000000000000001
53328.3827204101	750	4.0	2.441691098768386	943942	8043.597078500349	1	-8.64927172470406
53335.31561980264	300	4.0	2.9328993925345883	321064	6932.8993925345885	0	-12.961467387898729
53335.64671228073	750	7.6689075219089755	0.0	124011	331.09247809102413	1	-0.15000000000000002
53336.4927335527	1850	10.822886249935175	0.0	378327	846.0212719737999	3	0.3
53338.682988045	1850	12.632631757637018	0.0	930577	2190.2544922981565	3	0.75
53342.85859524529	1850	12.457024557341537	0.0	858450	4175.607200295481	3	1.85
53353.375368119974	750	5.940251682656097	0.0	1025005	10516.772874685441	1	1.85
53355.50563385716	750	7.809985945471759	0.0	372093	2130.2657371843384	1	-0.3500000000000001
53356.92752462816	750	10.388095174466903	0.0	438281	1421.8907710048557	1	0.75
53359.929214786556	750	11.386405016071627	0.0	398987	3001.6901583952763	1	0.75
53362.53021553069	750	12.785404271935693	0.0	393804	2601.0007441359335	1	0.75
53363.47414843969	1850	15.841471362940368	0.0	331053	943.9329089953247	3	0.75
53368.077063874254	1850	15.238555928377446	0.0	846370	4602.915434562923	3	0.75

