45430.95792542088	300	4.0	2.194209032000371	450283	2194.2090320003713	0	-8.685098837601595
45434.97614277113	300	4.0	0.018217350242102383	155580	4018.2173502421024	0	-0.22833460604104028
45435.35050092363	750	7.625641847489041	0.0	139857	374.3581525109594	1	0.3
45436.18654522126	1850	10.789597549859291	0.0	382355	836.0442976297498	3	0.3
45438.94923371209	1850	12.026909059030364	0.0	996749	2762.688490828927	3	0.75
45440.145877562085	1850	14.830265209041682	0.0	801058	1196.6438499886806	3	1.85
45441.81784902935	1850	17.15829374178028	0.0	905515	1671.971467261405	3	1.85
45443.78690054181	1850	19.189242229315685	0.0	1060487	1969.051512464593	3	1.85
45445.17548023539	1850	21.80066253573497	0.0	852833	1388.5796935807168	3	1.85
45446.47733000105	1850	24.498812770079113	0.0	913888	1301.8497656558577	3	1.85
45453.87874018071	1850	21.097402590409004	0.0	939819	7401.410179670106	3	1.85
45455.56841718074	1850	23.407725590389234	0.0	917428	1689.6770000197728	3	1.85
45457.63035071694	1850	25.345792054190447	0.0	946851	2061.933536198786	3	1.85
45460.52556495938	1850	26.450577811744694	0.0	1036454	2895.214242445751	3	1.85
45462.90375366057	1850	28.07238911056208	0.0	821631	2378.188701182612	3	1.85
45464.884193224934	1850	30.091949546189056	0.0	923170	1980.439564373029	3	1.85
45466.684864683244	1850	32.291278087886845	0.0	966699	1800.671458302211	3	1.85
45468.595479622854	1850	34.38066314827309	0.0	885714	1910.614939613756	3	1.85
45470.58319369499	4300	36.3929490761326	0.0	987708	1987.7140721404814	5	1.85
45486.621151877276	1850	24.35499089385035	0.0	2156729	16037.958182282253	3	1.8499999999999996
45490.219537657715	1850	24.75660511341355	0.0	891604	3598.3857804368026	3	-0.6000000000000001
45493.976597167915	1850	24.999545603214738	0.0	955231	3757.0595101988097	3	1.85
45496.35078014287	1850	26.625362628258003	0.0	968026	2374.182974956733	3	1.85
45497.88803974945	1850	29.088103021680798	0.0	874175	1537.2596065772057	3	1.85
45499.850249794	1850	31.12589297713168	0.0	897976	1962.2100445491192	3	1.85
45501.43406403006	1850	33.54207874107281	0.0	905935	1583.814236058875	3	1.85
45504.97084122624	1850	34.00530154488704	0.0	1076599	3536.7771961857698	3	1.85
45506.07602203368	4300	36.90012073744765	0.0	758197	1105.1808074393916	5	1.85
45509.68226449436	4300	37.29387827677046	0.0	2134614	3606.2424606772	5	1.8499999999999996
45515.5905795773	4300	35.38556319383066	0.0	2164140	5908.315082939789	5	4.3
45523.322668245906	4300	31.653474525220613	0.0	2113193	7732.0886686100475	5	4.3
45527.17068543499	4300	31.80545733613649	0.0	2147852	3848.01718908412	5	4.3
45537.046039414075	4300	25.930103357046402	0.0	2191074	9875.35397909009	5	4.3
45540.98274829332	4300	25.993394477805463	0.0	2286761	3936.708879240937	5	4.3
45544.408561369375	4300	26.56758140175179	0.0	2307787	3425.8130760536715	5	4.3
45554.03407685094	4300	20.942065920179267	0.0	2143948	9625.515481572525	5	4.3
45558.7324085331	4300	20.243734238025702	0.0	1919781	4698.331682153561	5	4.3
45563.765943335246	4300	19.21019943588138	0.0	2147467	5033.534802144325	5	4.3
45568.03011524289	4300	18.946027528235035	0.0	2133870	4264.171907646345	5	4.3
45584.04137969447	750	6.934763076653669	0.0	2146120	16011.264451581364	1	4.3
45584.624614741544	1850	10.351528029579704	0.0	345516	583.2350470739657	3	-2.8
45588.74800067332	1850	10.2281420978077	0.0	1025005	4123.3859317720035	3	0.75
45592.54551070135	1850	10.430632069775125	0.0	886255	3797.510028032575	3	1.85
45594.56312107638	1850	12.413021694743218	0.0	973972	2017.6103750319076	3	1.85
45596.430555813335	1850	14.545586957791569	0.0	958994	1867.4347369516488	3	1.85
45598.40102834236	1850	16.575114428756635	0.0	982064	1970.4725290349368	3	1.85
45599.63909093785	1850	19.337051833269385	0.0	830730	1238.0625954872476	3	1.85
45602.83947032251	1850	20.13667244860705	0.0	846370	3200.379384662335	3	1.85

