4153.87833108319	750	4.0	9.642111234931873	450283	9642.111234931874	-40.71107831020705
4155.170090881281	300	6.708240201909207	0.0	155580	1291.759798090793	-0.15000000000000002
4155.581512027887	300	10.29681905530364	0.0	139857	411.4211466055656	0.3
4156.567584176655	750	13.310746906534748	0.0	382355	986.0721487688926	0.3
4159.043667406764	1850	14.834663676425947	0.0	996749	2476.0832301088	0.75
4161.014510577699	1850	16.863820505490324	0.0	801058	1970.8431709356262	1.85
4168.146766461874	1850	13.731564621315652	0.0	905515	7132.25588417467	1.85
4176.988511592032	1850	8.889819491157366	0.0	1060487	8841.745130158286	1.85
4181.944574361688	750	7.9337567215026175	0.0	374758	4956.062769654749	-0.3500000000000001
4183.194364728345	300	10.68396635484465	0.0	139105	1249.7903666579682	-0.15000000000000002
4184.383443049525	300	13.494888033665147	0.0	141840	1189.0783211795022	0.3
4192.1127567192525	750	9.765574363937802	0.0	405134	7729.313669727346	0.3
4192.777095978347	300	13.101235104843438	0.0	160746	664.3392590943639	-0.15000000000000002
4193.510703428139	300	16.367627655050438	0.0	179801	733.6074497930009	0.3
4197.66209465424	750	16.216236428950502	0.0	337059	4151.391226099937	0.3
4203.472299665288	750	14.4060314179017	0.0	366214	5810.205011048802	0.75
4204.866190675317	750	17.012140407873463	0.0	360831	1393.8910100282374	0.75
4205.691623496962	750	20.186707586228266	0.0	372963	825.4328216451995	0.75
4208.012846799046	1850	21.86548428414384	0.0	987708	2321.2233020844265	0.75
4210.361933630022	1850	23.51639745316792	0.0	923755	2349.0868309759226	1.85
4212.640139992529	1850	25.238191090660607	0.0	891604	2278.206362507313	1.85
4214.675693525011	1850	27.202637558177145	0.0	955231	2035.5535324834614	1.85
4221.07383546886	1850	24.804495614328644	0.0	968026	6398.141943848503	1.85
4232.281855868022	1850	17.596475215167338	0.0	874175	11208.020399161305	1.85
4234.54972169623	1850	19.3286093869588	0.0	897976	2267.8658282085403	1.85
4239.126634634668	1850	18.751696448521592	0.0	905935	4576.912938437208	1.85
4243.300575304209	1850	18.57775577897988	0.0	1076599	4173.940669541711	1.85
4245.505485067671	1850	20.37284601551878	0.0	758197	2204.9097634611044	1.85
4247.811893715118	1850	22.0664373680718	0.0	972798	2306.4086474469814	1.85
4249.931285988587	1850	23.947045094602007	0.0	975811	2119.3922734697912	1.85
4251.887073730823	1850	25.991257352364975	0.0	873429	1955.7877422370282	1.85
4254.311183552933	1850	27.56714753025583	0.0	954453	2424.109822109146	1.85
4256.559636364781	1850	29.318694718407286	0.0	885062	2248.4528118485478	1.85
4259.194049275583	1850	30.68428180760616	0.0	1035329	2634.4129108011257	1.85
4262.238410673858	1850	31.639920409329985	0.0	1026056	3044.3613982761735	1.85
4264.528724023175	1850	33.349607060014215	0.0	943942	2290.3133493157707	1.85
4269.1040400193515	4300	32.77429106383777	0.0	1919781	4575.315996176439	1.8499999999999996
4280.048268965284	4300	25.830062117905232	0.0	2147467	10944.22894593254	4.3
4286.368305322599	4300	23.51002576059026	0.0	2133870	6320.036357314974	4.3
4294.801179581111	4300	19.077151502078383	0.0	2146120	8432.874258511876	4.3
4301.635348763203	4300	16.242982319985277	0.0	2108491	6834.169182093109	4.3
4306.730692355217	4300	15.147638727971676	0.0	2184571	5095.343592013599	4.3
4311.94020339412	4300	13.938127689068144	0.0	2121928	5209.5110389035335	4.3
4317.327597494293	4300	12.550733588894309	0.0	2219102	5387.394100173836	4.3
4322.405912076696	4300	11.472419006491256	0.0	2124950	5078.314582403053	4.3
4328.095069688965	4300	9.783261394222123	0.0	2246506	5689.157612269133	4.3
4330.230499016049	1850	11.647832067137902	0.0	830730	2135.429327084221	-0.6000000000000001
4332.358458434628	1850	13.519872648558955	0.0	846370	2127.9594185789465	1.85

