22971.601612412098	750	4.0	2.5084548791000536	450283	2508.4548791000534	-10.03635598013023
22976.681128933138	1850	4.0	1.0795165210392352	957685	5079.516521039235	-3.891921040468711
22977.839900532457	750	6.841228400681443	0.0	350812	1158.771599318557	-0.3500000000000001
22979.499471046136	750	9.181657887003192	0.0	382355	1659.57051367825	0.75
22981.24139944218	750	11.439729490956664	0.0	411561	1741.9283960465273	0.75
22984.067684565383	750	12.613444367753441	0.0	318564	2826.285123203223	0.75
22986.225938389343	750	14.455190543795574	0.0	352642	2158.2538239578676	0.75
22988.872098501797	750	15.809030431338659	0.0	437162	2646.1601124569142	0.75
22990.42586824617	750	18.25526068696933	0.0	374758	1553.7697443693291	0.75
22997.599050023327	1850	15.082078909808866	0.0	913888	7173.181777160464	0.75
23004.24085066783	1850	12.44027826530781	0.0	939819	6641.800644501056	1.85
23006.257508018934	750	14.42362091420345	0.0	405134	2016.6573511043616	-0.3500000000000001
23008.232372407398	750	16.448756525737146	0.0	386351	1974.8643884663036	0.75
23010.70391094705	750	17.9772179860854	0.0	434409	2471.538539651746	0.75
23013.656697031	750	19.02443190213341	0.0	337059	2952.786083951988	0.75
23015.13923379128	750	21.54189514185514	0.0	366214	1482.53676027827	0.75
23020.583666967956	1850	20.09746196518238	0.0	966699	5444.433176672763	0.75
23030.021164181882	1850	14.659964751257919	0.0	885714	9437.49721392446	1.85
23033.57770879836	750	15.103420134777865	0.0	405596	3556.5446164800514	-0.3500000000000001
23035.435383962187	750	17.245744970949655	0.0	350713	1857.6751638282112	0.75
23036.931361120456	750	19.749767812681466	0.0	386472	1495.9771582681917	0.75
23039.581048856875	750	21.100080076258788	0.0	399894	2649.687736422674	0.75
23041.877607852268	750	22.8035210808676	0.0	401853	2296.5589953911876	0.75
23043.25758002937	750	25.42354890376445	0.0	343800	1379.9721771031536	0.75
23046.95089581229	1850	25.730233120848094	0.0	897976	3693.3157829163524	0.75
23056.32803878535	1850	20.353090147787565	0.0	905935	9377.142973060529	1.85
23059.522092299947	1850	21.159036633193143	0.0	1076599	3194.053514594422	1.85
23061.927435900572	1850	22.753693032567426	0.0	758197	2405.343600625717	1.85
23073.1133712446	1850	15.56775768854295	0.0	972798	11185.935344024476	1.85
23081.388608700407	1850	11.29252023273418	0.0	975811	8275.23745580877	1.85
23083.498231713005	750	13.182897220134244	0.0	358218	2109.6230125999346	-0.3500000000000001
23087.871757066303	750	12.809371866835244	0.0	400322	4373.525353299	0.75
23089.131673309406	750	15.549455623727267	0.0	369834	1259.9162431079794	0.75
23099.636211086294	1850	9.044917846841575	0.0	1035329	10504.537776885692	0.75
23101.80396483585	750	10.877164097287388	0.0	401088	2167.753749554186	-0.3500000000000001
23103.587119685108	750	13.094009248030853	0.0	365161	1783.1548492565353	0.75
23105.903382848162	750	14.7777460849759	0.0	321064	2316.2631630549517	0.75
23107.367675927315	750	17.313453005824545	0.0	361565	1464.2930791513593	0.75
23108.879694219966	750	19.801434713172206	0.0	378327	1512.018292652338	0.75
23113.403812710763	1850	19.277316222376612	0.0	930577	4524.118490795596	0.75
23118.834859588165	1850	17.846269344972356	0.0	858450	5431.0468774042565	1.85
23124.149794040422	1850	16.531334892716128	0.0	1025005	5314.93445225623	1.85
23131.078509278046	1850	13.602619655089761	0.0	886255	6928.7152376263675	1.85
23138.019019148942	1850	10.662109784195247	0.0	973972	6940.5098708945125	1.85
23139.87840531453	750	12.802723618611362	0.0	398987	1859.3861655838855	-0.3500000000000001
23141.93114148836	750	14.749987444778627	0.0	393804	2052.736173832734	0.75
23143.854255310845	750	16.826873622292027	0.0	331053	1923.1138224866013	0.75
23146.791307244923	750	17.889821688214024	0.0	314107	2937.0519340780056	0.75

