41332.62585563447	750	4.0	7.446581492852677	450283	7446.581492852677	-31.270300419266512
41339.16888849491	300	4.0	2.543032860442737	155580	6543.032860442737	-11.085041299903766
41341.17469520202	300	5.994193292896356	0.0	139857	2005.8067071036435	0.3
41342.941901905106	300	8.2269865898094	0.0	155432	1767.2067030869578	0.3
41353.73729826749	300	4.0	2.5684097725806243	163442	10795.396362390024	-10.744162022096683
41355.520350534796	300	6.216947732694263	0.0	126289	1783.0522673057378	0.3
41356.919516705195	300	8.817781562294863	0.0	153295	1399.166170399399	0.3
41359.86274691892	300	9.874551348565621	0.0	173849	2943.230213729243	0.3
41360.23351963618	300	13.503778631307988	0.0	150710	370.77271725763376	0.3
41361.01347908119	750	16.723819186297813	0.0	362795	779.9594450101735	0.3
41364.67660403176	1850	17.060694235730047	0.0	939819	3663.124950567767	0.75
41366.30062426003	1850	19.436674007458507	0.0	917428	1624.0202282715395	1.85
41374.359666498865	4300	15.377631768623308	0.0	2209463	8059.042238835199	1.8499999999999996
41383.55327915709	2850	10.184019110395859	0.0	1578343	9193.61265822745	1.4000000000000001
41384.718723342514	1200	13.018574924969947	0.0	526950	1165.4441854259114	-0.44999999999999996
41385.68630645244	1200	16.05099181504576	0.0	587876	967.583109924188	1.2
41388.09916089817	1850	17.63813736931297	0.0	966699	2412.854445732786	1.2000000000000002
41394.770126503485	1850	14.967171764002048	0.0	885714	6670.965605310925	1.85
41396.45381300242	1200	17.283485265063035	0.0	639204	1683.68649893901	0.5499999999999999
41398.615042192636	1200	19.122256074847783	0.0	586839	2161.2291902152483	1.2
41401.435087427526	1200	20.302210839956597	0.0	601738	2820.045234891187	1.2
41402.731752181244	1200	23.005546086239036	0.0	616206	1296.6647537175618	1.2
41404.66768135361	1200	25.069616913869535	0.0	656471	1935.9291723695014	1.2
41409.65585258126	1850	24.081445686231337	0.0	874175	4988.171227638197	1.2000000000000002
41415.244709733655	1850	22.492588533831288	0.0	897976	5588.857152400051	1.85
41418.98434268151	1200	22.752955585980313	0.0	590335	3739.632947850973	0.5499999999999999
41424.89332985747	1200	20.843968410021983	0.0	696376	5908.987175958332	1.2
41427.01185792785	1200	22.725440339636723	0.0	487160	2118.5280703852595	1.2
41428.67471613686	1200	25.062582130620463	0.0	622896	1662.858209016259	1.2
41440.74435344863	2850	16.992944818856973	0.0	1561263	12069.637311763488	1.2000000000000002
41445.96195365524	1200	15.775344612241508	0.0	570392	5217.600206615465	-0.44999999999999996
41453.72226998068	750	12.015028286797815	0.0	400322	7760.316325443693	0.3
41454.6731307604	300	15.064167507078537	0.0	143881	950.8607797192775	-0.15000000000000002
41455.74239945662	300	17.99489881086126	0.0	163444	1069.268696217274	0.3
41462.86940913219	300	14.86788913529151	0.0	179328	7127.009675569752	0.3
41463.940874687905	300	17.796423579580782	0.0	159914	1071.4655557107276	0.3
41464.67724220149	300	21.06005606598904	0.0	131610	736.3675135917421	0.3
41465.36017571729	300	24.37712255019536	0.0	124011	682.9335157936792	0.3
41466.14152939871	300	27.595768868769508	0.0	144254	781.3536814258526	0.3
41466.55587257201	300	31.181425695464647	0.0	149991	414.3431733048603	0.3
41467.21286180606	750	34.52443646142028	0.0	345516	656.9892340443746	0.3
41482.170201623914	4300	23.567096643563012	0.0	2184571	14957.339817857266	0.75
41483.86372073927	1200	25.87357752820852	0.0	599477	1693.5191153544915	-1.9000000000000001
41485.8146846429	1200	27.922613624573664	0.0	634861	1950.9639036348551	1.2
41490.35211747225	1850	27.385180795231726	0.0	958994	4537.432829341939	1.2000000000000002
41494.38694789349	1850	27.35035037399401	0.0	982064	4034.8304212377157	1.85
41497.627736230155	1850	28.10956203732454	0.0	830730	3240.788336669468	1.85
41504.70007111101	2850	25.037227156475332	0.0	1364537	7072.334880849208	1.85

