37555.38959245075	300	4.0	7.67379748305634	181801	7673.79748305634	-32.697329177142265
37556.461735348545	300	6.927857102208068	0.0	155580	1072.1428977919322	0.3
37557.17548089602	300	10.214111554737084	0.0	139857	713.7455474709827	0.3
37557.83597729177	300	13.553615158988519	0.0	155432	660.4963957485643	0.3
37561.42048403881	750	13.969108411943957	0.0	411561	3584.506747044563	0.3
37565.443994272246	750	13.94559817851278	0.0	318564	4023.5102334311764	0.75
37571.54014177788	750	11.849450672879437	0.0	352642	6096.147505633345	0.75
37572.65965311784	300	14.729939332922774	0.0	173849	1119.5113399566635	-0.15000000000000002
37589.0175034564	750	4.0	1.6279110056435075	374758	16357.85033856628	-6.700017324267082
37590.72434864047	300	6.293154815924032	0.0	139105	1706.845184075968	-0.15000000000000002
37591.74091822555	300	9.276585230845479	0.0	141840	1016.569585078554	0.3
37596.271752121946	300	8.745751334448833	0.0	156148	4530.833896396644	0.3
37604.20902341462	300	4.8084800417697995	0.0	160746	7937.271292679033	0.3
37611.49373779645	300	4.0	2.476234340056617	179801	7284.714381826417	-10.34780766224345
37612.6411290069	300	6.852608789555843	0.0	140051	1147.3912104441574	0.3
37616.34528890961	300	7.148448886847503	0.0	138313	3704.1599027083403	0.3
37617.197861607136	300	10.295876189321364	0.0	143509	852.5726975261391	0.3
37618.377115618234	300	13.116622178217378	0.0	150616	1179.254011103986	0.3
37626.71249201232	750	8.781245784139557	0.0	405596	8335.37639407782	0.3
37628.01288997589	300	11.480847820561683	0.0	140881	1300.3979635778746	-0.15000000000000002
37631.04678792631	300	12.446949870141372	0.0	157671	3033.8979504203116	0.3
37632.54699484839	300	14.946742948068055	0.0	157812	1500.2069220733167	0.3
37638.42481913154	750	13.06891866491846	0.0	401853	5877.8242831495945	0.3
37639.91567278577	750	15.57806501069237	0.0	343800	1490.8536542260897	0.75
37641.29782061983	750	18.195917176628	0.0	359903	1382.1478340643685	0.75
37652.16803510318	1200	11.325702693279068	0.0	590335	10870.214483348935	0.75
37653.50114509505	300	13.992592701405034	0.0	181901	1333.1099918740329	-0.6000000000000001
37655.13194839023	750	16.361789406224432	0.0	277716	1630.8032951806028	0.3
37657.37173283753	750	18.12200495893009	0.0	400396	2239.784447294342	0.75
37659.71885008674	750	19.774887709718197	0.0	400508	2347.117249211891	0.75
37665.13994186744	1200	18.35379592902021	0.0	570392	5421.091780697984	0.75
37668.57939329471	1200	18.914344501745354	0.0	620283	3439.451427274859	1.2
37672.179240579084	1200	19.31449721737299	0.0	584349	3599.8472843723694	1.2
37674.671689988514	1200	20.822047807938702	0.0	670129	2492.4494094342854	1.2
37677.123174980734	1200	22.37056281571451	0.0	690253	2451.484992224193	1.2
37682.14061232786	1850	21.353125468590378	0.0	943942	5017.437347124136	1.2000000000000002
37686.374705349735	1850	21.119032446713682	0.0	728962	4234.0930218766935	1.85
37691.59222408229	1200	19.901513714155545	0.0	575591	5217.518732558136	0.5499999999999999
37695.11411463782	1200	20.37962315862785	0.0	605884	3521.8905555276924	1.2
37699.29234844337	1200	20.201389353075754	0.0	587506	4178.233805552095	1.2
37701.954512477656	1200	21.539225318788727	0.0	566904	2662.16403428703	1.2
37712.24757123028	1200	15.246166566168986	0.0	641452	10293.05875261974	1.2
37715.56814999292	750	15.92558780352414	0.0	372093	3320.578762644845	0.3
37718.45537423642	750	17.038363560022866	0.0	438281	2887.224243501273	0.75
37722.3540667792	750	17.13967101724398	0.0	398987	3898.6925427788856	0.75
37725.97708082957	750	17.516656966868176	0.0	393804	3623.0140503758043	0.75
37727.96869471368	750	19.525043082759016	0.0	331053	1991.6138841091606	0.75
37729.31223737493	750	22.181500421507742	0.0	314107	1343.542661251274	0.75

