12716.352461904991	300	4.0	4.855733920473546	450283	4855.733920473546	0	-20.129655858036248
12717.193057150947	300	7.159404754044168	0.0	155580	840.5952459558316	0	-0.15000000000000002
12718.706868934461	300	9.645592970528348	0.0	139857	1513.8117835158187	0	0.3
12720.077033340716	750	12.275428564274335	0.0	155432	1370.164406254012	1	0.3
12721.679856660354	750	14.672605244637367	0.0	411561	1602.8233196369697	1	0.3
12726.767309483623	750	13.585152421367152	0.0	318564	5087.452823270217	1	0.75
12728.611660656527	750	15.740801248463436	0.0	352642	1844.3511729037145	1	0.75
12734.129153544229	750	14.22330836076181	0.0	437162	5517.492887701626	1	0.75
12735.281922549895	1850	17.070539355094756	0.0	374758	1152.7690056670551	3	0.75
12738.78895873345	1850	17.563503171540162	0.0	913888	3507.036183554592	3	0.75
12743.250591738768	1850	17.10187016622257	0.0	939819	4461.633005317591	3	1.85
12746.021805627879	1850	18.33065627711123	0.0	917428	2771.213889111344	3	1.85
12755.567726675454	1850	12.78473522953623	0.0	946851	9545.921047575	3	1.85
12757.832225532762	1850	14.520236372227803	0.0	1036454	2264.4988573084256	3	1.85
12759.39723012408	1850	16.955231780911213	0.0	821631	1565.0045913165868	3	1.85
12761.20742144578	1850	19.145040459209465	0.0	923170	1810.1913217017507	3	1.85
12763.106066566024	1850	21.246395338966284	0.0	966699	1898.645120243178	3	1.85
12765.461726922344	1850	22.890734982645494	0.0	885714	2355.660356320789	3	1.85
12766.98456318458	1850	25.36789872041096	0.0	987708	1522.836262234537	3	1.85
12770.719681922956	1850	25.63277998203537	0.0	923755	3735.1187383755896	3	1.85
12774.344827038693	1850	26.00763486629912	0.0	891604	3625.1451157362467	3	1.85
12777.521622610197	1850	26.830839294795794	0.0	955231	3176.795571503327	3	1.85
12783.188119228756	1850	25.164342676235705	0.0	968026	5666.496618560088	3	1.85
12784.572644996004	1850	27.779816908987645	0.0	874175	1384.5257672480616	3	1.85
12790.381106324427	1850	25.971355580564367	0.0	897976	5808.461328423276	3	1.85
12794.25923063548	1850	26.093231269511325	0.0	905935	3878.124311053041	3	1.85
12797.655952424193	1850	26.696509480797193	0.0	1076599	3396.7217887141305	3	1.85
12811.498645747597	750	16.85381615739419	0.0	758197	13842.693323403008	1	1.85
12817.827928424884	750	14.52453348010649	0.0	400396	6329.282677287697	1	-0.3500000000000001
12825.195521056516	750	11.156940848473196	0.0	400508	7367.592631633293	1	0.75
12827.47086893169	300	12.881592973299753	0.0	358218	2275.347875173442	0	0.75
12834.819191187118	300	9.533270717872773	0.0	157488	7348.3222554269805	0	-0.15000000000000002
12835.83239113487	750	12.520070770119755	0.0	143881	1013.1999477530176	1	0.3
12838.056548956647	300	14.295912948342512	0.0	412837	2224.157821777244	0	0.3
12839.522760495607	750	16.82970140938306	0.0	179328	1466.211538959453	1	-0.15000000000000002
12843.35160252312	750	17.000859381869088	0.0	365161	3828.8420275139724	1	0.3
12844.459448268944	1850	19.893013636044124	0.0	321064	1107.845745824959	3	0.75
12846.83926164118	1850	21.51320026380912	0.0	938587	2379.813372235002	3	0.75
12849.0379674695	1850	23.314494435489344	0.0	908665	2198.705828319775	3	1.85
12851.801452528318	1850	24.55100937667213	0.0	930577	2763.4850588172153	3	1.85
12854.504094889084	1850	25.848367015907346	0.0	858450	2702.6423607647835	3	1.85
12858.785956172163	1850	25.56650573282798	0.0	1025005	4281.861283079364	3	1.85
12867.99025090356	1850	20.36221100143135	0.0	886255	9204.294731396629	3	1.85
12879.681413135324	750	12.671048769666706	0.0	973972	11691.162231764645	1	1.85
12880.995055106923	1850	15.357406798067908	0.0	398987	1313.641971598797	3	-0.3500000000000001
12888.818070608124	750	11.53439129686703	0.0	982064	7823.015501200878	1	0.75
12889.714586122771	1850	14.637875782220114	0.0	331053	896.5155146469176	3	-0.3500000000000001
12891.803607129053	1850	16.548854775938	0.0	846370	2089.0210062821097	3	0.75

