57683.63198127755	750	4.0	1.0418162142501826	450283	1041.8162142501826	1	-3.7298097212757853
57684.468266345335	750	7.163714932207453	0.0	398865	836.2850677925477	1	0.75
57685.1083134864	1850	10.523667791140863	0.0	350812	640.0471410665901	3	0.75
57686.52952811337	1850	13.102453164174694	0.0	933276	1421.214626966167	3	0.75
57688.025510536405	1850	15.606470741143069	0.0	996749	1495.9824230316262	3	1.85
57689.23736919399	1850	18.39461208355645	0.0	801058	1211.8586575866195	3	1.85
57690.594518660524	1850	21.03746261702021	0.0	905515	1357.149466536241	3	1.85
57692.238842410225	1850	23.393138867320346	0.0	1060487	1644.3237496998624	3	1.85
57695.54161397693	1850	24.09036730061115	0.0	852833	3302.7715667091966	3	1.85
57696.823863936566	1850	26.808117340975404	0.0	913888	1282.2499596357432	3	1.85
57698.35079476234	1850	29.281186515207423	0.0	939819	1526.9308257679793	3	1.85
57699.939835953825	1850	31.69214532372189	0.0	917428	1589.041191485535	3	1.85
57701.545332203794	1850	34.08664907375859	0.0	946851	1605.4962499632966	3	1.85
57725.77124209159	750	13.860739185957042	0.0	1036454	24225.90988780155	1	1.85
57726.31051418894	1850	17.32146708860813	0.0	337059	539.2720973489139	3	-0.3500000000000001
57727.64841331671	1850	19.983567960830506	0.0	923170	1337.8991277776202	3	0.75
57729.093618450686	1850	22.538362826858027	0.0	966699	1445.205133972483	3	1.85
57730.44893671042	1850	25.183044567130064	0.0	885714	1355.3182597279585	3	1.85
57731.99945056521	1850	27.63253071234459	0.0	987708	1550.5138547854763	3	1.85
57734.2697878874	1850	29.362193390144444	0.0	923755	2270.337322200147	3	1.85
57737.11787428904	1850	30.51410698850594	0.0	891604	2848.0864016385017	3	1.85
57738.56466388333	1850	33.06731739422139	0.0	955231	1446.7895942845514	3	1.85
57740.14027708797	4300	35.49170418957841	0.0	968026	1575.613204642982	5	1.85
57743.733781782634	4300	35.89819949491814	0.0	2044075	3593.5046946602642	5	1.8499999999999996
57747.37188671164	4300	36.260094565908524	0.0	2186790	3638.104929009609	5	4.3
57750.485849620665	4300	37.146131656886695	0.0	2105231	3113.962909021832	5	4.3
57756.375129726126	4300	35.256851551425875	0.0	2395588	5889.2801054608235	5	4.3
57759.793135036365	4300	35.83884624118818	0.0	1972048	3418.0053102377	5	4.3
57763.61906044658	4300	36.012920830971694	0.0	2134614	3825.92541021649	5	4.3
57770.004734629816	4300	33.6272466477347	0.0	2164140	6385.674183236988	5	4.3
57777.53522262758	4300	30.09675864997549	0.0	2113193	7530.487997759212	5	4.3
57781.72141331872	4300	29.91056795883447	0.0	2147852	4186.190691141023	5	4.3
57784.92477048827	4300	30.707210789287124	0.0	2191074	3203.357169547345	5	4.3
57788.290653382704	4300	31.341327894852174	0.0	2286761	3365.882894434951	5	4.3
57793.566960346594	4300	30.065020930965023	0.0	2307787	5276.306963887149	5	4.3
57797.15562638897	4300	30.476354888581554	0.0	2143948	3588.666042383469	5	4.3
57822.63739609603	300	8.994585181517923	0.0	1919781	25481.76970706363	0	4.3
57822.88637183045	1850	12.745609447108409	0.0	124011	248.97573440951336	3	-3.7
57824.22107354315	1850	15.41090773440603	0.0	908665	1334.7017127023785	3	0.30000000000000004
57825.62518176229	1850	18.006799515266394	0.0	930577	1404.108219139635	3	1.85
57826.96690013632	1850	20.665081141238346	0.0	858450	1341.7183740280486	3	1.85
57828.906763136016	1850	22.725218141544495	0.0	1025005	1939.8629996938496	3	1.85
57832.260738737976	1850	23.371242539584177	0.0	886255	3353.9756019603137	3	1.85
57833.728432475706	1850	25.903548801853297	0.0	973972	1467.6937377308818	3	1.85
57835.236864206585	1850	28.39511707098166	0.0	958994	1508.431730871639	3	1.85
57836.830102533146	1850	30.801878744418357	0.0	982064	1593.2383265632993	3	1.85
57838.18328366601	1850	33.4486976115549	0.0	830730	1353.1811328634622	3	1.85
57840.02021955762	4300	35.61176171993813	0.0	846370	1836.9358916167678	5	1.85

