45816.87198688279	750	4.0	2.194209032000371	450283	2194.2090320003713	-8.685098837601595
45821.40224812883	750	4.0	0.5302612460330083	398865	4530.261246033008	-1.5301233579419353
45821.77660628133	300	7.625641847489041	0.0	139857	374.3581525109594	-0.15000000000000002
45822.1221952521	300	11.280052876726193	0.0	155432	345.5889707628477	0.3
45824.104270263386	1200	13.297977865436588	0.0	652874	1982.075011289605	0.29999999999999993
45825.212053700314	1200	16.19019442851541	0.0	520315	1107.783436921175	1.2
45826.07516861225	1200	19.327079516575214	0.0	561791	863.1149119401978	1.2
45830.14308365311	4300	19.259164475722027	0.0	2290172	4067.915040853185	1.1999999999999997
45838.986911438675	4300	14.415336690154438	0.0	2055469	8843.82778556759	4.3
45840.03708223643	1200	17.365165892406424	0.0	560821	1050.1707977480141	-1.9000000000000001
45842.546533647685	2850	18.855714481143842	0.0	1354548	2509.451411262586	1.2000000000000002
45846.54999184638	2850	18.852256282450625	0.0	1519951	4003.458198693218	2.85
45850.27841020415	2850	19.1238379246806	0.0	1422919	3728.418357770022	2.85
45853.17113036071	2850	20.231117768120438	0.0	1578343	2892.7201565601617	2.85
45857.091843116075	4300	20.310405012754977	0.0	2005399	3920.7127553654605	2.8499999999999996
45873.058095194254	4300	8.344152934582846	0.0	2152483	15966.252078172132	4.3
45873.34711231175	300	12.055135817081666	0.0	143509	289.0171175011801	-3.7
45876.30857314872	750	13.093674980115638	0.0	372963	2961.4608369660273	0.3
45876.72568578553	300	16.67656234330676	0.0	165384	417.1126368088774	-0.15000000000000002
45879.7340932041	1200	17.66815492474566	0.0	586839	3008.4074185610993	0.29999999999999993
45881.25634234751	1200	20.145905781334104	0.0	601738	1522.2491434115584	1.2
45882.602414600326	1200	22.79983352851514	0.0	616206	1346.0722528189629	1.2
45884.328036593935	1850	25.07421153490272	0.0	968026	1725.621993612423	1.2000000000000002
45888.00294582289	4300	25.39930230594938	0.0	2044075	3674.9092289533396	1.8499999999999996
45893.119631341266	4300	24.282616787571186	0.0	2186790	5116.685518378192	4.3
45897.12043532765	4300	24.28181280118276	0.0	2105231	4000.8039863884273	4.3
45906.83057761576	4300	18.571670513072633	0.0	2395588	9710.14228811013	4.3
45909.26821543377	2850	20.134032695060743	0.0	1141971	2437.637818011893	1.4000000000000001
45911.90925554366	2850	21.492992585174825	0.0	1498470	2641.040109885914	2.85
45919.8766273659	2850	17.52562076292871	0.0	1561263	7967.371822246117	2.85
45921.391115908256	1200	20.01113222057257	0.0	570392	1514.4885423561386	-0.44999999999999996
45923.4558013165	1850	21.946446812332468	0.0	954453	2064.6854082401014	1.2000000000000002
45924.91650043339	1850	24.4857476954378	0.0	885062	1460.699116894669	1.85
45927.84979799133	2850	25.55245013750014	0.0	1587293	2933.2975579376593	1.85
45930.03313328716	2850	27.369114841675717	0.0	1492672	2183.3352958244254	2.85
45939.55152219795	4300	21.850725930873086	0.0	2143948	9518.388910802629	2.8499999999999996
45940.525063822446	1200	24.877184306381608	0.0	487812	973.5416244914779	-1.9000000000000001
45943.53596560771	1850	25.866282521122244	0.0	938587	3010.9017852593647	1.2000000000000002
45945.48332101524	1850	27.918927113588015	0.0	908665	1947.355407534229	1.85
45948.039232010226	1850	29.363016118607746	0.0	930577	2555.9109949802687	1.85
45949.63242323966	1850	31.769824889178057	0.0	858450	1593.1912294296899	1.85
45954.01319977607	4300	31.38904835276573	0.0	2184571	4380.776536412326	1.8499999999999996
45970.001478153456	4300	19.400769975385053	0.0	2121928	15988.278377380677	4.3
45971.006136650365	1200	22.396111478469066	0.0	634861	1004.6584969159893	-1.9000000000000001
45975.085842987355	1850	22.316405141476736	0.0	958994	4079.70633699233	1.2000000000000002
45979.145306142505	1850	22.256941986325497	0.0	982064	4059.463155151236	1.85
45980.78841059729	1850	24.613837531541563	0.0	830730	1643.104454783938	1.85
45983.618003867094	2850	25.78424426174188	0.0	1364537	2829.5932697996845	1.85

