55726.336329020065	750	4.0	3.377688248281955	450283	3377.688248281955	1	-13.774059467612407
55732.82741415646	300	4.0	2.491085136392628	398865	6491.085136392628	0	-9.9616660864883
55733.856940545746	300	6.970473610716721	0.0	139857	1029.5263892832793	0	-0.15000000000000002
55734.99206858263	300	9.83534557383044	0.0	155432	1135.1280368862817	0	0.3
55736.18048213387	750	12.646932022599598	0.0	163442	1188.4135512308412	1	0.3
55737.79532471547	750	15.032089440995202	0.0	318564	1614.8425816043973	1	0.3
55739.195694007794	750	17.63172014867354	0.0	352642	1400.3692923216613	1	0.75
55740.93134696155	750	19.896067194911062	0.0	437162	1735.6529537624785	1	0.75
55742.37212742059	1850	22.45528673587045	0.0	374758	1440.7804590406088	3	0.75
55745.73953172424	1850	23.08788243221538	0.0	913888	3367.4043036550734	3	0.75
55749.20786896026	1850	23.61954519620445	0.0	939819	3468.3372360109306	3	1.85
55754.32676689587	1850	22.500647260581534	0.0	917428	5118.897935622918	3	1.85
55757.98031763354	1850	22.847096522915994	0.0	946851	3653.550737665542	3	1.85
55762.05969881951	1850	22.767715336941222	0.0	1036454	4079.381185974769	3	1.85
55768.6575155264	1850	20.169898630054355	0.0	821631	6597.81670688687	3	1.85
55773.522424974304	1850	19.304989182144954	0.0	923170	4864.909447909401	3	1.85
55777.306037937415	1850	19.521376219033282	0.0	966699	3783.612963111672	3	1.85
55786.02546472358	1850	14.801949432873975	0.0	885714	8719.426786159307	3	1.85
55797.97557548529	300	6.851838671160951	0.0	987708	11950.110761713024	0	1.85
55799.950692636274	300	8.876721520178481	0.0	140881	1975.1171509824683	0	-1.25
55802.81961362978	300	10.00780052667325	0.0	157671	2868.920993505232	0	0.3
55803.63133356337	750	13.196080593089867	0.0	157812	811.7199335833825	1	0.3
55805.37827652703	300	15.449137629420797	0.0	401853	1746.9429636690704	0	0.3
55805.95116634374	750	18.876247812717708	0.0	137654	572.8898167030859	1	-0.15000000000000002
55811.09945254154	750	17.727961614917103	0.0	359903	5148.2861978006085	1	0.3
55812.694362593385	750	20.133051563075465	0.0	379700	1594.9100518416326	1	0.75
55814.47312455489	750	22.35428960157117	0.0	425781	1778.7619615042984	1	0.75
55815.62414682037	1850	25.203267336087272	0.0	277716	1151.0222654838979	3	0.75
55821.92245678095	1850	22.904957375510083	0.0	972798	6298.30996057719	3	0.75
55826.43431908702	1850	22.393095069434438	0.0	975811	4511.8623060756445	3	1.85
55830.539367890946	1850	22.288046265507433	0.0	873429	4105.048803927007	3	1.85
55842.992175835534	750	13.835238320916291	0.0	954453	12452.807944591143	1	1.85
55845.88171486249	750	14.945699293960699	0.0	369834	2889.539026955592	1	-0.3500000000000001
55847.531981702385	750	17.295432454062237	0.0	412837	1650.266839898462	1	0.75
55850.2530406076	750	18.57437354885864	0.0	401088	2721.0589052035943	1	0.75
55852.83924489841	750	19.988169258043477	0.0	365161	2586.204290815169	1	0.75
55858.101566184094	750	18.725847972354515	0.0	321064	5262.321285688963	1	0.75
55860.23289484044	750	20.594519316005528	0.0	361565	2131.3286563489837	1	0.75
55861.66267549667	1850	23.16473865977727	0.0	378327	1429.7806562282574	3	0.75
55865.68721489688	1850	23.140199259565627	0.0	930577	4024.5394002116436	3	0.75
55870.14926850127	1850	22.678145655172735	0.0	858450	4462.053604392892	3	1.85
55884.3847995298	750	12.44261462664755	0.0	1025005	14235.531028525185	1	1.85
55887.53018242684	750	13.297231729606453	0.0	372093	3145.382897041095	1	-0.3500000000000001
55889.4679266013	750	15.359487555149254	0.0	438281	1937.7441744571986	1	0.75
55895.5668050966	750	13.260609059849774	0.0	398987	6098.878495299481	1	0.75
55897.94344054862	750	14.883973607829205	0.0	393804	2376.635452020569	1	0.75
55903.004561172784	750	13.822852983658168	0.0	331053	5061.120624171037	1	0.75
55905.029624220464	750	15.797789935981434	0.0	314107	2025.063047676733	1	0.75

