74182.79237218897	750	4.0	2.3390132389740046	450283	2339.0132389740047	-9.307756927588219
74184.40408179701	750	6.388290391973504	0.0	398865	1611.7096080264964	0.75
74185.3310149287	750	9.461357260281094	0.0	350812	926.9331316924088	0.75
74186.87584870533	750	11.916523483658558	0.0	382355	1544.8337766225363	0.75
74189.76444479491	750	13.027927394070714	0.0	411561	2888.5960895878457	0.75
74190.71804660582	750	16.074325583157705	0.0	318564	953.6018109130091	0.75
74193.68408403629	1850	17.108288152690182	0.0	905515	2966.0374304675197	0.75
74196.5001257546	1850	18.292246434383365	0.0	1060487	2816.0417183068193	1.85
74198.70765658768	1850	20.0847156013051	0.0	852833	2207.5308330782623	1.85
74201.0708524647	1850	21.721519724277236	0.0	913888	2363.19587702786	1.85
74203.44034742421	1850	23.352024764780158	0.0	939819	2369.494959497077	1.85
74207.57770972706	1850	23.21466246192091	0.0	917428	4137.3623028592465	1.85
74210.3327878887	1850	24.459584300280138	0.0	946851	2755.078161640773	1.85
74212.71647541499	1850	26.075896773990184	0.0	1036454	2383.687526289952	1.85
74214.85831447282	1850	27.934057716159984	0.0	821631	2141.839057830203	1.85
74217.20739041199	1850	29.584981777000525	0.0	923170	2349.0759391594574	1.85
74219.7102552322	1850	31.082116956787704	0.0	966699	2502.864820212821	1.85
74222.10865528391	1850	32.68371690507246	0.0	885714	2398.400051715245	1.85
74228.69187942501	4300	30.100492763988317	0.0	2220726	6583.224141084142	1.8499999999999996
74234.98863536929	4300	27.803736819707172	0.0	2156729	6296.755944281143	4.3
74243.71064586402	4300	23.081726324970752	0.0	2039773	8722.010494736422	4.3
74251.70165253352	4300	19.090719655476846	0.0	2176469	7991.006669493907	4.3
74257.13153377811	4300	17.660838410869644	0.0	2221506	5429.8812446072	4.3
74265.41599379209	4300	13.376378396901904	0.0	2044075	8284.46001396774	4.3
74268.46128230303	1850	14.3310898859511	0.0	897976	3045.2885109508043	-0.6000000000000001
74270.97590131898	1850	15.816470870007784	0.0	905935	2514.619015943316	1.85
74273.88225900642	1850	16.91011318255713	0.0	1076599	2906.3576874506575	1.85
74275.97622118374	1850	18.816151005248578	0.0	758197	2093.96217730855	1.85
74280.18537304258	1850	18.606999146390038	0.0	972798	4209.151858858544	1.85
74283.03349411082	1850	19.75887807815558	0.0	975811	2848.121068234457	1.85
74285.38854801824	1850	21.4038241707434	0.0	873429	2355.0539074121793	1.85
74289.41171531264	1850	21.380656876332612	0.0	954453	4023.1672944107872	1.85
74293.1835897966	1850	21.60878239238569	0.0	885062	3771.8744839469177	1.85
74295.55077742311	1850	23.241594765866118	0.0	1035329	2367.187626519575	1.85
74298.37668973816	1850	24.41568245082909	0.0	1026056	2825.9123150370256	1.85
74300.7417431138	1850	26.050629075186258	0.0	943942	2365.053375642835	1.85
74302.71401842857	1850	28.078353760425987	0.0	728962	1972.275314760269	1.85
74305.65486568931	1850	29.137506499677684	0.0	938587	2940.8472607483004	1.85
74310.63371909402	1850	28.158653094961092	0.0	908665	4978.853404716591	1.85
74313.0623172776	1850	29.730054911392504	0.0	930577	2428.598183568589	1.85
74315.2731344621	1850	31.51923772687931	0.0	858450	2210.817184513196	1.85
74319.53023281912	1850	31.262139369873065	0.0	1025005	4257.098357006244	1.85
74321.81169548784	1850	32.980676701148326	0.0	886255	2281.462668724739	1.85
74327.37969169492	4300	31.412680494082014	0.0	2219102	5567.996207066309	1.8499999999999996
74334.98968866665	4300	27.80268352234469	0.0	2124950	7609.996971737324	4.3
74341.32959507899	4300	25.462777110005295	0.0	2246506	6339.906412339394	4.3
74347.00609920196	4300	23.78627298703239	0.0	1961140	5676.504122972909	4.3
74352.26921208162	4300	22.523160107369392	0.0	2155012	5263.112879662997	4.3

