43522.45943147887	750	4.0	1.273207070903595	450283	1273.207070903595	0.35366046127943207	-4.724790404885458
43522.82026933799	300	7.639162140879637	0.0	155580	360.83785912036313	0.4311631833180338	-0.15000000000000002
43524.01906208347	750	10.440369395411839	0.0	350812	1198.792745467797	0.29263774019845684	0.3
43525.80643337218	1200	12.65299810670412	0.0	617681	1787.3712887077206	0.34558068818851106	0.75
43527.81795648568	1850	14.64147499320928	0.0	996749	2011.5231134948383	0.49551953607345794	1.2000000000000002
43532.4881296627	2850	13.97130181618379	0.0	1224260	4670.173177025489	0.2621444545188689	1.85
43535.07862566485	2850	15.380805814028847	0.0	1388403	2590.4960021549437	0.5359602944166043	2.85
43538.65354493708	4300	15.805886541803371	0.0	2290172	3574.919272225476	0.6406220184587025	2.8499999999999996
43542.24189579134	4300	16.217535687550953	0.0	2055469	3588.3508542524196	0.5728171752113206	4.3
43547.63765826905	4300	14.82177320984025	0.0	2169201	5395.762477710701	0.4020193640770382	4.3
43552.42528669455	2850	14.034144784334156	0.0	1354548	4787.628425506094	0.2829267185363937	1.4000000000000001
43555.75758014437	2850	14.701851334519448	0.0	1519951	3332.293449814707	0.45612759587080104	2.85
43559.63603246869	2850	14.823399010193548	0.0	1422919	3878.452324325901	0.3668780433564598	2.85
43564.07058248975	2850	14.388848989137331	0.0	1578343	4434.550021056214	0.3559195391878955	2.85
43569.01183512585	2850	13.447596353041023	0.0	1231445	4941.252636096308	0.24921717035963314	2.85
43572.187860921746	2850	14.27157055714072	0.0	1471065	3176.025795900303	0.4631779130695	2.85
43575.12621713237	2850	15.33321434651972	0.0	1491626	2938.356210621	0.5076396097274931	2.85
43578.36862898937	4300	16.090802489521224	0.0	2059512	3242.411856998495	0.6351790243903479	2.8499999999999996
43581.56764292525	4300	16.891788553645508	0.0	2220726	3199.0139358757147	0.6941907864468515	4.3
43584.41748205506	4300	18.04194942383138	0.0	2156729	2849.839129814127	0.7567897350545071	4.3
43586.60122415479	4300	19.858207324105997	0.0	2039773	2183.742099725381	0.9340722973910307	4.3
43589.06984183862	4300	21.389589640274504	0.0	2176469	2468.6176838314914	0.8816549497538828	4.3
43594.58366484109	4300	19.875766637795785	0.0	2221506	5513.823002478722	0.4028975901114941	4.3
43599.56259603729	4300	18.896835441601638	0.0	2044075	4978.931196194145	0.4105449381510784	4.3
43602.044407134286	4300	20.415024344603214	0.0	2186790	2481.811096998424	0.8811266911670952	4.3
43605.15857559215	4300	21.300855886748117	0.0	2105231	3114.1684578550953	0.6760170583225263	4.3
43610.64211709182	4300	19.817314387075584	0.0	2395588	5483.541499672535	0.4368687644915351	4.3
43615.96866794854	4300	18.49076353035981	0.0	1972048	5326.550856715775	0.3702298265891181	4.3
43620.04425463626	4300	18.41517684263759	0.0	2134614	4075.5866877222225	0.523756249972688	4.3
43626.780938762575	4300	15.678492716317592	0.0	2164140	6736.684126319996	0.3212470644934618	4.3
43629.16588968819	4300	17.293541790701333	0.0	2113193	2384.95092561626	0.8860530324974971	4.3
43644.58847509941	4300	5.870956379491126	0.0	2147852	15422.585411210206	0.13926666267244608	4.3
43644.79912249929	300	9.660308979610447	0.0	143881	210.64739988067882	0.6830418988390142	-3.7
43645.4876157085	1200	12.971815770398395	0.0	670129	688.4932092120532	0.9733269566549971	0.29999999999999993
43650.60135238832	1850	11.858079090572682	0.0	1026056	5113.736679825712	0.20064701494074005	1.2000000000000002
43656.342265005456	1850	10.117166473440315	0.0	943942	5740.912617132368	0.16442368364622603	1.85
43657.68786374891	1200	12.771567729979274	0.0	487812	1345.5987434610397	0.3625241197426282	0.5499999999999999
43662.19057385364	1850	12.268857625264129	0.0	938587	4502.710104715146	0.20844935120676117	1.2000000000000002
43663.17157813233	1850	15.287853346568419	0.0	908665	981.0042786957107	0.9262599763663732	1.85
43667.518797581586	4300	14.940633897316392	0.0	2146120	4347.219449252026	0.49367648103646056	1.8499999999999996
43671.8056148881	2850	14.653816590797152	0.0	1339500	4286.817306519238	0.312469579229079	1.4000000000000001
43708.914390842554	2850	4.0	22.454959363654414	1527299	37108.775954451565	0.041157353232956356	-93.70632526371398
43710.01385015212	300	6.900540690439541	0.0	145210	1099.4593095604587	0.1320740101405408	-2.25
43712.450457138766	300	8.463933703789513	0.0	172312	2436.6069866500275	0.07071801112944497	0.3
43713.04201345253	750	11.872377390027468	0.0	398987	591.5563137620447	0.6744700220721398	0.3
43713.98976793731	1850	14.924622905246311	0.0	982064	947.754484781157	1.036200847128426	0.75
43728.51018933418	2850	4.404201508378141	0.0	1231456	14520.42139686817	0.08480855798479828	1.85
43732.57432266853	300	4.340068174027316	0.0	118421	4064.1333343508245	0.029138069609843577	-2.25

