18204.54963141309	750	4.0	1.809513019019925	450283	1809.513019019925	-7.0309059817856765
18208.317469829504	1200	4.2321615835882245	0.0	611087	3767.838416411775	0.75
18214.548632390135	750	4.0	1.9990009770437718	350812	6231.162560631997	-8.295704201288217
18219.28418243791	300	4.0	0.7355500477782616	155432	4735.550047778262	-3.312865205446525
18222.01209665876	300	5.27208577915289	0.0	163442	2727.9142208471094	0.3
18223.910238867466	300	7.373943570445179	0.0	126289	1898.1422087077115	0.3
18225.663570622262	300	9.620611815649754	0.0	153295	1753.331754795425	0.3
18228.156090984405	300	11.128091453507936	0.0	173849	2492.5203621418163	0.3
18229.78307459492	300	13.501107842988873	0.0	150710	1626.983610519064	0.3
18231.08230834589	300	16.20187409202529	0.0	139105	1299.2337509635852	0.3
18236.73710538972	750	14.547077048194833	0.0	353220	5654.797043830455	0.3
18247.60811731063	750	7.676065127282998	0.0	405134	10871.011920911835	0.75
18249.458357968986	300	9.825824468927033	0.0	160746	1850.240658355965	-0.15000000000000002
18250.095295576688	300	13.188886861224667	0.0	179801	636.9376077023655	0.3
18251.104401870525	1850	16.179780567385432	0.0	821631	1009.1062938392328	0.30000000000000004
18257.5210582451	4300	13.763124192811203	0.0	2152483	6416.656374574229	1.8499999999999996
18281.875573431676	1850	4.0	10.591390993768014	966699	24354.515186579218	-46.14298127320246
18286.979483134928	300	4.0	1.1039097032528224	150616	5103.9097032528225	-5.996811723987136
18290.350897977416	300	4.628585157512713	0.0	165384	3371.4148424872865	0.3
18290.70539183972	300	8.274091295209288	0.0	140881	354.4938623034247	0.3
18291.09259949557	300	11.886883639363266	0.0	157671	387.20765584602094	0.3
18291.480081877136	300	15.499401257794226	0.0	157812	387.4823815690409	0.3
18293.910051775503	2850	17.06943135942581	0.0	1505760	2429.9698983684166	0.30000000000000027
18302.430497219902	4300	12.54898591502772	0.0	2044075	8520.44544439809	2.8499999999999996
18304.77635037586	1200	14.203132759070165	0.0	587236	2345.8531559575536	-1.9000000000000001
18305.577484909474	1200	17.401998225456612	0.0	590335	801.1345336135533	1.2
18306.930166766848	1850	20.04931636808175	0.0	1076599	1352.681857374859	1.2000000000000002
18313.91682146388	4300	17.062661671045895	0.0	1972048	6986.654697035859	1.8499999999999996
18315.690834944726	1200	19.288648190203038	0.0	622896	1774.0134808428552	-1.9000000000000001
18316.51278396642	1200	22.46669916851011	0.0	641447	821.9490216929293	1.2
18323.472081049098	2850	19.507402085827707	0.0	1341201	6959.297082682402	1.2000000000000002
18324.89397875689	1850	22.085504378036646	0.0	954453	1421.8977077910586	0.8500000000000001
18326.471408620524	1850	24.508074514400736	0.0	885062	1577.4298636359142	1.85
18330.642968791963	1850	24.33651434296368	0.0	1035329	4171.560171437052	1.85
18333.95759234525	1200	25.021890789675652	0.0	690253	3314.623553288028	0.5499999999999999
18334.812601203583	1200	28.16688193134008	0.0	598727	855.0088583355752	1.2
18351.15021670412	4300	15.829266430799048	0.0	1919781	16337.61550054103	1.1999999999999997
18353.259713696454	300	17.7197694384673	0.0	124011	2109.496992331752	-3.7
18358.277925755046	300	16.701557379876366	0.0	144254	5018.212058590932	0.3
18358.554994060014	300	20.424489074908855	0.0	149991	277.06830496750814	0.3
18359.37983081928	1200	23.599652315641297	0.0	566904	824.8367592675577	0.29999999999999993
18360.30261377531	1200	26.676869359610482	0.0	641452	922.7829560308154	1.2
18373.38259848691	4300	17.596884648012356	0.0	2121928	13079.984711598125	1.1999999999999997
18381.3753997771	1200	13.604083357824832	0.0	634861	7992.8012901875245	-1.9000000000000001
18385.222675887322	300	13.756807247599122	0.0	167025	3847.276110225711	-0.6000000000000001
18388.48408635563	300	14.495396779291603	0.0	160064	3261.4104683075184	0.3
18390.963991928526	300	16.01549120639838	0.0	137507	2479.9055728932226	0.3
18392.253335411802	300	18.726147723121304	0.0	118421	1289.3434832770765	0.3

