18447.53089719235	750	4.0	3.0783874561015443	450283	3078.387456101544	-12.48706606123664
18459.617063788082	1850	4.0	8.08616659573256	957685	12086.16659573256	-34.02051636165001
18462.866163175524	750	4.750900612559085	0.0	350812	3249.099387440915	-0.3500000000000001
18466.291942221695	300	5.325121566390078	0.0	155432	3425.7790461690065	-0.15000000000000002
18467.55380370975	300	8.063260078332997	0.0	163442	1261.861488057082	0.3
18468.365897011223	300	11.251166776856419	0.0	126289	812.0933014765784	0.3
18476.015598622576	750	7.601465165505809	0.0	352642	7649.701611350609	0.3
18479.010137841065	300	8.606925947016958	0.0	173849	2994.5392184888515	-0.15000000000000002
18482.988459879056	300	8.628603909024045	0.0	150710	3978.322037992914	0.3
18485.363058236682	300	10.254005551397608	0.0	139105	2374.5983576264375	0.3
18485.95297927738	300	13.664084510697082	0.0	141840	589.9210407005266	0.3
18487.55663151666	750	16.060432271416133	0.0	405134	1603.652239280949	0.3
18490.667993577677	1850	16.949070210400386	0.0	946851	3111.362061015747	0.75
18493.558075627338	1850	18.058988160741205	0.0	1036454	2890.0820496591814	1.85
18498.488856468797	1850	17.128207319280847	0.0	821631	4930.780841460359	1.85
18506.21585645966	1850	13.401207328415042	0.0	923170	7726.999990865804	1.85
18511.705283874864	1850	11.911779913209914	0.0	966699	5489.427415205129	1.85
18518.264892486823	1850	9.35217130125545	0.0	885714	6559.6086119544625	1.85
18519.449929019403	750	12.167134768672787	0.0	405596	1185.036532582663	-0.3500000000000001
18522.04667726681	1850	13.570386521264284	0.0	923755	2596.7482474085	0.75
18538.339164963174	1850	4.0	2.722101175100046	891604	16292.487696364331	-9.855035052930198
18538.945294054367	300	7.393870908807225	0.0	157812	606.1290911927753	-1.25
18539.571809931054	300	10.767355032118772	0.0	163927	626.5158766884526	0.3
18540.527780666333	750	13.81138429684088	0.0	343800	955.9707352778938	0.3
18542.992517888597	1850	15.346647074574314	0.0	897976	2464.737222266565	0.75
18548.64269926828	1850	13.696465694893796	0.0	905935	5650.181379680519	1.85
18565.815744316264	1850	4.0	3.476579353094545	1076599	17173.04504798834	-13.099291218306542
18571.27855237932	300	4.0	1.4628080630558924	111155	5462.8080630558925	-7.540074671140337
18573.07746093881	300	6.2010914405113455	0.0	153605	1798.9085594886546	0.3
18574.542832781146	300	8.73571959817583	0.0	149029	1465.371842335516	0.3
18575.81319506304	300	11.465357316283903	0.0	157421	1270.3622818919264	0.3
18577.235667701425	300	14.042884677902137	0.0	157488	1422.4726383817672	0.3
18579.862396475957	750	15.416155903368951	0.0	369834	2626.728774533185	0.3
18584.967293184054	750	14.31125919527193	0.0	412837	5104.896708097022	0.75
18589.256936840342	750	14.021615538983209	0.0	401088	4289.643656288722	0.75
18590.853444863427	750	16.42510751589708	0.0	365161	1596.5080230861302	0.75
18595.261712180753	750	16.01684019857294	0.0	321064	4408.267317324138	0.75
18596.03435117334	750	19.244201205985146	0.0	361565	772.6389925877963	0.75
18598.111325738715	1850	21.16722664060832	0.0	908665	2076.974565376826	0.75
18600.70470668296	1850	22.57384569636588	0.0	930577	2593.3809442424376	1.85
18603.091818875833	1850	24.186733503490913	0.0	858450	2387.1121928749653	1.85
18612.85428592964	1850	18.42426644968732	0.0	1025005	9762.467053803592	1.85
18615.09424028663	1850	20.18431209269599	0.0	886255	2239.9543569913317	1.85
18622.545740496924	1850	16.732811882401734	0.0	973972	7451.500210294256	1.85
18643.93899649357	1850	4.0	4.660444114247875	958994	21393.25599664961	-18.18990969126586
18647.920560416096	300	4.018436077475813	0.0	160064	3981.563922524187	-1.25
18652.34203007215	300	4.0	0.4030335785787697	137507	4421.469656054583	-1.4330443878887096
18652.981143385507	300	7.360886686642728	0.0	118421	639.1133133572723	0.3

