45932.29655569728	300	4.0	4.469450504952442	181801	4469.450504952441	-18.918637171295497
45933.13919059259	300	7.157365104686058	0.0	155580	842.634895313942	0.3
45933.80346605014	300	10.493089647137081	0.0	139857	664.2754575489765	0.3
45934.4263158799	300	13.870239817373566	0.0	155432	622.8498297635165	0.3
45936.55553011703	750	15.741025580240807	0.0	411561	2129.2142371327595	0.3
45937.31576942299	750	18.980786274288867	0.0	318564	760.2393059519399	0.75
45944.88367490922	1200	15.412880788055041	0.0	561791	7567.905486233827	0.75
45945.80467765506	750	18.491878042210278	0.0	437162	921.0027458447623	0.3
45949.08117919311	1200	19.21537650416251	0.0	584846	3276.501538047772	0.75
45954.05141868003	1200	18.24513701724741	0.0	560821	4970.2394869150985	1.2
45959.04715208984	750	17.249403607431606	0.0	353220	4995.7334098158035	0.3
45961.769894537894	1200	18.526661159378154	0.0	594078	2722.7424480534546	0.75
45962.61652928509	750	21.68002641217976	0.0	386351	846.6347471983943	0.3
45966.443193811356	1850	21.853361885919206	0.0	1036454	3826.6645262605543	0.75
45968.361767709735	1200	23.934787987543366	0.0	526950	1918.5738983758406	0.5499999999999999
45981.85287481578	1850	14.443680881498384	0.0	923170	13491.107106044981	1.2000000000000002
45983.8994369558	750	16.39711874147683	0.0	360831	2046.5621400215514	-0.3500000000000001
45985.0469384743	750	19.24961722298059	0.0	372963	1147.5015184962451	0.75
45990.36239512392	1200	17.934160573355605	0.0	639204	5315.4566496249845	0.75
45991.00832330851	750	21.28823238876731	0.0	350713	645.9281845882971	0.3
45994.64895350892	1850	21.647602188360953	0.0	891604	3640.630200406355	0.75
45996.85246494298	1200	23.444090754297687	0.0	616206	2203.5114340632695	0.5499999999999999
46003.58266027891	1850	20.713895418370136	0.0	968026	6730.195335927549	1.2000000000000002
46009.707121790845	1200	18.58943390642718	0.0	536667	6124.461511942957	0.5499999999999999
46023.39724541028	750	8.899310287000292	0.0	359903	13690.123619426886	0.3
46028.58353009416	300	7.713025603120304	0.0	153938	5186.284683879987	-0.15000000000000002
46029.14595072117	300	11.150604976118494	0.0	181901	562.4206270018112	0.3
46029.520745498514	300	14.77581019877045	0.0	111155	374.79477734804277	0.3
46030.66263789806	750	17.633917799228847	0.0	400396	1141.8923995416037	0.3
46033.4248934576	750	18.871662239684877	0.0	400508	2762.25555954397	0.75
46034.481598589344	1200	21.814957107936248	0.0	570392	1056.7051317486296	0.75
46035.78987404652	1200	24.506681650763017	0.0	620283	1308.2754571732291	1.2
46038.0783399999	1850	26.218215697383947	0.0	885062	2288.4659533790677	1.2000000000000002
46041.96039725404	2850	26.336158443239217	0.0	1587293	3882.0572541447323	1.85
46049.64295832623	2850	22.653597371055593	0.0	1492672	7682.561072183624	2.85
46051.36545192575	1850	24.931103771532925	0.0	943942	1722.493599522666	0.8500000000000001
46052.772343145494	1850	27.524212551784316	0.0	728962	1406.8912197486109	1.85
46063.58859726764	4300	20.70795842963906	0.0	2147467	10816.254122145254	1.8499999999999996
46064.9739035132	1200	23.322652184082475	0.0	605884	1385.3062455565848	-1.9000000000000001
46067.38303627174	1850	24.91351942554329	0.0	930577	2409.132758539187	1.2000000000000002
46074.493471140675	1850	21.803084556614436	0.0	858450	7110.434868928849	1.85
46075.56943067184	1200	24.727125025447204	0.0	641452	1075.9595311672342	0.5499999999999999
46076.91628781586	1850	27.380267881425127	0.0	886255	1346.8571440220785	1.2000000000000002
46087.93357905301	4300	20.362976644279893	0.0	2219102	11017.291237145233	1.8499999999999996
46089.14618287323	1200	23.150372824058373	0.0	630203	1212.603820221521	-1.9000000000000001
46093.27383029665	1850	23.022725400634485	0.0	982064	4127.6474234238885	1.2000000000000002
46095.33883400314	1850	24.957721694148983	0.0	830730	2065.003706485504	1.85
46101.76104761642	1850	22.53550808086127	0.0	846370	6422.213613287713	1.85

