72361.89613848978	750	4.0	1.008258199544645	450283	1008.258199544645	1	-3.585510258041973
72362.4822984338	750	7.4138400559845685	0.0	398865	586.1599440154309	1	0.75
72363.01966475077	1850	10.876473739017126	0.0	350812	537.3663169674436	3	0.75
72364.6261210476	1850	13.270017442194865	0.0	933276	1606.4562968222594	3	0.75
72366.19187491745	1850	15.70426357232874	0.0	996749	1565.7538698661253	3	1.85
72368.02189019446	1850	17.874248295315113	0.0	801058	1830.0152770136278	3	1.85
72370.39065098925	1850	19.505487500528012	0.0	905515	2368.7607947871024	3	1.85
72372.13778564472	1850	21.758352845052098	0.0	1060487	1747.1346554759157	3	1.85
72373.69801610532	1850	24.19812238444798	0.0	852833	1560.230460604119	3	1.85
72375.9652722016	1850	25.93086628817375	0.0	913888	2267.256096274228	3	1.85
72378.31015455668	1850	27.585983933099016	0.0	939819	2344.8823550747375	3	1.85
72379.4289906123	1850	30.46714787747842	0.0	917428	1118.8360556205903	3	1.85
72380.58174337135	1850	33.314395118420286	0.0	946851	1152.7527590581371	3	1.85
72381.83623231106	4300	36.059906178703244	0.0	1036454	1254.4889397170482	5	1.85
72387.34785279327	4300	34.548285696498226	0.0	2005399	5511.620482205015	5	1.8499999999999996
72391.62205511861	4300	34.274083371172175	0.0	2152483	4274.202325326054	5	4.3
72395.16626249017	4300	34.72987599961662	0.0	2289689	3544.2073715555566	5	4.3
72397.72193697059	4300	36.17420151918914	0.0	2059512	2555.674480427483	5	4.3
72401.77865819287	4300	36.1174802969046	0.0	2220726	4056.7212222845446	5	4.3
72408.75211971988	4300	33.144018769898075	0.0	2156729	6973.461527006527	5	4.3
72417.47830322647	4300	28.41783526329767	0.0	2039773	8726.183506600408	5	4.3
72420.40252147533	4300	29.493617014431482	0.0	2176469	2924.2182488661842	5	4.3
72424.30834574069	4300	29.587792749071127	0.0	2221506	3905.824265360355	5	4.3
72428.80807734725	4300	29.088061142517585	0.0	2044075	4499.731606553542	5	4.3
72435.95954073756	4300	25.93659775221773	0.0	2186790	7151.463390299857	5	4.3
72438.43738757438	4300	27.458750915390645	0.0	2105231	2477.846836827081	5	4.3
72441.60477582709	4300	28.291362662686236	0.0	2395588	3167.388252704411	5	4.3
72444.14171378776	4300	29.754424702007547	0.0	1972048	2536.937960678686	5	4.3
72447.73688221801	4300	30.159256271755403	0.0	2134614	3595.1684302521476	5	4.3
72453.83109965196	4300	28.065038837812665	0.0	2164140	6094.217433942738	5	4.3
72457.01028980773	4300	28.885848682036634	0.0	2113193	3179.190155776033	5	4.3
72461.31428437334	4300	28.58185411642804	0.0	2147852	4303.994565608593	5	4.3
72463.83747143431	4300	30.05866705545541	0.0	2191074	2523.187060972634	5	4.3
72468.69668829866	4300	29.19945019110399	0.0	2286761	4859.21686435142	5	4.3
72472.45825326422	4300	29.437885225539627	0.0	2307787	3761.5649655643606	5	4.3
72477.63561181926	4300	28.26052667049066	0.0	2143948	5177.358555048966	5	4.3
72483.41497780176	4300	26.481160688005154	0.0	1919781	5779.365982485507	5	4.3
72486.83277246848	4300	27.063366021281638	0.0	2147467	3417.794666723517	5	4.3
72492.34543106366	4300	25.550707426113078	0.0	2133870	5512.658595168564	5	4.3
72498.23725963883	4300	23.658878850933387	0.0	2146120	5891.828575179691	5	4.3
72503.67925439944	4300	22.216884090324907	0.0	2108491	5441.994760608481	5	4.3
72508.16227639573	4300	21.733862094030734	0.0	2184571	4483.021996294173	5	4.3
72512.57024588384	4300	21.325892605914188	0.0	2121928	4407.969488116544	5	4.3
72517.6685788923	4300	20.22755959745118	0.0	2219102	5098.33300846301	5	4.3
72520.65175673255	4300	21.244381757204632	0.0	2124950	2983.177840246545	5	4.3
72523.99959134212	4300	21.896547147629892	0.0	2246506	3347.8346095747415	5	4.3
72527.52179427246	4300	22.37434421729674	0.0	1961140	3522.202930333152	5	4.3
72530.17732982291	4300	23.71880866684256	0.0	2155012	2655.5355504541785	5	4.3

