90129.02861727537	300	4.0	3.730779537670804	450283	3730.779537670804	0	-15.292352011984455
90132.86762063854	300	4.1609966368252795	0.0	155580	3839.00336317472	0	-0.15000000000000002
90134.2054294906	300	6.823187784777291	0.0	139857	1337.808852047989	0	0.3
90135.64967953165	300	9.378937743730399	0.0	155432	1444.2500410468924	0	0.3
90140.62718785238	300	8.401429422992054	0.0	163442	4977.508320738345	0	0.3
90141.47934645064	300	11.549270824737894	0.0	126289	852.1585982541612	0	0.3
90142.42231380701	750	14.606303468363226	0.0	153295	942.9673563746677	1	0.3
90146.10757582348	750	14.921041451880967	0.0	437162	3685.2620164822597	1	0.3
90147.77027767332	750	17.258339602049244	0.0	374758	1662.7018498317243	1	0.75
90150.8615140989	750	18.167103176467048	0.0	362795	3091.236425582194	1	0.75
90152.17666909746	1850	20.851948177903264	0.0	353220	1315.1549985637812	3	0.75
90154.96157995195	1850	22.067037323409693	0.0	917428	2784.910854493575	3	0.75
90159.96411023881	1850	21.064507036554097	0.0	946851	5002.5302868555955	3	1.85
90166.11373852966	1850	18.914878745688185	0.0	1036454	6149.628290865912	3	1.85
90167.61627297162	1850	21.412344303740774	0.0	821631	1502.5344419474104	3	1.85
90169.21353538077	1850	23.81508189459569	0.0	923170	1597.2624091450855	3	1.85
90170.76319167684	4300	26.265425598522196	0.0	966699	1549.6562960734905	5	1.85
90183.7518236114	1850	17.27679366396425	0.0	2059512	12988.631934557945	3	1.8499999999999996
90187.64447584863	1850	17.38414142672353	0.0	987708	3892.6522372407208	3	-0.6000000000000001
90193.24074118503	1850	15.787876090326863	0.0	923755	5596.265336396667	3	1.85
90206.10858845765	300	6.9200288177074905	0.0	891604	12867.847272619372	0	1.85
90208.91141716148	300	8.117200113878623	0.0	157812	2802.8287038288695	0	-1.25
90212.22742162763	300	8.80119564773406	0.0	163927	3316.0044661445604	0	0.3
90213.16077922913	750	11.867838046231569	0.0	137654	933.357601502492	1	0.3
90226.11428025206	300	4.0	1.0856629767021513	359903	12953.50102293372	0	-4.36835079981925
90227.32682420376	300	6.787456048309947	0.0	153938	1212.5439516900533	0	-0.15000000000000002
90228.70943034609	300	9.404849905977173	0.0	181901	1382.606142332774	0	0.3
90229.57906742064	750	12.535212831431398	0.0	111155	869.6370745457749	1	0.3
90233.2341352868	750	12.88014496527669	0.0	400396	3655.067866154707	1	0.3
90240.91507308852	300	9.199207163563635	0.0	400508	7680.937801713056	0	0.75
90246.1462994212	300	7.967980830867793	0.0	157421	5231.226332695842	0	-0.15000000000000002
90247.1892155368	750	10.925064715276955	0.0	157488	1042.9161155908382	1	0.3
90249.34675245734	750	12.767527794749292	0.0	369834	2157.5369205276625	1	0.3
90252.78791225614	750	13.326367995947642	0.0	412837	3441.159798801651	1	0.75
90255.61570445495	750	14.498575797144314	0.0	401088	2827.792198803327	1	0.75
90257.56353204497	750	16.550748207130678	0.0	365161	1947.8275900136368	1	0.75
90258.7382253826	1850	19.37605486948436	0.0	321064	1174.6933376463164	3	0.75
90261.56229594655	1850	20.55198430554092	0.0	938587	2824.070563943442	3	0.75
90266.45182952652	1850	19.662450725585973	0.0	908665	4889.5335799549475	3	1.85
90272.30575326344	1850	17.808526988655377	0.0	930577	5853.923736930595	3	1.85
90273.87179952206	1850	20.242480730020567	0.0	858450	1566.046258634808	3	1.85
90275.61985093073	1850	22.494429321350452	0.0	1025005	1748.0514086701144	3	1.85
90279.67370751746	1850	22.44057273462662	0.0	886255	4053.856586723833	3	1.85
90285.05282462563	1850	21.061455626464177	0.0	973972	5379.117108162445	3	1.85
90289.72127160682	1850	20.393008645271422	0.0	958994	4668.4469811927565	3	1.85
90293.5921374363	1850	20.52214281578176	0.0	982064	3870.865829489658	3	1.85
90296.77041328054	1850	21.34386697154456	0.0	830730	3178.2758442372	3	1.85
90310.56192093565	750	11.552359316429763	0.0	846370	13791.507655114798	1	1.85

