84590.98031926449	300	4.0	1.535337115242924	181801	1535.337115242924	-6.301949595544573
84591.48709191431	300	7.493227350174294	0.0	155580	506.7726498257059	0.3
84592.85494119402	300	10.125378070469578	0.0	139857	1367.8492797047145	0.3
84593.87365519762	300	13.106664066866015	0.0	155432	1018.7140036035631	0.3
84595.44112136893	750	15.539197895550355	0.0	411561	1567.466171315661	0.3
84604.30825410805	750	10.67206515642301	0.0	318564	8867.132739127344	0.75
84604.90371436405	300	14.076604900423748	0.0	153295	595.4602559992616	-0.15000000000000002
84606.76975748557	750	16.210561778903596	0.0	437162	1866.0431215201522	0.3
84608.97153868986	750	18.00878057461106	0.0	374758	2201.7812042925366	0.75
84629.4137030212	1200	4.0	2.4333837567218652	560821	20442.164331332926	-9.71355015390402
84632.64105649677	300	4.772646524421941	0.0	141840	3227.353475578058	-0.6000000000000001
84633.45624352722	300	7.957459493965258	0.0	156148	815.187030456684	0.3
84634.52877763598	300	10.884925385202813	0.0	160746	1072.5341087624447	0.3
84640.73105062377	300	8.682652397404333	0.0	179801	6202.27298779848	0.3
84641.58344509504	300	11.830257926148485	0.0	140051	852.3944712558456	0.3
84642.42625433241	300	14.987448688779171	0.0	138313	842.8092373693138	0.3
84645.79116845012	750	15.62253457106839	0.0	360831	3364.914117710781	0.3
84648.09601780464	750	17.317685216547297	0.0	372963	2304.8493545210954	0.75
84651.66393277512	750	17.74977024605743	0.0	405596	3567.9149704898673	0.75
84653.90910710894	750	19.50459591225046	0.0	350713	2245.1743338069728	0.75
84657.61989519074	1200	19.793807830446813	0.0	601738	3710.7880818036406	0.75
84660.69772080232	1200	20.71598221886922	0.0	616206	3077.8256115775916	1.2
84664.25435930399	1200	21.159343717214206	0.0	656471	3556.6385016550157	1.2
84666.89303446302	1200	22.52066855817235	0.0	536667	2638.675159041858	1.2
84670.8798621927	1850	22.53384082848234	0.0	897976	3986.827729690009	1.2000000000000002
84673.84938996004	1850	23.564313061129788	0.0	905935	2969.5277673525543	1.85
84677.53962767943	1850	23.874075341742603	0.0	1076599	3690.2377193871857	1.85
84679.8565455519	1850	25.557157469279712	0.0	758197	2316.9178724628896	1.85
84684.50430901739	2850	24.909394003779703	0.0	1498470	4647.763465500008	1.85
84689.48390336867	1850	23.929799652497692	0.0	975811	4979.59435128201	0.8500000000000001
84702.11778896618	1850	15.295914054988694	0.0	873429	12633.885597508997	1.85
84705.99908225963	750	15.414620761538592	0.0	400322	3881.2932934501027	-0.3500000000000001
84707.30337892946	750	18.110324091707117	0.0	369834	1304.2966698314735	0.75
84709.07186551459	750	20.34183750656322	0.0	412837	1768.4865851438951	0.75
84711.20730469721	1200	22.206398323947585	0.0	690253	2135.439182615635	0.75
84712.92042477083	1200	24.493278250309373	0.0	598727	1713.1200736382125	1.2
84721.73743174384	1850	19.676271277315625	0.0	728962	8817.006972993748	1.2000000000000002
84725.67044477211	1200	19.74325824904149	0.0	575591	3933.013028274133	0.5499999999999999
84744.63653023836	1200	4.777172782786689	0.0	605884	18966.0854662548	1.2
84745.08504079837	300	8.328662222782407	0.0	149991	448.51056000428235	-0.6000000000000001
84745.52858108106	300	11.885121940080687	0.0	147968	443.5402827017198	0.3
84746.00624503232	300	15.407457988839525	0.0	161857	477.66395124116207	0.3
84755.16337558631	750	10.250327434828005	0.0	372093	9157.13055401152	0.3
84761.96890870667	300	7.4447943144826745	0.0	172312	6805.533120345331	-0.15000000000000002
84786.66442324208	300	4.0	17.2507202209255	167025	24695.514535408176	-73.87809694997965
84791.62842679875	300	4.0	0.9640035566702773	160064	4964.003556670277	-3.845215293682192
84793.35052128436	300	6.2779055143873315	0.0	137507	1722.094485612669	0.3
84796.68539356881	300	6.943033229925116	0.0	118421	3334.8722844622152	0.3

