11492.630326414768	300	4.0	3.8810613323735836	450283	3881.061332373584	0	-15.938563729206408
11493.129634758136	750	7.5006916566317985	0.0	155580	499.3083433682011	1	-0.15000000000000002
11494.155118744211	750	10.47520767055592	0.0	350812	1025.4839860758798	1	0.3
11497.448595458034	750	11.181730956732265	0.0	382355	3293.4767138236552	1	0.75
11498.975398622235	750	13.65492779253111	0.0	411561	1526.803164201153	1	0.75
11499.819336488315	1850	16.81098992645117	0.0	318564	843.9378660799397	3	0.75
11503.285745197532	1850	17.344581217234673	0.0	905515	3466.4087092164955	3	0.75
11504.88604723529	1850	19.744279179477232	0.0	1060487	1600.3020377574437	3	1.85
11506.18716064193	1850	22.443165772837773	0.0	852833	1301.1134066394595	3	1.85
11509.37502173083	1850	23.255304683938014	0.0	913888	3187.861088899758	3	1.85
11510.786581717522	1850	25.843744697243427	0.0	939819	1411.5599866945872	3	1.85
11512.160926568302	1850	28.469399846465222	0.0	917428	1374.344850778205	3	1.85
11513.579887498518	4300	31.05043891624855	0.0	946851	1418.960930216673	5	1.85
11517.041259965476	4300	31.58906644929071	0.0	2275376	3461.37246695784	5	1.8499999999999996
11520.043635823416	4300	32.586690591350674	0.0	2005399	3002.3758579400387	5	4.3
11546.419886104888	300	10.210440309878926	0.0	2152483	26376.250281471745	0	4.3
11547.048380359232	1850	13.581946055533392	0.0	143509	628.4942543455351	3	-3.7
11554.621068790108	1850	10.009257624658478	0.0	885714	7572.688430874914	3	0.30000000000000004
11560.358351846102	1850	8.271974568663852	0.0	987708	5737.283055994625	3	1.85
11562.614427578248	1850	10.015898836517918	0.0	923755	2256.075732145936	3	1.85
11563.893764962784	1850	12.736561451980924	0.0	891604	1279.3373845369924	3	1.85
11567.497098322314	1850	13.13322809245273	0.0	955231	3603.333359528193	3	1.85
11575.322220558548	1850	9.308105856218157	0.0	968026	7825.122236234575	3	1.85
11576.701985818327	1850	11.928340596439353	0.0	874175	1379.765259778803	3	1.85
11577.977395833705	1850	14.65293058106185	0.0	897976	1275.4100153775041	3	1.85
11583.046630276644	1850	13.583696138123475	0.0	905935	5069.234442938373	3	1.85
11584.573948263838	4300	16.05637815092678	0.0	1076599	1527.3179871966988	5	1.85
11589.273864298171	4300	15.356462116595992	0.0	1972048	4699.916034330785	5	1.8499999999999996
11595.693857576522	4300	12.936468838245148	0.0	2134614	6419.993278350845	5	4.3
11600.596945300445	4300	12.033381114321603	0.0	2164140	4903.087723923545	5	4.3
11611.458072934603	1850	5.172253480162474	0.0	2113193	10861.12763415913	3	4.3
11612.809787645701	1850	7.820538769064698	0.0	954453	1351.7147110977744	3	-0.6000000000000001
11616.698928706219	1850	7.931397708546001	0.0	885062	3889.141060518697	3	1.85
11621.214065099824	1850	7.416261314942101	0.0	1035329	4515.1363936039	3	1.85
11626.647291941195	1850	5.983034473570255	0.0	1026056	5433.226841371847	3	1.85
11629.211282476663	1850	7.419043938102522	0.0	943942	2563.9905354677326	3	1.85
11630.795114479155	1850	9.8352119356109	0.0	728962	1583.8320024916225	3	1.85
11632.626538157216	1850	12.003788257549251	0.0	938587	1831.4236780616475	3	1.85
11634.236211171834	1850	14.394115242930475	0.0	908665	1609.6730146187756	3	1.85
11635.75829368591	1850	16.87203272885332	0.0	930577	1522.082514077156	3	1.85
11638.730347283783	1850	17.89997913098148	0.0	858450	2972.0535978718367	3	1.85
11640.513093797119	1850	20.117232617644877	0.0	1025005	1782.7465133366038	3	1.85
11641.806514721606	1850	22.823811693157694	0.0	886255	1293.42092448718	3	1.85
11643.188096913838	4300	25.442229500924675	0.0	973972	1381.5821922330222	5	1.85
11648.658205637203	4300	23.9721207775599	0.0	2124950	5470.108723364774	5	1.8499999999999996
11656.757340393102	4300	19.872986021661397	0.0	2246506	8099.134755898504	5	4.3
11660.957195806857	4300	19.673130607905264	0.0	1961140	4199.855413756132	5	4.3
11667.09256997332	4300	17.53775644144303	0.0	2155012	6135.374166462231	5	4.3

