89378.74829070932	300	4.0	6.358944678817116	450283	6358.944678817115	0	-26.593462118913596
89379.79044732556	300	6.957843383756993	0.0	155580	1042.1566162430072	0	-0.15000000000000002
89380.57188008227	300	10.176410627053324	0.0	139857	781.4327567036709	0	0.3
89381.57173674721	750	13.176553962106821	0.0	155432	999.856664946501	1	0.3
89385.50025457615	750	13.248036133160657	0.0	411561	3928.517828946165	1	0.3
89389.49047162062	750	13.257819088689748	0.0	318564	3990.217044470908	1	0.75
89391.5882675819	750	15.160023127419233	0.0	352642	2097.7959612705154	1	0.75
89396.5495993352	750	14.198691374125895	0.0	437162	4961.331753293341	1	0.75
89399.5765735989	750	15.171717110433281	0.0	374758	3026.974263692613	1	0.75
89408.76066927338	300	9.98762143594438	0.0	362795	9184.0956744889	0	0.75
89411.00299410186	300	11.745296607466592	0.0	141840	2242.324828477787	0	-0.15000000000000002
89412.23159773939	750	14.516692969940403	0.0	156148	1228.6036375261897	1	0.3
89414.67066532087	750	16.077625388454305	0.0	386351	2439.0675814860997	1	0.3
89417.40317609218	750	17.345114617145843	0.0	434409	2732.510771308461	1	0.75
89419.44811455172	750	19.30017615760037	0.0	337059	2044.9384595454717	1	0.75
89423.34214883632	750	19.406141872994667	0.0	366214	3894.0342846057047	1	0.75
89427.35996197897	1850	19.388328730351574	0.0	360831	4017.8131426430896	3	0.75
89434.71881219777	1850	16.029478511565664	0.0	885714	7358.85021878591	3	0.75
89440.92460901536	1850	13.823681693967977	0.0	987708	6205.7968175976885	3	1.85
89448.71588916991	750	10.032401539427447	0.0	923755	7791.280154540532	1	1.85
89452.32614137922	750	10.422149330100366	0.0	386472	3610.25220932708	1	-0.3500000000000001
89456.53473650319	750	10.213554206125936	0.0	399894	4208.595123974431	1	0.75
89461.27040083657	300	9.477889872753494	0.0	401853	4735.664333372442	0	0.75
89462.89216603083	300	11.856124678505404	0.0	137654	1621.7651942480895	0	-0.15000000000000002
89467.22254305384	300	11.525747655498824	0.0	146754	4330.377023006579	0	0.3
89468.50875425244	750	14.239536456880414	0.0	153938	1286.2111986184102	1	0.3
89474.8531399995	750	11.895150709837884	0.0	425781	6344.38574704253	1	0.3
89477.47340537963	750	13.27488532970686	0.0	277716	2620.265380131024	1	0.75
89486.07557335673	300	8.672717352591986	0.0	400396	8602.167977114874	0	0.75
89487.74563230082	300	11.002658408493755	0.0	149029	1670.0589440982317	0	-0.15000000000000002
89490.42246577717	300	12.325824932149123	0.0	157421	2676.8334763446314	0	0.3
89493.92869934371	300	12.819591365609126	0.0	157488	3506.2335665399996	0	0.3
89495.39623231851	750	15.35205839081171	0.0	143881	1467.5329747974158	1	0.3
89501.77519385847	750	12.973096850846959	0.0	412837	6378.961539964751	1	0.3
89509.90291585923	300	8.84537485008837	0.0	401088	8127.72200075859	0	0.75
89511.43813149905	300	11.31015921027519	0.0	159914	1535.2156398131806	0	-0.15000000000000002
89514.95750580265	300	11.790784906680175	0.0	131610	3519.3743035950147	0	0.3
89516.53748448427	300	14.210806225050531	0.0	124011	1579.978681629643	0	0.3
89520.12153172254	300	14.626758986773446	0.0	144254	3584.0472382770863	0	0.3
89522.51390261897	750	16.234388090345377	0.0	149991	2392.370896428068	1	0.3
89526.35022590798	750	16.398064801333092	0.0	345516	3836.3232890122854	1	0.3
89531.47078331877	750	15.277507390541713	0.0	384505	5120.557410791383	1	0.75
89535.18193623476	750	15.566354474552659	0.0	372093	3711.1529159890524	1	0.75
89544.98389959952	300	9.764391109793399	0.0	438281	9801.96336475926	0	0.75
89546.93295293215	300	11.815337777170258	0.0	167025	1949.0533326231416	0	-0.15000000000000002
89549.79213579769	300	12.956154911620375	0.0	160064	2859.182865549884	0	0.3
89551.45356305111	750	15.294727658206988	0.0	137507	1661.4272534133863	1	0.3
89554.45045620075	750	16.297834508568325	0.0	314107	2996.8931496386635	1	0.3

