51070.30156630088	300	4.0	3.788444633901694	181801	3788.444633901694	-15.990311925777284
51075.78538562802	300	4.0	1.4838193271464415	155580	5483.8193271464415	-6.0804231067296985
51081.932380911436	300	4.0	2.1469952834081725	139857	6146.995283408172	-8.93207971865514
51087.60987079318	300	4.0	1.6774898817498425	155432	5677.489881749842	-6.913206491524322
51088.58599039715	300	7.023880396033524	0.0	163442	976.119603966476	0.3
51089.358407576736	300	10.251463216451029	0.0	126289	772.4171795824958	0.3
51090.27889322112	300	13.330977572063167	0.0	153295	920.485644387862	0.3
51091.25574795247	300	16.35412284071346	0.0	173849	976.8547313497106	0.3
51092.103440382416	300	19.506430410769017	0.0	150710	847.6924299444364	0.3
51092.89201881429	300	22.717851978897073	0.0	139105	788.5784318719449	0.3
51093.83087026051	300	25.779000532670402	0.0	141840	938.8514462266735	0.3
51094.97709959571	300	28.632771197476576	0.0	156148	1146.2293351938245	0.3
51096.15472557052	300	31.45514522266379	0.0	160746	1177.6259748127834	0.3
51097.45855504512	300	34.151315748065315	0.0	179801	1303.8294745984795	0.3
51099.11889109414	300	36.49097969904418	0.0	140051	1660.3360490211355	0.3
51102.80702133036	300	36.8028494628286	0.0	138313	3688.130236215582	0.3
51112.042924323476	300	31.566946469710164	0.0	143509	9235.902993118432	0.3
51113.121067705826	300	34.48880308736558	0.0	150616	1078.1433823445836	0.3
51114.19447500881	300	37.415395784379704	0.0	165384	1073.4073029858787	0.3
51118.757754618746	300	36.85211617444108	0.0	140881	4563.279609938629	0.3
51119.45100274794	300	40.15886804525023	0.0	157671	693.2481291908459	0.3
51120.144799284804	300	43.465071508386345	0.0	157812	693.796536863886	0.3
51127.066474947715	300	40.54339584547361	0.0	163927	6921.675662912734	0.3
51130.983742249	300	40.626128544181704	0.0	137654	3917.267301291915	0.3
51131.47577903151	300	44.13409176167099	0.0	146754	492.0367825107156	0.3
51131.98798611429	300	47.62188467889209	0.0	153938	512.2070827788989	0.3
51132.57870406935	300	51.03116672384159	0.0	181901	590.7179550505041	0.3
51132.97079061254	300	54.639080180647	0.0	111155	392.08654319458816	0.3
51133.482062741256	300	58.1278080519312	0.0	153605	511.27212871579974	0.3
51135.76985240051	300	59.6293838204909	0.0	149029	498.4242314402976	0.3
51138.612866722164	300	59.69005919237184	0.0	157421	1939.3246281190627	0.3
51142.78482904462	750	59.518096869922516	0.0	400322	4171.962322449321	0.3
51144.07494411779	750	59.955865460525956	0.0	369834	1062.2314093965615	0.75
51145.3645798095	750	59.86848945036355	0.0	412837	1087.3760101624102	0.75
51150.18588416372	750	59.04718509614423	0.0	401088	4821.3043542193145	0.75
51157.47052954959	1200	55.762539710274	0.0	598727	7284.645385870233	0.75
51168.467833847906	1200	48.765235411960184	0.0	487812	10997.304298313818	1.2
51171.79114212306	1200	49.441927136806676	0.0	575591	3323.3082751535044	1.2
51184.594396700275	1200	40.6386725595903	0.0	605884	12803.25457721638	1.2
51188.666123865885	1200	40.566945393980674	0.0	587506	4071.727165609618	1.2
51190.41787113098	1200	42.81519812888933	0.0	566904	1751.7472650913458	1.2
51201.34852310645	1200	35.884546153423	0.0	641452	10930.651975466322	1.2
51215.773402003775	750	25.4596672560984	0.0	372093	14424.878897324605	0.3
51223.64899094434	300	21.584078315529005	0.0	172312	7875.588940569397	-0.15000000000000002
51233.28495948471	300	15.94810977516965	0.0	167025	9635.968540359354	0.3
51235.98986580402	300	17.24320345585551	0.0	160064	2704.9063193141424	0.3
51239.17401842859	300	18.05905083128228	0.0	137507	3184.1526245732284	0.3
51241.08834243965	300	20.14472682021864	0.0	118421	1914.324011063643	0.3

