85359.75231992314	750	4.0	3.777186711794355	450283	3777.186711794355	-15.491902860715726
85360.49178365742	300	7.260536265710307	0.0	155580	739.4637342896929	-0.15000000000000002
85362.72643967783	750	9.025880245296285	0.0	350812	2234.6560204140224	0.3
85364.77309990059	1200	10.97922002253998	0.0	617681	2046.6602227563037	0.75
85368.63775618178	1850	11.114563741348455	0.0	996749	3864.656281191526	1.2000000000000002
85371.32008086808	1850	12.43223905504628	0.0	801058	2682.324686302176	1.85
85374.08103192094	1850	13.671288002193698	0.0	905515	2760.951052852581	1.85
85378.61357820896	1850	13.13874171418195	0.0	1060487	4532.546288011748	1.85
85380.99244986968	1850	14.75987005345916	0.0	852833	2378.8716607227884	1.85
85382.74172690087	2850	17.01059302226363	0.0	1429765	1749.2770311955317	1.85
85392.78594707129	4300	10.966372851852029	0.0	2173522	10044.220170411601	2.8499999999999996
85393.44738635124	1200	14.304933571890762	0.0	594078	661.4392799612671	-1.9000000000000001
85394.5618421327	2850	17.19047779044547	0.0	1422919	1114.4557814452905	1.2000000000000002
85403.40983278205	4300	12.342487141075502	0.0	2275376	8847.99064936997	2.8499999999999996
85404.01938819802	1200	15.732931725119277	0.0	526950	609.555415956226	-1.9000000000000001
85404.69017085237	1200	19.062149070767475	0.0	587876	670.7826543518024	1.2
85408.17440111216	1850	19.577918810960533	0.0	966699	3484.2302598069423	1.2000000000000002
85410.36198261529	750	21.390337307842156	0.0	372963	2187.581503118372	-0.3500000000000001
85411.98518964334	750	23.767130279802718	0.0	405596	1623.2070280394382	0.75
85412.6948079236	1200	27.057511999544456	0.0	586839	709.6182802582632	0.75
85417.92761457255	4300	25.82470535060156	0.0	2039773	5232.8066489428975	1.1999999999999997
85428.06423414161	2850	19.688085781531	0.0	1468126	10136.619569070557	1.4000000000000001
85428.52450331525	750	23.22781660789808	0.0	401853	460.26917363292284	-1.35
85430.47975114439	4300	25.272568778747548	0.0	2044075	1955.2478291505322	0.75
85433.46581285865	4300	26.286507064506065	0.0	2186790	2986.0617142414826	4.3
85442.18543265216	4300	21.566887270989042	0.0	2105231	8719.619793517022	4.3
85456.96614482818	1200	10.786175094957748	0.0	696376	14780.712176031293	-1.9000000000000001
85458.17038873641	300	13.581931186724645	0.0	111155	1204.243908233104	-0.6000000000000001
85459.20831526117	300	16.544004661969225	0.0	153605	1037.9265247554195	0.3
85460.06259296801	300	19.68972695512964	0.0	149029	854.2777068395845	0.3
85461.03458067955	300	22.717739243597737	0.0	157421	971.9877115319041	0.3
85462.16483733057	300	25.587482592580393	0.0	157488	1130.256651017345	0.3
85462.93963447603	300	28.812685447110077	0.0	143881	774.797145470313	0.3
85463.9161409065	1850	31.836179016647435	0.0	1035329	976.5064304626438	0.30000000000000004
85472.64618868368	4300	27.106131239470866	0.0	2307787	8730.04777717657	1.8499999999999996
85475.86196576874	1200	27.890354154408513	0.0	598727	3215.7770850623515	-1.9000000000000001
85476.47621634339	750	31.276103579766826	0.0	321064	614.2505746416847	0.3
85477.85853479465	1850	33.89378512851269	0.0	938587	1382.3184512541375	0.75
85478.9932064183	1850	36.759113504870626	0.0	908665	1134.6716236420623	1.85
85480.88457791418	2850	38.86774200898843	0.0	1402287	1891.3714958821954	1.85
85483.79114858466	4300	39.961171338517076	0.0	2108491	2906.570670471359	2.8499999999999996
85487.05881380405	4300	40.69350611911345	0.0	2184571	3267.6652194036214	4.3
85494.71100226382	4300	37.04131765933429	0.0	2121928	7652.188459779163	4.3
85501.13855536791	4300	34.61376455525282	0.0	2219102	6427.553104081467	4.3
85522.97898542999	4300	16.77333449317499	0.0	2124950	21840.43006207783	4.3
85524.04297029304	750	19.70934963011132	0.0	393804	1063.9848630636698	-2.8
85527.06937153918	2850	20.682948383981632	0.0	1231456	3026.4012461296884	0.75
85532.55230611391	2850	19.200013809241895	0.0	1364537	5482.934574739736	2.85

