30207.24708478599	300	4.0	0.5650751141114765	181801	565.0751141114765	-2.129822990679349
30207.589753213113	300	7.657331572880772	0.0	155580	342.6684271192278	0.3
30207.93493506844	300	11.312149717550616	0.0	139857	345.18185533015514	0.3
30208.309648569644	300	14.937436216348125	0.0	155432	374.71350120249025	0.3
30208.69954977444	300	18.54753501155415	0.0	163442	389.9012047939769	0.3
30209.019005442213	300	22.228079343780706	0.0	126289	319.45566777343976	0.3
30209.341577809624	300	25.905506976368244	0.0	153295	322.57236741246345	0.3
30209.671416894398	300	29.575667891592207	0.0	173849	329.83908477603757	0.3
30209.96800283085	300	33.279081955138174	0.0	150710	296.5859364540297	0.3
30210.247911175957	300	36.999173610035406	0.0	139105	279.90834510276557	0.3
30210.835525033526	750	40.41155975246595	0.0	353220	587.6138575694538	0.3
30211.497744705608	750	43.749340080384684	0.0	405134	662.2196720812611	0.75
30212.12682820704	750	47.12025657894993	0.0	386351	629.0835014347524	0.75
30212.82107869275	750	50.42600609324397	0.0	434409	694.2504857059635	0.75
30213.377677139055	750	53.869407646937454	0.0	337059	556.5984463065138	0.75
30214.28769618769	1200	56.95938859830339	0.0	587876	910.0190486340662	0.75
30215.731140318545	1850	59.51594446744844	0.0	966699	1443.4441308549476	1.2000000000000002
30218.647682567498	1850	59.61823858905289	0.0	885714	1397.705878395542	1.85
30222.3184296302	2850	59.947491526354156	0.0	1537156	2670.7470626987433	1.85
30225.82043128979	2850	59.69028238553643	0.0	1336050	2257.2091408177293	2.85
30250.168720504436	4300	39.341993170891136	0.0	2039773	24348.289214645287	2.8499999999999996
30253.349917719537	4300	40.160795955792125	0.0	2176469	3181.1972150990077	4.3
30259.02056059179	4300	38.49015308353731	0.0	2221506	5670.642872254825	4.3
30262.09791631563	4300	39.412797359697635	0.0	2044075	3077.3557238396643	4.3
30265.796880404632	4300	39.713833270695055	0.0	2186790	3698.9640890025867	4.3
30269.432161664805	4300	40.078552010522245	0.0	2105231	3635.2812601728097	4.3
30272.98033485499	4300	40.53037882033792	0.0	2395588	3548.173190184324	4.3
30278.23960199283	4300	39.271111682496446	0.0	1972048	5259.2671378414725	4.3
30281.374418930707	4300	40.136294744622695	0.0	2134614	3134.816937873753	4.3
30285.789034338497	4300	39.7216793368316	0.0	2164140	4414.6154077911015	4.3
30288.186159601908	2850	41.32455407341995	0.0	1341201	2397.1252634116504	1.4000000000000001
30293.266559634063	2850	40.244154041264736	0.0	1497683	5080.400032155211	2.85
30299.366153829942	2850	38.14455984538597	0.0	1358081	6099.59419587877	2.85
30301.666277848148	1850	39.844435827181286	0.0	1035329	2300.124018204682	0.8500000000000001
30303.805212925705	1850	41.70550074962063	0.0	1026056	2138.935077560656	1.85
30305.241755703413	1850	44.26895797191318	0.0	943942	1436.5427777074497	1.85
30306.364111493232	1850	47.146602182090355	0.0	728962	1122.3557898228257	1.85
30307.77126521387	1850	49.73944846145542	0.0	938587	1407.1537206349387	1.85
30309.8650112073	2850	51.645702468022485	0.0	1427478	2093.745993432927	1.85
30312.04033027381	2850	53.47038340151606	0.0	1402287	2175.3190665064217	2.85
30315.88543250283	2850	53.62528117249561	0.0	1339500	3845.1022290204514	2.85
30318.416127328353	2850	55.094586346969166	0.0	1527299	2530.694825526444	2.85
30324.42283646918	2850	53.08787720614363	0.0	1343002	6006.709140825538	2.85
30345.59771347998	2850	35.91300019534257	0.0	1587250	21174.877010801065	2.85
30346.99853420169	1850	38.51217947362998	0.0	958994	1400.8207217125887	0.8500000000000001
30348.47590273124	1850	41.034810944082025	0.0	982064	1477.3685295479543	1.85
30350.373664236	2850	43.13704943932167	0.0	1231456	1897.7615047603551	1.85
30354.78397180776	2850	42.72674186756473	0.0	1364537	4410.307571756938	2.85

