35205.30899418005	750	4.0	12.286254214534521	450283	12286.254214534521	-52.08089312249844
35207.92903828137	300	5.3799558986768234	0.0	155580	2620.0441013231766	-0.15000000000000002
35210.73274062321	300	6.57625355684207	0.0	139857	2803.7023418347535	0.3
35212.39514408996	300	8.913850090085173	0.0	155432	1662.4034667568988	0.3
35215.330452229995	300	9.978541950052005	0.0	163442	2935.308140033167	0.3
35216.461887362406	300	12.847106817640665	0.0	126289	1131.4351324113418	0.3
35217.74810074798	300	15.560893432063237	0.0	153295	1286.2133855774289	0.3
35221.07747610702	750	16.23151807302345	0.0	437162	3329.375359039785	0.3
35224.1324916688	750	17.176502511243847	0.0	374758	3055.015561779608	0.75
35226.483861249646	750	18.8251329304013	0.0	362795	2351.3695808425496	0.75
35228.64831760329	750	20.66067657676268	0.0	353220	2164.456353638621	0.75
35230.91216239747	750	22.396831782580602	0.0	405134	2263.8447941820773	0.75
35233.44566564219	750	23.863328537870903	0.0	386351	2533.503244709697	0.75
35237.86160528562	750	23.447388894433807	0.0	434409	4415.939643437098	0.75
35239.554712095196	750	25.75428208485982	0.0	337059	1693.1068095739863	0.75
35248.86253016549	1850	20.44646401456233	0.0	923170	9307.81807029749	0.75
35261.91821798121	1850	11.390776198845057	0.0	966699	13055.687815717274	1.85
35269.07179527383	300	8.237198906232083	0.0	150616	7153.577292612973	-1.25
35271.352619938974	300	9.956374241082857	0.0	165384	2280.8246651492254	0.3
35273.78448411067	300	11.524510069394493	0.0	140881	2431.8641716883626	0.3
35276.88357222532	300	12.425421954742644	0.0	157671	3099.0881146518495	0.3
35279.135874790336	300	14.173119389730305	0.0	157812	2252.3025650123373	0.3
35281.0047482803	300	16.304245899764464	0.0	163927	1868.8734899658436	0.3
35286.291811578325	750	15.017182601741206	0.0	343800	5287.063298023257	0.3
35297.11772519506	750	8.191268985011595	0.0	359903	10825.913616729611	0.75
35299.666200868676	300	9.642793311394533	0.0	153938	2548.475673617062	-0.15000000000000002
35302.120644580085	300	11.18834959998279	0.0	181901	2454.443711411742	0.3
35304.44949400103	300	12.859500179039863	0.0	111155	2328.849420942928	0.3
35306.44408763949	300	14.86490654058303	0.0	153605	1994.593638456833	0.3
35316.387964822934	750	8.921029357139123	0.0	400508	9943.877183443907	0.3
35317.82786831934	300	11.481125860733366	0.0	157421	1439.9034964057566	-0.15000000000000002
35318.9631818967	300	14.345812283372913	0.0	157488	1135.3135773604522	0.3
35321.204322149686	750	16.104672030385327	0.0	369834	2241.1402529875863	0.3
35323.1122996971	750	18.19669448297055	0.0	412837	1907.9775474147768	0.75
35324.677649672725	750	20.631344507345894	0.0	401088	1565.3499756246583	0.75
35325.99052001414	750	23.31847416593145	0.0	365161	1312.8703414144427	0.75
35327.12986380953	750	26.179130370532818	0.0	321064	1139.3437953986331	0.75
35332.54193660724	1850	24.767057572820907	0.0	938587	5412.07279771191	0.75
35339.24825503982	1850	22.060739140242642	0.0	908665	6706.318432578262	1.85
35369.37408539801	1850	4.0	8.065091217951824	930577	30125.830358194467	-32.829892237192844
35371.584745017164	300	5.789340380850532	0.0	147968	2210.6596191494687	-1.25
35372.86790991423	300	8.506175483784531	0.0	161857	1283.1648970660003	0.3
35373.414162136265	300	11.959923261753623	0.0	145210	546.2522220309072	0.3
35374.901430851394	750	14.472654546624307	0.0	438281	1487.2687151293164	0.3
35378.507357542476	750	14.866727855540976	0.0	398987	3605.9266910833317	0.75
35379.91542401029	750	17.458661387735596	0.0	393804	1408.0664678053809	0.75
35381.02225251147	750	20.35183288654733	0.0	331053	1106.8285011882629	0.75
35383.88441926158	1850	21.489666136438967	0.0	846370	2862.166750108366	0.75

