55042.68009194859	300	4.0	1.5226228744057002	181801	1522.6228744057003	-6.247278359944511
55044.15073130582	300	6.529360642774939	0.0	155580	1470.6393572250618	0.3
55045.185134558546	300	9.494957390050295	0.0	139857	1034.4032527246432	0.3
55050.47900991289	300	8.201082035708922	0.0	155432	5293.875354341374	0.3
55051.455786960905	300	11.224304987685999	0.0	163442	976.7770480229234	0.3
55052.344733861464	300	14.335358087129073	0.0	126289	888.9469005569256	0.3
55054.572576764105	750	16.10751518448702	0.0	352642	2227.8429026420517	0.3
55059.25704917256	750	15.423042776033494	0.0	437162	4684.472408453526	0.75
55062.91316095166	750	15.76693099693491	0.0	374758	3656.111779098583	0.75
55071.51975089963	750	11.160341048968247	0.0	362795	8606.589947966664	0.75
55073.07628856244	300	13.603803386158122	0.0	141840	1556.5376628101262	-0.15000000000000002
55075.987290049066	750	14.692801899525517	0.0	405134	2911.0014866326032	0.3
55078.232553521426	750	16.44753842716951	0.0	386351	2245.263472356011	0.75
55080.197689360466	750	18.482402588127144	0.0	434409	1965.135839042362	0.75
55086.60245081435	1200	16.077641134245237	0.0	526950	6404.761453881907	0.75
55098.42799435162	750	8.252097596970083	0.0	366214	11825.543537275154	0.3
55099.02431691291	300	11.655775035685078	0.0	143509	596.322561285005	-0.15000000000000002
55099.85491532352	300	14.825176625075358	0.0	150616	830.598410609721	0.3
55103.889613802065	750	14.79047814652763	0.0	405596	4034.6984785477275	0.3
55105.38846843579	750	17.291623512800324	0.0	350713	1498.854633727308	0.75
55106.75501097693	750	19.9250809716685	0.0	386472	1366.5425411318245	0.75
55114.45616942517	1200	16.22392252342362	0.0	616206	7701.158448244877	0.75
55117.903397270915	750	16.77669467767552	0.0	401853	3447.2278457481034	0.3
55119.04991011322	750	19.6301818353742	0.0	343800	1146.512842301318	0.75
55127.296564170334	1200	15.383527778263666	0.0	587236	8246.654057110532	0.75
55129.21007890636	750	17.47001304223237	0.0	379700	1913.5147360312947	0.3
55130.95461590104	750	19.725476047549144	0.0	425781	1744.5369946832275	0.75
55139.75972231043	1200	14.92036963816222	0.0	487160	8805.10640938692	0.75
55142.76620573582	750	15.913886212774539	0.0	400396	3006.4834253876816	0.3
55145.06221917144	750	17.617872777153046	0.0	400508	2296.013435621492	0.75
55146.80439434906	750	19.875697599531858	0.0	358218	1742.1751776211877	0.75
55152.83914540947	1200	17.840946539130467	0.0	620283	6034.751060401392	0.75
55154.33453361837	750	20.345558330223923	0.0	369834	1495.3882089065398	0.3
55162.62574172778	1200	16.054350220806725	0.0	670129	8291.208109417199	0.75
55165.835966793056	750	16.844125155538425	0.0	401088	3210.2250652683006	0.3
55167.26054579476	750	19.41954615383294	0.0	365161	1424.579001705487	0.75
55169.23880389372	1200	21.441288054869002	0.0	487812	1978.2580989639398	0.75
55172.10701603954	1200	22.573075909052218	0.0	575591	2868.2121458167812	1.2
55181.60272523232	1850	17.077366716273858	0.0	908665	9495.70919277836	1.2000000000000002
55182.93410333115	750	19.74598861744456	0.0	390680	1331.3780988292972	-0.3500000000000001
55185.03053892898	1200	21.64955301961254	0.0	566904	2096.43559783202	0.75
55186.99782782121	1200	23.682264127377632	0.0	641452	1967.2888922349084	1.2
55192.361442435424	1850	22.318649513167067	0.0	886255	5363.614614210566	1.2000000000000002
55196.06842569966	1850	22.61166624893016	0.0	973972	3706.9832642369056	1.85
55199.120072339305	1850	23.5600196092861	0.0	958994	3051.6466396440583	1.85
55204.99303414482	1850	21.68705780377171	0.0	982064	5872.961805514388	1.85
55206.803448798986	1200	23.87664314960956	0.0	538612	1810.4146541621526	0.5499999999999999
55209.75487391315	1850	24.925218035440288	0.0	846370	2951.4251141692725	1.2000000000000002

