10905.15798578304	750	4.0	2.3086089797924467	450283	2308.608979792447	0.19504515660355884	-9.17701861310752
10905.626144933032	300	7.5318408500081615	0.0	155580	468.15914999183855	0.3323228863575821	-0.15000000000000002
10906.581391672504	750	10.576594110536913	0.0	350812	955.2467394712486	0.3672475241257381	0.3
10908.564244894382	1200	12.593740888658534	0.0	617681	1982.8532218783787	0.31151120677246297	0.75
10912.011319453644	1850	13.14666632939622	0.0	996749	3447.074559262314	0.28915794621318197	1.2000000000000002
10915.492074446407	2850	13.66591133663413	0.0	1224260	3480.754992762092	0.3517225436854175	1.85
10919.074769457848	2850	14.083216325193106	0.0	1388403	3582.6950114410224	0.38753033556198807	2.85
10923.214256783855	2850	13.943728999185696	0.0	1638769	4139.487326007412	0.3958869470873857	2.85
10926.652409411301	2850	14.50557637173869	0.0	1348011	3438.1526274470075	0.39207421719406405	2.85
10930.2911569643	2850	14.866828818740304	0.0	1429765	3638.747552998386	0.39292778055511185	2.85
10933.82796489386	2850	15.33002088917909	0.0	1354548	3536.807929561213	0.38298602213551625	2.85
10939.281945231443	4300	13.876040551597375	0.0	2102452	5453.980337581713	0.3854894718839827	2.8499999999999996
10943.001790929076	2850	14.156194853964086	0.0	1422919	3719.8456976332895	0.38252097416441666	1.4000000000000001
10947.032373000622	2850	14.125612782418731	0.0	1578343	4030.582071545356	0.3915918276773486	2.85
10955.391446667489	2850	9.766539115552549	0.0	1231445	8359.073666866183	0.1473183571621362	2.85
10960.25537200234	1200	8.9026137807007	0.0	587876	4863.925334851849	0.12086451981235158	-0.44999999999999996
10968.195683572965	750	4.962302210077193	0.0	360831	7940.311570623507	0.04544292711824481	0.3
10968.651882384154	300	8.506103398886516	0.0	150616	456.1988111906757	0.3301543018205008	-0.15000000000000002
10969.744953591888	750	11.413032191154977	0.0	405596	1093.071207731538	0.37106091271193353	0.3
10972.48915676395	1850	12.668829019091678	0.0	923755	2744.203172063301	0.33662048400937117	0.75
10974.833657517755	1850	14.324328265287113	0.0	891604	2344.5007538045643	0.3802958896699606	1.85
10981.57393100309	2850	11.584054779953178	0.0	1468126	6740.273485333934	0.21781401054341112	1.85
10984.065824056383	1850	13.0921617266599	0.0	968026	2491.89305329328	0.38847012263253394	0.8500000000000001
10989.505392511759	2850	11.652593271284474	0.0	1323990	5439.5684553754245	0.24339982314067996	1.85
10992.602135804067	1850	12.55584997897681	0.0	897976	3096.7432923076644	0.2899743101827587	0.8500000000000001
10997.0514715523	1850	12.10651423074181	0.0	905935	4449.335748234999	0.2036112919460785	1.85
11005.486013102185	1850	7.671972680857909	0.0	1076599	8434.541549883901	0.12764167366213508	1.85
11008.292159930887	750	8.865825852156917	0.0	277716	2806.1468287009916	0.09896702380629135	-0.3500000000000001
11010.096765611024	750	11.061220172018464	0.0	400396	1804.605680138453	0.2218745094325985	0.75
11012.748857217575	1850	12.409128565469276	0.0	975811	2652.0916065491883	0.3679401562111545	0.75
11025.247917710036	1850	4.0	0.08993192699209794	873429	12499.060492461374	0.06987957219078954	1.463292713933979
11026.742217890733	300	6.505699819303772	0.0	157488	1494.3001806962277	0.10539247872313234	-1.25
11027.847589801742	300	9.40032790829391	0.0	143881	1105.3719110098623	0.13016523992232717	0.3
11032.47095603331	1200	8.776961676724934	0.0	670129	4623.366231568976	0.1449439578081156	0.29999999999999993
11033.943936660664	750	11.303981049370384	0.0	401088	1472.980627354549	0.2722968602243928	0.3
11036.365937301309	1850	12.881980408727356	0.0	943942	2422.000640643027	0.3897364782485726	0.75
11038.27606691034	1850	14.971850799693087	0.0	728962	1910.12960903427	0.3816296007099493	1.85
11042.69485414569	2850	14.553063564346434	0.0	1499009	4418.787235346653	0.3392353874857709	1.85
11053.85369539674	2850	7.394222313294533	0.0	1427478	11158.841251051901	0.12792349742097434	2.85
11060.808485122472	750	4.439432587562057	0.0	390680	6954.789725732476	0.0561742360886193	-1.35
11061.281056015207	300	7.966861694827445	0.0	147968	472.57089273461264	0.31311280968609334	-0.15000000000000002
11064.416933912833	750	8.830983797201366	0.0	384505	3135.8778976260774	0.12261478684839036	0.3
11066.246806577632	750	11.001111132401373	0.0	372093	1829.872664799995	0.20334365727063844	0.75
11073.310273741627	1850	7.937643968406451	0.0	973972	7063.467163994922	0.1378886568574555	0.75
11076.67463662333	750	8.57328108670537	0.0	398987	3364.36288170108	0.11859214181981026	-0.3500000000000001
11083.638960673647	750	5.608957036386726	0.0	393804	6964.324050318644	0.056545904118574436	0.75
11085.210852192187	300	8.037065517846697	0.0	137507	1571.8915185400294	0.08747868308858635	-0.15000000000000002
11088.792405928958	750	8.455511781075366	0.0	314107	3581.5537367713314	0.08770132268995592	0.3

