86299.25739732299	750	4.0	1.5128515699821619	450283	1512.851569982162	-5.755261750923296
86299.83247052641	300	7.424926796574987	0.0	155580	575.073203425012	-0.15000000000000002
86300.35751136078	300	10.89988596220417	0.0	139857	525.0408343708184	0.3
86300.93211361142	300	14.325283711562978	0.0	155432	574.602250641191	0.3
86302.32174738616	750	16.935649936818145	0.0	411561	1389.6337747448347	0.3
86303.41545416064	750	19.841943162323442	0.0	318564	1093.7067744947008	0.75
86307.75676067839	2850	19.500636644591854	0.0	1388403	4341.3065177315875	0.75
86314.72530800982	2850	16.532089313152824	0.0	1638769	6968.54733143903	2.85
86318.85112470925	2850	16.406272613715462	0.0	1348011	4125.816699437364	2.85
86323.21418081262	2850	16.043216510344536	0.0	1429765	4363.056103370924	2.85
86327.32970393384	2850	15.927693389125041	0.0	1354548	4115.523121219496	2.85
86332.03155311891	2850	15.225844204051548	0.0	1519951	4701.849185073493	2.85
86336.35350509982	2850	14.903892223148965	0.0	1422919	4321.951980902582	2.85
86341.40585963358	2850	13.851537689386523	0.0	1578343	5052.354533762442	2.85
86346.0546086644	2850	13.202788658561555	0.0	1231445	4648.749030824967	2.85
86352.98128020548	2850	10.276117117502697	0.0	1471065	6926.671541058859	2.85
86355.99423404185	1850	11.263163281116213	0.0	966699	3012.953836386486	0.8500000000000001
86358.6262809565	1850	12.631116366474648	0.0	885714	2632.0469146415626	1.85
86363.39516754069	2850	11.862229782279488	0.0	1537156	4768.886584195161	1.85
86367.38328397372	2850	11.874113349253449	0.0	1336050	3988.11643302604	2.85
86371.78809793046	2850	11.469299392503105	0.0	1415116	4404.813956750345	2.85
86376.50775007199	2850	10.749647250971924	0.0	1468126	4719.65214153118	2.85
86381.38880449942	2850	9.868592823542189	0.0	1505760	4881.054427429736	2.85
86386.03498260437	2850	9.222414718583053	0.0	1323990	4646.178104959135	2.85
86396.16370206395	2850	4.0	0.9063047409920946	1383735	10128.719459575148	-1.0471103862660063
86397.30709708248	300	6.8566049814649075	0.0	153938	1143.395018535092	-2.25
86398.64365892729	300	9.520043136653673	0.0	181901	1336.5618448112343	0.3
86399.49151139572	300	12.672190668223083	0.0	111155	847.85246843059	0.3
86400.8772319866	300	15.286470077352861	0.0	153605	1385.7205908702197	0.3
86402.23922506612	300	17.92447699781765	0.0	149029	1361.9930795352132	0.3
86403.44497443052	750	20.718727633421018	0.0	358218	1205.7493643966304	0.3
86406.34270781161	1850	21.820994252328745	0.0	954453	2897.7333810922714	0.75
86410.6439463727	2850	21.51975569124214	0.0	1358081	4301.238561086609	1.85
86415.62202600174	2850	20.54167606220218	0.0	1587293	4978.07962903996	2.85
86420.0845335352	2850	20.079168528721222	0.0	1492672	4462.5075334809535	2.85
86424.32951891687	2850	19.834183147064373	0.0	1439896	4244.98538165685	2.85
86430.97957311722	4300	17.18412894670999	0.0	1919781	6650.054200354385	2.8499999999999996
86437.26927926335	4300	14.894422800590311	0.0	2147467	6289.706146119677	4.3
86445.98508288036	4300	10.178619183580693	0.0	2133870	8715.803617009618	4.3
86448.74501504956	1850	11.418687014380666	0.0	930577	2759.9321692000262	-0.6000000000000001
86451.41817895579	1850	12.74552310814708	0.0	858450	2673.1639062335867	1.85
86454.42550769603	1850	13.73819436791293	0.0	1025005	3007.328740234149	1.85
86458.39290559861	2850	13.770796465336465	0.0	1343002	3967.3979025764656	1.85
86463.0647572512	2850	13.098944812753551	0.0	1587250	4671.8516525829145	2.85
86467.51511931197	2850	12.648582751965426	0.0	1464921	4450.362060788123	2.85
86474.22798674028	4300	9.935715323667553	0.0	2246506	6712.867428297874	2.8499999999999996
86480.09599042621	4300	8.067711637728465	0.0	1961140	5868.003685939088	4.3
86486.86358451865	4300	5.300117545292279	0.0	2155012	6767.594092436186	4.3

