72382.89344738367	750	4.0	9.746762436686328	450283	9746.76243668633	-41.16107847775121
72388.98542777219	300	4.0	2.091980388519806	155580	6091.980388519806	-9.145515670635165
72391.69198084963	300	5.293446922556945	0.0	139857	2706.553077443056	0.3
72393.22126700579	300	7.764160766410212	0.0	155432	1529.286156146732	0.3
72395.69919929607	300	9.286228476122417	0.0	163442	2477.932290287795	0.3
72396.76042277874	300	12.22500499344977	0.0	126289	1061.2234826726472	0.3
72400.34031342114	300	12.645114351043112	0.0	153295	3579.8906424066595	0.3
72406.10610887613	300	10.879318896046971	0.0	173849	5765.795454996141	0.3
72407.33881753306	300	13.646610239125414	0.0	150710	1232.708656921558	0.3
72410.14580810948	300	14.839619662710978	0.0	139105	2806.990576414436	0.3
72411.45097494873	300	17.534452823452906	0.0	141840	1305.1668392580718	0.3
72416.24634918573	300	16.739078586458213	0.0	156148	4795.374236994693	0.3
72420.84717889078	300	16.138248881411045	0.0	160746	4600.82970504717	0.3
72423.61622604322	300	17.36920172897295	0.0	179801	2769.0471524380937	0.3
72428.64357005364	300	16.341857718567557	0.0	140051	5027.344010405391	0.3
72432.27863838045	300	16.706789391750654	0.0	138313	3635.0683268169014	0.3
72436.33145026582	300	16.65397750638479	0.0	143509	4052.8118853658634	0.3
72440.59017505779	300	16.395252714423215	0.0	150616	4258.724791961575	0.3
72442.14412507734	300	18.841302694874667	0.0	165384	1553.950019548549	0.3
72444.57870519196	300	20.406722580264077	0.0	140881	2434.5801146105878	0.3
72446.28341406694	300	22.702013705282056	0.0	157671	1704.7088749820225	0.3
72453.24521957709	750	19.740208195140962	0.0	399894	6961.805510141093	0.3
72457.89703104508	750	19.088396727146836	0.0	401853	4651.811467994128	0.75
72460.30477242696	750	20.680655345258113	0.0	343800	2407.741381888723	0.75
72467.82713552474	750	17.15829224747896	0.0	359903	7522.363097779151	0.75
72469.58523346664	300	19.400194305569997	0.0	153938	1758.097941908966	-0.15000000000000002
72472.71648620281	300	20.268941569387113	0.0	181901	3131.2527361828825	0.3
72478.1670439316	300	18.81838384061815	0.0	111155	5450.557728768963	0.3
72480.44688675167	300	20.538541020541	0.0	153605	2279.8428200771505	0.3
72482.50996361881	300	22.475464153393567	0.0	149029	2063.076867147432	0.3
72489.47321225256	300	19.51221551965669	0.0	157421	6963.24863373688	0.3
72490.84828232022	300	22.137145452004432	0.0	157488	1375.0700676522563	0.3
72491.88007893298	300	25.105348839233724	0.0	143881	1031.796612770709	0.3
72493.0741589607	300	27.911268811515836	0.0	163444	1194.0800277178907	0.3
72495.82359498799	750	29.161832784232463	0.0	401088	2749.4360272833715	0.3
72507.12745615433	750	21.857971617882146	0.0	365161	11303.861166350312	0.75
72509.56212498424	300	23.423302787984912	0.0	131610	2434.668829897232	-0.15000000000000002
72512.32887655213	300	24.656551220077723	0.0	124011	2766.7515679071907	0.3
72513.4721587668	300	27.51326900540518	0.0	144254	1143.2822146725414	0.3
72517.48238448714	750	27.503043285079645	0.0	390680	4010.2257203255353	0.3
72518.55477325634	300	30.430654515867182	0.0	147968	1072.388769212461	-0.15000000000000002
72521.26449413327	300	31.720933638954033	0.0	161857	2709.720876913149	0.3
72522.28020745901	300	34.70522031320271	0.0	145210	1015.7133257513233	0.3
72532.72853783799	750	28.256889934243794	0.0	438281	10448.33037895891	0.3
72535.1786168583	300	29.806810913926586	0.0	167025	2450.0790203172073	-0.15000000000000002
72536.48431478886	300	32.501112983369644	0.0	160064	1305.6979305569423	0.3
72543.99506156494	1200	28.990366207298944	0.0	538612	7510.746776070701	0.29999999999999993
72558.77419791103	1850	18.211229861211642	0.0	846370	14779.136346087298	1.2000000000000002

