33324.154128444636	300	4.0	0.719916137888035	181801	719.916137888035	-2.7956393929185506
33324.42304370684	300	7.73108473779333	0.0	155580	268.9152622066703	0.3
33324.67286708919	300	11.481261355440596	0.0	139857	249.8233823527336	0.3
33324.94160264026	300	15.212525804371646	0.0	155432	268.73555106894963	0.3
33325.22006444953	300	18.934063995105785	0.0	163442	278.4618092658608	0.3
33326.192849569685	750	21.961278874952864	0.0	318564	972.7851201529232	0.3
33327.02746264173	300	25.126665802904007	0.0	153295	834.6130720488545	-0.15000000000000002
33327.921857645735	300	28.232270798898018	0.0	173849	894.3950040059896	0.3
33328.63288788026	300	31.521240564370384	0.0	150710	711.0302345276353	0.3
33329.29532740501	300	34.85880103962772	0.0	139105	662.4395247426628	0.3
33329.96921851021	300	38.184909934423025	0.0	141840	673.8911052046963	0.3
33330.3344006803	300	41.81972776433385	0.0	156148	365.18217008918054	0.3
33330.52716459652	300	45.62696384811359	0.0	160746	192.76391622025307	0.3
33330.91190412398	750	49.242224320652106	0.0	434409	384.73952746148535	0.3
33331.36156150676	1200	52.79256693787268	0.0	526950	449.65738277943075	0.75
33332.089168691615	1850	56.06495975301551	0.0	923170	727.6071848571725	1.2000000000000002
33342.763319411555	2850	49.390809033073616	0.0	1491626	10674.15071994189	1.85
33345.94765940948	2850	50.206469035148444	0.0	1358801	3184.3399979251694	2.85
33348.10037385653	2850	52.05375458809969	0.0	1537156	2152.7144470487515	2.85
33351.62483457887	4300	52.52929386575588	0.0	2156729	3524.4607223438074	2.8499999999999996
33353.99291776023	4300	54.1612106843916	0.0	2039773	2368.0831813642853	4.3
33360.360749124884	4300	51.79337931974318	0.0	2176469	6367.83136464842	4.3
33369.31983248166	4300	46.83429596296438	0.0	2221506	8959.083356778798	4.3
33375.95744266967	4300	44.196685774955945	0.0	2044075	6637.61018800844	4.3
33378.05576366755	4300	46.09836477707376	0.0	2186790	2098.3209978821797	4.3
33387.90202587513	4300	40.25210256948944	0.0	2105231	9846.262207584323	4.3
33397.49371071139	4300	34.66041773323774	0.0	2395588	9591.684836251687	4.3
33402.594284960556	4300	33.55984348407312	0.0	1972048	5100.57424916462	4.3
33404.53582601553	4300	35.61830242909359	0.0	2134614	1941.541054979533	4.3
33406.13408194736	4300	38.020046497262	0.0	2164140	1598.255931831586	4.3
33407.777747875196	4300	40.3763805694303	0.0	2113193	1643.6659278316984	4.3
33409.29282914256	4300	42.861299302059	0.0	2147852	1515.0812673713026	4.3
33410.816622329505	4300	45.33750611512355	0.0	2191074	1523.7931869354516	4.3
33412.562123451185	4300	47.59200499343695	0.0	2286761	1745.5011216865937	4.3
33415.17459370081	4300	48.97953474381284	0.0	2307787	2612.470249624106	4.3
33417.45018718251	4300	50.70394126210945	0.0	2143948	2275.593481703393	4.3
33431.660984024704	4300	40.493144419917094	0.0	1919781	14210.796842192358	4.3
33438.302106505354	4300	37.85202193926981	0.0	2147467	6641.122480647279	4.3
33439.883536592606	4300	40.27059185201748	0.0	2133870	1581.4300872523343	4.3
33443.158695720645	4300	40.9954327239767	0.0	2146120	3275.1591280407783	4.3
33468.65413473891	4300	19.499993705721455	0.0	2108491	25495.439018255245	4.3
33470.00426040808	2850	22.149868036546373	0.0	1527299	1350.1256691750825	1.4000000000000001
33472.41598219475	2850	23.7381462498814	0.0	1343002	2411.721786664975	2.85
33475.68697657979	2850	24.467151864831305	0.0	1587250	3270.994385050098	2.85
33477.79340609334	2850	26.360722351283297	0.0	1464921	2106.429513548005	2.85
33489.87916310737	2850	18.274965337255033	0.0	1483527	12085.757014028268	2.85
33493.40544992762	2850	18.748678517006127	0.0	1231456	3526.2868202489026	2.85
33497.52883604985	1850	18.6252923947702	0.0	846370	4123.386122235925	0.8500000000000001

