5084.8193961014185	750	4.0	2.0043564642844554	450283	2004.3564642844556	-7.868732796423158
5085.094351512774	300	7.725044588644903	0.0	155580	274.9554113550962	-0.15000000000000002
5086.93726459914	1850	9.88213150227924	0.0	877771	1842.9130863656617	0.30000000000000004
5090.754360051715	2850	10.065036049704318	0.0	1520281	3817.095452574921	1.85
5096.534800898474	2850	8.284595202945788	0.0	1472558	5780.440846758532	2.85
5097.428242200113	1850	11.391153901306476	0.0	801058	893.441301639311	0.8500000000000001
5104.4614375989995	4300	8.357958502419562	0.0	2157535	7033.195398886913	1.8499999999999996
5105.5946896657315	1850	11.2247064356881	0.0	1060487	1133.2520667314625	-0.6000000000000001
5106.843920823417	1850	13.975475278002817	0.0	852833	1249.2311576852817	1.85
5108.361715928828	1850	16.457680172592067	0.0	913888	1517.7951054107507	1.85
5109.920307570443	1850	18.899088530977313	0.0	939819	1558.591641614756	1.85
5112.391605090777	2850	20.427791010642025	0.0	1519951	2471.297520335288	1.85
5115.947693065437	4300	20.87170303598194	0.0	2209463	3556.087974660082	2.8499999999999996
5119.6074801682	4300	21.211915933219796	0.0	2275376	3659.787102762146	4.3
5122.842519808282	4300	21.97687629313741	0.0	2005399	3235.039640082389	4.3
5126.3089627004965	4300	22.510433400923212	0.0	2152483	3466.442892214198	4.3
5129.991268056418	4300	22.82812804500122	0.0	2289689	3682.3053559219907	4.3
5133.388712847212	4300	23.43068325420791	0.0	2059512	3397.4447907933086	4.3
5137.400495221038	4300	23.418900880382257	0.0	2220726	4011.7823738256525	4.3
5141.298971281263	4300	23.52042482015753	0.0	2156729	3898.4760602247306	4.3
5145.230605530113	4300	23.588790571307978	0.0	2039773	3931.63424884955	4.3
5148.259874674836	4300	24.559521426584542	0.0	2176469	3029.2691447234365	4.3
5151.235180451461	4300	25.584215649959273	0.0	2221506	2975.30577662527	4.3
5155.925114983992	4300	24.894281117428324	0.0	2044075	4689.934532530948	4.3
5158.621024583106	4300	26.198371518314477	0.0	2186790	2695.909599113845	4.3
5161.288088617674	4300	27.53130748374715	0.0	2105231	2667.0640345673282	4.3
5164.005869835003	4300	28.813526266416574	0.0	2395588	2717.781217330577	4.3
5171.8913909548755	4300	24.928005146544734	0.0	1972048	7885.521119871839	4.3
5172.659306686037	1200	28.160089415382473	0.0	622896	767.9157311622638	-1.9000000000000001
5174.862954045306	1850	29.956442056113275	0.0	975811	2203.6473592691973	1.2000000000000002
5178.647977039747	1850	30.171419061672246	0.0	873429	3785.022994441032	1.85
5181.985312702424	1850	30.8340833989944	0.0	954453	3337.3356626778427	1.85
5186.3756280821735	1850	30.44376801924569	0.0	885062	4390.315379748709	1.85
5187.597329566448	1850	33.22206653497195	0.0	1035329	1221.7014842737383	1.85
5190.222224805823	4300	34.59717129559621	0.0	2307787	2624.8952393757327	1.8499999999999996
5194.485800703526	4300	34.33359539789327	0.0	2143948	4263.575897702952	4.3
5196.649996624187	4300	36.16939947723232	0.0	1919781	2164.195920660945	4.3
5199.2093237834215	4300	37.610072317998196	0.0	2147467	2559.3271592341243	4.3
5201.810823960386	4300	39.00857214103395	0.0	2133870	2601.5001769642404	4.3
5204.0233637729325	4300	40.79603232848739	0.0	2146120	2212.5398125465595	4.3
5206.193267042633	4300	42.626129058787065	0.0	2108491	2169.903269700331	4.3
5208.438579617263	4300	44.380816484157855	0.0	2184571	2245.3125746292117	4.3
5210.621801431001	4300	46.1975946704206	0.0	2121928	2183.2218137372574	4.3
5212.901340592229	4300	47.91805550919176	0.0	2219102	2279.539161228833	4.3
5215.087557765056	4300	49.73183833636545	0.0	2124950	2186.2171728263097	4.3
5219.543191059437	4300	49.276205041983864	0.0	2246506	4455.6332943815905	4.3
5224.102965882377	4300	48.71643021904316	0.0	1961140	4559.7748229407	4.3
5230.839155110586	4300	45.98024099083431	0.0	2155012	6736.189228208852	4.3

