64150.296790533735	750	4.0	9.796988372728025	450283	9796.988372728025	-41.377050002730506
64151.16139029136	300	7.135400242374742	0.0	155580	864.5997576252574	-0.15000000000000002
64153.83309157225	300	8.463698961487557	0.0	139857	2671.701280887187	0.3
64164.066080989665	300	4.0	1.769290455928438	155432	10232.989417415994	-7.307948960492283
64164.708933166155	300	7.357147823511635	0.0	163442	642.8521764883641	0.3
64165.22383997417	300	10.842241015490814	0.0	126289	514.906808020821	0.3
64165.831748494595	300	14.234332495068989	0.0	153295	607.9085204218242	0.3
64178.33946833026	750	5.726612659397846	0.0	437162	12507.719835671143	0.3
64179.17698649447	300	8.889094495184384	0.0	150710	837.5181642134618	-0.15000000000000002
64179.95617410135	300	12.109906888304195	0.0	139105	779.1876068801911	0.3
64184.72868580261	300	11.337395187037357	0.0	141840	4772.511701266837	0.3
64185.702101778224	300	14.363979211429385	0.0	156148	973.4159756079725	0.3
64188.86811906562	300	15.197961924030206	0.0	160746	3166.0172873991773	0.3
64194.14634993024	300	13.919731059410962	0.0	179801	5278.230864619246	0.3
64200.53766050639	300	11.52842048326457	0.0	140051	6391.310576146392	0.3
64200.969201807675	300	15.096879181973303	0.0	138313	431.541301291267	0.3
64203.86997877833	1200	16.196102211317122	0.0	617242	2900.776970656183	0.29999999999999993
64217.39581463897	750	6.670266350679213	0.0	372963	13525.835860637908	0.3
64217.94313630921	300	10.12294468044307	0.0	165384	547.3216702361435	-0.15000000000000002
64218.42122042995	300	13.644860559702623	0.0	140881	478.0841207404473	0.3
64218.9467476579	300	17.119333331749477	0.0	157671	525.5272279531453	0.3
64219.472673306234	300	20.593407683420097	0.0	157812	525.9256483293807	0.3
64222.31642428745	300	21.74965670220563	0.0	163927	2843.7509812144667	0.3
64222.723120106384	300	25.34296088326402	0.0	137654	406.6958189416096	0.3
64223.65728202921	750	28.408798960439093	0.0	359903	934.1619228249242	0.3
64238.00648776558	1200	18.059593224072252	0.0	590335	14349.205736366843	0.75
64238.546769384135	300	21.51931160551311	0.0	181901	540.2816185591412	-0.6000000000000001
64238.9080355856	300	25.158045404057695	0.0	111155	361.2662014554144	0.3
64239.376717110266	300	28.689363879388907	0.0	153605	468.6815246687862	0.3
64239.83381954144	300	32.23226144821893	0.0	149029	457.10243116997844	0.3
64240.31215705841	300	35.75392393124432	0.0	157421	478.33751697461014	0.3
64249.998222752736	750	30.06785823691602	0.0	400322	9686.065694328301	0.3
64252.42418935055	300	31.64189163909485	0.0	143881	2425.966597821172	-0.15000000000000002
64256.466026945345	300	31.600054044302155	0.0	163444	4041.8375947926947	0.3
64256.85998783425	300	35.20609315539234	0.0	179328	393.9608889098202	0.3
64257.98821711877	1200	38.077863870872854	0.0	598727	1128.2292845194836	0.29999999999999993
64260.18753459963	1200	39.87854639000829	0.0	487812	2199.317480864566	1.2
64275.17584445523	1850	28.890236534408682	0.0	938587	14988.309855599608	1.2000000000000002
64280.27774772611	300	27.788333263531374	0.0	144254	5101.9032708773075	-1.25
64283.35472268293	300	28.711358306714413	0.0	149991	3076.9749568169623	0.3
64286.290173196234	300	29.775907793408166	0.0	147968	2935.450513306249	0.3
64288.252274284874	300	31.813806704764136	0.0	161857	1962.1010886440288	0.3
64296.156314834996	300	27.909766154640906	0.0	145210	7904.040550123232	0.3
64296.65211971326	300	31.413961276374362	0.0	172312	495.80487826654746	0.3
64299.0462614064	1850	33.0198195832343	0.0	958994	2394.1416931400563	0.30000000000000004
64311.55570196402	2850	24.510379025615272	0.0	1483527	12509.440557619031	1.85
64337.22498089489	750	4.0	1.1588999052555664	331053	25669.278930870838	-6.333269592598935
64337.99100698243	300	7.233973912459129	0.0	118421	766.0260875408704	-0.15000000000000002

