10417.15863281195	300	4.0	4.763203999230196	450283	4763.203999230196	0	-19.731777196689844
10417.46994626476	750	7.6886865471891594	0.0	155580	311.3134528108402	1	-0.15000000000000002
10418.071527027118	1850	11.087105784832325	0.0	350812	601.5807623568356	3	0.3
10429.109702937003	300	4.048929874946423	0.0	933276	11038.175909885902	0	0.75
10429.423688590061	750	7.734944221889509	0.0	163442	313.9856530569147	1	-1.25
10429.959748877995	1850	11.198883933956035	0.0	318564	536.0602879334747	3	0.3
10431.331906283354	1850	13.826726528596849	0.0	905515	1372.157405359184	3	0.75
10432.864989481437	1850	16.293643330514037	0.0	1060487	1533.083198082811	3	1.85
10434.02798411361	1850	19.130648698340202	0.0	852833	1162.9946321738362	3	1.85
10435.210375335186	4300	21.948257476765765	0.0	913888	1182.3912215744378	5	1.85
10437.806761850423	4300	23.35187096152894	0.0	2173522	2596.386515236822	5	1.8499999999999996
10442.350230699418	4300	22.808402112533553	0.0	2102452	4543.468848995388	5	4.3
10446.86003121489	4300	22.29860159706116	0.0	2209463	4509.8005154723905	5	4.3
10451.358713385152	4300	21.799919426799832	0.0	2275376	4498.682170261331	5	4.3
10453.850132108695	4300	23.308500703255817	0.0	2005399	2491.418723544014	5	4.3
10461.158388198426	4300	20.000244613524746	0.0	2152483	7308.2560897310705	5	4.3
10467.079439997531	4300	18.07919281441935	0.0	2289689	5921.051799105391	5	4.3
10469.846928773322	4300	19.311704038628307	0.0	2059512	2767.488775791043	5	4.3
10472.876737172071	4300	20.281895639880776	0.0	2220726	3029.808398747534	5	4.3
10475.503174458407	4300	21.655458353544162	0.0	2156729	2626.437286336613	5	4.3
10478.850935538316	4300	22.307697273634492	0.0	2039773	3347.7610799096724	5	4.3
10482.804885313528	4300	22.353747498422226	0.0	2176469	3953.9497752122643	5	4.3
10486.75446332666	4300	22.404169485289	0.0	2221506	3949.5780131332276	5	4.3
10491.501280375282	4300	21.657352436667875	0.0	2044075	4746.817048621125	5	4.3
10494.5830579027	4300	22.575574909248434	0.0	2186790	3081.777527419443	5	4.3
10502.44054535801	4300	18.71808745394092	0.0	2105231	7857.4874553075115	5	4.3
10522.053366216827	300	4.0	0.8947334048759039	2395588	19612.820858816824	0	0.45264635903361317
10522.606158452301	300	7.447207764524116	0.0	111155	552.7922354758839	0	-3.7
10525.36617720551	300	8.687189011317537	0.0	153605	2760.0187532065784	0	0.3
10526.507729609883	750	11.545636606944063	0.0	149029	1141.552404373475	1	0.3
10527.905751396396	750	14.147614820429448	0.0	358218	1398.021786514615	1	0.3
10529.05972443426	1850	16.993641782565994	0.0	400322	1153.9730378634504	3	0.75
10533.18320191812	1850	16.870164298706076	0.0	885062	4123.477483859919	3	0.75
10536.629924692816	1850	17.423441524010755	0.0	1035329	3446.7227746953195	3	1.85
10554.277040819154	300	4.0	0.223674602326646	1026056	17647.1161263374	0	0.8881992099954223
10554.688930051378	750	7.588110767777015	0.0	159914	411.88923222298496	1	-1.25
10555.435273738949	1850	10.841767080204692	0.0	321064	746.3436875723229	3	0.3
10565.688079092104	750	4.588961727050224	0.0	938587	10252.805353154468	1	0.75
10587.169498716316	300	4.0	16.89245789716054	378327	21481.419624210765	0	-72.98756895779032
10588.08754069364	300	7.081958022676712	0.0	149991	918.0419773232883	0	-0.15000000000000002
10588.533625010885	750	10.63587370543106	0.0	147968	446.08431724565395	1	0.3
10589.564920226085	1850	13.60457849023223	0.0	384505	1031.295215198828	3	0.3
10596.728862815846	750	10.440635900471152	0.0	886255	7163.942589761078	1	0.75
10597.460890554928	1850	13.708608161386833	0.0	438281	732.0277390843196	3	-0.3500000000000001
10598.967579573196	1850	16.201919143119035	0.0	958994	1506.6890182677962	3	0.75
10600.730327928792	4300	18.4391707875257	0.0	982064	1762.748355593334	5	1.85
10604.162144611617	4300	19.007354104698504	0.0	1961140	3431.816682827197	5	1.8499999999999996
10607.074338354118	4300	20.09516036219849	0.0	2155012	2912.193742500012	5	4.3

