39455.93325040605	300	4.0	3.0837211535460765	181801	3083.7211535460765	-12.960000960248127
39456.93403793979	300	6.999212466253872	0.0	155580	1000.7875337461287	0.3
39459.42500657969	300	8.508243826357994	0.0	139857	2490.968639895879	0.3
39460.78996878641	300	11.143281619637616	0.0	155432	1364.9622067203786	0.3
39463.57301054869	300	12.360239857361062	0.0	163442	2783.0417622765526	0.3
39465.626240543446	300	14.307009862605	0.0	126289	2053.229994756062	0.3
39466.277629964025	300	17.655620442026702	0.0	153295	651.3894205782985	0.3
39467.00563204745	300	20.927618358605088	0.0	173849	728.0020834216161	0.3
39467.64738617886	300	24.285864227189478	0.0	150710	641.7541314156064	0.3
39468.85196498777	300	27.081285418279766	0.0	139105	1204.5788089097125	0.3
39470.34154305724	300	29.591707348806782	0.0	141840	1489.5780694729845	0.3
39472.095726841326	300	31.837523564720957	0.0	156148	1754.183784085827	0.3
39472.880277585355	300	35.0529728206837	0.0	160746	784.5507440372486	0.3
39473.74834651602	300	38.184903890018916	0.0	179801	868.0689306647838	0.3
39474.551081238074	300	41.38216916796009	0.0	140051	802.7347220588249	0.3
39475.57642041241	300	44.35682999362224	0.0	138313	1025.339174337855	0.3
39476.489687961344	300	47.443562444685526	0.0	143509	913.2675489367131	0.3
39476.934930922376	300	50.998319483660026	0.0	150616	445.2429610255047	0.3
39477.41598620114	300	54.51726420489653	0.0	165384	481.05527876349174	0.3
39477.83762184138	300	58.09562856464427	0.0	140881	421.6356402522582	0.3
39479.87341699705	300	59.633277267917144	0.0	157671	462.351296727123	0.3
39482.96354820026	300	59.83543367872037	0.0	157812	1797.8435891967713	0.3
39485.077725882635	300	59.882988634101416	0.0	163927	952.4450446189619	0.3
39488.1843193712	750	59.622558182941916	0.0	343800	1760.4304511594946	0.3
39490.284682982536	750	59.95095786447757	0.0	359903	1171.6003184643419	0.75
39492.1030028808	1200	59.969679546523814	0.0	590335	981.2783179537569	0.75
39495.97097989124	1200	59.91471191441439	0.0	696376	3054.9676321094325	1.2
39497.70244878463	1200	59.66498207393723	0.0	487160	749.7298404771565	1.2
39499.42660490745	1200	59.75077351798141	0.0	622896	914.208555955829	1.2
39510.603951096644	1850	52.57342732878633	0.0	975811	11177.346189195076	1.2000000000000002
39520.55858132742	1850	46.618797098010575	0.0	873429	9954.630230775754	1.85
39532.022409495396	1850	39.154968930033455	0.0	954453	11463.82816797712	1.85
39541.415977893055	1850	33.76140053238081	0.0	885062	9393.56839765265	1.85
39546.26517444042	1200	32.91220398501373	0.0	670129	4849.196547367078	0.5499999999999999
39547.58348392166	1200	35.59389450377251	0.0	690253	1318.309481241216	1.2
39548.64275391163	1200	38.53462451380674	0.0	598727	1059.2699899657773	1.2
39549.51891238549	1200	41.65846603995068	0.0	487812	876.1584738560555	1.2
39550.53441153643	1200	44.64296688901456	0.0	575591	1015.4991509361217	1.2
39555.86619240871	1200	43.311186016737146	0.0	605884	5331.780872277413	1.2
39556.661068335045	1200	46.516310090400495	0.0	587506	794.8759263366514	1.2
39557.43087579597	1200	49.74650262946571	0.0	566904	769.8074609347872	1.2
39558.291393088904	1200	52.885985336535086	0.0	641452	860.5172929306217	1.2
39559.100835300036	1200	56.07654312540445	0.0	599477	809.4422111306385	1.2
39559.953332679586	1200	59.22404574585426	0.0	634861	852.4973795501883	1.2
39562.979403900164	1850	59.86684786241429	0.0	958994	1857.197883439971	1.2000000000000002
39566.87153296673	2850	59.71672000819164	0.0	1483527	2650.127854222644	1.85
39570.693472472136	4300	59.89478050278255	0.0	1961140	3821.9395054090946	2.8499999999999996
39574.5995194105	4300	59.89472731998544	0.0	2155012	3000.0531827971126	4.3

