2414.6380515747655	750	4.0	22.15839100595529	450283	22158.39100595529	-94.53108132560774
2419.443873092417	300	4.0	0.8058215176512904	155580	4805.82151765129	-3.615032525900549
2421.412088577109	300	6.031784515308331	0.0	139857	1968.2154846916687	0.3
2423.097131235515	300	8.346741856902216	0.0	155432	1685.0426584061163	0.3
2426.0620490261595	300	9.38182406625793	0.0	163442	2964.9177906442865	0.3
2427.525645637559	300	11.918227454858465	0.0	126289	1463.5966113994655	0.3
2430.46701107252	300	12.976862019897611	0.0	153295	2941.365434960853	0.3
2431.9025842231586	300	15.54128886925902	0.0	173849	1435.5731506385903	0.3
2434.483096065324	750	16.960777027093826	0.0	374758	2580.5118421651937	0.3
2436.5718908929384	750	18.87198219947958	0.0	362795	2088.7948276142497	0.75
2439.821139202045	1200	19.622733890372906	0.0	607410	3249.2483091066715	0.75
2443.2106657394957	1200	20.233207352921973	0.0	594078	3389.5265374509336	1.2
2446.945648053	1200	20.498225039418227	0.0	624282	3734.9823135037477	1.2
2452.483198354137	1850	18.960674738280765	0.0	1036454	5537.5503011374585	1.2000000000000002
2456.8867956751487	1850	18.557077417269035	0.0	821631	4403.597321011731	1.85
2463.854746844019	1850	15.589126248399122	0.0	923170	6967.951168869915	1.85
2473.0832037843975	1850	10.36066930802069	0.0	966699	9228.456940378432	1.85
2475.3378362929225	750	12.106036799495644	0.0	372963	2254.632508525045	-0.3500000000000001
2480.9608620234835	1200	10.483011068934832	0.0	639204	5623.025730560811	0.75
2484.6477021500796	750	10.796170942338735	0.0	350713	3686.840126596098	0.3
2487.755970345977	750	11.687902746441202	0.0	386472	3108.268195897534	0.75
2501.721485438584	1200	4.0	2.2776123461658755	616206	13965.515092607076	-9.043733088513264
2504.1330374100226	300	5.588448028561364	0.0	163927	2411.5519714386364	-0.6000000000000001
2505.5069495254515	300	8.214535913132096	0.0	137654	1373.9121154292666	0.3
2507.5831774937305	300	10.138307944853283	0.0	146754	2076.227968278814	0.3
2512.330577405414	300	9.390908033170076	0.0	153938	4747.3999116832065	0.3
2522.114137550541	300	4.0	0.39265211195695154	181901	9783.560145127027	-1.3884040814148915
2526.1954366936056	300	4.0	0.08129914306466526	111155	4081.2991430646653	-0.049586315178060614
2531.034420543742	300	4.0	0.8389838501365539	153605	4838.983850136554	-3.3076305555871817
2532.885545016558	300	6.1488755271839945	0.0	149029	1851.1244728160054	0.3
2534.4194046166117	300	8.615015927130557	0.0	157421	1533.8596000534378	0.3
2536.002501819748	300	11.031918723994302	0.0	157488	1583.097203136255	0.3
2537.2741931065134	300	13.760227437228963	0.0	143881	1271.6912867653398	0.3
2543.9599653287546	750	11.074455214987887	0.0	412837	6685.772222241075	0.3
2588.9171668005083	750	4.0	33.882746256765785	401088	44957.20147175367	-144.94580890409287
2608.206834537241	300	4.0	15.289667736732373	159914	19289.667736732372	-65.89557126794921
2624.1173014176857	300	4.0	11.910466880444812	131610	15910.466880444812	-50.91500758591269
2640.930191501483	300	4.0	12.81289008379709	124011	16812.89008379709	-54.79542736032749
2644.769578784274	300	4.160612717208978	0.0	144254	3839.3872827910222	0.3
2650.5949622108446	300	4.0	1.6647707093620512	149991	5825.383426571029	-6.85851405025682
2652.782520057531	300	5.812442153313729	0.0	147968	2187.557846686271	0.3
2674.071374104177	300	4.0	15.476411893331976	161857	21288.854046645705	-66.2485711413275
2684.3251129969112	300	4.0	6.25373889273452	145210	10253.73889273452	-26.591077238758437
2719.2277449923263	300	4.0	30.90263199541535	172312	34902.63199541535	-132.581317580286
2761.2866833050502	300	4.0	38.05893831272358	167025	42058.938312723585	-163.3534347447114
2767.0867179074617	300	4.0	1.8000346024115987	160064	5800.034602411599	-7.440148790369874
2770.0304337825264	300	5.056284124935403	0.0	137507	2943.7158750645967	0.3
2772.148662129778	300	6.938055777683785	0.0	118421	2118.228347251618	0.3

