28423.779822766566	300	4.0	0.5840959173129393	181801	584.0959173129393	-2.211612444445639
28424.11362734205	300	7.666195424517136	0.0	155580	333.8045754828638	0.3
28424.41600207428	300	11.363820692287103	0.0	139857	302.37473223003303	0.3
28424.800344372623	300	14.979478393942701	0.0	155432	384.3422983444013	0.3
28426.08666914842	750	17.69315361814753	0.0	411561	1286.324775795168	0.3
28427.14054816249	750	20.639274604075304	0.0	318564	1053.8790140722276	0.75
28427.91267800639	1200	23.867144760177958	0.0	561791	772.1298438973452	0.75
28429.200694538817	1850	26.579128227747912	0.0	1060487	1288.0165324300456	1.2000000000000002
28436.03191704216	2850	23.747905724403086	0.0	1348011	6831.222503344825	1.85
28439.035658961206	1850	24.744163805358582	0.0	913888	3003.741919044502	0.8500000000000001
28447.46926771229	2850	20.31055505427475	0.0	1354548	8433.608751083832	1.85
28452.702582378955	1200	19.077240387612534	0.0	594078	5233.314666662216	-0.44999999999999996
28454.99235446419	1200	20.787468302378862	0.0	624282	2289.772085233677	1.2
28457.599537670263	1200	22.18028509630415	0.0	687371	2607.183206074712	1.2
28460.675034878965	1850	23.104787887601777	0.0	821631	3075.4972087023693	1.2000000000000002
28462.832547324433	1850	24.947275442133915	0.0	923170	2157.5124454678626	1.85
28464.75817400689	1850	27.021648759677333	0.0	966699	1925.6266824565835	1.85
28468.32284130425	2850	27.456981462316904	0.0	1358801	3564.6672973604286	1.85
28470.582262516324	2850	29.197560250241818	0.0	1537156	2259.421212075087	2.85
28472.26653979657	2850	31.51328296999703	0.0	1336050	1684.2772802447898	2.85
28476.178286560233	4300	31.601536206330668	0.0	2039773	3911.746763666361	2.8499999999999996
28484.387155407767	4300	27.39266735879582	0.0	2176469	8208.86884753485	4.3
28491.267826536015	2850	24.511996230548608	0.0	1505760	6880.671128247211	1.4000000000000001
28495.534434970345	1850	24.245387796218214	0.0	874175	4266.6084343303955	0.8500000000000001
28496.696806960954	1850	27.08301580560804	0.0	897976	1162.3719906101721	1.85
28500.108411872956	2850	27.671410893605447	0.0	1480464	3411.6049120025914	1.85
28502.965402999962	2850	28.814419766600288	0.0	1547572	2856.991127005161	2.85
28504.436935192734	2850	31.342887573829376	0.0	1141971	1471.5321927709135	2.85
28508.035027465725	4300	31.744795300839602	0.0	2134614	3598.0922729897734	2.8499999999999996
28513.51788555106	4300	30.261937215501494	0.0	2164140	5482.858085338112	4.3
28517.718403638602	4300	30.06141912796099	0.0	2113193	4200.518087540504	4.3
28525.489716255535	4300	26.290106511029244	0.0	2147852	7771.312616931743	4.3
28534.578735116665	2850	21.201087649898856	0.0	1358081	9089.01886113039	1.4000000000000001
28536.402592230894	1200	23.377230535669277	0.0	670129	1823.8571142295757	-0.44999999999999996
28543.264335628694	1850	20.51548713787026	0.0	1026056	6861.743397799017	1.2000000000000002
28544.900249711518	1200	22.87957305504327	0.0	598727	1635.9140828269894	0.5499999999999999
28548.092889120304	1850	23.686933646258144	0.0	728962	3192.6394087851245	1.2000000000000002
28550.857304721976	1850	24.9225180445831	0.0	938587	2764.415601675045	1.85
28553.016277699782	1850	26.763545066779002	0.0	908665	2158.9729778040974	1.85
28555.276007125667	2850	28.50381564089581	0.0	1402287	2259.7294258831944	1.85
28558.824205880617	2850	28.955616885948537	0.0	1339500	3548.1987549472724	2.85
28561.663120379013	4300	30.1167023875512	0.0	2184571	2838.9144983973374	2.8499999999999996
28566.125526075586	4300	29.65429669097593	0.0	2121928	4462.405696575267	4.3
28574.162614967736	4300	25.617207798826307	0.0	2219102	8037.088892149623	4.3
28583.8985715128	2850	19.881251253765278	0.0	1464921	9735.956545061032	1.4000000000000001
28584.748379144512	1200	23.031443622052308	0.0	638661	849.8076317129668	-0.44999999999999996
28585.829696422214	1850	25.950126344352697	0.0	830730	1081.3172776996134	1.2000000000000002
28589.08471563076	2850	26.695107135800964	0.0	1364537	3255.0192085517288	1.85

