59286.50317008705	300	4.0	1.678583789961209	181801	1678.583789961209	-6.917910296833199
59286.95220216068	300	7.550967926371097	0.0	155580	449.0320736289026	0.3
59287.42670025703	300	11.07646983003477	0.0	139857	474.4980963363265	0.3
59288.17183585414	300	14.331334232919117	0.0	155432	745.1355971156538	0.3
59289.76843349594	750	16.73473659112504	0.0	411561	1596.5976417940772	0.3
59290.566028490386	750	19.937141596679226	0.0	318564	797.59499444581	0.75
59293.11056340611	1200	21.39260668095642	0.0	561791	2544.5349157228093	0.75
59300.949714907576	1850	17.553455179488616	0.0	1060487	7839.151501467803	1.2000000000000002
59303.8933612617	750	18.60980882537163	0.0	374758	2943.646354116983	-0.3500000000000001
59305.3568519428	1200	21.146318144265116	0.0	560821	1463.4906811065155	0.75
59308.18096253162	1200	22.32220755544432	0.0	607410	2824.1105888207976	1.2
59310.56884475979	1850	23.93432532727337	0.0	917428	2387.882228170949	1.2000000000000002
59312.968006891264	1850	25.535163195799502	0.0	946851	2399.1621314738695	1.85
59317.35054339906	2850	25.152626688008237	0.0	1578343	4382.536507791266	1.85
59321.225013814175	2850	25.278156272894805	0.0	1231445	3874.4704151134315	2.85
59323.335183470466	1850	27.167986616601283	0.0	923170	2110.1696562935213	0.8500000000000001
59328.23387339322	2850	26.26929669384531	0.0	1491626	4898.689922755975	1.85
59331.859397638415	2850	26.643772448653703	0.0	1358801	3625.5242451916065	2.85
59338.32858430872	2850	24.174585778353556	0.0	1537156	6469.186670300147	2.85
59343.82428814691	2850	22.678881940159346	0.0	1336050	5495.70383819421	2.85
59348.735712541755	1850	21.767457545320788	0.0	891604	4911.424394838559	0.8500000000000001
59351.77931300755	1200	22.723857079520343	0.0	616206	3043.6004658004454	0.5499999999999999
59354.73888771185	1850	23.764282375217324	0.0	968026	2959.5747043030165	1.2000000000000002
59356.87351199361	1850	25.62965809346329	0.0	874175	2134.6242817540324	1.85
59359.87370135145	2850	26.629468735624354	0.0	1383735	3000.1893578389377	1.85
59363.09299026483	2850	27.41017982224795	0.0	1480464	3219.2889133763997	2.85
59369.52194082789	2850	24.981229259180676	0.0	1547572	6428.950563067277	2.85
59376.08147626582	2850	22.421693821254816	0.0	1141971	6559.5354379258615	2.85
59378.69926429519	1850	23.803905791880442	0.0	972798	2617.788029374373	0.8500000000000001
59385.00828055017	1850	21.494889536896633	0.0	975811	6309.0162549838105	1.85
59387.77492612479	1200	22.7282439622859	0.0	570392	2766.645574610732	0.5499999999999999
59390.558883943144	1850	23.944286143932633	0.0	954453	2783.9578183532694	1.2000000000000002
59393.030276733334	1850	25.4728933537441	0.0	885062	2471.3927901885313	1.85
59398.23980857399	2850	24.263361513085552	0.0	1587293	5209.531840658546	1.85
59401.61621126281	2850	24.886958824272305	0.0	1492672	3376.4026888132503	2.85
59403.811055129554	1850	26.692114957526893	0.0	943942	2194.84386674541	0.8500000000000001
59409.02799608326	2850	25.475174003815546	0.0	1139291	5216.940953711344	1.85
59413.88183270449	1850	24.6213373825931	0.0	938587	4853.8366212224455	0.8500000000000001
59416.35688117242	1850	26.146288914658808	0.0	908665	2475.0484679342967	1.85
59421.29105302606	2850	25.212117061008993	0.0	1402287	4934.171853649813	1.85
59427.55828786914	1850	22.944882217930644	0.0	858450	6267.234843078348	0.8500000000000001
59437.64206205154	1850	16.861108035528694	0.0	1025005	10083.77418240195	1.85
59438.4754609714	750	20.027709115672202	0.0	372093	833.3989198564922	-0.3500000000000001
59440.042789343024	1200	22.46038074405226	0.0	634861	1567.3283716199455	0.75
59444.45937893601	1850	22.043791151064454	0.0	958994	4416.5895929878025	1.2000000000000002
59454.81810461979	1850	15.685065467278962	0.0	982064	10358.725683785493	1.85
59456.865367581784	750	17.637802505290807	0.0	331053	2047.2629619881527	-0.3500000000000001
59457.90707316429	750	20.59609692278091	0.0	314107	1041.7055825099014	0.75

