50836.092804158354	750	4.0	1.799116834973124	450283	1799.116834973124	-6.986202390384433
50836.98483972501	750	7.107964433344014	0.0	398865	892.0355666559858	0.75
50838.23078731182	750	9.862016846530475	0.0	350812	1245.9475868135398	0.75
50842.874872429886	1850	9.217931728470354	0.0	933276	4644.085118060121	0.75
50844.158732646116	1850	11.934071512241353	0.0	996749	1283.8602162290017	1.85
50845.20623986919	1850	14.886564289167167	0.0	801058	1047.507223074186	1.85
50846.37990887082	1850	17.712895287544285	0.0	905515	1173.6690016228804	1.85
50847.7407509977	1850	20.352053160661743	0.0	1060487	1360.8421268825402	1.85
50848.85079137877	1850	23.24201277959567	0.0	852833	1110.040381066074	1.85
50851.87773166865	1850	24.21507248971503	0.0	913888	3026.940289880638	1.85
50853.269522984985	1850	26.823281173376753	0.0	939819	1391.7913163382816	1.85
50854.52966401291	1850	29.563140145452977	0.0	917428	1260.141027923774	1.85
50857.14226749187	1850	30.950536666490482	0.0	946851	2612.6034789624946	1.85
50858.58768375806	1850	33.50512040030554	0.0	1036454	1445.416266184941	1.85
50863.685412711355	4300	32.4073914470082	0.0	2005399	5097.728953297348	1.8499999999999996
50865.512975224454	4300	34.57982893390957	0.0	2152483	1827.5625130986334	4.3
50870.072475027664	4300	34.020329130693675	0.0	2289689	4559.499803215895	4.3
50872.07831555599	4300	36.01448860236982	0.0	2059512	2005.8405283238492	4.3
50874.23490658003	4300	37.8578975783299	0.0	2220726	2156.591024039922	4.3
50876.33165429348	4300	39.76114986488546	0.0	2156729	2096.7477134444307	4.3
50878.319036970526	4300	41.77376718783346	0.0	2039773	1987.3826770520018	4.3
50882.51187893021	4300	41.580925228152175	0.0	2176469	4192.841959681278	4.3
50886.85171460736	4300	41.24108955099639	0.0	2221506	4339.835677155784	4.3
50890.60241581843	4300	41.4903883399246	0.0	2044075	3750.7012110717988	4.3
50892.65072856279	4300	43.44207559557055	0.0	2186790	2048.3127443540398	4.3
50895.0770751426	4300	45.015729015757415	0.0	2105231	2426.3465798131347	4.3
50897.00302771362	4300	47.089776444737936	0.0	2395588	1925.9525710194828	4.3
50898.87138059852	4300	49.221423559838215	0.0	1972048	1868.3528848997237	4.3
50900.887156555815	4300	51.20564760253528	0.0	2134614	2015.7759573029357	4.3
50902.929708183525	4300	53.16309597482293	0.0	2164140	2042.5516277123518	4.3
50904.92605849442	4300	55.16674566392791	0.0	2113193	1996.35031089502	4.3
50913.69537204991	4300	50.39743210844144	0.0	2147852	8769.313555486468	4.3
50919.7526069256	4300	48.34019723274492	0.0	2191074	6057.234875696521	4.3
50924.0555394659	4300	48.03726469244239	0.0	2286761	4302.932540302527	4.3
50927.68992172448	4300	48.402882433868896	0.0	2307787	3634.382258573498	4.3
50930.97040037558	4300	49.12240378276612	0.0	2143948	3280.4786511027687	4.3
50934.02518221407	4300	50.0676219442772	0.0	1919781	3054.7818384889224	4.3
50937.43277313739	4300	50.66003102096131	0.0	2147467	3407.590923315883	4.3
50942.502969906185	4300	49.58983425216634	0.0	2133870	5070.196768794975	4.3
50950.60288667374	4300	45.48991748461146	0.0	2146120	8099.916767554882	4.3
50954.23483605542	4300	45.857968102929405	0.0	2108491	3631.9493816820536	4.3
50958.16097596076	4300	45.9318281975887	0.0	2184571	3926.139905340708	4.3
50961.60091043665	4300	46.491893721701	0.0	2121928	3439.9344758877087	4.3
50965.19471359836	4300	46.898090559995524	0.0	2219102	3593.8031617054708	4.3
50969.26423818946	4300	46.828565968892285	0.0	2124950	4069.5245911032403	4.3
50971.77447640599	4300	48.318327752357	0.0	2246506	2510.238216535286	4.3
50975.07900033111	4300	49.01380382723694	0.0	1961140	3304.5239251200537	4.3
50976.97744047729	4300	51.115363681057886	0.0	2155012	1898.4401461790649	4.3

