54476.88744797479	300	4.0	2.621513289530763	181801	2621.513289530763	-10.97250714498228
54478.0684178242	300	6.81903015059306	0.0	155580	1180.9698494069396	0.3
54478.539322028104	300	10.348125946694804	0.0	139857	470.90420389825675	0.3
54479.05375879008	300	13.833689184714252	0.0	155432	514.4367619805505	0.3
54480.08308924684	750	16.80435872795876	0.0	411561	1029.3304567554933	0.3
54480.75341676044	750	20.134031214360213	0.0	318564	670.3275135985477	0.75
54484.78503364831	1200	20.10241432648804	0.0	561791	4031.6168878721746	0.75
54487.02654483654	1200	21.860903138264106	0.0	709534	2241.5111882239325	1.2
54491.331198124644	1850	21.55624985015615	0.0	852833	4304.653288107959	1.2000000000000002
54493.85627164803	1200	23.03117632677279	0.0	560821	2525.073523383359	0.5499999999999999
54502.597297814966	1850	18.29015015983382	0.0	939819	8741.02616693897	1.2000000000000002
54505.501114347324	1200	19.386333627472098	0.0	594078	2903.816532361725	0.5499999999999999
54508.65416330758	1200	20.23328466721367	0.0	624282	3153.0489602584275	1.2
54510.411654508665	1200	22.475793466133602	0.0	687371	1757.4912010800645	1.2
54512.24174626487	1850	24.64570170993423	0.0	821631	1830.0917561993751	1.2000000000000002
54514.70702170941	1850	26.18042626539671	0.0	923170	2465.2754445375167	1.85
54520.492209537064	2850	24.395238437732424	0.0	1491626	5785.187827664289	1.85
54523.65735078398	1850	25.230097190821013	0.0	885714	3165.1412469114102	0.8500000000000001
54527.29870535357	1850	25.58874262123453	0.0	987708	3641.3545695864827	1.85
54533.238592367736	2850	23.648855607059154	0.0	1336050	5939.887014175377	1.85
54535.62388301427	1850	25.26356496052617	0.0	891604	2385.2906465329847	0.8500000000000001
54540.8548947066	2850	24.03255326819475	0.0	1468126	5231.011692331421	1.85
54542.97637004946	1850	25.9110779253356	0.0	968026	2121.4753428591503	0.8500000000000001
54547.79166731041	2850	25.095780664386723	0.0	1323990	4815.297260948878	1.85
54550.331980177856	1850	26.555467796941507	0.0	897976	2540.3128674452146	0.8500000000000001
54555.441894068994	2850	25.445553905805696	0.0	1480464	5109.9138911358095	1.85
54561.1750737966	2850	23.71237417820008	0.0	1547572	5733.179727605615	2.85
54563.37324876394	1850	25.514199210855924	0.0	758197	2198.1749673441554	0.8500000000000001
54567.68633199519	2850	25.20111597960925	0.0	1498470	4313.083231246679	1.85
54569.74455035481	1850	27.142897619988723	0.0	975811	2058.218359620526	0.8500000000000001
54573.731554956794	2850	27.155893018005393	0.0	1341201	3987.0046019833294	1.85
54580.21264501667	2850	24.67480295812956	0.0	1497683	6481.090059875834	2.85
54582.02902920272	1850	26.858418772078302	0.0	885062	1816.3841860512596	0.8500000000000001
54585.23235962706	2850	27.655088347740428	0.0	1587293	3203.330424337874	1.85
54588.97374678057	2850	27.913701194233276	0.0	1492672	3741.3871535071517	2.85
54595.6346663586	2850	25.25278161620612	0.0	1439896	6660.919578027157	2.85
54597.59135557741	1850	27.296092397395707	0.0	728962	1956.6892188104155	0.8500000000000001
54605.39814692455	4300	23.489301050258195	0.0	2147467	7806.791347137512	1.8499999999999996
54611.41681294669	1850	21.470635028114998	0.0	908665	6018.6660221432	-0.6000000000000001
54615.15460776511	1200	21.732840209695308	0.0	587506	3737.794818419692	0.5499999999999999
54619.976553027955	1850	20.910894946842994	0.0	858450	4821.945262852312	1.2000000000000002
54621.90753501663	1200	22.979912958169944	0.0	641452	1930.9819886730481	0.5499999999999999
54625.434212118766	1850	23.45323585603487	0.0	886255	3526.6771021350773	1.2000000000000002
54630.75765368467	1850	22.129794290130217	0.0	973972	5323.4415659046535	1.85
54633.01395289999	1850	23.873495074809412	0.0	958994	2256.2992153208024	1.85
54636.04376566355	1850	24.84368231125038	0.0	982064	3029.8127635590326	1.85
54638.80990943484	2850	26.077538539961996	0.0	1231456	2766.1437712883844	1.85
54641.827994681844	2850	27.05945329296195	0.0	1364537	3018.0852470000445	2.85

