6018.380985502122	750	4.0	0.9654542004088151	450283	965.4542004088152	1	-3.4014530617579046
6019.201300430072	750	7.1796850720501295	0.0	398865	820.3149279498698	1	0.75
6021.150172356265	750	9.230813145856741	0.0	350812	1948.871926193389	1	0.75
6023.39023645016	750	10.99074905196139	0.0	382355	2240.0640938953493	1	0.75
6024.638278842821	1850	13.742706659300222	0.0	411561	1248.042392661169	3	0.75
6031.026658816275	750	11.354326685845585	0.0	801058	6388.379973454637	1	0.75
6037.935158723178	300	8.445826778943236	0.0	352642	6908.499906902348	0	-0.3500000000000001
6038.5092115213065	750	11.87177398081411	0.0	173849	574.0527981291248	1	-0.15000000000000002
6039.612233968467	1850	14.76875153365266	0.0	374758	1103.0224471614515	3	0.3
6041.400622463103	1850	16.98036303901699	0.0	913888	1788.38849463567	3	0.75
6043.449549648281	1850	18.931435853838934	0.0	939819	2048.927185178053	3	1.85
6048.9240568241485	1850	17.45692867797194	0.0	917428	5474.507175866996	3	1.85
6051.643794568375	1850	18.737190933745886	0.0	946851	2719.7377442260527	3	1.85
6059.4386733895535	1850	14.942312112567619	0.0	1036454	7794.878821178268	3	1.85
6061.010761343834	1850	17.370224158286934	0.0	821631	1572.0879542806838	3	1.85
6062.463202607814	1850	19.917782894306917	0.0	923170	1452.4412639800184	3	1.85
6065.970763512839	1850	20.410221989282064	0.0	966699	3507.5609050248518	3	1.85
6072.258100899163	1850	18.12288460295754	0.0	885714	6287.337386324525	3	1.85
6074.847217850459	1850	19.533767651661737	0.0	987708	2589.1169512958018	3	1.85
6076.838666925409	1850	21.542318576711942	0.0	923755	1991.4490749497922	3	1.85
6081.245438269793	1850	21.135547232327816	0.0	891604	4406.771344384128	3	1.85
6083.312581261315	1850	23.06840424080535	0.0	955231	2067.142991522467	3	1.85
6085.17946303162	1850	25.20152247050076	0.0	968026	1866.8817703045909	3	1.85
6087.033900799694	1850	27.347084702426958	0.0	874175	1854.437768073803	3	1.85
6091.475860460945	1850	26.905125041175378	0.0	897976	4441.959661251576	3	1.85
6099.628816761168	1850	22.752168740951745	0.0	905935	8152.956300223632	3	1.85
6101.5301347253735	1850	24.85085077674672	0.0	1076599	1901.3179642050268	3	1.85
6102.778894050921	1850	27.602091451199417	0.0	758197	1248.7593255473048	3	1.85
6106.330089275789	1850	28.050896226331737	0.0	972798	3551.195224867679	3	1.85
6108.797527332896	1850	29.58345816922498	0.0	975811	2467.4380571067586	3	1.85
6110.090432302156	1850	32.29055319996528	0.0	873429	1292.9049692596984	3	1.85
6111.937197202766	1850	34.44378829935526	0.0	954453	1846.7649006100187	3	1.85
6114.275125121376	4300	36.10586038074516	0.0	885062	2337.927918610097	5	1.85
6119.749303828249	4300	34.63168167387174	0.0	2286761	5474.178706873427	5	1.8499999999999996
6124.413639687679	4300	33.967345814440485	0.0	2307787	4664.335859431255	5	4.3
6131.099908160073	4300	31.281077342047126	0.0	2143948	6686.26847239336	5	4.3
6146.491986468828	1850	19.888999033291796	0.0	1919781	15392.078308755334	3	4.3
6148.5601144683005	1850	21.820871033819486	0.0	938587	2068.12799947231	3	-0.6000000000000001
6150.476006394173	1850	23.90497910794693	0.0	908665	1915.8919258725564	3	1.85
6156.114220745677	1850	22.266764756443017	0.0	930577	5638.214351503912	3	1.85
6157.733454936695	1850	24.64753056542482	0.0	858450	1619.2341910181958	3	1.85
6165.86979936538	1850	20.511186136739926	0.0	1025005	8136.344428684892	3	1.85
6168.190102056165	1850	22.190883445954636	0.0	886255	2320.3026907852873	3	1.85
6169.718068695854	1850	24.66291680626623	0.0	973972	1527.966639688407	3	1.85
6171.2237681201295	1850	27.15721738198982	0.0	958994	1505.6994242764106	3	1.85
6179.244624611921	1850	23.136360890198457	0.0	982064	8020.856491791366	3	1.85
6181.926036355835	1850	24.454949146284118	0.0	830730	2681.411743914336	3	1.85
6183.455614481364	1850	26.92537102075492	0.0	846370	1529.5781255291977	3	1.85

