17973.795807902974	300	4.0	1.809513019019925	450283	1809.513019019925	0	-7.0309059817856765
17974.842335742684	300	6.95347216028912	0.0	155580	1046.5278397108796	0	-0.15000000000000002
17975.19156654801	1850	10.604241354963786	0.0	139857	349.2308053253344	3	0.3
17990.242675039535	300	4.0	4.446867136559876	933276	15051.108491523662	0	-18.82152868720747
17992.924181519556	300	5.3184935199754015	0.0	163442	2681.506480024598	0	-1.25
17994.293874894545	300	7.948800144986348	0.0	126289	1369.6933749890538	0	0.3
17996.658221586797	300	9.584453452733259	0.0	153295	2364.3466922530893	0	0.3
17998.586296786405	300	11.6563782531269	0.0	173849	1928.0751996063584	0	0.3
18000.005497040376	750	14.23717799915484	0.0	150710	1419.2002539720606	1	0.3
18005.48187048639	750	12.760804553139634	0.0	362795	5476.373446015205	1	0.3
18012.80966684024	300	9.433008199290343	0.0	353220	7327.79635384929	0	0.75
18017.848120704482	300	8.39455433504876	0.0	156148	5038.453864241582	0	-0.15000000000000002
18019.155498464883	300	11.08717657464884	0.0	160746	1307.3777603999204	0	0.3
18019.438818739724	1850	14.803856299806984	0.0	179801	283.3202748418547	3	0.3
18020.44792503356	1850	17.794750005967753	0.0	821631	1009.1062938392328	3	0.30000000000000004
18024.69835769356	1850	17.544317345970835	0.0	923170	4250.432659996917	3	1.85
18026.62337195999	1850	19.61930307953905	0.0	966699	1925.0142664317814	3	1.85
18037.82009612711	750	12.422578912419766	0.0	885714	11196.724167119286	1	1.85
18056.279278546597	300	4.0	6.036603507067059	405596	18459.182419486824	0	-26.307395080388353
18058.908047542813	300	5.371231003781944	0.0	140881	2628.7689962180557	0	-0.15000000000000002
18060.011604927062	300	8.267673619532816	0.0	157671	1103.5573842491287	0	0.3
18060.39908730863	1850	11.880191237963777	0.0	157812	387.4823815690409	3	0.3
18062.214130922563	1850	14.065147624032534	0.0	968026	1815.0436139312424	3	0.30000000000000004
18063.461220524452	1850	16.818058022144363	0.0	874175	1247.0896018881706	3	1.85
18070.48985976597	1850	13.789418780628951	0.0	897976	7028.6392415154105	3	1.85
18071.743837302416	1850	16.535441244182135	0.0	905935	1253.9775364468182	3	1.85
18074.699611274133	1850	17.579667272463897	0.0	1076599	2955.773971718237	3	1.85
18075.675900018796	1850	20.603378527800334	0.0	758197	976.2887446635618	3	1.85
18078.71681103202	1850	21.562467514576266	0.0	972798	3040.911013224066	3	1.85
18080.13600347209	1850	24.143275074505475	0.0	975811	1419.1924400707892	3	1.85
18084.791740405504	1850	23.487538141090358	0.0	873429	4655.736933415117	3	1.85
18085.975737258872	1850	26.30354128772308	0.0	954453	1183.9968533672795	3	1.85
18088.295435059794	1850	27.983843486798413	0.0	885062	2319.697800924664	3	1.85
18093.841571986377	1850	26.437706560216107	0.0	1035329	5546.13692658231	3	1.85
18095.532772636976	1850	28.746505909617717	0.0	1026056	1691.2006505983866	3	1.85
18099.44373101391	1850	28.835547532682213	0.0	943942	3910.958376935504	3	1.85
18103.05587495019	1850	29.223403596406538	0.0	728962	3612.143936275674	3	1.85
18104.350808032075	1850	31.928470514520114	0.0	938587	1294.9330818864232	3	1.85
18109.78186807434	1850	30.4974104722564	0.0	908665	5431.060042263713	3	1.85
18120.821979510783	750	23.457299035812266	0.0	930577	11040.111436444135	1	1.85
18127.81379542287	750	20.465483123725427	0.0	345516	6991.815912086842	1	-0.3500000000000001
18128.398984058196	1850	23.880294488397094	0.0	384505	585.1886353283312	3	0.75
18129.643405727624	1850	26.635872818970405	0.0	886255	1244.4216694266918	3	0.75
18139.071113024664	1850	21.208165521932226	0.0	973972	9427.707297038176	3	1.85
18142.344715312745	1850	21.93456323384965	0.0	958994	3273.602288082575	3	1.85
18154.618375908904	750	13.66090263769256	0.0	982064	12273.660596157091	1	1.85
18160.575991222293	750	11.703287324305405	0.0	331053	5957.615313387155	1	-0.3500000000000001
18164.59603236326	750	11.683246183336296	0.0	314107	4020.04114096911	1	0.75

