57075.288088822876	300	4.0	0.8221853498307067	181801	822.1853498307066	-3.2353970042720386
57075.927065581396	300	7.361023241479044	0.0	155580	638.976758520956	0.3
57076.636313431554	300	10.651775391321467	0.0	139857	709.2478501575766	0.3
57077.19626788371	300	14.091820939165853	0.0	155432	559.9544521556151	0.3
57077.782390237575	300	17.50569858529759	0.0	163442	586.1223538682583	0.3
57078.2534628257	300	21.034625997176615	0.0	126289	471.07258812097547	0.3
57078.783849156665	300	24.50423966621187	0.0	153295	530.3863309647459	0.3
57079.30953528556	300	27.978553537314266	0.0	173849	525.6861288976049	0.3
57079.77590136467	300	31.512187458210228	0.0	150710	466.3660791040389	0.3
57080.21251640968	300	35.07557241319817	0.0	139105	436.61504501205843	0.3
57080.65614300818	300	38.63194581469696	0.0	141840	443.62659850120673	0.3
57081.2182488315	300	42.06983999137067	0.0	156148	562.1058233262881	0.3
57082.20210578914	300	45.085983033737534	0.0	160746	983.856957633146	0.3
57083.25735996008	300	48.030728862799094	0.0	179801	1055.2541709384363	0.3
57083.62398470446	300	51.6641041184114	0.0	140051	366.6247443876959	0.3
57083.98705250312	300	55.3010363197488	0.0	138313	363.0677986625971	0.3
57084.36075430063	300	58.92733452224408	0.0	143509	373.7017975047223	0.3
57084.93809868309	300	59.53908772285888	0.0	150616	388.24679938520404	0.3
57088.38111054923	750	59.62663061282545	0.0	405596	3412.457110033431	0.3
57091.489749623164	750	59.79358850540966	0.0	350713	1333.042107415795	0.75
57094.05073359288	750	59.60989495706696	0.0	386472	683.6935483426914	0.75
57096.12324923408	750	59.97728234239434	0.0	399894	632.6126146726264	0.75
57098.10528419731	750	59.91121637880048	0.0	401853	566.0659635938586	0.75
57099.86576185524	750	59.952961998149846	0.0	343800	458.25438065063815	0.75
57101.53483002268	750	59.9750396408173	0.0	359903	477.92235733254216	0.75
57103.32942665404	750	59.50631413674826	0.0	379700	468.72550406904145	0.75
57106.98395053418	750	59.851790256609824	0.0	425781	2654.52388013843	0.75
57108.428918019024	1200	59.79800411704872	0.0	487160	553.786139561108	0.75
57110.461954373946	1850	59.93257658077941	0.0	972798	1365.42753626931	1.2000000000000002
57112.03168971492	1850	59.94701327862015	0.0	975811	985.5633021592606	1.85
57114.2162035859	1850	59.84884234633172	0.0	873429	1598.1709322884265	1.85
57117.032161825446	2850	59.69753479985609	0.0	1497683	2151.307546475632	1.85
57119.82903326949	4300	59.59592433662526	0.0	2191074	2101.6104632308316	2.8499999999999996
57122.858361931656	4300	59.88289045399418	0.0	2286761	2713.033882631075	4.3
57125.61805472788	4300	59.62119144565336	0.0	2307787	2261.699008340827	4.3
57127.88602245292	4300	59.94370453901767	0.0	2143948	2177.486906635683	4.3
57130.07407847513	4300	59.610417015317765	0.0	1919781	1833.2875236999082	4.3
57132.42630165868	4300	59.56918961560015	0.0	2147467	2041.2273997176087	4.3
57134.71991676264	4300	59.540380012735284	0.0	2133870	2028.8096028648697	4.3
57136.97671656558	4300	59.50038279411355	0.0	2146120	2039.997218621732	4.3
57144.847218754214	4300	55.629880605473254	0.0	2108491	7870.502188640289	4.3
57154.04808884148	4300	50.42901051820444	0.0	2184571	9200.870087268811	4.3
57159.54909466085	4300	48.9280046988424	0.0	2121928	5501.005819362046	4.3
57178.72367474045	4300	33.75342461923466	0.0	2219102	19174.580079607746	4.3
57188.955791674365	4300	27.521307685325358	0.0	2124950	10232.116933909294	4.3
57194.24493857667	2850	26.232160783028	0.0	1483527	5289.146902297357	1.4000000000000001
57195.26874645855	1850	29.20835290115344	0.0	830730	1023.8078818745583	0.8500000000000001
57207.903051843794	1850	20.574047515907964	0.0	846370	12634.305385245476	1.85

