6497.641988397331	750	4.0	0.9654542004088151	450283	965.4542004088152	1	-3.4014530617579046
6498.46230332528	750	7.1796850720501295	0.0	398865	820.3149279498698	1	0.75
6500.411175251474	750	9.230813145856741	0.0	350812	1948.871926193389	1	0.75
6502.651239345369	750	10.99074905196139	0.0	382355	2240.0640938953493	1	0.75
6503.8992817380295	1850	13.742706659300222	0.0	411561	1248.042392661169	3	0.75
6510.287661711484	750	11.354326685845585	0.0	801058	6388.379973454637	1	0.75
6517.196161618386	300	8.445826778943236	0.0	352642	6908.499906902348	0	-0.3500000000000001
6517.770214416515	750	11.87177398081411	0.0	173849	574.0527981291248	1	-0.15000000000000002
6518.8732368636765	1850	14.76875153365266	0.0	374758	1103.0224471614515	3	0.3
6520.661625358312	1850	16.98036303901699	0.0	913888	1788.38849463567	3	0.75
6522.71055254349	1850	18.931435853838934	0.0	939819	2048.927185178053	3	1.85
6528.185059719358	1850	17.45692867797194	0.0	917428	5474.507175866996	3	1.85
6530.904797463584	1850	18.737190933745886	0.0	946851	2719.7377442260527	3	1.85
6538.699676284762	1850	14.942312112567619	0.0	1036454	7794.878821178268	3	1.85
6540.271764239043	1850	17.370224158286934	0.0	821631	1572.0879542806838	3	1.85
6541.724205503023	1850	19.917782894306917	0.0	923170	1452.4412639800184	3	1.85
6545.231766408047	1850	20.410221989282064	0.0	966699	3507.5609050248518	3	1.85
6551.519103794371	1850	18.12288460295754	0.0	885714	6287.337386324525	3	1.85
6554.1082207456675	1850	19.533767651661737	0.0	987708	2589.1169512958018	3	1.85
6556.099669820618	1850	21.542318576711942	0.0	923755	1991.4490749497922	3	1.85
6560.506441165002	1850	21.135547232327816	0.0	891604	4406.771344384128	3	1.85
6562.573584156525	1850	23.06840424080535	0.0	955231	2067.142991522467	3	1.85
6564.440465926828	1850	25.20152247050076	0.0	968026	1866.8817703045909	3	1.85
6566.294903694902	1850	27.347084702426958	0.0	874175	1854.437768073803	3	1.85
6570.736863356155	1850	26.905125041175378	0.0	897976	4441.959661251576	3	1.85
6578.889819656378	1850	22.752168740951745	0.0	905935	8152.956300223632	3	1.85
6580.791137620582	1850	24.85085077674672	0.0	1076599	1901.3179642050268	3	1.85
6582.039896946129	4300	27.602091451199417	0.0	758197	1248.7593255473048	5	1.85
6588.236829859565	4300	25.405158537764205	0.0	2134614	6196.932913435212	5	1.8499999999999996
6592.522490893724	4300	25.119497503605196	0.0	2164140	4285.661034159009	5	4.3
6597.18594750527	4300	24.456040892059107	0.0	2113193	4663.456611546088	5	4.3
6602.12912853886	4300	23.512859858469053	0.0	2147852	4943.1810335900545	5	4.3
6606.333487282203	4300	23.308501115125146	0.0	2191074	4204.358743343907	5	4.3
6624.711030633064	1850	8.930957764264345	0.0	2286761	18377.5433508608	3	4.3
6627.217101897286	1850	10.424886500041728	0.0	1026056	2506.0712642226163	3	-0.6000000000000001
6629.157785790479	1850	12.484202606849035	0.0	943942	1940.6838931926936	3	1.85
6634.544219941864	1850	11.097768455464225	0.0	728962	5386.4341513848085	3	1.85
6636.160531655415	1850	13.481456741913396	0.0	938587	1616.3117135508282	3	1.85
6642.3968618105355	1850	11.245126586792916	0.0	908665	6236.33015512048	3	1.85
6646.686393734201	1850	10.955594663126645	0.0	930577	4289.53192366627	3	1.85
6648.042618268213	1850	13.599370129114874	0.0	858450	1356.2245340117713	3	1.85
6649.646453702408	1850	15.99553469491983	0.0	1025005	1603.8354341950442	3	1.85
6654.2080647416715	1850	15.433923655656677	0.0	886255	4561.611039263153	3	1.85
6660.131622394394	1850	13.510366002933774	0.0	973972	5923.557652722903	3	1.85
6662.061458831695	1850	15.580529565632773	0.0	958994	1929.8364373010008	3	1.85
6664.481129407023	1850	17.16085899030429	0.0	982064	2419.670575328481	3	1.85
6668.693585891771	1850	16.948402505556064	0.0	830730	4212.456484748229	3	1.85
6670.358357383466	1850	19.28363101386218	0.0	846370	1664.7714916938828	3	1.85

