58072.38905815561	750	4.0	3.8622011256347126	450283	3862.2011256347128	0.11658714431294685	-15.857464840229262
58073.316788064454	300	7.072270091154298	0.0	155580	927.7299088457022	0.16769967047152265	-0.15000000000000002
58075.656522915466	750	8.732535240142646	0.0	350812	2339.734851011651	0.14993664767113096	0.3
58081.01368615679	750	7.375371998820614	0.0	382355	5357.163241322032	0.07137266175701659	0.75
58083.95895145374	750	8.430106701866316	0.0	411561	2945.265296954297	0.13973647821321764	0.75
58084.800309470455	750	11.58874868515443	0.0	318564	841.3580167118868	0.3786307299299063	0.75
58087.30933818562	1850	13.079719969984062	0.0	905515	2509.0287151703674	0.36090260526911266	0.75
58093.64778203281	2850	10.741276122797029	0.0	1638769	6338.443847187034	0.2585443745356009	1.85
58095.290682735955	1200	13.09837541964724	0.0	584846	1642.900703149787	0.3559837784953935	-0.44999999999999996
58099.553479988586	2850	12.83557816701349	0.0	1429765	4262.79725263375	0.33540534894466917	1.2000000000000002
58101.21765963326	1850	15.171398522347467	0.0	939819	1664.1796446660223	0.564734103684226	0.8500000000000001
58112.52558355289	4300	7.863474602716734	0.0	2102452	11307.923919630732	0.18592732096031445	1.8499999999999996
58113.67043080129	750	10.718627354311181	0.0	386351	1144.8472484055542	0.33746947510951947	-2.8
58115.76888861442	1200	12.620169541187863	0.0	687371	2098.4578131233175	0.32756007564284834	0.75
58119.13277808432	1850	13.256280071278855	0.0	821631	3363.8894699090074	0.2442502963755896	1.2000000000000002
58121.41824960834	2850	14.970808547260544	0.0	1471065	2285.471524018312	0.6436592994226313	1.85
58123.64236299383	2850	16.746695161770926	0.0	1491626	2224.1133854896143	0.6706609517893958	2.85
58132.448433095735	4300	11.940625059865274	0.0	2059512	8806.070101905652	0.2338741318393908	2.8499999999999996
58133.884036138115	1850	14.505022017489573	0.0	987708	1435.6030423757022	0.6880091298535389	-0.6000000000000001
58139.88033778272	2850	12.508720372888236	0.0	1336050	5996.301644601337	0.22281233987000784	1.85
58141.27889077417	1850	15.110167381439178	0.0	891604	1398.5529914490576	0.6375189252401501	0.8500000000000001
58144.561061385684	4300	15.827996769920054	0.0	2176469	3282.170611519125	0.6631187886337937	1.8499999999999996
58149.33374368129	4300	15.055314474311578	0.0	2221506	4772.682295608476	0.46546278641762745	4.3
58152.123292294935	4300	16.265765860667102	0.0	2044075	2789.5486136444747	0.7327619206927775	4.3
58154.68832737568	4300	17.700730779922946	0.0	2186790	2565.0350807441596	0.8525380476923441	4.3
58158.334367899784	4300	18.05469025581683	0.0	2105231	3646.0405241061185	0.577401975123721	4.3
58166.84754416645	4300	13.54151398915581	0.0	2395588	8513.17626666102	0.28139767402461896	4.3
58168.045078155475	2850	16.343980000125132	0.0	1141971	1197.5339890306777	0.9536021611581545	1.4000000000000001
58173.61255756923	4300	14.776500586366822	0.0	2134614	5567.479413758309	0.3834076143550633	2.8499999999999996
58176.12005769033	2850	16.269000465261527	0.0	1561263	2507.5001211052963	0.6226372580639403	1.4000000000000001
58178.752782799646	4300	17.63627535594165	0.0	2113193	2632.7251093198765	0.8026637465944595	2.8499999999999996
58183.033291258915	4300	17.35576689667013	0.0	2147852	4280.50845927152	0.5017749691272735	4.3
58193.50406865665	4300	10.884989498932736	0.0	2191074	10470.77739773739	0.20925609596795217	4.3
58194.24157270768	1200	14.14748544790533	0.0	670129	737.5040510274061	0.9086445004152222	-1.9000000000000001
58195.915272012266	2850	16.473786143325434	0.0	1492672	1673.6993045798974	0.8918400072913123	1.2000000000000002
58198.59151985173	4300	17.797538303859206	0.0	2143948	2676.24783946623	0.8011021880647662	2.8499999999999996
58201.21529701765	4300	19.173761137939415	0.0	1919781	2623.777165919791	0.7316859925972417	4.3
58208.56564509078	4300	15.823413064811572	0.0	2147467	7350.348073127843	0.29215854523283463	4.3
58212.46399637068	4300	15.925061784905424	0.0	2133870	3898.3512799061477	0.5473775570197903	4.3
58218.09291526341	4300	14.296142892172343	0.0	2146120	5628.91889273308	0.3812668188860628	4.3
58219.58097196915	2850	16.80808618643335	0.0	1339500	1488.056705738992	0.9001673087013063	1.4000000000000001
58227.48866781184	4300	12.900390343743405	0.0	2184571	7907.695842689945	0.2762588551024592	2.8499999999999996
58228.677440137624	1850	15.711618017956214	0.0	886255	1188.7723257871908	0.7455212245230662	-0.6000000000000001
58231.55180783708	4300	16.837250318493975	0.0	2219102	2874.3676994622397	0.7720313585541501	1.8499999999999996
58239.554340391056	4300	12.834717764524067	0.0	2124950	8002.532553969909	0.2655346898833734	4.3
58240.97771688909	1850	15.411341266495928	0.0	982064	1423.3764980281396	0.6899537833879459	-0.6000000000000001
58247.31025490193	4300	13.078803253645773	0.0	1961140	6332.538012850153	0.30969257444967613	1.8499999999999996
58251.07473939615	2850	13.31431875943175	0.0	1364537	3764.4844942140244	0.3624764564968404	1.4000000000000001

