74865.66195819995	300	4.0	1.0516381451023715	181801	1051.6381451023715	-4.222044023940198
74866.4950767039	300	7.166881496057	0.0	155580	833.1185039430003	0.3
74867.19287612283	300	10.469082077117193	0.0	139857	697.799418939806	0.3
74868.54092362315	300	13.12103457680344	0.0	155432	1348.0475003137533	0.3
74869.58390741455	750	16.078050785401285	0.0	411561	1042.9837914021582	0.3
74870.4302447221	750	19.23171347784264	0.0	318564	846.3373075586409	0.75
74876.29364351917	1200	17.368314680782742	0.0	561791	5863.398797059898	0.75
74878.20735006328	750	19.454608136666778	0.0	437162	1913.7065441159646	0.3
74881.69048155093	1200	19.971476649011667	0.0	584846	3483.1314876551132	0.75
74882.83176315945	1200	22.830195040495997	0.0	560821	1141.2816085156712	1.2
74884.69024973545	1850	24.97170846450546	0.0	939819	1858.4865759905383	1.2000000000000002
74890.24481844707	1850	23.417139752882925	0.0	917428	5554.568711622535	1.85
74895.26056625109	1850	22.401391948863054	0.0	946851	5015.747804019874	1.85
74916.94930757092	1850	4.712650629024931	0.0	1036454	21688.741319838122	1.85
74917.42158873437	300	8.240369465574364	0.0	140051	472.28116345056645	-1.25
74917.88906141988	300	11.77289678007592	0.0	138313	467.4726854984438	0.3
74918.40618866424	300	15.255769535708216	0.0	143509	517.1272443677041	0.3
74919.62223092251	750	18.039727277444886	0.0	372963	1216.0422582633284	0.3
74924.72818382212	750	16.933774377823877	0.0	405596	5105.952899621011	0.75
74925.8322459445	750	19.82971225544328	0.0	350713	1104.0621223805963	0.75
74931.4979000274	1200	18.164058172539526	0.0	601738	5665.654082903751	0.75
74934.18567626204	1200	19.476281937897806	0.0	616206	2687.776234641722	1.2
74957.03593996025	1200	4.0	3.3739817602922777	656471	22850.263698190083	-13.308121569256794
74959.23135478597	300	5.80458517428003	0.0	137654	2195.41482571997	-0.6000000000000001
74963.73421417706	300	5.30172578318621	0.0	146754	4502.859391093819	0.3
74966.56163156715	300	6.474308393085881	0.0	153938	2827.417390100329	0.3
74968.61105993218	300	8.424880028042127	0.0	181901	2049.4283650437537	0.3
74972.56694708804	300	8.468992872194784	0.0	111155	3955.8871558473434	0.3
74976.30457778924	300	8.731362170975773	0.0	153605	3737.6307012190096	0.3
74978.2731607053	300	10.762779254920869	0.0	149029	1968.582916054906	0.3
74980.53077420402	300	12.505165756209891	0.0	157421	2257.613498710976	0.3
74989.97790426214	300	7.058035698092601	0.0	157488	9447.13005811729	0.3
75001.9618738991	300	4.0	4.925933938868819	143881	11983.96963696142	-20.88151593713592
75003.72771309232	300	6.234160806784319	0.0	163444	1765.8391932156815	0.3
75012.09240016945	300	4.0	2.13052627034601	179328	8364.68707713033	-8.861262962487842
75012.87183097763	300	7.220569191813451	0.0	159914	779.4308081865496	0.3
75013.5274659356	300	10.564934233864605	0.0	131610	655.6349579488462	0.3
75017.74779593435	300	10.344604235101038	0.0	124011	4220.329998763567	0.3
75018.70269773333	300	13.389702436124622	0.0	144254	954.9017989764161	0.3
75021.83544843685	750	14.256951732603868	0.0	390680	3132.750703520755	0.3
75034.58253980603	750	5.509860363417985	0.0	345516	12747.091369185882	0.75
75036.10429944663	300	7.988100722818529	0.0	161857	1521.7596405994566	-0.15000000000000002
75038.23821873814	300	9.85418143130777	0.0	145210	2133.919291510758	0.3
75044.2365770076	300	7.855823161837722	0.0	172312	5998.358269470048	0.3
75044.78367931249	300	11.308720856959468	0.0	167025	547.1023048782547	0.3
75045.31131447684	300	14.781085692594655	0.0	160064	527.6351643648134	0.3
75046.31713767299	750	17.77526249644521	0.0	331053	1005.8231961494439	0.3
75048.48094065774	750	19.611459511707267	0.0	314107	2163.802984737943	0.75

