34893.09782404806	300	4.0	0.8421875345538424	181801	842.1875345538424	-3.3214063985815225
34893.40171580062	300	7.696108247445862	0.0	155580	303.89175255413863	0.3
34893.71148715648	300	11.386336891585321	0.0	139857	309.77135586054135	0.3
34894.050651880236	300	15.047172167833	0.0	155432	339.1647237523194	0.3
34894.607479954015	300	18.4903440940533	0.0	163442	556.8280737797008	0.3
34894.99264180832	300	22.10518223975024	0.0	126289	385.16185430305956	0.3
34895.31540362502	300	25.782420423048606	0.0	153295	322.76181670163396	0.3
34895.62493367975	300	29.47289036832209	0.0	173849	309.5300547265149	0.3
34895.90391368278	300	33.19391036528594	0.0	150710	278.9800030361581	0.3
34896.16757178989	300	36.93025225817728	0.0	139105	263.65810710865094	0.3
34896.434840873764	300	40.6629831743033	0.0	141840	267.2690838739876	0.3
34896.721000581245	300	44.37682346682476	0.0	156148	286.1597074785351	0.3
34897.013230954595	300	48.08459309347163	0.0	160746	292.2303733531303	0.3
34897.694194355056	750	51.40362969300926	0.0	434409	680.9634004623709	0.3
34898.511832453645	1200	54.58599159441791	0.0	526950	817.6380985913441	0.75
34899.6002859099	1200	57.49753813815965	0.0	587876	1088.45345625827	1.2
34909.28047894548	1850	51.81734510258528	0.0	966699	9680.193035574368	1.2000000000000002
34910.81700854513	1850	54.28081550293399	0.0	885714	1536.5295996512873	1.85
34912.35728891513	1850	56.74053513292873	0.0	987708	1540.2803700052575	1.85
34913.73524151664	1850	59.362582531424714	0.0	923755	1377.9526015040203	1.85
34916.86540226523	1850	59.529804758842815	0.0	891604	1332.7777725818974	1.85
34920.50494800899	1850	59.89025901509786	0.0	955231	2639.5457437449595	1.85
34924.57201999399	1850	59.73068724132032	0.0	968026	2659.571773777542	1.85
34929.35235849527	2850	58.9503487400384	0.0	1323990	4780.338501281914	1.85
34932.61580478	2850	59.59804502258145	0.0	1383735	1852.303717456951	2.85
34936.95492397898	4300	59.258925823606376	0.0	2105231	4339.119198975075	2.8499999999999996
34940.473897389486	4300	59.739952413093874	0.0	2395588	3018.9734105125017	4.3
34944.59844509424	4300	59.61540470833736	0.0	1972048	3124.5477047565137	4.3
34952.14166968257	4300	56.07218012000728	0.0	2134614	7543.224588330078	4.3
34956.94995797015	4300	55.263891832430424	0.0	2164140	4808.288287576854	4.3
34969.00821418827	4300	47.205635614309145	0.0	2113193	12058.256218121276	4.3
34977.93051257073	4300	42.283337231850034	0.0	2147852	8922.298382459116	4.3
34981.16667637164	4300	43.047173430938514	0.0	2191074	3236.1638009115213	4.3
34984.429202542415	4300	43.784647260164355	0.0	2286761	3262.5261707741624	4.3
34990.37335090186	4300	41.84049890072504	0.0	2307787	5944.148359439311	4.3
34999.54741966575	4300	36.66643013682989	0.0	2143948	9174.068763895151	4.3
35002.29340050155	4300	37.92044930103244	0.0	1919781	2745.9808357974475	4.3
35006.20362877896	4300	38.01022102362823	0.0	2147467	3910.2282774042087	4.3
35012.79043540391	4300	35.423414398673	0.0	2133870	6586.8066249552285	4.3
35015.74194633488	4300	36.471903467710376	0.0	2146120	2951.510930962632	4.3
35018.41647498253	4300	37.79737482005944	0.0	2108491	2674.528647650936	4.3
35021.794588067285	4300	38.419261735301056	0.0	2184571	3378.1130847583877	4.3
35024.70969703564	4300	39.50415276694264	0.0	2121928	2915.108968358421	4.3
35030.13190394714	4300	38.08194585543683	0.0	2219102	5422.20691150581	4.3
35032.91261748498	4300	39.30123231760582	0.0	2124950	2780.7135378310068	4.3
35036.405105643724	4300	39.80874415885733	0.0	2246506	3492.4881587484942	4.3
35039.974425331886	4300	40.23942447069863	0.0	1961140	3569.3196881586973	4.3
35043.419890229365	4300	40.79395957321241	0.0	2155012	3445.4648974862143	4.3

