57581.76884145621	300	4.0	1.098505033142529	181801	1098.505033142529	-4.423571642512875
57582.50116702892	300	7.267674427284154	0.0	155580	732.3255727158457	0.3
57583.48335911126	300	10.285482344941371	0.0	139857	982.1920823427827	0.3
57584.07130349341	300	13.697537962795673	0.0	155432	587.9443821456971	0.3
57584.685424174524	300	17.08341728168331	0.0	163442	614.1206811123644	0.3
57587.03790061517	300	18.73094084104097	0.0	126289	2352.4764406423383	0.3
57587.45181921458	300	22.317022241636664	0.0	153295	413.91859940430726	0.3
57587.910510069385	300	25.858331386828354	0.0	173849	458.69085480830694	0.3
57588.31879782904	300	29.45004362717394	0.0	150710	408.2877596544124	0.3
57588.701806712364	300	33.06703474384353	0.0	139105	383.0088833304163	0.3
57593.82010185609	750	31.94873960012247	0.0	353220	5118.295143721059	0.3
57598.80788571473	750	30.960955741485947	0.0	405134	4987.783858636522	0.75
57601.872281397984	300	31.89656005822737	0.0	160746	3064.3956832585773	-0.15000000000000002
57603.51691070396	300	34.25193075224386	0.0	179801	1644.62930598351	0.3
57605.464826351425	300	36.304015104784135	0.0	140051	1947.915647459727	0.3
57606.19713317883	300	39.5717082773803	0.0	138313	732.3068274038324	0.3
57606.83229757274	300	42.93654388346877	0.0	143509	635.1643939115341	0.3
57607.49495538761	300	46.27388606860434	0.0	150616	662.657814864431	0.3
57608.06664790568	300	49.70219355052596	0.0	165384	571.6925180783828	0.3
57608.38170151064	300	53.38713994557038	0.0	140881	315.05360495557824	0.3
57608.72476847458	300	57.044072981629526	0.0	157671	343.0669639408506	0.3
57609.97197360728	750	59.79686784892813	0.0	399894	747.2051327014004	0.3
57613.7536938696	1200	59.75882628887576	0.0	656471	2038.0415600523693	0.75
57616.632811349766	1200	59.900606936173595	0.0	536667	1358.2193527021632	1.2
57620.77935065235	1200	59.75406763358571	0.0	587236	2646.5393025878807	1.2
57623.544421747356	1200	59.62525080111154	0.0	590335	1128.8168324741714	1.2
57626.249041508454	1200	59.551568015581445	0.0	696376	1073.682785530094	1.2
57628.19094548678	1200	59.85608451419883	0.0	487160	695.483501382626	1.2
57632.11299269963	1850	59.934037301346265	0.0	972798	3422.0472128525566	1.2000000000000002
57636.053233242805	1850	59.99379675817758	0.0	975811	3440.240543168683	1.85
57638.56026309024	1850	59.67413598718963	0.0	873429	1319.660770987953	1.85
57640.67229412967	1850	59.66830502095437	0.0	954453	1005.8309662352515	1.85
57648.99557201343	1850	55.34502713719706	0.0	885062	8323.277883757311	1.85
57651.76756302626	1850	56.57303612436898	0.0	1035329	2771.9910128280767	1.85
57652.55713816086	1850	59.78346098976464	0.0	1026056	789.5751346043427	1.85
57654.19775963195	1850	59.55067228066037	0.0	943942	732.7887091042716	1.85
57657.272552901675	2850	59.92819195433516	0.0	1139291	2622.4803263252097	1.85
57662.8673055953	2850	58.33343926071755	0.0	1499009	5594.7526936176155	2.85
57668.7745650596	2850	56.42617979641674	0.0	1427478	5907.259464300807	2.85
57677.67531365716	2850	51.52543119885633	0.0	1402287	8900.748597560407	2.85
57685.37417244665	2850	47.82657240936005	0.0	1339500	7698.858789496294	2.85
57686.40105606459	2850	50.7996887914253	0.0	1527299	1026.883617934752	2.85
57689.87241622	4300	51.328328636011705	0.0	2121928	3471.360155413592	2.8499999999999996
57697.96098048638	4300	47.23976436963607	0.0	2219102	8088.564266375634	4.3
57699.325003705555	4300	49.87574115046041	0.0	2124950	1364.0232191756581	4.3
57704.82042551693	4300	48.380319339080245	0.0	2246506	5495.421811380158	4.3
57706.77805834022	4300	50.42268651578921	0.0	1961140	1957.6328232910405	4.3
57719.43211357334	4300	41.76863128267086	0.0	2155012	12654.055233118348	4.3

