8579.3506482338	750	4.0	5.577062211916329	450283	5577.062211916329	0.08073838571101015	-23.23136751124021
8580.916904229634	300	6.43374400416556	0.0	155580	1566.2559958344402	0.09933242101787647	-0.15000000000000002
8583.720252887186	300	7.630395346612715	0.0	139857	2803.3486575528455	0.04988926355028801	0.3
8587.554452309307	750	7.796195924492065	0.0	382355	3834.199422120649	0.09972225174154455	0.3
8589.37954855112	750	9.971099682679837	0.0	411561	1825.0962418122292	0.225500984863867	0.75
8592.24771741546	1200	11.102930818340665	0.0	520315	2868.168864339171	0.18141016955774014	0.75
8598.011032049348	1850	9.33961618445087	0.0	905515	5763.314633889795	0.15711705112806706	1.2000000000000002
8601.357563439107	1200	9.993084794693175	0.0	709534	3346.5313897576953	0.21202072156609106	0.5499999999999999
8604.446015138443	1200	10.90463309535612	0.0	584846	3088.4516993370567	0.1893654351549479	1.2
8607.410882078584	1200	11.93976615521477	0.0	560821	2964.8669401413495	0.18915553760846446	1.2
8615.317760219197	1850	8.032888014601744	0.0	939819	7906.878140613026	0.11886094401438886	1.2000000000000002
8616.504685965852	750	10.845962267945941	0.0	405134	1186.9257466558033	0.3413305349062285	-0.3500000000000001
8618.655393239167	1200	12.695254994631549	0.0	624282	2150.7072733143928	0.2902682330347714	0.75
8622.274848066363	1850	13.075800167434574	0.0	1036454	3619.4548271969747	0.2863563850036123	1.2000000000000002
8626.560190464268	2850	12.790457769530201	0.0	1231445	4285.342397904373	0.28736210217466024	1.85
8629.035764091004	1850	14.314884142793154	0.0	923170	2475.573626737046	0.3729115506925129	0.8500000000000001
8632.53793468152	2850	14.812713552277742	0.0	1491626	3502.170590515412	0.42591471815782633	1.85
8640.105312664306	2850	11.245335569491532	0.0	1358801	7567.377982786211	0.17956034482365146	2.85
8643.54273672399	1850	11.807911509807973	0.0	987708	3437.4240596835593	0.28733958419169436	0.8500000000000001
8645.564178356712	1850	13.78646987708564	0.0	923755	2021.441632722333	0.4569783193571377	1.85
8648.339643874955	2850	15.011004358841154	0.0	1415116	2775.465518244485	0.5098661794562945	1.85
8652.404260413086	4300	14.946387820709406	0.0	2176469	4064.6165381317473	0.5354672401644038	2.8499999999999996
8655.456578852474	2850	15.89406938132157	0.0	1505760	3052.3184393878373	0.4933168114339964	1.4000000000000001
8662.602522663647	4300	12.748125570148273	0.0	2044075	7145.943811173297	0.28604688953807794	2.8499999999999996
8664.026902607755	1850	15.323745626040655	0.0	897976	1424.3799441076192	0.6304329148376112	-0.6000000000000001
8668.228907846424	4300	15.121740387372741	0.0	2105231	4202.0052386679135	0.5010062768668474	1.8499999999999996
8671.156160947427	4300	16.194487286368105	0.0	2395588	2927.253101004637	0.818374058320352	4.3
8673.541908219102	4300	17.80874001469305	0.0	1972048	2385.747271675055	0.8265955172256813	4.3
8676.063917185935	4300	19.28673104786242	0.0	2134614	2522.008966830631	0.8463942944193954	4.3
8678.618790615434	4300	20.731857618363534	0.0	2164140	2554.873429498885	0.8470634885519461	4.3
8681.11540192852	4300	22.235246305277027	0.0	2113193	2496.6113130865083	0.8464245070601334	4.3
8683.651648680254	4300	23.698999553543757	0.0	2147852	2536.24675173327	0.8468623955978096	4.3
8686.237323370739	4300	25.113324863058924	0.0	2191074	2585.6746904848296	0.8473896612219074	4.3
8707.264582751175	4300	8.086065482621263	0.0	2286761	21027.259380437663	0.10875221343050762	4.3
8708.55959010863	750	10.79105812516582	0.0	401088	1295.0073574554422	0.3097187036744696	-2.8
8719.288054032455	1200	4.062594201342736	0.0	598727	10728.463923823085	0.05580733684255554	0.75
8721.04300860486	300	6.307639628937668	0.0	131610	1754.9545724050681	0.07499339417067405	-0.6000000000000001
8721.453299387613	300	9.89734884618449	0.0	124011	410.2907827531793	0.3022514889753249	0.3
8723.263531373914	1200	12.08711685988313	0.0	605884	1810.2319863013595	0.3346996432418221	0.29999999999999993
8732.80480691994	1850	6.545841313858475	0.0	930577	9541.275546024655	0.09753171842812172	1.2000000000000002
8735.804628111975	300	7.546020121822584	0.0	147968	2999.82119203589	0.0493256066037651	-1.25
8738.171372217332	750	9.17927601646649	0.0	384505	2366.7441053560933	0.16246158557228074	0.3
8750.67623014226	1200	4.0	3.3255819084622362	599477	12504.857924928727	0.04793952906933301	-13.550002206387616
8754.03948410305	300	4.636746039210264	0.0	172312	3363.2539607897356	0.05123371651647112	-0.6000000000000001
8755.091831862987	300	7.584398279274063	0.0	167025	1052.3477599362013	0.15871654443406227	0.3
8756.123531155903	750	10.552698986357166	0.0	393804	1031.6992929168964	0.3817042453199791	0.3
8757.206861891511	1200	13.46936825074838	0.0	538612	1083.3307356087869	0.49718149988361815	0.75
8759.95311038327	2850	14.723119758990714	0.0	1364537	2746.2484917576635	0.49687309946474084	1.2000000000000002

