80992.2686352184	1850	4.0	0.5586366700457084	450283	558.6366700457083	3	-1.652137681196546
80994.35492360238	1850	5.913711616011679	0.0	957685	2086.2883839883207	3	0.75
80995.7898467942	1850	8.478788424202223	0.0	877771	1434.9231918094563	3	1.85
80996.58756799733	1850	11.68106722109083	0.0	933276	797.7212031113934	3	1.85
80997.434102111	4300	14.834533107409477	0.0	996749	846.5341136813528	5	1.85
81003.97930425823	1850	12.289330960179726	0.0	1941625	6545.202147229751	3	1.8499999999999996
81004.68536569415	4300	15.583269524260741	0.0	905515	706.061435918985	5	-0.6000000000000001
81007.10074108145	4300	17.1678941369647	0.0	2290172	2415.3753872960388	5	1.8499999999999996
81010.9532618038	4300	17.315373414602274	0.0	2055469	3852.5207223624284	5	4.3
81012.90955462841	4300	19.359080590012756	0.0	2169201	1956.2928245895173	5	4.3
81020.4244923414	4300	15.84414287702139	0.0	2173522	7514.9377129913655	5	4.3
81021.98026545907	4300	18.288369759347827	0.0	2102452	1555.7731176735615	5	4.3
81025.79330265016	4300	18.47533256827239	0.0	2209463	3813.037191075442	5	4.3
81028.60197824989	4300	19.6666569685273	0.0	2275376	2808.6755997450887	5	4.3
81030.34568241339	4300	21.922952805041568	0.0	2005399	1743.7041634857292	5	4.3
81033.97806076569	4300	22.290574452749095	0.0	2152483	3632.3783522924755	5	4.3
81039.4003881552	4300	20.86824706323095	0.0	2289689	5422.3273895181455	5	4.3
81040.90042799296	4300	23.36820722546757	0.0	2059512	1500.039837763376	5	4.3
81042.81124595797	4300	25.45738926046288	0.0	2220726	1910.817965004695	5	4.3
81046.64193804943	4300	25.62669716900058	0.0	2156729	3830.6920914622997	5	4.3
81048.24539391353	4300	28.02324130490542	0.0	2039773	1603.4558640951593	5	4.3
81052.63969416067	4300	27.628941057777787	0.0	2176469	4394.300247127631	5	4.3
81058.08063787069	4300	26.187997347764632	0.0	2221506	5440.943710013157	5	4.3
81070.73477792875	1850	17.533857289698506	0.0	2044075	12654.140058066123	3	4.3
81076.9922654668	1850	15.276369751643394	0.0	897976	6257.487538055113	3	-0.6000000000000001
81088.47118229451	750	7.797452923949999	0.0	905935	11478.916827693394	1	1.85
81091.74291357302	750	8.525721645429305	0.0	425781	3271.7312785206946	1	-0.3500000000000001
81092.0813118277	1850	12.187323390745219	0.0	277716	338.39825468408685	3	0.75
81093.06644262809	1850	15.202192590358598	0.0	972798	985.1308003866191	3	0.75
81094.97865167927	1850	17.28998353918781	0.0	975811	1912.2090511707916	3	1.85
81098.96926662928	1850	17.29936858917625	0.0	873429	3990.614950011557	3	1.85
81100.7573052006	1850	19.511330017844998	0.0	954453	1788.0385713312533	3	1.85
81110.3303494436	1850	13.938285774854624	0.0	885062	9573.044242990374	3	1.85
81120.19399055203	300	8.07464466643532	0.0	1035329	9863.641108419302	0	1.85
81120.66782918612	750	11.600806032348954	0.0	179328	473.8386340863667	1	-1.25
81121.54979268016	1850	14.718842538295533	0.0	365161	881.9634940534203	3	0.3
81123.23073284779	1850	17.037902370664902	0.0	728962	1680.9401676306325	3	0.75
81131.32361198273	1850	12.945023235729144	0.0	938587	8092.879134935758	3	1.85
81137.48907743666	1850	10.779557781798882	0.0	908665	6165.465453930264	3	1.85
81140.35703011701	1850	11.911605101461882	0.0	930577	2867.952680337	3	1.85
81142.55069706711	1850	13.717938151359958	0.0	858450	2193.6669501019232	3	1.85
81146.07098627402	1850	14.197648944456144	0.0	1025005	3520.289206903813	3	1.85
81147.72048437085	1850	16.548150847639214	0.0	886255	1649.4980968169327	3	1.85
81149.77850525772	1850	18.490129960756164	0.0	973972	2058.020886883049	3	1.85
81151.07288593489	1850	21.195749283599383	0.0	958994	1294.3806771567806	3	1.85
81151.9081267807	4300	24.360508437791296	0.0	982064	835.2408458080862	5	1.85
81156.24918375757	4300	24.019451460929584	0.0	1961140	4341.056976861713	5	1.8499999999999996
81160.09381283476	4300	24.17482238372562	0.0	2155012	3844.629077203965	5	4.3

