17664.88519248488	750	4.0	3.5120729195602656	450283	3512.0729195602657	0.12821003729511923	-14.35191355410914
17665.977444274216	300	6.907748210662948	0.0	155580	1092.2517893370518	0.14243968425488243	-0.15000000000000002
17666.89172157659	300	9.99347090828926	0.0	139857	914.2773023736912	0.15297000115489737	0.3
17670.878466613947	1200	10.006725870932103	0.0	617681	3986.745037357156	0.15493365996875122	0.29999999999999993
17674.063504143618	1200	10.821688341263602	0.0	652874	3185.0375296685015	0.20498157209091067	1.2
17677.26801617612	1200	11.617176308761955	0.0	520315	3204.512032501646	0.16236949486309432	1.2
17682.164048969065	1850	10.72114351581732	0.0	905515	4896.032792944636	0.18494872038130147	1.2000000000000002
17686.45231661093	1200	10.432875873953504	0.0	709534	4288.267641863814	0.16545935544536453	0.5499999999999999
17690.27582233418	1200	10.60937015070109	0.0	584846	3823.505723252415	0.1529606707381906	1.2
17693.056219998965	1200	11.828972485917038	0.0	560821	2780.3976647840504	0.20170531974733122	1.2
17698.293105171728	1850	10.59208731315528	0.0	939819	5236.8851727617575	0.17946144874212908	1.2000000000000002
17703.94137649225	1200	8.943815992632636	0.0	594078	5648.271320522643	0.10517872925853516	0.5499999999999999
17705.823089146525	750	11.06210333836033	0.0	386351	1881.7126542723076	0.2053188084391179	0.3
17710.527846355297	1850	10.357346129587064	0.0	1036454	4704.757208773266	0.22029914701384737	0.75
17713.329549528928	1200	11.555642955958467	0.0	526950	2801.7031736285976	0.18808202273530855	0.5499999999999999
17717.8181813941	1850	11.067011090783911	0.0	923170	4488.631865174556	0.2056684592832162	1.2000000000000002
17722.80774108421	1850	10.077451400673304	0.0	966699	4989.559690110608	0.19374435021110453	1.85
17726.340292144374	1200	10.544900340510893	0.0	581493	3532.551060162411	0.16460993488747067	0.5499999999999999
17729.078265581215	1200	11.806926903669973	0.0	639204	2737.97343684092	0.23345880255781995	1.2
17733.667404864456	1850	11.217787620425486	0.0	923755	4589.139283244488	0.20129155882732588	1.2000000000000002
17740.389162445557	1850	8.496030039327307	0.0	891604	6721.75758109818	0.1326444741933601	1.85
17742.107547486412	750	10.777644998470132	0.0	399894	1718.3850408571745	0.23271501467478012	-0.3500000000000001
17745.328778702296	1200	11.556413782585917	0.0	656471	3221.2312158842155	0.20379505723242575	0.75
17749.939784893788	1850	10.945407591094945	0.0	874175	4611.006191490971	0.18958443422027482	1.2000000000000002
17752.953408128462	1200	11.931784356422286	0.0	587236	3013.6232346726583	0.19486045675639543	0.5499999999999999
17757.31820193421	1850	11.566990550673061	0.0	905935	4364.793805749226	0.20755505078079958	1.2000000000000002
17763.52011851863	1850	9.365073966251817	0.0	1076599	6201.916584421245	0.17359133831376206	1.85
17766.49326380503	1200	10.39192867985012	0.0	487160	2973.1452864016965	0.16385341215181393	0.5499999999999999
17770.827351255855	1200	10.057841229025943	0.0	622896	4334.087450824178	0.14372021955430295	1.2
17774.557790293045	1200	10.327402191837823	0.0	641447	3730.4390371881186	0.17194946589544097	1.2
17777.7338632826	1200	11.151329202285245	0.0	570392	3176.072989552578	0.1795903311656426	1.2
17782.476470847756	1850	10.408721637128732	0.0	954453	4742.607565156514	0.2012506805353821	1.2000000000000002
17786.698720585915	1200	10.186471898966733	0.0	584349	4222.249738162	0.13839754544087549	0.5499999999999999
17790.127658973885	1200	10.757533511000052	0.0	670129	3428.93838796668	0.19543337446706896	1.2
17793.443370443398	1200	11.4418220414862	0.0	690253	3315.7114695138534	0.2081764370472212	1.2
17798.2435198872	1850	10.641672597680873	0.0	943942	4800.149443805326	0.1966484608553538	1.2000000000000002
17801.204012775626	1200	11.681179709256513	0.0	487812	2960.492888424361	0.16477391379907155	0.5499999999999999
17805.811559947004	1850	11.07363253788057	0.0	938587	4607.547171375943	0.20370643318225898	1.2000000000000002
17812.620640764275	1850	8.26455172060923	0.0	908665	6809.0808172713405	0.13344899618391323	1.85
17814.806736391834	750	10.078456093049486	0.0	390680	2186.095627559744	0.17871130387653777	-0.3500000000000001
17817.777188245193	1200	11.108004239692036	0.0	566904	2970.451853357451	0.1908477322597362	0.75
17827.19071900486	1850	5.694473480027165	0.0	1025005	9413.53075966487	0.10888634946538285	1.2000000000000002
17828.185933204033	300	8.69925928085119	0.0	145210	995.2141991759743	0.14590828800496636	-1.25
17830.4204343397	750	10.46475814518442	0.0	438281	2234.501135666771	0.19614266155618568	0.3
17837.051798417495	1200	7.833394067389435	0.0	630203	6631.364077794985	0.09503369029461443	0.75
17838.773756587194	750	10.111435897689521	0.0	393804	1721.9581696999135	0.2286954508706959	0.3
17841.456215872262	1200	11.428976612619094	0.0	538612	2682.459285070429	0.2007903728484209	0.75
17846.32509132713	1850	10.560101157748722	0.0	846370	4868.875454870371	0.17383274800208126	1.2000000000000002

