29400.197818154604	750	4.0	4.217997693094088	450283	4217.997693094088	-17.38739008030458
29400.843511449657	300	7.354306704947682	0.0	155580	645.6932950523176	-0.15000000000000002
29401.432035470523	300	10.76578268408297	0.0	139857	588.5240208647126	0.3
29402.077190633376	300	14.120627521230599	0.0	155432	645.1551628523707	0.3
29403.65363810866	750	16.544180045944398	0.0	411561	1576.4474752861993	0.3
29404.88670848465	750	19.311109669953062	0.0	318564	1233.070375991336	0.75
29406.73044503236	1200	21.467373122239085	0.0	561791	1843.7365477139745	0.75
29409.65088310801	1850	22.5469350465905	0.0	1060487	2920.438075648583	1.2000000000000002
29422.428978188378	4300	13.768839966222169	0.0	2055469	12778.095080368332	1.8499999999999996
29424.48605629854	750	15.711761856055107	0.0	362795	2057.078110167062	-2.8
29425.55955359477	750	18.63826455982958	0.0	353220	1073.4972962255306	0.75
29428.219991388443	1850	19.977826766155392	0.0	917428	2660.437793674186	0.75
29430.827750984143	1850	21.370067170457617	0.0	946851	2607.7595956977757	1.85
29432.720301515357	1850	23.477516639244804	0.0	1036454	1892.550531212811	1.85
29435.464507567478	4300	24.733310587124965	0.0	2005399	2744.206052119842	1.8499999999999996
29438.939463103583	4300	25.258355051019795	0.0	2152483	3474.955536105171	4.3
29442.63942676888	4300	25.55839138572244	0.0	2289689	3699.9636652973522	4.3
29444.983965921783	4300	27.213852232819796	0.0	2059512	2344.539152902642	4.3
29448.89920792854	4300	27.29861022605927	0.0	2220726	3915.242006760527	4.3
29452.096943145913	4300	28.100875008690956	0.0	2156729	3197.7352173683125	4.3
29454.345608277603	4300	29.852209876999627	0.0	2039773	2248.66513169133	4.3
29458.451182343437	4300	29.746635811164662	0.0	2176469	4105.574065834962	4.3
29463.483293987483	4300	28.71452416711931	0.0	2221506	5032.111644045352	4.3
29473.035562814428	4300	23.16225534017091	0.0	2044075	9552.2688269484	4.3
29476.725313285002	1850	23.472504869599838	0.0	897976	3689.7504705710694	-0.6000000000000001
29478.317545724574	1850	25.88027243002716	0.0	905935	1592.2324395726796	1.85
29481.02192403876	4300	27.175894115842393	0.0	2395588	2704.3783141847657	1.8499999999999996
29482.520128856962	4300	29.677689297640335	0.0	1972048	1498.204818202054	4.3
29483.93904224533	4300	32.258775909270895	0.0	2134614	1418.9133883694362	4.3
29485.3764754957	4300	34.821342658900654	0.0	2164140	1437.4332503702456	4.3
29486.781952795067	4300	37.415865359534784	0.0	2113193	1405.4772993658682	4.3
29488.20916957479	4300	39.988648579809706	0.0	2147852	1427.216779725079	4.3
29489.663496883386	4300	42.534321271215184	0.0	2191074	1454.327308594516	4.3
29491.177842820824	4300	45.019975333775875	0.0	2286761	1514.3459374393124	4.3
29492.705377087816	4300	47.49244106678197	0.0	2307787	1527.534266993909	4.3
29494.13014512605	4300	50.067673028547475	0.0	2143948	1424.768038234489	4.3
29495.414306854418	4300	52.78351130018007	0.0	1919781	1284.161728367407	4.3
29496.84128214709	4300	55.35653600751285	0.0	2147467	1426.975292667221	4.3
29498.259728869558	4300	57.93808928504223	0.0	2133870	1418.4467224706145	4.3
29513.72828757354	4300	46.469530581059736	0.0	2146120	15468.558703982495	4.3
29514.268355737815	300	49.929462416781824	0.0	147968	540.0681642779114	-3.7
29514.905636199313	300	53.29218195528575	0.0	161857	637.2804614960761	0.3
29515.70581326785	300	56.49200488675197	0.0	145210	800.1770685337741	0.3
29516.64040421223	300	59.55741394237355	0.0	172312	934.5909443784291	0.3
29518.598700171966	300	59.8970577893657	0.0	167025	660.3561530078481	0.3
29526.896118229135	4300	55.59963973219461	0.0	2246506	8297.418057171082	0.2999999999999998
29531.360937826223	4300	55.134820135108434	0.0	1961140	4464.819597086177	4.3
29542.40718850023	4300	48.088569461102836	0.0	2155012	11046.250674005598	4.3

