48936.853151488125	300	4.0	2.3267662193051213	450283	2326.7662193051215	0	-9.255094743012021
48937.5989204173	300	7.25423107082677	0.0	155580	745.7689291732296	0	-0.15000000000000002
48938.2774063739	750	10.57574511422965	0.0	139857	678.4859565971229	1	0.3
48939.579098864095	750	13.274052624032713	0.0	382355	1301.692490196935	1	0.3
48940.5861782375	1850	16.26697325062859	0.0	411561	1007.079373404126	3	0.75
48948.73294089221	1850	12.120210595916625	0.0	801058	8146.7626547119635	3	0.75
48951.189050880996	1850	13.66410060713216	0.0	905515	2456.109988784465	3	1.85
48956.5342225459	1850	12.318928942234502	0.0	1060487	5345.171664897658	3	1.85
48959.28414379389	1850	13.569007694245888	0.0	852833	2749.9212479886123	3	1.85
48961.7513583692	1850	15.10179311893565	0.0	913888	2467.2145753102386	3	1.85
48963.848360242984	1850	17.00479124514942	0.0	939819	2097.001873786232	3	1.85
48966.649507731454	1850	18.203643756678897	0.0	917428	2801.147488470522	3	1.85
48969.975778911925	1850	18.877372576206334	0.0	946851	3326.2711804725627	3	1.85
48972.45753106174	1850	20.395620426394736	0.0	1036454	2481.752149811598	3	1.85
48974.1917808299	1850	22.66137065823722	0.0	821631	1734.2497681575167	3	1.85
48978.154884668256	1850	22.698266819884175	0.0	923170	3963.1038383530463	3	1.85
48980.59768902902	1850	24.255462459118394	0.0	966699	2442.8043607657823	3	1.85
48985.04903731316	1850	23.804114174968007	0.0	885714	4451.348284150387	3	1.85
48987.99918926677	1850	24.8539622213609	0.0	987708	2950.151953607105	3	1.85
48991.408025957644	1850	25.44512553048831	0.0	923755	3408.836690872593	3	1.85
48995.38407201876	1850	25.469079469375345	0.0	891604	3976.0460611129624	3	1.85
49000.98078211137	1850	23.872369376763007	0.0	955231	5596.710092612339	3	1.85
49004.23909440059	1850	24.614057087541834	0.0	968026	3258.312289221173	3	1.85
49006.36982133666	1850	26.483330151473766	0.0	874175	2130.7269360680702	3	1.85
49008.37600701652	1850	28.477144471605445	0.0	897976	2006.185679868317	3	1.85
49010.35065186743	1850	30.50249962069443	0.0	905935	1974.6448509110146	3	1.85
49012.7228469898	1850	32.130304498333174	0.0	1076599	2372.1951223612577	3	1.85
49017.44152900454	1850	31.411622483582516	0.0	758197	4718.682014750656	3	1.85
49019.630457227955	1850	33.22269426017424	0.0	972798	2188.928223408279	3	1.85
49025.76837850697	1850	31.084772981159958	0.0	975811	6137.9212790142765	3	1.85
49028.22699877553	1850	32.62615271259639	0.0	873429	2458.620268563571	3	1.85
49034.434508479906	1850	30.418643008217064	0.0	954453	6207.509704379323	3	1.85
49038.04401215945	1850	30.809139328676952	0.0	885062	3609.5036795401093	3	1.85
49041.01816811878	1850	31.834983369348524	0.0	1035329	2974.155959328428	3	1.85
49044.475930908746	1850	32.377220579380406	0.0	1026056	3457.762789968118	3	1.85
49047.51179729694	1850	33.34135419118446	0.0	943942	3035.8663881959483	3	1.85
49049.095714916	4300	35.7574365721189	0.0	728962	1583.9176190655655	5	1.85
49054.06775181859	4300	34.785399669531934	0.0	2147467	4972.036902586956	5	1.8499999999999996
49064.25545162512	4300	28.597699863002227	0.0	2133870	10187.69980652971	5	4.3
49071.11656436917	4300	25.73658711894325	0.0	2146120	6861.11274405898	5	4.3
49087.82023664867	1850	13.032914839446471	0.0	2108491	16703.672279496775	3	4.3
49092.26048778154	1850	12.5926637065747	0.0	1025005	4440.251132871772	3	-0.6000000000000001
49094.970201414624	1850	13.882950073491509	0.0	886255	2709.7136330831904	3	1.85
49105.62507406485	300	7.228077423269587	0.0	973972	10654.872650221922	0	1.85
49106.55406143464	750	10.299090053471074	0.0	167025	928.9873697985126	1	-1.25
49107.83977638278	750	13.013375105333246	0.0	393804	1285.7149481378297	1	0.3
49109.59474273734	750	15.258408750773594	0.0	331053	1754.9663545596525	1	0.75
49113.08080671376	750	15.772344774352725	0.0	314107	3486.063976420869	1	0.75

