81303.43377510332	750	4.0	2.409348113807355	450283	2409.3481138073553	0.18688997136592417	-9.610196889371627
81305.14172994273	300	6.292045160585316	0.0	155580	1707.9548394146846	0.09109140148770983	-0.15000000000000002
81307.43337878314	300	8.000396320171667	0.0	139857	2291.6488404136494	0.061028983818810306	0.3
81310.12330656333	750	9.310468539968545	0.0	382355	2689.9277802031233	0.1421432213957534	0.3
81312.15630305067	1200	11.277472052630173	0.0	652874	2032.996487338371	0.32113877425078696	0.75
81314.27298446583	1850	13.16079063745964	0.0	801058	2116.681415170535	0.37844996146265175	1.2000000000000002
81318.22450614347	2850	13.209268959827691	0.0	1388403	3951.5216776319485	0.3513590746216117	1.85
81323.77542006795	2850	11.658355035335898	0.0	1638769	5550.9139244917915	0.29522507866126496	2.85
81326.04569298594	1850	13.38808211735736	0.0	852833	2270.2729179785383	0.37565219284709017	0.8500000000000001
81336.89281213378	2850	6.540962969517137	0.0	1429765	10847.119147840223	0.1318105738964508	1.85
81337.79003041355	300	9.643744689740855	0.0	141840	897.218279776282	0.15808862034706567	-2.25
81340.65201778656	1200	10.78175731672412	0.0	594078	2861.9873730167365	0.20757533929082292	0.29999999999999993
81343.45645468376	1200	11.97732041952739	0.0	624282	2804.436897196729	0.22260511570933275	1.2
81349.64786426342	1850	9.785910839879119	0.0	1036454	6191.409579648273	0.16740194404306874	1.2000000000000002
81356.19047240242	1200	7.2433027008660105	0.0	526950	6542.608139013108	0.08054127479496052	0.5499999999999999
81360.30095685783	750	7.13281824546457	0.0	366214	4110.48445540144	0.0890926614547274	0.3
81362.9445041239	750	8.489270979405122	0.0	360831	2643.547266059448	0.13649500602191453	0.75
81366.67686635545	750	8.75690874785221	0.0	372963	3732.3622315529146	0.09992679618473747	0.75
81370.6136808611	750	8.820094242205844	0.0	405596	3936.8145056463663	0.10302644420210172	0.75
81373.68772967099	750	9.746045432322662	0.0	350713	3074.048809883182	0.1140882990772445	0.75
81377.68768714837	1200	9.746087954942082	0.0	601738	3999.9574773805803	0.15043609923424867	0.75
81380.36923111916	1200	11.064543984152603	0.0	616206	2681.5439707894784	0.22979522495712856	1.2
81386.0016955644	1850	9.432079538913905	0.0	968026	5632.464445238699	0.17186544352149494	1.2000000000000002
81389.61988234064	1200	9.813892762658119	0.0	536667	3618.1867762557863	0.14832484699846257	0.5499999999999999
81391.80466700479	1200	11.629108098508084	0.0	587236	2184.784664150035	0.2687843839422304	1.2
81395.04973526335	1850	12.384039839952058	0.0	905935	3245.0682585560257	0.27917286411815523	1.2000000000000002
81398.29806739232	1850	13.13570771097329	0.0	1076599	3248.3321289787687	0.3314313183665945	1.85
81401.57667763814	2850	13.857097465158569	0.0	1141971	3278.6102458147193	0.34830947089785164	1.85
81406.0064805412	2850	13.427294562088063	0.0	1498470	4429.8029030705065	0.33827012912049415	2.85
81414.46546596066	2850	8.968309142620456	0.0	1561263	8458.985419467608	0.18456858861665504	2.85
81424.89858325092	750	4.0	1.4648081476453425	358218	10433.117290265798	0.034334704579063915	-7.648675034874973
81427.86812201596	300	5.030461234960198	0.0	157488	2969.538765039802	0.053034498776071415	-0.15000000000000002
81428.75312885178	300	8.145454399156595	0.0	143881	885.0068358036024	0.1625761453801127	0.3
81432.3975575613	750	8.50102568963778	0.0	412837	3644.4287095188165	0.1132789342048916	0.3
81434.23705124106	750	10.661532009873248	0.0	401088	1839.4936797645316	0.2180426083613085	0.75
81439.61413965601	1200	9.284443594915848	0.0	598727	5377.088414957402	0.11134780643266458	0.75
81440.89855592554	1200	12.000027325388043	0.0	487812	1284.416269527805	0.37979276000555195	1.2
81444.162972239	1850	12.73561101192524	0.0	938587	3264.416313462802	0.2875206192694133	1.2000000000000002
81446.1926517416	1850	14.705931509329018	0.0	908665	2029.679502596224	0.44768890794714106	1.85
81449.36850102054	2850	15.530082230388576	0.0	1402287	3175.8492789404413	0.4415470876715677	1.85
81462.62203529068	4300	6.276547960235275	0.0	2108491	13253.5342701533	0.1590889612552842	2.8499999999999996
81464.92322346568	300	7.975359785244955	0.0	161857	2301.1881749903196	0.07033627313015411	-3.7
81468.48333498949	750	8.415248261441594	0.0	372093	3560.1115238033617	0.10451723141596507	0.3
81473.11605669513	750	7.782526555803117	0.0	438281	4632.721705638476	0.09460551007554999	0.75
81475.83775862584	750	9.060824625083361	0.0	398987	2721.7019307197547	0.14659467133290668	0.75
81480.22606362085	1200	8.672519630075637	0.0	638661	4388.304995007724	0.145537058323558	0.75
81483.37937594138	750	9.51920730954839	0.0	331053	3153.3123205272486	0.10498579472922187	0.3
81486.57730829771	1200	10.321274953216522	0.0	550906	3197.9323563318694	0.1722694349394891	0.75

