72759.59828243121	750	4.0	2.050213043614229	450283	2050.213043614229	-8.065916087541185
72760.97617810518	750	6.62210432604565	0.0	398865	1377.8956739543496	0.75
72763.68366196628	750	7.914620464936496	0.0	350812	2707.483861109154	0.75
72764.70297934991	750	10.895303081303478	0.0	382355	1019.3173836330171	0.75
72769.88201286238	1850	9.716269568829976	0.0	996749	5179.033512473503	0.75
72772.35397494191	1850	11.2443074893027	0.0	801058	2471.9620795272745	1.85
72774.7353901118	1850	12.8628923194032	0.0	905515	2381.415169899502	1.85
72779.67720889437	1850	11.92107353683756	0.0	1060487	4941.818782565639	1.85
72781.048783047	1850	14.549499384222353	0.0	852833	1371.5741526152078	1.85
72782.719369317	1850	16.878913114215933	0.0	913888	1670.5862700064167	1.85
72785.89561356396	1850	17.70266886725486	0.0	939819	3176.2442469610733	1.85
72787.3230461381	1850	20.2752362930972	0.0	917428	1427.4325741576592	1.85
72789.64124838045	1850	21.95703405075707	0.0	946851	2318.2022423401327	1.85
72792.86735569258	1850	22.730926738627705	0.0	1036454	3226.1073121293634	1.85
72795.3047713603	1850	24.293511070896884	0.0	821631	2437.4156677308233	1.85
72797.87560374838	1850	25.722678682828263	0.0	923170	2570.832388068618	1.85
72801.36433739583	1850	26.233945035384764	0.0	966699	3488.7336474435	1.85
72805.01384440894	1850	26.58443802227869	0.0	885714	3649.5070131060756	1.85
72806.98657731515	1850	28.611705116069952	0.0	987708	1972.732906208737	1.85
72808.87231974362	1850	30.725962687609666	0.0	923755	1885.7424284602876	1.85
72811.51217449424	1850	32.086107936972496	0.0	891604	2639.854750637168	1.85
72813.98750014762	1850	33.610782283618576	0.0	955231	2475.325653353925	1.85
72820.36023075618	4300	31.238051675048435	0.0	2221506	6372.730608570138	1.8499999999999996
72825.20418568363	4300	30.394096747610444	0.0	2044075	4843.954927437991	4.3
72841.49718807724	4300	18.101094353991787	0.0	2186790	16293.002393618659	4.3
72844.37089691633	1850	19.22738551490683	0.0	905935	2873.708839084956	-0.6000000000000001
72848.0804515287	1850	19.517830902541856	0.0	1076599	3709.5546123649724	1.85
72849.76331321994	1850	21.834969211312785	0.0	758197	1682.8616912290697	1.85
72851.84370998485	1850	23.754572446398285	0.0	972798	2080.3967649145034	1.85
72853.38286582942	1850	26.215416601828554	0.0	975811	1539.1558445697292	1.85
72855.14530735732	1850	28.452975073918317	0.0	873429	1762.4415279102363	1.85
72856.86830930618	1850	30.72997312505562	0.0	954453	1723.001948862701	1.85
72858.38067722913	1850	33.217605202122854	0.0	885062	1512.3679229327604	1.85
72860.21713490026	1850	35.38114753099275	0.0	1035329	1836.4576711301063	1.85
72862.30150371304	1850	37.29677871820891	0.0	1026056	2084.3688127838323	1.85
72870.79612155732	4300	32.80216087393411	0.0	2143948	8494.617844274808	1.8499999999999996
72875.48314784569	4300	32.1151345855631	0.0	1919781	4687.02628837101	4.3
72882.02083749673	4300	29.577444934519804	0.0	2147467	6537.689651043296	4.3
72887.59637613581	4300	28.001906295431247	0.0	2133870	5575.53863908856	4.3
72897.91420547837	4300	21.684076952874975	0.0	2146120	10317.829342556272	4.3
72911.03160939408	4300	12.56667303717671	0.0	2108491	13117.403915698264	4.3
72917.36701558591	1850	10.231266845331728	0.0	1025005	6335.4061918449825	-0.6000000000000001
72920.79233941092	1850	10.805943020310238	0.0	886255	3425.323825021488	1.85
72922.63790800942	1850	12.960374421823284	0.0	973972	1845.5685984869535	1.85
72924.18491276818	1850	15.413369663059498	0.0	958994	1547.0047587637848	1.85
72926.0843202471	1850	17.51396218414898	0.0	982064	1899.4074789105216	1.85
72928.11836653936	1850	19.479915891886694	0.0	830730	2034.0462922622808	1.85
72932.73780568801	1850	18.860476743242266	0.0	846370	4619.439148644427	1.85

