69523.53415251963	750	4.0	12.362346157793583	450283	12362.346157793583	0.036423749525580834	-52.408088478512404
69527.79301881987	300	4.0	0.25886630023295126	155580	4258.866300232951	0.03653084859496296	-1.2631250910016902
69528.94509005979	300	6.847928760081545	0.0	139857	1152.0712399184547	0.1213961386709899	0.3
69535.24496870735	300	4.548050112521912	0.0	155432	6299.8786475596335	0.024672221275279526	0.3
69536.47569778968	300	7.3173210302094684	0.0	163442	1230.7290823124433	0.1328009570497069	0.3
69539.89487573493	750	7.898143084947626	0.0	318564	3419.1779452618425	0.09316976334661171	0.3
69540.57570600783	750	11.217312812041351	0.0	352642	680.830272906274	0.5179587542349872	0.75
69542.20961776563	1850	13.58340105424636	0.0	1060487	1633.9117577949917	0.6490479029486611	0.75
69552.05577151822	2850	7.737247301672152	0.0	1348011	9846.153752574208	0.13690736848869256	1.85
69555.91450741206	750	7.878511407823892	0.0	362795	3858.735893848261	0.09401913216667176	-1.35
69556.54669671839	750	11.246322101487184	0.0	353220	632.1893063367081	0.558725047164706	0.75
69559.99431556727	1850	11.79870325260473	0.0	917428	3447.618848882453	0.2661048219693382	0.75
69564.66325592108	1850	11.129762898795642	0.0	946851	4668.940353809089	0.20279783596454065	1.85
69588.1022383851	1850	4.0	12.309219565221014	1036454	23438.982464016655	0.04421924038687072	-51.079644130450355
69589.39651783282	300	6.705720552286342	0.0	140051	1294.2794477136576	0.10820769830456618	-1.25
69589.79473370453	300	10.307504680567167	0.0	138313	398.2158717191764	0.34733171082025316	0.3
69591.29481859237	1200	12.807419792728076	0.0	617242	1500.0848878390889	0.41147138072242906	0.29999999999999993
69596.10626330246	1850	11.995975082638566	0.0	885714	4811.44471008951	0.18408483384266563	1.2000000000000002
69603.18431773841	1850	8.917920646688927	0.0	987708	7078.05443594964	0.13954512626851287	1.85
69603.8795830663	750	12.222655318801186	0.0	350713	695.2653278877411	0.5044304468129998	-0.3500000000000001
69605.32344276393	1850	14.778795621174547	0.0	891604	1443.8596976266379	0.6175142927429758	0.75
69611.20278611552	2850	12.89945226956652	0.0	1468126	5879.343351608028	0.2497091787637238	1.85
69621.03950085877	1850	7.062737526328332	0.0	968026	9836.714743238188	0.09840948174952684	0.8500000000000001
69621.7952972968	750	10.306941088284669	0.0	343800	755.7964380436637	0.4548843877723304	-0.3500000000000001
69623.40801045838	1200	12.694227926708685	0.0	587236	1612.7131615759836	0.3641292289238455	0.75
69659.85627900505	1850	4.0	23.75404061996717	905935	36448.268546675856	0.024855364496666133	-100.94237466585884
69661.40380700793	300	6.4524719971223545	0.0	181901	1547.5280028776447	0.11754294569258403	-1.25
69661.69247129229	300	10.163807712763367	0.0	111155	288.66428435898763	0.3850666882701908	0.3
69662.94179474215	1200	12.914484262895382	0.0	622896	1249.3234498679856	0.4985866550938595	0.29999999999999993
69684.81525825184	1850	4.0	8.95897924678576	975811	21873.46350968114	0.044611636358737085	-37.32361076117876
69691.13352897688	300	4.0	2.318270725042109	157421	6318.270725042109	0.024915203360323067	-11.218564117681069
69692.32233835093	300	6.811190625939342	0.0	157488	1188.8093740606582	0.13247540222707252	0.3
69695.5025306895	300	7.630998287387341	0.0	143881	3180.192338552001	0.04524286102315171	0.3
69696.28592100425	750	10.847607972632414	0.0	412837	783.3903147549283	0.5269876231864696	0.3
69697.4261705256	1200	13.707358451274906	0.0	690253	1140.2495213575078	0.6053525891229746	0.75
69705.35177223859	2850	9.781756738306715	0.0	1439896	7925.601712968192	0.18167655304252592	1.2000000000000002
69711.4026470229	1200	7.730881953979134	0.0	487812	6050.8747843275805	0.08061842582885467	-0.44999999999999996
69712.04788207909	750	11.085646897794229	0.0	361565	645.2350561849044	0.5603616798780795	0.3
69713.54839930926	1850	13.58512966761914	0.0	908665	1500.517230175089	0.6055678546883275	0.75
69720.83383649701	2850	10.299692479872178	0.0	1402287	7285.437187746963	0.19247808523535706	1.85
69723.18225568993	1200	11.951273286947998	0.0	566904	2348.4191929241797	0.24139812930676507	-0.44999999999999996
69746.68164135625	1850	4.0	11.548112379365023	1025005	23499.38566631302	0.043618374307945046	-48.45688323126959
69747.09572511361	300	7.585916242635605	0.0	145210	414.0837573643953	0.3506778457678422	-1.25
69751.39928253694	750	7.282358819306	0.0	438281	4303.557423329605	0.10184155964181554	0.3
69751.95421200627	750	10.727429349970775	0.0	398987	554.929469335227	0.7189868659849026	0.75
69758.37812529583	1200	8.30351606041121	0.0	638661	6423.913289559566	0.09941930583620745	0.75
69759.0389005525	750	11.642740803739173	0.0	331053	660.7752566720378	0.501006956082666	0.3
69760.5923171111	1850	14.08932424514362	0.0	846370	1553.4165585955523	0.5448441986257732	0.75

