68730.36586652795	300	4.0	2.0256676655957704	450283	2025.6676655957704	0	-7.960370962061813
68730.6844331204	750	7.681433407543893	0.0	155580	318.5665924561078	1	-0.15000000000000002
68732.55386346317	750	9.812003064787373	0.0	350812	1869.43034275652	1	0.3
68734.55553439753	750	11.810332130423314	0.0	382355	2001.6709343640566	1	0.75
68735.57402742137	1850	14.791839106587343	0.0	411561	1018.4930238359713	3	0.75
68750.86898622122	300	4.0	0.503119693263252	801058	15294.958799850594	0	-1.4134146810319836
68752.76704715514	300	6.101939066086842	0.0	153295	1898.0609339131586	0	-1.25
68753.20203854193	750	9.666947679297406	0.0	173849	434.99138678943564	1	0.3
68754.04727654807	1850	12.82170967315164	0.0	374758	845.2380061457663	3	0.3
68762.77345520648	300	8.095531014740793	0.0	913888	8726.178658410847	0	0.75
68766.99056265455	300	7.87842356666306	0.0	141840	4217.107448077732	0	-1.25
68767.28029154711	1850	11.58869467410993	0.0	156148	289.72889255312873	3	0.3
68768.63204662333	1850	14.236939597882104	0.0	946851	1351.7550762278256	3	0.30000000000000004
68770.10415122667	1850	16.76483499454258	0.0	1036454	1472.104603339527	3	1.85
68771.28771809732	1850	19.581268123898575	0.0	821631	1183.5668706440024	3	1.85
68775.90212850033	1850	18.966857720879	0.0	923170	4614.410403019577	3	1.85
68779.79523652901	1850	19.07374969219514	0.0	966699	3893.1080286838587	3	1.85
68782.17389314546	1850	20.695093075752776	0.0	885714	2378.6566164423625	3	1.85
68787.92524256404	1850	18.94374365716547	0.0	987708	5751.349418587308	3	1.85
68789.27875476345	1850	21.590231457742878	0.0	923755	1353.5121994225901	3	1.85
68790.57654454578	1850	24.292441675415063	0.0	891604	1297.7897823278151	3	1.85
68791.95922725413	4300	26.90975896705695	0.0	955231	1382.682708358115	5	1.85
68799.73016806912	4300	23.13881815208341	0.0	2221506	7770.940814973538	5	1.8499999999999996
68803.92133862182	4300	22.947647599364387	0.0	2044075	4191.1705527190215	5	4.3
68806.22708467914	4300	24.641901542054292	0.0	2186790	2305.7460573100934	5	4.3
68809.12915968122	4300	25.739826539983838	0.0	2105231	2902.075002070454	5	4.3
68812.56423042889	4300	26.304755792304825	0.0	2395588	3435.0707476790126	5	4.3
68814.5365989172	4300	28.332387303990544	0.0	1972048	1972.368488314282	5	4.3
68816.66496501595	4300	30.20402120523711	0.0	2134614	2128.3660987534295	5	4.3
68819.17807880756	4300	31.690907413619126	0.0	2164140	2513.113791617988	5	4.3
68827.26114913514	4300	27.607837086037303	0.0	2113193	8083.070327581824	5	4.3
68832.85992937781	4300	26.009056843377152	0.0	2147852	5598.780242660152	5	4.3
68843.29072589146	1850	19.57826032971176	0.0	2191074	10430.796513665391	3	4.3
68857.6624734737	300	9.206512747487656	0.0	1035329	14371.747582224105	0	-0.6000000000000001
68858.16395139543	1850	12.705034825770332	0.0	179328	501.4779217173237	3	-1.25
68861.88183337865	1850	12.98715284254656	0.0	943942	3717.8819832237714	3	0.30000000000000004
68863.60403638333	1850	15.264949837865155	0.0	728962	1722.2030046814057	3	1.85
68865.96490358474	1850	16.904082636457602	0.0	938587	2360.867201407553	3	1.85
68868.16206961204	1850	18.706916609142723	0.0	908665	2197.1660273148786	3	1.85
68871.02381466751	1850	19.84517155367023	0.0	930577	2861.745055472497	3	1.85
68872.75563926664	4300	22.11334695453862	0.0	858450	1731.8245991316073	5	1.85
68877.25190596149	4300	21.617080259691974	0.0	2184571	4496.266694846647	5	1.8499999999999996
68882.29985098657	4300	20.569135234612386	0.0	2121928	5047.945025079589	5	4.3
68887.94277362527	4300	18.92621259590992	0.0	2219102	5642.922638702465	5	4.3
68908.62967819435	300	4.0	1.7606919731765303	2124950	20686.90456908645	0	-3.27097548465908
68916.54894404727	300	4.0	3.919265852908833	160064	7919.265852908833	0	-20.55284316750798
68917.65919044812	300	6.8897535991464744	0.0	137507	1110.246400853525	0	0.3
68917.92107400761	1850	10.62787003964634	0.0	118421	261.88355950013545	3	0.3

