79284.68730570193	300	4.0	8.650339124083791	450283	8650.339124083792	0	-36.4464582335603
79285.4562597341	300	7.231045967826283	0.0	155580	768.9540321737172	0	-0.15000000000000002
79286.15558769448	300	10.53171800743472	0.0	139857	699.3279603915643	0	0.3
79290.65773285255	300	10.029572849360255	0.0	155432	4502.145158074465	0	0.3
79291.48210937795	750	13.205196323964108	0.0	163442	824.3765253961468	1	0.3
79292.99090605862	300	15.696399643292155	0.0	318564	1508.7966806719514	0	0.3
79293.74690505693	750	18.94040064497631	0.0	153295	755.9989983158454	1	-0.15000000000000002
79296.23462028507	750	20.452685416833305	0.0	437162	2487.715228143006	1	0.3
79306.62450595664	750	14.062799745254996	0.0	374758	10389.88567157831	1	0.75
79312.7817139401	750	11.90559176180104	0.0	362795	6157.207983453957	1	0.75
79314.22233713149	300	14.464968570416527	0.0	353220	1440.623191384511	0	0.75
79314.90479848623	300	17.782507215674595	0.0	156148	682.4613547419309	0	-0.15000000000000002
79315.81402628215	750	20.87327941974438	0.0	160746	909.2277959302152	1	0.3
79328.1883243315	750	12.498981370419123	0.0	434409	12374.298049325256	1	0.3
79330.4646853793	750	14.22262032261723	0.0	337059	2276.3610478018954	1	0.75
79332.72566962993	300	15.961636071988124	0.0	366214	2260.9842506291047	0	0.75
79333.71525682935	750	18.972048872564525	0.0	143509	989.5871994236	1	-0.15000000000000002
79337.92897468655	750	18.75833101537261	0.0	372963	4213.717857191916	1	0.3
79340.59031181216	750	20.096993889761375	0.0	405596	2661.337125611237	1	0.75
79342.81465255172	750	21.872653150199447	0.0	350713	2224.340739561927	1	0.75
79345.07549397722	1850	23.611811724707056	0.0	386472	2260.8414254923905	3	0.75
79353.96266557102	1850	18.724640130905772	0.0	955231	8887.171593801282	3	0.75
79374.07087826096	300	4.0	1.3835725590283219	968026	20108.212689934095	0	-4.099362003821783
79374.7626595586	750	7.308218702347466	0.0	137654	691.7812976525353	1	-1.25
79377.98826118642	750	8.082617074538186	0.0	359903	3225.601627809279	1	0.3
79379.95503477067	750	10.115843490287652	0.0	379700	1966.773584250534	1	0.75
79382.10863363867	750	11.962244622292099	0.0	425781	2153.598867995553	1	0.75
79383.54015850139	750	14.530719759569726	0.0	277716	1431.524862722373	1	0.75
79385.56871439639	750	16.50216386457416	0.0	400396	2028.5558949955614	1	0.75
79387.59781534743	750	18.47306291353349	0.0	400508	2029.1009510406755	1	0.75
79389.42110897573	750	20.6497692852417	0.0	358218	1823.293628291791	1	0.75
79395.65531427553	750	18.415563985437313	0.0	400322	6234.205299804386	1	0.75
79403.37397222513	750	14.696906035844114	0.0	369834	7718.657949593197	1	0.75
79407.60301565369	750	14.467862607288705	0.0	412837	4229.043428555408	1	0.75
79414.49096561881	750	11.579912642162798	0.0	401088	6887.949965125908	1	0.75
79418.46926441528	750	11.601613845687366	0.0	365161	3978.2987964754316	1	0.75
79422.0206614219	750	12.050216839052334	0.0	321064	3551.39700663503	1	0.75
79424.93349746401	750	13.137380796962017	0.0	361565	2912.8360420903173	1	0.75
79428.067038521	750	14.00383973997503	0.0	378327	3133.5410569869873	1	0.75
79434.01251253707	750	12.058365723901598	0.0	390680	5945.474016073432	1	0.75
79439.72628065837	300	10.344597602587509	0.0	345516	5713.768121314089	0	0.75
79442.33303742913	300	11.737840831836195	0.0	161857	2606.756770751316	0	-0.15000000000000002
79443.97541062023	300	14.095467640734242	0.0	145210	1642.3731911019524	0	0.3
79445.295181079	750	16.775697181955337	0.0	172312	1319.7704587789067	1	0.3
79451.29819753215	750	14.772680728814521	0.0	398987	6003.0164531408145	1	0.3
79457.34692267401	750	12.723955586945328	0.0	393804	6048.725141869192	1	0.75
79459.44032326776	300	14.630554993201821	0.0	331053	2093.4005937435063	0	0.75
79460.22598634938	750	17.844891911568265	0.0	118421	785.6630816335551	1	-0.15000000000000002

