73703.86656674212	750	4.0	2.281985719133588	450283	2281.9857191335877	0.19732069145943695	-9.062538592274429
73704.70738813264	300	7.159178609490469	0.0	155580	840.8213905095319	0.18503335162027648	-0.15000000000000002
73706.4488090798	750	9.41775766233013	0.0	350812	1741.4209471603378	0.2014515792818815	0.3
73708.6747969195	1200	11.19176982263827	0.0	617681	2225.9878396918616	0.27748624183207765	0.75
73720.08941015227	1850	4.0	0.22284341014482378	996749	11414.613232783093	0.08732218776693271	0.24177333637725784
73720.65171949627	300	7.4376906560083444	0.0	126289	562.3093439916561	0.224589901180575	-1.25
73721.97715018872	750	10.112259963554628	0.0	352642	1325.4306924537161	0.2660584231282348	0.3
73724.04890537844	1200	12.04050477382669	0.0	709534	2071.7551897279395	0.3424796537341727	0.75
73729.48087521015	1850	10.608534942115908	0.0	852833	5431.969831710782	0.15700252881032714	1.2000000000000002
73731.92440025408	1200	12.165009898186163	0.0	560821	2443.525043929746	0.22951309682427964	0.5499999999999999
73735.77910517169	1850	12.310304980570656	0.0	939819	3854.7049176155074	0.2438108804918238	1.2000000000000002
73739.54387849843	1850	12.545531653836298	0.0	917428	3764.77332673436	0.24368744686039184	1.85
73743.34093654352	1850	12.748473608744437	0.0	946851	3797.0580450918605	0.24936437335318462	1.85
73751.46642941923	1850	8.622980733034742	0.0	1036454	8125.492875709692	0.12755583148664992	1.85
73754.25688956583	750	9.832520586435708	0.0	337059	2790.4601465990354	0.12078975591563336	-0.3500000000000001
73756.77703942539	1200	11.312370726888982	0.0	587876	2520.149859546726	0.2332702548513267	0.75
73763.51329608739	1850	8.57611406488925	0.0	966699	6736.2566619997315	0.14350685380699624	1.2000000000000002
73765.2632696839	750	10.826140468369431	0.0	372963	1749.9735965198195	0.21312492985134932	-0.3500000000000001
73768.17400151552	1200	11.915408636739928	0.0	639204	2910.7318316295036	0.21960250444719154	0.75
73773.85105129963	1850	10.23835885262831	0.0	923755	5677.049784111617	0.16271743865719077	1.2000000000000002
73775.97999786213	1200	12.109412290133175	0.0	601738	2128.946562495134	0.28264589191696793	0.5499999999999999
73783.20095020576	1850	8.888459946500607	0.0	955231	7220.95234363257	0.13228601360903897	1.2000000000000002
73784.98083353805	750	11.10857661420047	0.0	401853	1779.8833323001375	0.22577491047162437	-0.3500000000000001
73791.42683724455	1850	8.662572907704918	0.0	874175	6446.003706495551	0.13561503216622503	0.75
73795.12537048971	750	8.964039662548279	0.0	359903	3698.533245156639	0.09730965659732971	-0.3500000000000001
73797.98424156306	750	10.105168589211829	0.0	379700	2858.8710733364496	0.1328146636416418	0.75
73804.21985025714	1200	7.869559895124665	0.0	696376	6235.608694087165	0.11167730917116873	0.75
73805.36550970278	750	10.72390044948843	0.0	277716	1145.6594456362366	0.24240711413658508	0.3
73809.20155905429	1200	10.88785109798387	0.0	622896	3836.0493515045578	0.1623795584787486	0.75
73813.02993330691	1200	11.059476845356759	0.0	641447	3828.3742526271108	0.16755075592722565	1.2
73818.41184306245	1850	9.67756708982736	0.0	873429	5381.909755529398	0.16228978925234394	1.2000000000000002
73821.02148422018	1200	11.067925932094324	0.0	620283	2609.6411577330364	0.2376890010957799	0.5499999999999999
73826.94519699815	1850	9.144213154127687	0.0	885062	5923.712777966637	0.1494100124658314	1.2000000000000002
73828.93059714494	1200	11.158813007346426	0.0	670129	1985.4001467812611	0.3375284327879273	0.5499999999999999
73831.43529455982	1850	12.654115592453865	0.0	1026056	2504.6974148925597	0.40965267656652776	1.2000000000000002
73835.79085837623	1850	12.298551776038234	0.0	943942	4355.563816415632	0.2167209665123924	1.85
73838.75656331248	1850	13.332846839805393	0.0	728962	2965.70493623284	0.24579721033406562	1.85
73844.07125955344	2850	12.01815059882915	0.0	1499009	5314.696240976245	0.2820497977744539	1.85
73847.15226574548	1850	12.93714440679488	0.0	908665	3081.0061920342696	0.2949247561881866	0.8500000000000001
73857.88273536677	1850	6.206674785498148	0.0	930577	10730.469621296732	0.08672285862988574	1.85
73858.48827776701	300	9.601132385254925	0.0	147968	605.5424002432226	0.24435613417089716	-1.25
73860.84654214662	1200	11.242868005653825	0.0	641452	2358.2643796011	0.27200173379564063	0.29999999999999993
73864.07428071124	1850	12.015129441048256	0.0	886255	3227.738564605571	0.27457459216753516	1.2000000000000002
73867.45116620327	1850	12.638243949004863	0.0	973972	3376.8854920433923	0.28842316456831896	1.85
73869.84634352497	1850	14.243066627309872	0.0	958994	2395.177321694992	0.4003853874674089	1.85
73878.4467914535	2850	9.64261869878291	0.0	1483527	8600.447928526963	0.1724941552264116	1.85
73881.42991550252	1200	10.659494649775082	0.0	538612	2983.124049007826	0.18055300119991322	-0.44999999999999996
73884.27678891612	1200	11.812621236166088	0.0	550906	2846.873413608996	0.1935126435079576	1.2

