29432.516102532394	300	4.0	1.3361002110701692	181801	1336.1002110701693	-5.445230907601728
29433.157839672054	300	7.358262860337493	0.0	155580	641.7371396625073	0.3
29433.77050013952	300	10.745602392874858	0.0	139857	612.6604674626344	0.3
29434.639780701807	300	13.876321830585074	0.0	155432	869.2805622897856	0.3
29435.705218490653	750	16.810884041742458	0.0	411561	1065.4377888426138	0.3
29436.50084313417	750	20.015259398228068	0.0	318564	795.6246435143927	0.75
29438.188296469983	1200	22.327806062413497	0.0	561791	1687.4533358145723	0.75
29441.172219971355	1850	23.34388256104159	0.0	1060487	2983.9235013719085	1.2000000000000002
29442.959877035453	1850	25.556225496941988	0.0	852833	1787.6570640996003	1.85
29446.301578064362	2850	26.214524468033883	0.0	1429765	3341.701028908105	1.85
29458.42362121688	2850	18.092481315519443	0.0	1354548	12122.043152514443	2.85
29463.552746870737	1200	16.96335566166013	0.0	594078	5129.125653859311	-0.44999999999999996
29464.632772107492	750	19.883330424903768	0.0	386351	1080.025236756365	0.3
29470.0251400623	1200	18.49096247009748	0.0	687371	5392.36795480629	0.75
29471.416295657196	1200	21.09980687520145	0.0	526950	1391.1555948960292	1.2
29480.70049113293	1200	15.815611399465968	0.0	587876	9284.19547573548	1.2
29484.91769513717	750	15.598407395228046	0.0	360831	4217.204004237924	0.3
29486.698167300656	750	17.817935231740456	0.0	372963	1780.4721634875896	0.75
29488.088625283926	750	20.42747724847201	0.0	405596	1390.4579832684449	0.75
29490.205998446505	1200	22.31010408589414	0.0	586839	2117.37316257787	0.75
29493.273439666806	1850	23.242662865597094	0.0	891604	3067.4412202970457	1.2000000000000002
29500.07822357226	1850	20.43787896014112	0.0	955231	6804.783905455972	1.85
29506.853227120915	1200	17.662875411490838	0.0	656471	6775.003548650281	0.5499999999999999
29508.318139476643	750	20.197963055762926	0.0	343800	1464.912355727911	0.3
29510.342288047053	1200	22.17381448535076	0.0	587236	2024.1485704121676	0.75
29512.833496857773	1850	23.68260567463048	0.0	905935	2491.208810720283	1.2000000000000002
29517.616396234327	1850	22.899706298079188	0.0	1076599	4782.899376551289	1.85
29521.13955973043	1850	23.376542801977372	0.0	758197	3523.1634961018185	1.85
29523.496517423497	1850	25.019585108911325	0.0	972798	2356.9576930660464	1.85
29533.475617681306	1850	19.04048485110266	0.0	975811	9979.100257808663	1.85
29535.454433459283	1200	21.061669073128332	0.0	570392	1978.8157779743306	0.5499999999999999
29536.558288043187	1200	23.957814489223228	0.0	620283	1103.854583905103	1.2
29539.62780042029	1850	24.88830211211622	0.0	885062	3069.5123771070075	1.2000000000000002
29541.071027762395	1850	27.4450747700152	0.0	1035329	1443.2273421010211	1.85
29551.52342924072	2850	20.992673291692466	0.0	1492672	10452.401478322732	1.85
29552.42642487641	1200	24.089677656004948	0.0	598727	902.99563568752	-0.44999999999999996
29553.50843838938	1850	27.007664143031516	0.0	728962	1082.0135129734354	1.2000000000000002
29559.641837501014	2850	24.874265031394415	0.0	1499009	6133.399111637099	1.85
29562.370585832123	1850	26.145516700288557	0.0	908665	2728.7483311058577	0.8500000000000001
29565.346118615005	2850	27.169983917407688	0.0	1402287	2975.5327828808686	1.85
29575.44024798851	2850	21.075854543901333	0.0	1339500	10094.129373506357	2.85
29576.818399841006	1200	23.697702691405166	0.0	641452	1378.1518524961684	-0.44999999999999996
29578.563084467307	1850	25.953018065107134	0.0	886255	1744.684626298029	1.2000000000000002
29580.90787800212	1850	27.608224530294287	0.0	973972	2344.793534812849	1.85
29596.26534065648	4300	16.250761875935627	0.0	2124950	15357.462654358658	1.8499999999999996
29598.102780982143	750	18.413321550271053	0.0	393804	1837.4403256645764	-2.8
29601.656937275213	750	18.859165257202722	0.0	331053	3554.1562930683294	0.75
29604.699429476124	750	19.81667305628999	0.0	314107	3042.492200912731	0.75

