10640.611689237016	300	4.0	1.1462499439166172	181801	1146.2499439166172	-4.628874758841453
10641.263878328587	300	7.347810908426902	0.0	155580	652.1890915730987	0.3
10641.851537047161	300	10.760152189853732	0.0	139857	587.6587185731692	0.3
10642.456301327806	300	14.15538790920892	0.0	155432	604.7642806448115	0.3
10643.472756077612	750	17.1389331594029	0.0	411561	1016.4547498060232	0.3
10644.349142989611	750	20.262546247402923	0.0	318564	876.3869119999758	0.75
10652.53925450616	1200	16.07243473085409	0.0	561791	8190.111516548832	0.75
10653.796414656683	750	18.81527458033232	0.0	437162	1257.1601505217704	0.3
10655.279858539949	1200	21.33183069706646	0.0	584846	1483.4438832658598	0.75
10656.913815854896	1200	23.69787338211853	0.0	560821	1633.9573149479286	1.2
10660.859165739757	1850	23.752523497255577	0.0	939819	3945.349884862953	1.2000000000000002
10662.779240306234	1850	25.83244893078039	0.0	917428	1920.0745664751842	1.85
10665.061202893125	2850	27.550486343890388	0.0	1422919	2281.9625868900052	1.85
10670.973339237815	4300	25.638349999199946	0.0	2275376	5912.136344690443	2.8499999999999996
10673.195986755622	2850	27.41570248139433	0.0	1231445	2222.6475178056135	1.4000000000000001
10675.415293004491	2850	29.19639623252405	0.0	1471065	2219.3062488702813	2.85
10679.676240454888	4300	28.935448782127075	0.0	2289689	4260.947450396975	2.8499999999999996
10682.197194514556	4300	30.41449472245895	0.0	2059512	2520.954059668123	4.3
10686.307512626412	4300	30.304176610602635	0.0	2220726	4110.318111856319	4.3
10689.789913717765	4300	30.821775519249265	0.0	2156729	3482.401091353367	4.3
10692.357470259263	4300	32.25421897775104	0.0	2039773	2567.556541498229	4.3
10696.15844634586	4300	32.45324289115462	0.0	2176469	3800.9760865964085	4.3
10705.011069711949	4300	27.600619525065188	0.0	2221506	8852.623366089441	4.3
10711.83496797254	2850	24.77672126447574	0.0	1323990	6823.89826058945	1.4000000000000001
10713.334090202996	1850	27.277599034018653	0.0	897976	1499.122230457082	0.8500000000000001
10716.069382022157	4300	28.542307214857697	0.0	2105231	2735.291819160957	1.8499999999999996
10719.32551725805	2850	29.286171978965267	0.0	1547572	3256.1352358924305	1.4000000000000001
10721.129499874845	2850	31.482189362170082	0.0	1141971	1803.982616795182	2.85
10725.154181562304	4300	31.45750767471146	0.0	2134614	4024.681687458621	2.8499999999999996
10729.305033264114	4300	31.306655972901932	0.0	2164140	4150.851701809531	4.3
10735.16115916299	4300	29.450530074025412	0.0	2113193	5856.125898876519	4.3
10738.62128366614	4300	29.99040557087579	0.0	2147852	3460.1245031496214	4.3
10742.2346162864	4300	30.377072950616878	0.0	2191074	3613.3326202589133	4.3
10746.66972753723	4300	29.941961699786027	0.0	2286761	4435.1112508308515	4.3
10750.61310638265	4300	29.99858285436397	0.0	2307787	3943.378845422058	4.3
10759.86445044168	4300	24.747238795334518	0.0	2143948	9251.344059029452	4.3
10761.25849947575	1850	27.353189761264986	0.0	728962	1394.0490340695337	-0.6000000000000001
10763.953570457248	4300	28.658118779768365	0.0	2147467	2695.0709814966167	1.8499999999999996
10767.002739333622	4300	29.60894990339351	0.0	2133870	3049.1688763748557	4.3
10770.587731240237	4300	30.023957996778424	0.0	2146120	3584.991906615085	4.3
10775.079429862579	4300	29.532259374435558	0.0	2108491	4491.698622342864	4.3
10779.683414130706	4300	28.928275106308433	0.0	2184571	4603.984268127127	4.3
10781.813755799074	2850	30.79793343794084	0.0	1343002	2130.341668367589	1.4000000000000001
10789.916430570374	4300	26.695258666640168	0.0	2219102	8102.674771300675	2.8499999999999996
10791.656062855973	2850	28.955626381043157	0.0	1464921	1739.6322855970152	1.4000000000000001
10813.687758252185	4300	10.923930984830422	0.0	2246506	22031.695396212734	2.8499999999999996
10813.941376371236	300	14.670312865779026	0.0	137507	253.61811905139638	-3.7
10814.417971937433	750	18.193717299583287	0.0	314107	476.5955661957352	0.3

