46732.319153992656	750	4.0	7.053325691169309	450283	7053.32569116931	-29.57930047202803
46734.29345899405	300	6.025694998607209	0.0	155580	1974.3050013927912	-0.15000000000000002
46736.15980256648	300	8.159351426174316	0.0	139857	1866.343572432892	0.3
46738.54147911645	300	9.77767487619878	0.0	155432	2381.6765499755365	0.3
46740.6811453687	300	11.63800862395676	0.0	163442	2139.6662522420215	0.3
46742.62292688786	300	13.69622710479129	0.0	126289	1941.7815191654686	0.3
46745.35979605671	300	14.959357935946086	0.0	153295	2736.8691688452045	0.3
46749.04461615137	300	15.274537841288716	0.0	173849	3684.820094657371	0.3
46755.76884801535	750	12.550305977302695	0.0	374758	6724.231863986019	0.3
46763.08590627103	750	9.233247721621833	0.0	362795	7317.058255680863	0.75
46765.10478009089	300	11.214373901763494	0.0	141840	2018.8738198583367	-0.15000000000000002
46767.86968814734	300	12.449465845318713	0.0	156148	2764.9080564447813	0.3
46770.85788721077	300	13.461266781887174	0.0	160746	2988.199063431538	0.3
46776.77418397665	300	11.544970016012005	0.0	179801	5916.296765875169	0.3
46778.79159213546	300	13.527561857205608	0.0	140051	2017.4081588063962	0.3
46781.2342721732	300	15.084881819465384	0.0	138313	2442.6800377402255	0.3
46783.28622212155	300	17.03293187111563	0.0	143509	2051.949948349752	0.3
46785.65910854531	300	18.66004544734973	0.0	150616	2372.886423765902	0.3
46789.11630577289	300	19.202848219765976	0.0	165384	3457.1972275837547	0.3
46793.48294161209	300	18.836212380567552	0.0	140881	4366.635839198426	0.3
46795.77264129295	300	20.54651269971808	0.0	157671	2289.699680849475	0.3
46798.2381960596	300	22.080957933062177	0.0	157812	2465.5547666558987	0.3
46801.991418274054	300	22.327735718609915	0.0	163927	3753.222214452264	0.3
46804.68395399212	300	23.635200000539246	0.0	137654	2692.5357180706665	0.3
46808.32652866888	300	23.992625323787877	0.0	146754	3642.5746767513697	0.3
46810.44940955838	300	25.869744434282723	0.0	153938	2122.8808895051543	0.3
46816.29020323455	750	24.028950758108014	0.0	425781	5840.793676174709	0.3
46819.888791440215	750	24.43036255244742	0.0	277716	3598.5882056605956	0.75
46829.2122635985	750	19.106890394154235	0.0	400396	9323.472158293185	0.75
46831.94706671783	300	20.372087274825418	0.0	149029	2734.803119328814	-0.15000000000000002
46834.40666901504	300	21.91248497761826	0.0	157421	2459.602297207157	0.3
46836.446807235174	300	23.872346757483196	0.0	157488	2040.1382201350627	0.3
46838.24365312546	300	26.075500867203328	0.0	143881	1796.8458902798684	0.3
46843.264256979506	750	25.054897013154957	0.0	412837	5020.603854048373	0.3
46850.565564120596	750	21.753589872061262	0.0	401088	7301.307141093699	0.75
46857.359113499784	750	18.960040492879344	0.0	365161	6793.549379181918	0.75
46862.43822935983	750	17.880924632823813	0.0	321064	5079.115860055532	0.75
46864.34740926479	300	19.971744727872107	0.0	124011	1909.1799049517037	-0.15000000000000002
46866.34155507354	300	21.977598919121487	0.0	144254	1994.1458087506217	0.3
46870.430515049826	300	21.88863894283546	0.0	149991	4088.959976286029	0.3
46873.05351201824	300	23.265641974418152	0.0	147968	2622.9969684173093	0.3
46879.12566318567	300	21.193490806993434	0.0	161857	6072.151167424715	0.3
46880.98227253938	300	23.336881453271456	0.0	145210	1856.6093537219792	0.3
46884.77371172123	300	23.5454422714212	0.0	172312	3791.4391818502554	0.3
46887.224251795036	300	25.094902197618843	0.0	167025	2450.540073802358	0.3
46895.124156366044	750	21.194997626615994	0.0	393804	7899.90457100285	0.3
46899.49151335077	750	20.827640641885196	0.0	331053	4367.356984730799	0.75
46922.23694662636	2850	4.0	1.9177926337136924	1364537	22745.433275598887	-7.496508324968877

