54185.03023640172	750	4.0	3.8622011256347126	450283	3862.2011256347128	-15.857464840229262
54185.95796631057	300	7.072270091154298	0.0	155580	927.7299088457022	-0.15000000000000002
54187.453994432784	300	9.576241968937241	0.0	139857	1496.0281222170565	0.3
54188.17393576996	300	12.856300631761771	0.0	155432	719.9413371754703	0.3
54188.853756081124	300	16.176480320593196	0.0	163442	679.8203111685762	0.3
54195.76594210661	750	13.264294295110588	0.0	318564	6912.186025482606	0.3
54196.24834656371	300	16.781889838010546	0.0	153295	482.4044571000418	-0.15000000000000002
54197.37315009865	750	19.657086303079414	0.0	437162	1124.803534931134	0.3
54198.39493119433	750	22.6353052073955	0.0	374758	1021.7810956839139	0.75
54199.47321238248	750	25.557024019242906	0.0	362795	1078.2811881525945	0.75
54200.4922650679	750	28.537971333826814	0.0	353220	1019.0526854160892	0.75
54204.88704818324	1850	28.14318821848436	0.0	917428	4394.783115342455	0.75
54207.53135308465	1850	29.498883317079798	0.0	946851	2644.3049014045623	1.85
54211.06761986994	1850	29.96261653178465	0.0	1036454	3536.2667852951486	1.85
54213.55296134931	2850	31.477275052406377	0.0	1231445	2485.341479378273	1.85
54224.60128303698	4300	24.428953364748548	0.0	2152483	11048.32168765783	2.8499999999999996
54226.38250406475	1200	26.64773233697758	0.0	617242	1781.221027770967	-1.9000000000000001
54230.8251327858	1850	26.205103615921594	0.0	885714	4442.628721055988	1.2000000000000002
54231.96991318825	1200	29.06032321348039	0.0	639204	1144.7804024412046	0.5499999999999999
54233.49257343866	1850	31.537662963062143	0.0	923755	1522.6602504182474	1.2000000000000002
54236.497427295486	4300	32.532809106245125	0.0	2039773	3004.8538568170197	1.8499999999999996
54245.46907924556	4300	27.561157156169966	0.0	2176469	8971.65195007516	4.3
54251.615892941314	2850	25.414343460416845	0.0	1505760	6146.813695753119	1.4000000000000001
54252.98867096978	1850	28.04156543194234	0.0	874175	1372.7780284745018	0.8500000000000001
54254.396647224996	1850	30.633589176733235	0.0	897976	1407.976255209105	1.85
54256.66603874403	2850	32.3641976577039	0.0	1480464	2269.391519029342	1.85
54261.687676019574	4300	31.342560382157682	0.0	2395588	5021.6372755462135	2.8499999999999996
54264.480783509825	4300	32.54945289190077	0.0	1972048	2793.1074902569117	4.3
54267.04718066191	4300	33.983055739821445	0.0	2134614	2566.397152079319	4.3
54269.60569703095	4300	35.42453937077352	0.0	2164140	2558.516369047919	4.3
54279.06563559626	4300	29.964600805474443	0.0	2113193	9459.938565299075	4.3
54280.07536022111	1850	32.95487618061781	0.0	954453	1009.724624856634	-0.6000000000000001
54284.527660844295	4300	32.502575557431754	0.0	2191074	4452.300623186054	1.8499999999999996
54288.13453835376	2850	32.89569804796528	0.0	1587293	3606.877509466467	1.4000000000000001
54289.841116143965	2850	35.18912025776543	0.0	1492672	1706.5777901998526	2.85
54294.45781829682	4300	34.572418104907314	0.0	2143948	4616.702152858115	2.8499999999999996
54303.51326141399	4300	29.516974987742703	0.0	1919781	9055.443117164612	4.3
54305.49209538793	1850	31.538141013802147	0.0	938587	1978.8339739405558	-0.6000000000000001
54307.215498294005	2850	33.81473810772697	0.0	1427478	1723.402906075175	1.85
54309.77392562811	4300	35.256310773616306	0.0	2146120	2558.4273341106573	2.8499999999999996
54312.1861435127	4300	36.8440928890333	0.0	2108491	2412.2178845830035	4.3
54318.80814624917	4300	34.22209015256024	0.0	2184571	6622.002736473064	4.3
54321.62558424624	2850	35.40465215548531	0.0	1343002	2817.437997074929	1.4000000000000001
54324.83314305116	2850	36.19709335056433	0.0	1587250	3207.5588049209737	2.85
54330.08849756958	4300	34.94173883214511	0.0	2124950	5255.354518419222	2.8499999999999996
54332.98899970661	4300	36.04123669511385	0.0	2246506	2900.5021370312625	4.3
54340.68714144106	4300	32.343094960665326	0.0	1961140	7698.141734448526	4.3
54343.461654984596	4300	33.56858141713197	0.0	2155012	2774.5135435333555	4.3

