67653.91991314657	300	4.0	9.685081793361359	450283	9685.08179336136	0	-40.895851711453844
67655.10671453645	300	6.813198610131202	0.0	155580	1186.8013898687975	0	-0.15000000000000002
67657.94040910692	300	7.979504039667884	0.0	139857	2833.6945704633185	0	0.3
67664.32337936429	300	5.596533782300485	0.0	155432	6382.9702573673985	0	0.3
67665.74505296237	300	8.174860184207313	0.0	163442	1421.673598093172	0	0.3
67671.20572623677	300	6.714186909816688	0.0	126289	5460.673274390625	0	0.3
67672.38044839972	300	9.539464746863683	0.0	153295	1174.722162953005	0	0.3
67675.93748483002	300	9.982428316560323	0.0	173849	3557.0364303033593	0	0.3
67678.59501916148	300	11.324893985100598	0.0	150710	2657.5343314597253	0	0.3
67679.6702398058	750	14.24967334077384	0.0	139105	1075.2206443267576	1	0.3
67683.66619300333	750	14.253720143242873	0.0	353220	3995.9531975309683	1	0.3
67688.12926100311	750	13.790652143465264	0.0	405134	4463.067999777611	1	0.75
67695.35137312718	750	10.568540019393778	0.0	386351	7222.1121240714865	1	0.75
67698.23116306032	750	11.68875008624192	0.0	434409	2879.78993315186	1	0.75
67706.19330445744	300	7.72660868912822	0.0	337059	7962.141397113698	0	0.75
67715.03400671025	300	4.0	1.1140935636758869	138313	8840.702252804107	0	-4.9406023238063135
67716.7592671438	300	6.274739566442535	0.0	143509	1725.260433557465	0	0.3
67718.19130921962	300	8.842697490623115	0.0	150616	1432.0420758194202	0	0.3
67721.77164042862	300	9.262366281622079	0.0	165384	3580.331209001037	0	0.3
67731.04721103818	300	4.0	0.013204327943982207	140881	9275.57060956606	0	0.2432213898408765
67735.63239193331	300	4.0	0.5851808951202738	157671	4585.180895120274	0	-2.2162778490171777
67736.70157606184	300	6.930815871468494	0.0	157812	1069.1841285315063	0	0.3
67743.8507301915	300	4.0	0.2183382581880451	163927	7149.154129656539	0	-0.6388545102085939
67745.53598144143	300	6.31474875008286	0.0	137654	1685.2512499171412	0	0.3
67748.92356866224	300	6.927161529267078	0.0	146754	3387.587220815782	0	0.3
67750.57239160905	300	9.278338582465272	0.0	153938	1648.8229468018055	0	0.3
67752.0913058086	300	11.759424382901987	0.0	181901	1518.9141995632856	0	0.3
67755.66359821265	300	12.187131978858613	0.0	111155	3572.292404043373	0	0.3
67761.02421319709	300	10.826516994421414	0.0	153605	5360.6149844372	0	0.3
67762.26670199129	750	13.58402820021229	0.0	149029	1242.4887942091243	1	0.3
67769.44534946498	300	10.405380726516187	0.0	358218	7178.647473696103	0	0.3
67774.32240518766	300	9.528325003833816	0.0	157488	4877.055722682371	0	-0.15000000000000002
67775.43179551531	750	12.418934676193702	0.0	143881	1109.3903276401152	1	0.3
67779.84887500315	750	12.001855188351323	0.0	412837	4417.0794878423785	1	0.3
67784.03051298964	750	11.820217201872456	0.0	401088	4181.637986478867	1	0.75
67791.36404728174	300	8.48668290977553	0.0	365161	7333.534292096928	0	0.75
67792.37121514136	300	11.479515050150475	0.0	131610	1007.167859625053	0	-0.15000000000000002
67793.25564661248	750	14.595083579033703	0.0	124011	884.4314711167721	1	0.3
67797.72348958965	750	14.127240601858714	0.0	378327	4467.842977174989	1	0.3
67812.2657984611	300	4.0	0.4150682695780797	390680	14542.308871436795	0	-1.0347935591857427
67813.83233435322	300	6.4334641078736885	0.0	147968	1566.5358921263112	0	-0.15000000000000002
67816.56112241845	300	7.704676042649932	0.0	161857	2728.7880652237577	0	0.3
67819.13304583856	300	9.132752622538018	0.0	145210	2571.923420111914	0	0.3
67831.58202854113	300	4.0	3.3162300800231534	172312	12448.98270256117	0	-13.959789344099558
67832.70896083441	300	6.873067706714478	0.0	167025	1126.9322932855223	0	0.3
67835.94381701348	300	7.63821152763823	0.0	160064	3234.8561790762483	0	0.3
67841.3486296341	300	6.2333989070281435	0.0	137507	5404.812620610087	0	0.3
67842.87683453775	300	8.70519400338342	0.0	118421	1528.2049036447233	0	0.3

