86255.03640739011	750	4.0	3.9898612761364944	450283	3989.8612761364943	0.11285680599803283	-16.406403487386925
86257.85478977328	300	5.181617616834618	0.0	155580	2818.3823831653817	0.05520187783222835	-0.15000000000000002
86259.26456627909	300	7.771841111031399	0.0	139857	1409.776505803219	0.09920508635538411	0.3
86262.80908283246	750	8.227324557645165	0.0	382355	3544.5165533862346	0.10787225683421318	0.3
86264.32920265864	750	10.707204731476356	0.0	411561	1520.1198261688075	0.2707424723465824	0.75
86265.73867105025	1200	13.297736339868464	0.0	520315	1409.4683916078916	0.3691569127041123	0.75
86270.24392015659	2850	12.792487233534757	0.0	1388403	4505.2491063337075	0.3081745242561865	1.2000000000000002
86275.29561023826	1850	11.740797151864138	0.0	1060487	5051.69008167062	0.20992716949280693	0.8500000000000001
86278.26069192958	1850	12.775715460534059	0.0	852833	2965.081691330079	0.2876254649218233	1.85
86279.72902114244	1850	15.307386247678274	0.0	913888	1468.3292128557837	0.6223999304778255	1.85
86283.34187283166	4300	15.694534558453945	0.0	2173522	3612.85168922433	0.6016084209829963	1.8499999999999996
86285.89069208063	4300	17.14571530947829	0.0	2102452	2548.819248975652	0.8248729292377076	4.3
86289.75751236119	4300	17.278895028926293	0.0	2209463	3866.8202805519954	0.5713901447947809	4.3
86293.02355043605	4300	18.012856954066276	0.0	2275376	3266.0380748600182	0.6966777324227986	4.3
86295.68080634302	4300	19.35560104709879	0.0	2005399	2657.255906967486	0.7546879450871563	4.3
86298.54520691813	4300	20.49120047198586	0.0	2152483	2864.40057511293	0.751460189856699	4.3
86301.52442495094	4300	21.511982439185594	0.0	2289689	2979.218032800264	0.7685536858300521	4.3
86304.07918570479	4300	22.957221685343825	0.0	2059512	2554.7607538417674	0.8061467191802488	4.3
86308.44293001971	4300	22.59347737042087	0.0	2220726	4363.744314922953	0.5089037853124558	4.3
86313.27719784708	4300	21.759209543037517	0.0	2156729	4834.267827383355	0.4461335360410457	4.3
86316.85833632243	4300	22.178071067692073	0.0	2039773	3581.138475345443	0.569587859850418	4.3
86323.27401650278	4300	19.76239088734271	0.0	2176469	6415.680180349361	0.33924212847553165	4.3
86327.12245316198	4300	19.91395422814096	0.0	2221506	3848.436659201749	0.5772489446301007	4.3
86329.67776529148	4300	21.358642098650467	0.0	2044075	2555.3121294904927	0.7999316312123369	4.3
86337.42888585296	4300	17.60752153717295	0.0	2186790	7751.120561477516	0.2821256594650561	4.3
86350.2364775223	4300	8.799929867842906	0.0	2105231	12807.591669330044	0.16437368198123725	4.3
86352.01737372589	750	11.019033664256412	0.0	425781	1780.8962035864936	0.2390824345307337	-2.8
86353.95839301313	1850	13.078014377006124	0.0	758197	1941.0192872502892	0.3906179629333238	0.75
86358.57116567786	2850	12.465241712286526	0.0	1498470	4612.772664719598	0.32485234129592405	1.85
86364.37532376121	1850	10.661083628930585	0.0	975811	5804.15808335594	0.1681227468283893	0.8500000000000001
86366.03478862885	1200	13.001618761298857	0.0	570392	1659.464867631729	0.3437204433342558	0.5499999999999999
86368.79491381362	2850	14.241493576518842	0.0	1497683	2760.1251847800168	0.5426141568717892	1.2000000000000002
86370.95907918163	2850	16.077328208519617	0.0	1358081	2164.1653679992246	0.6275310658240265	2.85
86373.62546895561	4300	17.410938434537325	0.0	2286761	2666.3897739822905	0.8576244262235864	2.8499999999999996
86377.61486455626	4300	17.4215428338824	0.0	2307787	3989.395600654929	0.5784803591855209	4.3
86380.71805634157	4300	18.318351048574428	0.0	2143948	3103.1917853079703	0.6908847884138196	4.3
86383.27545024315	4300	19.760957146996784	0.0	1919781	2557.3939015776414	0.7506786493921404	4.3
86386.12190520325	4300	20.914502186887482	0.0	2147467	2846.454960109304	0.7544356155621507	4.3
86388.92126163459	4300	22.11514575554589	0.0	2133870	2799.356431341594	0.7622716336187817	4.3
86391.61577034793	4300	23.4206370422142	0.0	2146120	2694.5087133316874	0.7964791464141826	4.3
86395.71830112072	4300	23.318106269408915	0.0	2108491	4102.530772805283	0.5139488566366629	4.3
86399.74610521745	4300	23.290302172693632	0.0	2184571	4027.804096715285	0.5423727042190408	4.3
86404.32035045384	4300	22.71605693630127	0.0	2121928	4574.245236392359	0.4638859287906334	4.3
86410.20442944363	4300	20.831977946516854	0.0	2219102	5884.078989784419	0.37713667743969287	4.3
86414.51582825395	4300	20.520579136183084	0.0	2124950	4311.398810333767	0.49286788197529263	4.3
86417.37702143526	4300	21.65938595487145	0.0	2246506	2861.193181311634	0.7851640408880578	4.3
86424.43059502763	4300	18.605812362512996	0.0	1961140	7053.573592358456	0.2780349526833627	4.3
86434.08545905547	4300	12.950948334664515	0.0	2155012	9654.86402784848	0.22320480058383893	4.3

