80619.53378568534	750	4.0	6.9390190919803825	450283	6939.019091980383	-29.087782095515642
80622.714655209	300	4.819130476337347	0.0	155580	3180.869523662653	-0.15000000000000002
80623.85489324555	300	7.678892439794605	0.0	139857	1140.2380365427414	0.3
80628.32414202385	300	7.209643661491827	0.0	155432	4469.248778302777	0.3
80630.02006554148	300	9.513720143860333	0.0	163442	1695.923517631495	0.3
80631.28095598517	300	12.252829700157971	0.0	126289	1260.8904437023625	0.3
80636.6885460863	750	10.845239599036654	0.0	352642	5407.5901011213155	0.3
80640.8647482338	750	10.669037451536504	0.0	437162	4176.202147500152	0.75
80646.64544551384	750	8.888340171480902	0.0	374758	5780.697280055601	0.75
80647.81175156517	300	11.722034120144926	0.0	139105	1166.3060513359753	-0.15000000000000002
80649.0262707399	300	14.507514945413828	0.0	141840	1214.5191747310985	0.3
80652.90525255527	750	14.628533130050368	0.0	405134	3878.9818153634606	0.3
80656.47183351734	750	15.061952167976388	0.0	386351	3566.5809620739797	0.75
80661.3466549459	750	14.187130739431108	0.0	434409	4874.8214285452805	0.75
80667.74753174768	750	11.786253937643414	0.0	337059	6400.876801787695	0.75
80670.71007155477	750	12.823714130560496	0.0	366214	2962.5398070829183	0.75
80676.3954665767	750	11.1383191086287	0.0	360831	5685.395021931796	0.75
80682.99256102348	750	8.541224661848835	0.0	372963	6597.0944467798645	0.75
80684.27190829166	300	11.261877393665735	0.0	165384	1279.3472681831017	-0.15000000000000002
80687.27042788133	300	12.263357803982966	0.0	140881	2998.519589682768	0.3
80689.01869752412	300	14.515088161176838	0.0	157671	1748.2696428061288	0.3
80693.26241627954	750	14.271369405761797	0.0	399894	4243.718755415041	0.3
80696.91295104063	750	14.620834644663493	0.0	401853	3650.5347610983044	0.75
80701.09718373948	750	14.436601945834841	0.0	343800	4184.23269882865	0.75
80704.33851202263	750	15.19527366267597	0.0	359903	3241.3282831588735	0.75
80709.40334004366	750	14.13044564164754	0.0	379700	5064.828021028427	0.75
80713.08036663833	750	14.45341904698361	0.0	425781	3677.02659466393	0.75
80715.58377916468	750	15.950006520648742	0.0	277716	2503.412526334868	0.75
80720.17748873976	750	15.356296945558803	0.0	400396	4593.709575089938	0.75
80722.31754917312	750	17.21623651220042	0.0	400508	2140.060433358382	0.75
80726.94090506728	750	16.592880618036187	0.0	358218	4623.355894164235	0.75
80730.74057841724	750	16.793207268076923	0.0	400322	3799.673349959262	0.75
80733.98822016975	750	17.545565515565592	0.0	369834	3247.64175251133	0.75
80738.41216120648	750	17.1216244788277	0.0	412837	4423.9410367378905	0.75
80741.14295912093	750	18.390826564380237	0.0	401088	2730.797914447463	0.75
80746.17778922436	750	17.355996460950344	0.0	365161	5034.830103429891	0.75
80749.50296210185	750	18.030823583458822	0.0	321064	3325.1728774915205	0.75
80753.84184348746	750	17.6919421978566	0.0	361565	4338.881385602221	0.75
80757.40455519343	750	18.129230491883483	0.0	378327	3562.7117059731204	0.75
80761.51516667171	750	18.018619013599658	0.0	390680	4110.611478283825	0.75
80765.43816982866	750	18.09561585665989	0.0	345516	3923.0031569397693	0.75
80768.93111220167	750	18.60267348365053	0.0	384505	3492.9423730093577	0.75
80773.16395236	750	18.369833325307095	0.0	372093	4232.840158343435	0.75
80777.07590808904	750	18.457877596275125	0.0	438281	3911.95572903197	0.75
80780.21513461816	750	19.318651067154033	0.0	398987	3139.226529121095	0.75
80784.74136757213	750	18.792418113183764	0.0	393804	4526.232953970267	0.75
80787.65717428751	750	19.876611397792608	0.0	331053	2915.806715391156	0.75
80791.7906730608	750	19.74311262451259	0.0	314107	4133.498773280014	0.75

