53965.066259249856	300	4.0	6.126494643832129	181801	6126.494643832129	-26.043926968478154
53969.44503862903	300	4.0	0.37877937916389054	155580	4378.779379163891	-1.3287513304047291
53971.749605705336	300	5.695432923689912	0.0	139857	2304.5670763100884	0.3
53974.6579058577	300	6.787132771328397	0.0	155432	2908.300152361515	0.3
53977.35324563835	300	8.091792990673685	0.0	163442	2695.3397806547123	0.3
53978.67984727294	300	10.765191356078839	0.0	126289	1326.6016345948449	0.3
53981.499370560174	300	11.945668068843117	0.0	153295	2819.5232872357224	0.3
53983.00067014752	300	14.444368481494276	0.0	173849	1501.2995873488392	0.3
53985.82437903615	750	15.620659592868163	0.0	374758	2823.708888626113	0.3
53988.816331927184	750	16.62870670183094	0.0	362795	2991.952891037226	0.75
53991.36639025655	750	18.0786483724633	0.0	353220	2550.0583293676373	0.75
53994.972715578755	1200	18.472323050260094	0.0	594078	3606.3253222032076	0.75
53997.15526695137	750	20.289771677650908	0.0	386351	2182.5513726091854	0.3
54003.3486213539	1200	18.09641727511755	0.0	687371	6193.354402533359	0.75
54005.0414737214	750	20.40356490761794	0.0	337059	1692.852367499609	0.3
54009.80511255225	1200	19.639926076769193	0.0	587876	4763.638830848747	0.75
54017.24554137123	1200	16.199497257782546	0.0	617242	7440.4288189866475	1.2
54022.11431395108	750	15.33072467793282	0.0	372963	4868.772579849725	0.3
54028.06145726236	750	13.383581366652226	0.0	405596	5947.143311280593	0.75
54038.1080100557	750	7.337028573312088	0.0	350713	10046.552793340139	0.75
54040.50067834268	300	8.9443602863296	0.0	157671	2392.6682869824863	-0.15000000000000002
54043.6638289775	300	9.781209651505135	0.0	157812	3163.1506348244648	0.3
54045.80596816943	300	11.639070459581847	0.0	163927	2142.139191923289	0.3
54047.39274606828	300	14.052292560723105	0.0	137654	1586.7778988587406	0.3
54055.42523625169	750	10.019802377321144	0.0	359903	8032.49018340196	0.3
54059.771133406924	300	9.673905222089495	0.0	153938	4345.897155231648	-0.15000000000000002
54063.634828610026	300	9.81021001898759	0.0	181901	3863.695203101907	0.3
54065.49725668821	300	11.94778194079439	0.0	111155	1862.428078193198	0.3
54067.76593630726	300	13.679102321752822	0.0	153605	2268.67961904157	0.3
54078.731051988514	750	6.71398664049696	0.0	400508	10965.115681255862	0.3
54081.403308985246	300	8.041729643757687	0.0	157421	2672.2569967392715	-0.15000000000000002
54082.49879855061	300	10.946240078402813	0.0	157488	1095.4895653548756	0.3
54083.79057362287	300	13.65446500613132	0.0	143881	1291.7750722714934	0.3
54086.55711027139	750	14.887928357620348	0.0	412837	2766.5366485109707	0.3
54088.59456726066	750	16.85047136834596	0.0	401088	2037.4569892743891	0.75
54090.085112127555	750	19.359926501446914	0.0	365161	1490.5448668990482	0.75
54091.83042805616	1200	21.614610572846935	0.0	487812	1745.3159285999793	0.75
54093.80633738083	1200	23.638701248171213	0.0	575591	1975.9093246757204	1.2
54099.64267562044	1850	21.802363008571383	0.0	908665	5836.338239599826	1.2000000000000002
54104.573627371734	1200	20.871411257271305	0.0	587506	4930.951751300078	0.5499999999999999
54111.72613529215	1200	17.718903336858624	0.0	566904	7152.5079204126805	1.2
54128.9816139258	750	4.463424703208151	0.0	384505	17255.478633650473	0.3
54136.23578624766	300	4.0	2.790747618647133	145210	7254.172321855284	-12.15021476018267
54138.12503356664	300	6.1107526810179245	0.0	172312	1889.2473189820755	0.3
54139.193390284876	300	9.042395962780628	0.0	167025	1068.356718237297	0.3
54139.78733695292	300	12.44844929473328	0.0	160064	593.9466680473461	0.3
54140.30885574842	300	15.926930499231567	0.0	137507	521.5187955017145	0.3
54143.421380658125	750	16.814405589525695	0.0	314107	3112.5249097058722	0.3

