74346.04441104685	300	4.0	5.113025315662265	450283	5113.025315662265	0	-21.236008857347738
74346.51187261958	750	7.5325384272677836	0.0	155580	467.4615727322167	1	-0.15000000000000002
74347.4408068751	1850	10.603604171746225	0.0	350812	928.9342555215592	3	0.3
74349.56133832912	1850	12.483072717728865	0.0	933276	2120.5314540173595	3	0.75
74358.15909668626	750	7.88531436059306	0.0	996749	8597.758357135805	1	1.85
74366.55727078146	300	4.0	0.5128597345986491	318564	8398.174095191709	0	-2.555296858774191
74367.12847142831	750	7.42879935315128	0.0	153295	571.2006468487203	1	-0.15000000000000002
74368.53055162689	750	10.026719154567655	0.0	437162	1402.0801985836256	1	0.3
74369.43612636183	1850	13.121144419633307	0.0	374758	905.5747349343469	3	0.75
74375.19029197481	1850	11.366978806651609	0.0	913888	5754.165612981699	3	0.75
74382.95549011003	750	7.6017806714316745	0.0	939819	7765.198135219934	1	1.85
74383.68725360997	1850	10.870017171504442	0.0	405134	731.7634999272337	3	-0.3500000000000001
74396.6477237181	300	4.0	2.0904529366169644	946851	12960.470108121406	0	-8.238947627452946
74396.92064523834	750	7.727078479753613	0.0	179801	272.92152024638665	1	-1.25
74397.3623002608	1850	11.285423457296972	0.0	337059	441.6550224566429	3	0.3
74398.43283624138	1850	14.214887476708116	0.0	923170	1070.5359805888554	3	0.75
74402.34158406037	1850	14.306139657719719	0.0	966699	3908.7478189883977	3	1.85
74404.16792488087	1850	16.479798837230913	0.0	885714	1826.3408204888055	3	1.85
74406.64913202309	1850	17.99859169501578	0.0	987708	2481.2071422151316	3	1.85
74412.97331460773	1850	15.6744091103576	0.0	923755	6324.1825846581805	3	1.85
74415.13174483652	1850	17.515978881595228	0.0	891604	2158.430228762372	3	1.85
74417.43484143981	1850	19.212882278286475	0.0	955231	2303.0966033087534	3	1.85
74419.68216867532	1850	20.965555042778995	0.0	968026	2247.3272355074814	3	1.85
74421.44340499454	1850	23.204318723553676	0.0	874175	1761.2363192253165	3	1.85
74422.8892219897	1850	25.758501728415784	0.0	897976	1445.8169951378923	3	1.85
74424.83119882082	1850	27.81652489729328	0.0	905935	1941.976831122502	3	1.85
74427.25102127485	1850	29.396702443258196	0.0	1076599	2419.822454035085	3	1.85
74437.80323786203	750	22.84448585608165	0.0	758197	10552.216587176546	1	1.85
74438.21549241872	1850	26.432231299373687	0.0	400396	412.25455670796674	3	-0.3500000000000001
74439.10523490176	1850	29.54248881634249	0.0	975811	889.7424830311935	3	0.75
74442.51057349483	1850	30.137150223258583	0.0	873429	3405.338593083908	3	1.85
74449.97273506383	1850	26.67498865426857	0.0	954453	7462.161568990013	3	1.85
74452.7742798652	1850	27.873443852880847	0.0	885062	2801.544801387724	3	1.85
74464.18854244484	750	20.459181273244628	0.0	1035329	11414.262579636217	1	1.85
74464.57881322101	1850	24.068910497083863	0.0	401088	390.2707761607619	3	-0.3500000000000001
74465.38902109806	1850	27.25870262003259	0.0	943942	810.2078770512752	3	0.75
74466.03292628977	1850	30.61479742832478	0.0	728962	643.905191707808	3	1.85
74488.85776906881	750	11.789954649287026	0.0	938587	22824.842779037757	1	1.85
74489.59290202767	1850	15.054821690424724	0.0	378327	735.1329588623007	3	-0.3500000000000001
74492.9079172593	1850	15.739806458782546	0.0	930577	3315.0152316421772	3	0.75
74493.85560217082	1850	18.792121547270526	0.0	858450	947.6849115120206	3	1.85
74497.2274523329	1850	19.42027138519855	0.0	1025005	3371.8501620719762	3	1.85
74502.63196487378	1850	18.01575884430985	0.0	886255	5404.512540888698	3	1.85
74504.49402076581	1850	20.153702952289073	0.0	973972	1862.0558920207754	3	1.85
74506.32867172919	1850	22.319051988901446	0.0	958994	1834.6509633876249	3	1.85
74508.20553338183	1850	24.44219033626514	0.0	982064	1876.861652636309	3	1.85
74509.45978172081	1850	27.187941997275352	0.0	830730	1254.2483389897868	3	1.85
74510.4622794507	1850	30.185444267394775	0.0	846370	1002.4977298805783	3	1.85

