58156.21392266439	750	4.0	1.0418162142501826	450283	1041.8162142501826	-3.7298097212757853
58157.05020773218	750	7.163714932207453	0.0	398865	836.2850677925477	0.75
58158.447549734155	1850	9.76637293022998	0.0	877771	1397.3420019774724	0.75
58159.86317301631	1850	12.350749648071341	0.0	933276	1415.6232821586373	1.85
58161.35256729078	1850	14.861355373604345	0.0	996749	1489.394274466996	1.85
58162.56254002013	1850	17.651382644246805	0.0	801058	1209.9727293575402	1.85
58163.93773391043	1850	20.276188753941124	0.0	905515	1375.1938903056787	1.85
58165.61394622753	1850	22.599976436850337	0.0	1060487	1676.2123170907864	1.85
58168.8167873971	1850	23.397135267276983	0.0	852833	3202.8411695733553	1.85
58170.167722854756	1850	26.046199809625	0.0	913888	1350.9354576519804	1.85
58171.80706139408	1850	28.406861270298755	0.0	939819	1639.3385393262472	1.85
58173.37077467855	1850	30.84314798582563	0.0	917428	1563.7132844731236	1.85
58185.12838488875	1850	23.085537775629263	0.0	946851	11757.61021019637	1.85
58198.25087229639	750	13.963050367980191	0.0	434409	13122.48740764907	-0.3500000000000001
58198.790144393744	750	17.423778270631278	0.0	337059	539.2720973489139	0.75
58200.128043521516	1850	20.085879142853656	0.0	923170	1337.8991277776202	0.75
58201.568720758376	1850	22.64520190599099	0.0	966699	1440.6772368626653	1.85
58202.91908898213	1850	25.294833682233335	0.0	885714	1350.3682237576534	1.85
58204.46960283692	1850	27.74431982744786	0.0	987708	1550.5138547854763	1.85
58206.61261496829	1850	29.601307696077377	0.0	923755	2143.012131370484	1.85
58209.592834805786	1850	30.62108785858358	0.0	891604	2980.219837493798	1.85
58211.03382678172	1850	33.180095882647514	0.0	955231	1440.991975936072	1.85
58214.5301498143	4300	33.68377285006474	0.0	2221506	3496.3230325827676	1.8499999999999996
58218.360636894206	4300	33.85328577015914	0.0	2044075	3830.4870799056043	4.3
58221.692879927636	4300	34.52104273672677	0.0	2186790	3332.2430334323763	4.3
58227.00629736098	4300	33.20762530337996	0.0	2105231	5313.417433346802	4.3
58230.63513719796	4300	33.57878546639306	0.0	2395588	3628.839836986912	4.3
58234.73650301772	4300	33.47741964664318	0.0	1972048	4101.365819749876	4.3
58238.35846516807	4300	33.85545749628864	0.0	2134614	3621.962150354539	4.3
58246.46798000414	4300	29.745942660220837	0.0	2164140	8109.514836067804	4.3
58252.54909598087	4300	27.664826683495914	0.0	2113193	6081.115976724924	4.3
58255.99479130744	4300	28.21913135691974	0.0	2147852	3445.6953265761763	4.3
58259.169377118444	4300	29.044545545914044	0.0	2191074	3174.5858110056934	4.3
58264.54093704187	4300	27.672985622489637	0.0	2286761	5371.5599234244055	4.3
58268.10193863652	4300	28.11198402784112	0.0	2307787	3561.0015946485137	4.3
58294.129133446055	4300	6.0847892183103465	0.0	2143948	26027.194809530774	4.3
58294.3884634765	300	9.82545918786437	0.0	131610	259.330030445977	-3.7
58294.961127122566	750	13.252795541802524	0.0	361565	572.663646061847	0.3
58296.279261930824	1850	15.9346607335418	0.0	908665	1318.1348082607226	0.75
58297.67749095998	1850	18.53643170438434	0.0	930577	1398.2290291574611	1.85
58298.99467057526	1850	21.219252089099264	0.0	858450	1317.1796152850757	1.85
58300.6276311378	1850	23.58629152655513	0.0	1025005	1632.960562544131	1.85
58302.88167448131	1850	25.33224818304754	0.0	886255	2254.04334350759	1.85
58305.7800387747	1850	26.433883889658077	0.0	973972	2898.3642933894607	1.85
58307.24371604632	1850	28.970206618030833	0.0	958994	1463.677271627248	1.85
58308.84101814999	1850	31.372904514363672	0.0	982064	1597.3021036671591	1.85
58310.19475414069	1850	34.01916852366573	0.0	830730	1353.7359906979393	1.85
58314.201237184556	4300	34.01268547980242	0.0	2155012	4006.4830438633126	1.8499999999999996

