88018.50508226952	300	4.0	2.3877106458940993	181801	2387.7106458940993	-9.967155777344626
88019.27640001482	300	7.228682254697634	0.0	155580	771.3177453023661	0.3
88021.5750105973	300	8.930071672219217	0.0	139857	2298.6105824784167	0.3
88024.25144531389	300	10.253636955637164	0.0	155432	2676.4347165820527	0.3
88024.63532800386	300	13.869754265674722	0.0	163442	383.8826899624431	0.3
88025.30762426334	750	17.19745800617474	0.0	318564	672.29625949998	0.3
88026.04328070143	750	20.461801568088227	0.0	352642	735.656438086513	0.75
88029.22079950717	1200	21.28428276234108	0.0	709534	3177.5188057471505	0.75
88036.74574251885	1850	17.759339750669717	0.0	852833	7524.943011671358	1.2000000000000002
88037.61326263838	750	20.891819631137796	0.0	362795	867.52011953192	-0.3500000000000001
88040.88560442327	1200	21.619477846240848	0.0	607410	3272.3417848969516	0.75
88041.9351073497	1200	24.569974919810655	0.0	594078	1049.502926430193	1.2
88053.684794263	1850	16.82028800650737	0.0	946851	11749.686913303283	1.2000000000000002
88057.54127823419	750	16.96380403531335	0.0	434409	3856.4839711940217	-0.3500000000000001
88061.01520999942	750	17.48987227008046	0.0	337059	3473.9317652328855	0.75
88061.8601588533	750	20.644923416181136	0.0	366214	844.9488538993231	0.75
88063.19061424976	1200	23.314468019729123	0.0	617242	1330.4553964520117	0.75
88064.78026384024	1850	25.724818429265383	0.0	885714	1589.6495904637402	1.2000000000000002
88070.6168231155	2850	23.88825915400203	0.0	1537156	5836.559275263355	1.85
88073.78507097175	1850	24.72001129775175	0.0	923755	3168.2478562502815	0.8500000000000001
88075.33536861696	1850	27.169713652537684	0.0	891604	1550.2976452140638	1.85
88078.3877305631	2850	28.11735170638424	0.0	1468126	3052.3619461534427	1.85
88082.44283102344	4300	28.06225124605479	0.0	2221506	4055.1004603294527	2.8499999999999996
88084.99757351835	2850	29.50750875114956	0.0	1323990	2554.742494905226	1.4000000000000001
88089.92188948767	4300	28.58319278182617	0.0	2186790	4924.315969323389	2.8499999999999996
88096.38984192489	4300	26.11524034460856	0.0	2105231	6467.952437217613	4.3
88101.22400735196	2850	25.28107491754131	0.0	1547572	4834.165427067248	1.4000000000000001
88107.74755555994	2850	22.757526709577977	0.0	1141971	6523.548207963331	2.85
88116.7619634354	1850	17.74311883409797	0.0	972798	9014.407875480008	0.8500000000000001
88117.53222207063	750	20.97286019887964	0.0	400508	770.2586352183301	-0.3500000000000001
88118.75983750391	1200	23.74524476560713	0.0	570392	1227.6154332725098	0.75
88121.61735308733	1850	24.88772918218194	0.0	954453	2857.515583425192	1.2000000000000002
88123.40721316868	1850	27.09786910084104	0.0	885062	1789.8600813408943	1.85
88126.4478976703	2850	28.0571845992204	0.0	1587293	3040.6845016206435	1.85
88128.80884652726	2850	29.696235742258942	0.0	1492672	2360.9488569614587	2.85
88139.79219840192	4300	22.71288386760399	0.0	2143948	10983.35187465495	2.8499999999999996
88142.96147916329	1850	23.543603106225227	0.0	728962	3169.2807613787622	-0.6000000000000001
88150.66299912786	1850	19.8420831416443	0.0	938587	7701.519964580926	1.85
88152.05819321847	1200	22.44688905103534	0.0	605884	1395.1940906089606	0.5499999999999999
88155.77405334977	1850	22.731028919733927	0.0	930577	3715.8601313014115	1.2000000000000002
88166.9550641404	1850	15.550018129100852	0.0	858450	11181.010790633074	1.85
88168.46393362229	750	18.041148647221654	0.0	384505	1508.8694818792	-0.3500000000000001
88172.22067001976	750	18.284412249752176	0.0	372093	3756.73639746948	0.75
88175.99189761652	1200	18.513184652994575	0.0	634861	3771.227596757598	0.75
88177.3251714294	1200	21.17991084012307	0.0	630203	1333.2738128715066	1.2
88178.4937331063	1200	24.01134916322154	0.0	638661	1168.5616769015312	1.2
88182.53618291643	1850	23.968899353087007	0.0	830730	4042.449810134529	1.2000000000000002
88184.65127472467	1850	25.853807544849186	0.0	846370	2115.091808237819	1.85

