33601.88354282621	300	4.0	0.8763517430138017	181801	876.3517430138018	-3.4683124949593473
33602.42558265844	300	7.457960167771154	0.0	155580	542.0398322288454	0.3
33602.89362195962	300	10.989920866592987	0.0	139857	468.0393011781676	0.3
33604.288981427235	300	13.594561398975406	0.0	155432	1395.3594676175812	0.3
33614.01689730486	750	7.866645521358592	0.0	411561	9727.915877616813	0.3
33615.182050882126	300	10.701491944091833	0.0	126289	1165.1535772667592	-0.15000000000000002
33619.672940536526	300	10.210602289682779	0.0	153295	4490.889654409056	0.3
33621.70196992827	300	12.181572897949824	0.0	173849	2029.0293917329545	0.3
33625.184107115274	300	12.699435710938511	0.0	150710	3482.137187011313	0.3
33629.04486537844	300	12.838677447775952	0.0	139105	3860.7582631625587	0.3
33634.39963336662	300	11.483909459595456	0.0	141840	5354.767988180496	0.3
33634.854129948646	300	15.029412877572586	0.0	156148	454.4965820228696	0.3
33635.86073246012	750	18.022810366101943	0.0	386351	1006.6025114706412	0.3
33636.73583032216	750	21.14771250405981	0.0	434409	875.0978620421344	0.75
33637.45012538128	1200	24.43341744494237	0.0	526950	714.29505911744	0.75
33638.6413544727	1850	27.242188353519186	0.0	923170	1191.2290914231846	1.2000000000000002
33640.329339450276	2850	29.554203375935856	0.0	1491626	1687.9849775833297	1.85
33642.80086943768	4300	31.08267338853128	0.0	2059512	2471.5299874045795	2.8499999999999996
33647.345540441274	4300	30.538002384936895	0.0	2220726	4544.671003594384	4.3
33651.33169388127	4300	30.551848944941664	0.0	2156729	3986.1534399952316	4.3
33656.61466821259	4300	29.26887461362357	0.0	2039773	5282.974331318093	4.3
33659.19427224492	4300	30.68927058130448	0.0	2176469	2579.6040323190896	4.3
33669.91781390523	4300	23.965728920991598	0.0	2221506	10723.541660312882	4.3
33672.18496307799	1850	25.698579748233644	0.0	874175	2267.149172757951	-0.6000000000000001
33673.80180971477	2850	28.08173311145591	0.0	1383735	1616.8466367777348	1.85
33678.90452861536	4300	26.97901421086544	0.0	2105231	5102.718900590469	2.8499999999999996
33696.96692342863	2850	12.916619397603172	0.0	1547572	18062.394813262268	1.4000000000000001
33697.765906102584	300	16.117636723643184	0.0	111155	798.9826739599861	-2.25
33708.56193078976	750	9.321612036467025	0.0	400396	10796.024687176161	0.3
33710.11954205396	300	11.76400077227017	0.0	149029	1557.6112641968548	-0.15000000000000002
33713.657918853205	300	12.225623973019493	0.0	157421	3538.3767992506755	0.3
33719.77485076086	300	10.108692065365394	0.0	157488	6116.9319076541	0.3
33722.65669292886	300	11.226849897368826	0.0	143881	2881.8421679965677	0.3
33723.12868782698	300	14.754854999245598	0.0	163444	471.99489812322855	0.3
33724.1706347305	750	17.712908095728494	0.0	401088	1041.9469035171037	0.3
33724.86778634605	750	21.01575648018612	0.0	365161	697.1516155423756	0.75
33725.53497059765	1200	24.34857222859072	0.0	487812	667.1842515954011	0.75
33726.744757288325	1850	27.138785537914444	0.0	938587	1209.7866906762704	1.2000000000000002
33728.36535538836	2850	29.518187437868335	0.0	1427478	1620.5981000461093	1.85
33730.930943261475	4300	30.952599564761407	0.0	2146120	2565.5878731069265	2.8499999999999996
33735.352763988536	4300	30.530778837694637	0.0	2108491	4421.820727066769	4.3
33738.91402058694	4300	30.969522239298975	0.0	2184571	3561.256598395663	4.3
33744.74623490577	4300	29.137307920470008	0.0	2121928	5832.214318828967	4.3
33747.371629370355	4300	30.511913455883754	0.0	2219102	2625.3944645862557	4.3
33757.45435795303	4300	24.429184873212513	0.0	2124950	10082.728582671238	4.3
33760.37545594697	1850	25.50808687927552	0.0	982064	2921.0979939369936	-0.6000000000000001
33761.8309146291	2850	28.052628197143072	0.0	1231456	1455.4586821324488	1.85
33763.26083418549	2850	30.622708640756457	0.0	1364537	1429.9195563866149	2.85

