85655.40187389836	300	4.0	1.0794717289727145	181801	1079.4717289727146	-4.341728434582672
85655.75109474253	300	7.650779155814184	0.0	155580	349.22084418581693	0.3
85656.40193463108	300	10.999939267266267	0.0	139857	650.8398885479169	0.3
85657.39004766855	300	14.011826229799485	0.0	155432	988.1130374667812	0.3
85659.77122920692	750	15.63064469142548	0.0	411561	2381.1815383740054	0.3
85665.84713710433	750	13.554736794009306	0.0	318564	6075.907897416174	0.75
85673.46669168091	750	9.935182217433608	0.0	352642	7619.554576575698	0.75
85675.97871174941	300	11.423162148919573	0.0	173849	2512.020068514035	-0.15000000000000002
85677.87350833985	300	13.528365558484937	0.0	150710	1894.7965904346356	0.3
85682.03779176726	750	13.364082131080483	0.0	362795	4164.283427404453	0.3
85686.86729873056	750	12.53457516776513	0.0	353220	4829.506963315354	0.75
85689.87420201024	300	13.52767188809594	0.0	156148	3006.9032796691904	-0.15000000000000002
85700.05380800721	750	7.348065891112496	0.0	386351	10179.605996983444	0.3
85701.57027252852	300	9.831601369792683	0.0	179801	1516.4645213198137	-0.15000000000000002
85701.80864321507	300	13.593230683245464	0.0	140051	238.37068654721935	0.3
85702.30276066232	750	17.099113236006932	0.0	366214	494.1174472385302	0.3
85702.7907909741	750	20.611082924209658	0.0	360831	488.03031179727174	0.75
85703.5283474759	1200	23.873526422418152	0.0	581493	737.5565017915062	0.75
85708.54097389619	1850	22.8609000021302	0.0	987708	5012.62642028795	1.2000000000000002
85709.79242747699	1850	25.60944642133342	0.0	923755	1251.453580796781	1.85
85739.48220709302	1850	4.0	4.080333194708936	891604	29689.779616042357	-15.695432737248423
85742.28572382708	300	5.196483265953131	0.0	157812	2803.516734046869	-1.25
85742.68512073203	300	8.797086361006306	0.0	163927	399.3969049468239	0.3
85743.03332707725	300	12.448880015782212	0.0	137654	348.20634522409426	0.3
85743.39926394785	300	16.08294314517172	0.0	146754	365.93687061049246	0.3
85744.21907499063	750	19.263132102400796	0.0	379700	819.8110427709227	0.3
85745.30507095455	1200	22.177136138482958	0.0	696376	1085.9959639178362	0.75
85746.3973211732	1850	25.08488591983932	0.0	758197	1092.2502186436413	1.2000000000000002
85753.51469890316	1850	21.96750818987173	0.0	972798	7117.3777299675885	1.85
85755.10716370092	1850	24.375043392123345	0.0	975811	1592.4647977483828	1.85
85757.53451480423	1850	25.947692288800237	0.0	873429	2427.351103323106	1.85
85761.18029594565	2850	26.301911147371072	0.0	1497683	3645.7811414291646	1.85
85763.7980021444	2850	27.68420494863724	0.0	1358081	2617.706198733831	2.85
85770.10701434163	4300	25.375192751404803	0.0	2286761	6309.012197232437	2.8499999999999996
85776.72355932846	2850	22.758647764571716	0.0	1492672	6616.544986833089	1.4000000000000001
85778.41299133348	1850	25.069215759558737	0.0	943942	1689.4320050129804	0.8500000000000001
85781.93486221081	1850	25.547344882212045	0.0	728962	3521.8708773466947	1.85
85785.78769058101	1850	25.694516512017902	0.0	938587	3852.8283701941423	1.85
85791.76757292158	2850	23.714634171440732	0.0	1427478	5979.882340577171	1.85
85801.63710920772	1850	17.845097885310146	0.0	930577	9869.536286130582	0.8500000000000001
85809.91882494224	750	13.56338215078928	0.0	345516	8281.715734520867	-0.3500000000000001
85810.50401357758	750	16.978193515460948	0.0	384505	585.1886353283312	0.75
85811.07289448912	750	20.409312603937757	0.0	372093	568.8809115231915	0.75
85811.98701774425	1200	23.49518934880927	0.0	634861	914.123255128489	0.75
85821.36524329796	1850	18.11696379509028	0.0	958994	9378.225553718983	1.2000000000000002
85822.12994196924	750	21.352265123831014	0.0	393804	764.6986712592709	-0.3500000000000001
85824.0460230179	1200	23.436184075168967	0.0	538612	1916.0810486620462	0.75
85832.60887282995	1850	18.873334263123482	0.0	846370	8562.849812045486	1.2000000000000002

