58535.29856711329	300	4.0	0.39555766678326443	181801	395.55766678326444	-1.4008979671680368
58536.246688826825	300	7.051878286476922	0.0	155580	948.1217135230777	0.3
58536.82652013443	300	10.472046978862585	0.0	139857	579.8313076143369	0.3
58537.206560743296	300	14.092006369999652	0.0	155432	380.04060886293416	0.3
58538.15573867701	300	17.142828436284322	0.0	163442	949.1779337153298	0.3
58538.487560606845	300	20.811006506446468	0.0	126289	331.82192983785484	0.3
58538.829964113706	300	24.468602999586544	0.0	153295	342.4035068599252	0.3
58539.182448804764	300	28.11611830852205	0.0	173849	352.48469106449227	0.3
58539.50293933027	300	31.795627783023257	0.0	150710	320.49052549879224	0.3
58539.81632690762	300	35.48224020566659	0.0	139105	313.3875773566653	0.3
58540.13430321309	300	39.16426390019756	0.0	141840	317.9763054690299	0.3
58540.52609663245	300	42.772470480833924	0.0	156148	391.793419363636	0.3
58540.93516295773	300	46.363404155558605	0.0	160746	409.0663252753152	0.3
58542.06743055891	300	49.2311365543736	0.0	179801	1132.2676011850122	0.3
58542.46805419204	300	52.83051292124957	0.0	140051	400.6236331240195	0.3
58542.86469896121	300	56.433868152070616	0.0	138313	396.64476917895985	0.3
58543.77076193944	750	59.52780517384288	0.0	360831	906.0629782277389	0.3
58546.00062087983	750	59.76175194058709	0.0	372963	766.053233255783	0.75
58548.439967251106	1200	59.731981634245095	0.0	639204	1029.770306341998	0.75
58551.015380193276	1200	59.85356311742691	0.0	586839	1378.418516818188	1.2
58554.08519603691	1200	59.61415251608627	0.0	601738	1739.410601340633	1.2
58556.176421422846	1200	59.948242356518115	0.0	616206	1165.9101595681577	1.2
58559.86636614768	1200	59.76942760153254	0.0	656471	2678.81475498557	1.2
58562.67115183243	1200	59.57959984233523	0.0	536667	1689.827759197317	1.2
58567.736539799735	1850	58.514211875029055	0.0	897976	5065.387967306175	1.2000000000000002
58570.26592591542	1850	59.984825759345526	0.0	905935	2029.3861156835299	1.85
58573.920320087556	1850	59.87999462984322	0.0	1076599	3104.8311295023054	1.85
58578.24270100238	1850	59.55761371501774	0.0	758197	4322.380914825479	1.85
58582.0381710142	1850	59.508850718390605	0.0	972798	3048.7629966271356	1.85
58587.10181100588	1850	58.44521072671369	0.0	975811	5063.639991676919	1.85
58588.92059060256	1850	59.85299441555841	0.0	873429	1592.216311155276	1.85
58592.921112030825	1850	59.85247298729456	0.0	954453	4000.521428263858	1.85
58594.6782006533	1850	59.74497110450531	0.0	885062	1607.5018827892488	1.85
58598.45710802088	1850	59.88731076955673	0.0	1035329	1857.66033494858	1.85
58603.272689612	1850	59.071729178433465	0.0	1026056	4815.581591123265	1.85
58606.42020222177	1850	59.92421656865764	0.0	943942	1647.512609775829	1.85
58609.975189847944	2850	59.95039340188174	0.0	1139291	1973.8231667759026	1.85
58614.195108728985	2850	59.73047452084191	0.0	1499009	3719.9188810398264	2.85
58620.37133736974	2850	57.554245880087784	0.0	1427478	6176.228640754124	2.85
58625.166113334984	2850	56.75946991484133	0.0	1402287	4794.775965246455	2.85
58631.39976398247	2850	54.52581926735713	0.0	1339500	6233.650647484204	2.85
58635.121855255886	2850	54.80372799393709	0.0	1527299	3722.091273420047	2.85
58639.357673834034	2850	54.56790941578903	0.0	1343002	4235.818578148057	2.85
58653.25006656511	2850	44.67551668470877	0.0	1587250	13892.392731080261	2.85
58657.49000027089	1850	44.43558297892925	0.0	958994	4239.933705779517	0.8500000000000001
58661.591099432815	1850	44.33448381700124	0.0	982064	4101.099161928003	1.85
58663.21942125484	1850	46.70616199498001	0.0	830730	1628.321822021236	1.85
58664.377704697086	1850	49.54787855273558	0.0	846370	1158.2834422444266	1.85

