12191.446036977615	750	4.0	1.4902496268091137	450283	1490.2496268091136	0.3021527346154315	-5.658073395279189
12192.001006522802	300	7.445030454814763	0.0	155580	554.9695451852376	0.280339707556512	-0.15000000000000002
12192.67217533751	750	10.773861640106245	0.0	350812	671.168814708515	0.5226881707135869	0.3
12193.799845798623	1200	13.646191178992995	0.0	617681	1127.670461113251	0.5477495609756571	0.75
12196.251755918449	2850	15.19428105916793	0.0	1472558	2451.9101198250655	0.6005758482309546	1.2000000000000002
12203.428729915375	4300	12.01730706224241	0.0	1941625	7176.9739969255215	0.27053532600672026	2.8499999999999996
12208.71510989455	1850	10.73092708306656	0.0	905515	5286.379979175849	0.1712920757809715	-0.6000000000000001
12210.04618574398	1200	13.399851233637563	0.0	709534	1331.075849428996	0.5330530189578419	0.5499999999999999
12214.65621643548	2850	12.789820542137601	0.0	1348011	4610.030691499963	0.29240824849289637	1.2000000000000002
12217.103581149977	1850	14.342455827642512	0.0	913888	2447.3647144950874	0.3734171676935953	0.8500000000000001
12219.386543677329	2850	16.05949330029178	0.0	1354548	2282.9625273507313	0.5933290554584302	1.85
12223.202884296432	4300	16.243152681187674	0.0	2102452	3816.340619104108	0.5509078486011958	2.8499999999999996
12226.914149196524	4300	16.53188778109618	0.0	2209463	3711.264900091489	0.5953396104776927	4.3
12230.86994719368	4300	16.576089783940578	0.0	2275376	3955.797997155604	0.5752002507802716	4.3
12234.811855593833	4300	16.634181383788427	0.0	2005399	3941.9084001521505	0.5087381025704695	4.3
12239.040687540173	4300	16.405349437447004	0.0	2152483	4228.831946341423	0.5090017828356178	4.3
12246.275012475931	4300	13.171024501689205	0.0	2289689	7234.324935757798	0.31650347756464914	4.3
12248.642885213218	2850	14.803151764404943	0.0	1358801	2367.872737284263	0.5738488300509015	1.4000000000000001
12253.273514885323	2850	14.172522092298818	0.0	1537156	4630.629672106124	0.33195399089231503	2.85
12255.53540112719	2850	15.910635850432897	0.0	1336050	2261.88624186592	0.5906795732122404	2.85
12265.973147865869	4300	9.472889111753718	0.0	2039773	10437.74673867918	0.19542273357152928	2.8499999999999996
12267.91448027874	1200	11.53155669888277	0.0	616206	1941.3324128709467	0.3174139554434789	-1.9000000000000001
12273.658665597155	1850	9.78737138046658	0.0	968026	5744.185318416191	0.1685227663001144	1.2000000000000002
12275.155751984636	1200	12.29028499298666	0.0	536667	1497.0863874799174	0.35847430347916315	0.5499999999999999
12276.770249892035	1850	14.675787085586983	0.0	897976	1614.4979073996788	0.5561952083581739	1.2000000000000002
12279.558055109863	2850	15.887981867759837	0.0	1480464	2787.805217827145	0.5310500140156473	1.85
12284.741458947678	4300	14.704578029944482	0.0	2395588	5183.4038378153555	0.4621650318894826	2.8499999999999996
12286.922208027821	2850	16.5238289498004	0.0	1141971	2180.749080144078	0.5236599709694946	1.4000000000000001
12290.527228097395	4300	16.918808880227978	0.0	2134614	3605.020069572423	0.5921226397647151	2.8499999999999996
12298.07773411769	4300	13.368302859930692	0.0	2164140	7550.506020297286	0.28662184947371133	4.3
12300.645342586777	2850	14.800694390845525	0.0	1341201	2567.6084690851667	0.5223541736010346	1.4000000000000001
12304.024172008036	2850	15.421864969586395	0.0	1497683	3378.8294212591304	0.44325498960580384	2.85
12309.584157157726	4300	13.86187981989516	0.0	2191074	5559.985149691236	0.3940791101072774	2.8499999999999996
12312.439396467751	2850	15.006640509871106	0.0	1587293	2855.239310024053	0.5559229289213689	1.4000000000000001
12320.590330738452	4300	10.85570623916875	0.0	2307787	8150.934270702354	0.2831315924476399	2.8499999999999996
12321.619671465854	1200	13.82636551176605	0.0	598727	1029.3407274026995	0.581660653329775	-1.9000000000000001
12325.554814713572	2850	13.891222264047604	0.0	1139291	3935.143247718446	0.2895170336329049	1.2000000000000002
12330.516950403764	2850	12.929086573856535	0.0	1499009	4962.135690191069	0.3020894819468913	2.85
12332.086504583678	1850	15.359532393944034	0.0	908665	1569.5541799124994	0.5789319104936262	0.8500000000000001
12341.589702168481	4300	9.856334809139833	0.0	2146120	9503.197584804202	0.22583135632491613	1.8499999999999996
12347.761715646851	1200	7.684321330769557	0.0	566904	6172.013478370276	0.09185073914480359	-1.9000000000000001
12348.84631082492	750	10.599726152701795	0.0	384505	1084.595178067762	0.3545147606916407	0.3
12350.870172924904	1200	12.575864052716367	0.0	599477	2023.8620999854265	0.2962044696643693	0.75
12354.661239438783	1850	12.78479753883671	0.0	973972	3791.066513879658	0.2569124008861738	1.2000000000000002
12357.832529431078	1850	13.613507546541793	0.0	958994	3171.2899922949164	0.3023987091467533	1.85
12360.370480005944	2850	15.0755569716763	0.0	1483527	2537.950574865495	0.5845373880374416	1.85
12367.838418077159	4300	11.60761890046081	0.0	1961140	7467.93807121549	0.26260796237170764	2.8499999999999996
12369.839977273574	1850	13.606059704045698	0.0	846370	2001.559196415112	0.4228553427327501	-0.6000000000000001

