25380.574269168028	300	4.0	0.895895173475305	181801	895.895173475305	-3.5523492459438115
25380.917625614933	300	7.656643553093302	0.0	155580	343.3564469066983	0.3
25381.160237605454	300	11.414031562575634	0.0	139857	242.61199051766658	0.3
25381.52080830939	300	15.053460858636848	0.0	155432	360.57070393878575	0.3
25383.00082012777	750	17.573449040256726	0.0	411561	1480.0118183801228	0.3
25384.04749227278	750	20.526776895248958	0.0	318564	1046.672145007769	0.75
25385.219125643594	1200	23.355143524431416	0.0	561791	1171.63337081754	0.75
25387.34737187471	1850	25.226897293320643	0.0	1060487	2128.246231110774	1.2000000000000002
25391.3250824259	1850	25.24918674212862	0.0	852833	3977.710551192021	1.85
25393.114444752195	1850	27.459824415833182	0.0	913888	1789.3623262954395	1.85
25395.21481526907	2850	29.359453898956986	0.0	1354548	2100.3705168762	1.85
25398.718391715258	4300	29.855877452771598	0.0	2102452	3503.576446185388	2.8499999999999996
25402.861195611607	4300	29.713073556421115	0.0	2209463	4142.803896350485	4.3
25408.384892069884	4300	28.189377098144412	0.0	2275376	5523.696458276704	4.3
25413.160463167267	2850	27.41380600076084	0.0	1231445	4775.571097383571	1.4000000000000001
25416.257969301212	2850	28.31629986681859	0.0	1471065	3097.50613394225	2.85
25421.222578964906	2850	27.35169020312703	0.0	1491626	4964.609663691558	2.85
25424.210749036913	2850	28.363520131117316	0.0	1358801	2988.1700720097197	2.85
25431.335877119564	4300	25.238392048466626	0.0	2220726	7125.128082650687	2.8499999999999996
25433.91183523502	2850	26.662433933013016	0.0	1336050	2575.9581154536095	1.4000000000000001
25436.16365855368	2850	28.41061061435207	0.0	1415116	2251.8233186609473	2.85
25439.50921015572	4300	29.065059012309575	0.0	2176469	3345.551602042494	2.8499999999999996
25442.374284085166	4300	30.19998508286703	0.0	2221506	2865.073929442544	4.3
25444.732617516485	4300	31.84165165155041	0.0	2044075	2358.3334313166188	4.3
25447.038579162818	4300	33.53569000521609	0.0	2186790	2305.961646334316	4.3
25452.2889128521	4300	32.285356315935516	0.0	2105231	5250.333689280579	4.3
25457.942720618765	4300	30.631548549265798	0.0	2395588	5653.807766669718	4.3
25460.132885686406	4300	32.44138348162615	0.0	1972048	2190.165067639655	4.3
25462.995538715284	4300	33.5787304527467	0.0	2134614	2862.653028879447	4.3
25467.88576365386	4300	32.68850551417232	0.0	2164140	4890.224938574377	4.3
25473.08325982898	4300	31.491009339049835	0.0	2113193	5197.496175122485	4.3
25477.628017093073	4300	30.946252074956433	0.0	2147852	4544.757264093406	4.3
25484.71057301926	4300	27.863696148771158	0.0	2191074	7082.555926185271	4.3
25487.483382021448	4300	29.090887146582155	0.0	2286761	2772.8090021890057	4.3
25503.101642896174	4300	17.472626271857372	0.0	2307787	15618.260874724783	4.3
25503.513217844833	750	21.0610513231996	0.0	365161	411.57494865776977	-2.8
25504.036162844037	1200	24.538106323994747	0.0	487812	522.9449992048548	0.75
25506.398605244787	1850	26.17566392324454	0.0	938587	2362.44240075021	1.2000000000000002
25515.57739080334	2850	20.996878364687646	0.0	1427478	9178.78555855689	1.85
25517.64306367986	1200	22.93120548816481	0.0	587506	2065.6728765228354	-0.44999999999999996
25521.134348117248	1850	23.43992105078068	0.0	858450	3491.2844373841344	1.2000000000000002
25522.230711563276	1850	26.34355760475327	0.0	1025005	1096.3634460274104	1.85
25524.75205786777	2850	27.822211300258036	0.0	1343002	2521.34630449523	1.85
25531.069384136932	4300	25.504885031094787	0.0	2219102	6317.326269163251	2.8499999999999996
25571.204898181135	2850	4.0	14.630629013108718	1464921	40135.514044203504	-61.511704756367486
25571.426331177205	300	7.778567003930486	0.0	160064	221.43299606951393	-2.25
25571.627832745267	300	11.577065435866894	0.0	137507	201.50156806359112	0.3
25571.81246987059	300	15.39242831054485	0.0	118421	184.63712532204562	0.3

