42116.62306262942	300	4.0	0.9172698255225099	181801	917.2698255225099	-3.6442602497467926
42117.392116813724	300	7.230945815688068	0.0	155580	769.054184311932	0.3
42117.79701595934	300	10.826046670073719	0.0	139857	404.89914561434966	0.3
42118.23809709222	300	14.38496553719421	0.0	155432	441.0811328795098	0.3
42118.69778610426	300	17.925276525149762	0.0	163442	459.68901204444927	0.3
42119.07116568626	300	21.551896943144637	0.0	126289	373.3795820051239	0.3
42119.50728239495	300	25.11578023445682	0.0	153295	436.11670868781493	0.3
42119.96313874254	300	28.65992388687241	0.0	173849	455.85634758441125	0.3
42120.31564137003	300	32.30742125938322	0.0	150710	352.502627489193	0.3
42120.64716069852	300	35.97590193089218	0.0	139105	331.5193284910371	0.3
42120.98362525086	300	39.6394373785528	0.0	141840	336.46455233937456	0.3
42121.345960466024	300	43.277102163390026	0.0	156148	362.3352151627796	0.3
42121.716609443254	300	46.90645318615973	0.0	160746	370.64897723029543	0.3
42122.121712256114	300	50.501350373306	0.0	179801	405.1028128537217	0.3
42122.450813633266	300	54.172248996152454	0.0	140051	329.1013771535493	0.3
42123.12962059851	750	57.493442030905456	0.0	366214	678.8069652469984	0.3
42124.02645879864	750	59.823436962620136	0.0	360831	670.0050682853187	0.75
42125.19600557601	750	59.560079927186955	0.0	372963	763.357035433184	0.75
42128.136230150136	1200	59.50056257308975	0.0	639204	2559.5173540972	0.75
42129.12125478188	1200	59.6609038052338	0.0	586839	839.6587678559483	1.2
42131.25091949266	1200	59.623254541986014	0.0	601738	2037.649263247782	1.2
42135.000093887145	1850	59.87408014750412	0.0	955231	2749.1743944819	1.2000000000000002
42137.74080595707	1850	59.8508189201004	0.0	968026	1023.2612274037182	1.85
42140.69573605382	2850	59.68857930823271	0.0	1323990	1162.2396118676857	1.85
42144.206371823915	4300	59.54160663988248	0.0	2186790	1646.972668350228	2.8499999999999996
42152.70169463941	4300	55.04628382438793	0.0	2105231	8495.322815494554	4.3
42156.281352648235	4300	55.46662581555664	0.0	2395588	3579.65800883129	4.3
42159.242271060335	4300	56.505707403459176	0.0	1972048	2960.918412097459	4.3
42174.617110912935	4300	45.130867550854674	0.0	2134614	15374.839852604506	4.3
42189.83613250282	4300	33.91184596096407	0.0	2164140	15219.021589890604	4.3
42214.90631635739	4300	12.841662106401971	0.0	2113193	25070.1838545621	4.3
42217.08388120337	2850	14.6640972604225	0.0	1497683	2177.5648459794725	1.4000000000000001
42217.94196421508	1850	17.80601424870404	0.0	885062	858.0830117184555	0.8500000000000001
42218.93215119231	1850	20.815827271475943	0.0	1035329	990.1869772281002	1.85
42221.358218071764	1850	22.389760392023273	0.0	1026056	2426.0668794526705	1.85
42222.15160545504	1850	25.596373008749207	0.0	943942	793.3873832740634	1.85
42223.09262851078	2850	28.65534995301306	0.0	1139291	941.0230557361477	1.85
42233.966088992565	2850	21.781889471229384	0.0	1499009	10873.460481783679	2.85
42236.160046593024	1850	23.587931870766255	0.0	908665	2193.9576004631294	0.8500000000000001
42244.039267198656	1850	19.70871126514043	0.0	930577	7879.220605625824	1.85
42244.6578290321	1200	23.090149431690904	0.0	566904	618.561833449527	0.5499999999999999
42245.34721186445	1200	26.400766599342102	0.0	641452	689.3828323488032	1.2
42246.26915885671	1850	29.478819607075668	0.0	886255	921.946992266434	1.2000000000000002
42247.27443746834	1850	32.47354099544389	0.0	973972	1005.27861163178	1.85
42251.240891440604	2850	32.50708702317736	0.0	1464921	3966.4539722665254	1.85
42255.772519582366	2850	31.975458881412983	0.0	1483527	4531.628141764379	2.85
42257.93929188898	2850	33.808686574800205	0.0	1231456	2166.772306612778	2.85
42265.00913599661	2850	30.73884246717573	0.0	1364537	7069.844107624474	2.85

