79254.41503374426	750	4.0	11.708287498116336	450283	11708.287498116337	-49.595636241900245
79257.70569136104	300	4.709342383213696	0.0	155580	3290.6576167863036	-0.15000000000000002
79263.62661748649	300	4.0	1.2115837422325275	139857	5920.9261254462235	-4.909810091599868
79267.960643922	300	4.0	0.3340264354916098	155432	4334.02643549161	-1.136313672613922
79270.06123948353	300	5.899404438451516	0.0	163442	2100.5955615484845	0.3
79281.86008605674	300	4.0	5.899442134748391	126289	11798.846573199906	-25.06760117941808
79289.75853578538	300	4.0	3.8984497286437954	153295	7898.449728643795	-16.463333833168317
79295.1281329404	300	4.0	1.3695971550224113	173849	5369.597155022411	-5.589267766596368
79298.94719019387	300	4.180942746532587	0.0	150710	3819.057253467413	0.3
79304.50617613962	300	4.0	1.3780431992223512	139105	5558.985945754938	-5.62558575665611
79312.64873101925	300	4.0	4.142554879613318	141840	8142.554879613318	-17.512985982337266
79317.03403786835	300	4.0	0.3853068491015656	156148	4385.306849101566	-1.356819451136732
79322.80313631664	300	4.0	1.7690984482923604	160746	5769.09844829236	-7.307123327657149
79328.24625218182	300	4.0	1.4431158651804945	179801	5443.115865180494	-5.905398220276126
79330.290509862	300	5.955742319843119	0.0	140051	2044.2576801568812	0.3
79337.05329321607	300	4.0	0.8070410342311279	138313	6762.783354074247	-3.1702764471938503
79340.8197694057	300	4.233523810357879	0.0	143509	3766.47618964212	0.3
79342.97163484216	300	6.081658373913592	0.0	150616	2151.8654364442887	0.3
79350.57062722842	300	4.0	1.5173340123446042	165384	7598.992386258195	-6.224536253081798
79353.74043286372	300	4.8301943646817955	0.0	140881	3169.8056353182046	0.3
79355.38716025234	300	7.1834669760654	0.0	157671	1646.7273886163948	0.3
79356.8013338579	300	9.769293370506634	0.0	157812	1414.1736055587653	0.3
79358.3660077363	300	12.204619492115723	0.0	163927	1564.6738783909113	0.3
79365.39118796792	300	9.179439260486745	0.0	137654	7025.180231628978	0.3
79368.3906249224	300	10.180002306011277	0.0	146754	2999.436954475471	0.3
79375.74801597657	300	6.822611251836764	0.0	153938	7357.391054174512	0.3
79380.55134053466	300	6.019286693741826	0.0	181901	4803.324558094939	0.3
79387.02344728667	300	4.0	0.4528200582656636	111155	6472.106752007489	-1.6471262505423534
79392.23756371612	300	4.0	1.214116429443634	153605	5214.116429443634	-4.920700646607626
79394.69936546104	300	5.538198255077709	0.0	149029	2461.8017449222916	0.3
79400.53837992497	300	4.0	0.3008162088607214	157421	5839.01446393843	-0.993509698101102
79405.01731627276	300	4.0	0.47893634779852257	157488	4478.936347798523	-1.759426295533647
79408.5546146621	300	4.462701610658799	0.0	143881	3537.298389341201	0.3
79424.4196797758	300	4.0	11.402363503035653	163444	15865.065113694453	-48.73016306305331
79439.21048568247	300	4.0	10.790805906672846	179328	14790.805906672846	-46.10046539869324
79447.05553115175	300	4.0	3.8450454692835736	159914	7845.045469283574	-16.233695517919365
79452.99904706256	300	4.0	1.943515910797124	131610	5943.515910797124	-8.057118416427633
79458.0775509459	300	4.0	1.0785038833489116	124011	5078.503883348912	-4.33756669840032
79465.41039105805	300	4.0	3.3328401121334466	144254	7332.840112133446	-14.031212482173819
79469.49248756694	300	4.0	0.08209650889441082	149991	4082.096508894411	-0.05301498824596651
79477.40859880656	300	4.0	3.916111239620659	147968	7916.111239620659	-16.539278330368834
79483.8111012344	300	4.0	2.4025024278421125	161857	6402.502427842112	-10.030760439721083
79501.44817566194	300	4.0	13.637074427535907	145210	17637.074427535907	-58.3394200384044
79507.9913424573	300	4.0	2.5431667953794377	172312	6543.166795379438	-10.63561722013158
79512.31359983668	300	4.0	0.32225737936982113	167025	4322.257379369821	-1.0857067312902307
79519.24402175508	300	4.0	2.930421918392499	160064	6930.421918392499	-12.300814249087743
79523.76842022131	300	4.0	0.5243984662428766	137507	4524.398466242877	-1.9549134048443693
79527.20161804264	300	4.566802178664717	0.0	118421	3433.197821335283	0.3

