35990.00153981888	300	4.0	0.6643525596883888	181801	664.3525596883889	-2.556716006660072
35990.91403681235	300	7.087503006522713	0.0	155580	912.496993477287	0.3
35991.39152002545	300	10.610019793423987	0.0	139857	477.4832130987255	0.3
35992.0759896704	300	13.925550148475233	0.0	155432	684.4696449487543	0.3
35993.311690827286	750	16.68984899158681	0.0	411561	1235.7011568884213	0.3
35994.476889277685	750	19.524650541192656	0.0	318564	1165.198450394156	0.75
35998.031959677384	1200	19.969580141491075	0.0	561791	3555.0703997015808	0.75
35999.53381612466	1200	22.46772369421462	0.0	709534	1501.8564472764567	1.2
36001.07190064836	1850	24.92963917051488	0.0	852833	1538.0845236997422	1.2000000000000002
36005.42083746305	1850	24.580702355836333	0.0	913888	4348.936814678545	1.85
36010.43093498231	2850	23.570604836576404	0.0	1354548	5010.097519259929	1.85
36014.54083071834	1850	23.46070910054688	0.0	917428	4109.8957360295235	0.8500000000000001
36016.196868166204	1850	25.804671652685116	0.0	946851	1656.037447861762	1.85
36020.044900477806	2850	25.956639341079004	0.0	1578343	3848.0323116061104	1.85
36021.67081162109	2850	28.330728197796763	0.0	1231445	1625.9111432822428	2.85
36024.36574108198	4300	29.635798736896394	0.0	2152483	2694.9294609003673	2.8499999999999996
36028.69375292352	4300	29.30778689535965	0.0	2289689	4328.011841536742	4.3
36042.37475074387	4300	19.626789075013352	0.0	2059512	13680.997820346298	4.3
36043.25209439738	1200	22.749445421495672	0.0	639204	877.3436535176811	-1.9000000000000001
36044.484387228236	1850	25.517152590638503	0.0	923755	1232.2928308571686	1.2000000000000002
36045.67657487232	1850	28.324964946551518	0.0	891604	1192.1876440869871	1.85
36048.47150429114	4300	29.53003552773065	0.0	2176469	2794.9294188208673	1.8499999999999996
36053.90957791126	4300	28.09196190761042	0.0	2221506	5438.073620120235	4.3
36057.98933382009	2850	28.012205998780324	0.0	1323990	4079.755908830094	1.4000000000000001
36059.98815835936	2850	30.01338145951489	0.0	1383735	1998.82453926543	2.85
36063.0629424769	4300	30.938597341976177	0.0	2105231	3074.7841175387152	2.8499999999999996
36075.92905532514	4300	22.072484493733647	0.0	2395588	12866.112848242528	4.3
36079.446634401305	1200	22.554905417569728	0.0	487160	3517.5790761639178	-1.9000000000000001
36081.929218365476	1850	24.07232145339934	0.0	972798	2482.583964170386	1.2000000000000002
36104.14195394377	1850	5.859585875110141	0.0	975811	22212.7355782892	1.85
36105.54646923323	300	8.455070585644954	0.0	157421	1404.5152894651872	-1.25
36106.06186103121	300	11.939678787662237	0.0	157488	515.3917979827177	0.3
36106.53963487611	300	15.461904942762615	0.0	143881	477.7738448996202	0.3
36107.70904443732	750	18.292495381554033	0.0	412837	1169.409561208583	0.3
36108.57765214597	750	21.423887672909157	0.0	401088	868.6077086448743	0.75
36110.50468580555	1200	23.496854013323137	0.0	598727	1927.0336595860201	0.75
36115.077420523216	1850	22.92411929565252	0.0	728962	4572.734717670615	1.2000000000000002
36117.376515572745	1850	24.62502424613184	0.0	938587	2299.0950495206785	1.85
36120.15550458504	1850	25.846035233829774	0.0	908665	2778.989012302068	1.85
36130.47067376047	2850	19.530866058398708	0.0	1402287	10315.169175431069	1.85
36132.56739629712	1200	21.434143521751878	0.0	566904	2096.7225366468306	-0.44999999999999996
36133.78613057359	1200	24.215409245274667	0.0	641452	1218.734276477212	1.2
36135.42767314365	1850	26.573866675217776	0.0	886255	1641.5425700568933	1.2000000000000002
36139.417018952816	2850	26.58452086604516	0.0	1587250	3989.3458091726116	1.85
36145.092179246436	2850	24.90936057242623	0.0	1464921	5675.160293618931	2.85
36154.89134368866	2850	19.110196130197604	0.0	1483527	9799.164442228628	2.85
36157.41466489498	1200	20.58687492387386	0.0	538612	2523.321206323745	-0.44999999999999996
36159.14762603799	1200	22.853913780864346	0.0	550906	1732.961143009514	1.2

