87850.97429750225	300	4.0	0.5473552513728567	181801	547.3552513728566	-2.053627580903284
87851.45424651247	300	7.520050989771294	0.0	155580	479.94901022870624	0.3
87851.79078720743	300	11.183510294821131	0.0	139857	336.54069495016194	0.3
87852.5793132173	300	14.394984284945043	0.0	155432	788.5260098760875	0.3
87853.61287031189	750	17.36142719034946	0.0	411561	1033.5570945955837	0.3
87854.2934150443	750	20.680882457934263	0.0	318564	680.544732415199	0.75
87855.83676901032	1200	23.137528491916715	0.0	561791	1543.3539660175475	0.75
87857.92309756455	1850	25.051199937686825	0.0	1060487	2086.328554229888	1.2000000000000002
87859.93110423164	1850	27.043193270592905	0.0	852833	2008.006667093918	1.85
87863.59516249104	2850	27.37913501119158	0.0	1429765	3664.058259401327	1.85
87866.8410782183	2850	28.13321928391208	0.0	1354548	3245.9157272794982	2.85
87873.58897546888	4300	25.38532203334123	0.0	2102452	6747.8972505708525	2.8499999999999996
87876.63312010656	2850	26.341177395662754	0.0	1422919	3044.144637678473	1.4000000000000001
87882.20284239587	2850	24.771455106354317	0.0	1578343	5569.7222893084345	2.85
87884.23755427042	2850	26.736743231788616	0.0	1231445	2034.7118745657037	2.85
87886.44661882438	2850	28.527678677848478	0.0	1471065	2209.064553940137	2.85
87888.73501405588	2850	30.23928344634796	0.0	1491626	2288.395231500514	2.85
87893.06778913658	4300	29.906508365651955	0.0	2059512	4332.775080696006	2.8499999999999996
87897.24881414547	4300	29.725483356768933	0.0	2220726	4181.0250088830235	4.3
87903.90543588896	4300	27.068861613269707	0.0	2156729	6656.621743499229	4.3
87907.70907467054	2850	27.26522283169367	0.0	1415116	3803.6387815760354	1.4000000000000001
87910.61451577599	2850	28.359781726231912	0.0	1468126	2905.441105461759	2.85
87914.70291649453	4300	28.27138100768784	0.0	2221506	4088.4007185440714	2.8499999999999996
87917.23582502539	2850	29.738472476826484	0.0	1323990	2532.908530861358	1.4000000000000001
87920.7858178984	4300	30.188479603812272	0.0	2186790	3549.9928730142105	2.8499999999999996
87925.4550534268	4300	29.519244075423792	0.0	2105231	4669.2355283884835	4.3
87931.79085702973	4300	27.183440472495846	0.0	2395588	6335.803602927942	4.3
87933.87285695891	2850	29.101440543315018	0.0	1141971	2081.99992918083	1.4000000000000001
87941.45009446882	4300	25.524203033413233	0.0	2134614	7577.2375099017845	2.8499999999999996
87943.49196042554	1850	27.482337076687422	0.0	975811	2041.8659567258107	-0.6000000000000001
87946.41117115616	2850	28.563126346068945	0.0	1341201	2919.210730618477	1.85
87954.277545349	4300	24.696752153225674	0.0	2147852	7866.374192843272	2.8499999999999996
87956.40243096439	1850	26.571866537846546	0.0	885062	2124.885615379126	-0.6000000000000001
87959.69900014909	2850	27.275297353140303	0.0	1587293	3296.5691847062426	1.85
87965.21508244194	2850	25.75921506028237	0.0	1492672	5516.082292857937	2.85
87968.265041248	2850	26.709256254228276	0.0	1439896	3049.958806054091	2.85
87970.33254799168	2850	28.64174951054374	0.0	1139291	2067.506743684533	2.85
87974.51752478206	4300	28.456772720162466	0.0	2147467	4184.976790381276	2.8499999999999996
87980.67918728269	4300	26.29511021953775	0.0	2133870	6161.662500624715	4.3
87983.21147003438	2850	27.762827467845316	0.0	1402287	2532.282751692435	1.4000000000000001
87988.66068616373	2850	26.31361133849106	0.0	1339500	5449.216129354257	2.85
87993.11383346295	2850	25.860464039262457	0.0	1527299	4453.147299228604	2.85
87997.54324103374	2850	25.431056468486535	0.0	1343002	4429.407570775921	2.85
88002.73505194737	1850	24.239245554841947	0.0	973972	5191.810913644587	0.8500000000000001
88004.76652507337	1850	26.207772428848497	0.0	958994	2031.4731259934506	1.85
88009.51176176404	2850	25.462535738175795	0.0	1483527	4745.236690672699	1.85
88012.34471443151	2850	26.62958307070454	0.0	1231456	2832.9526674712547	2.85
88016.11737162362	2850	26.85692587859389	0.0	1364537	3772.65719211065	2.85

