32596.780028555128	750	4.0	7.7745745384799765	450283	7774.574538479977	-32.680670515463895
32598.91874935601	300	5.861279199120435	0.0	155580	2138.7208008795646	-0.15000000000000002
32600.152068670777	300	8.627959884354498	0.0	139857	1233.3193147659385	0.3
32601.565052186175	300	11.214976368952616	0.0	155432	1412.9835154018817	0.3
32603.140078273664	300	13.639950281464227	0.0	163442	1575.0260874883875	0.3
32604.393775977547	300	16.386252577582564	0.0	126289	1253.697703881666	0.3
32611.988147731252	750	12.791880823878245	0.0	352642	7594.37175370432	0.3
32614.96975922235	300	13.810269332779677	0.0	173849	2981.611491098566	-0.15000000000000002
32616.585038212717	300	16.194990342415856	0.0	150710	1615.278990363822	0.3
32618.49183664272	300	18.28819191241317	0.0	139105	1906.7984300026897	0.3
32621.09041468932	300	19.689613865814806	0.0	141840	2598.5780465983644	0.3
32623.221424641222	300	21.558603913910567	0.0	156148	2131.0099519042383	0.3
32629.0786787228	750	19.701349832332387	0.0	386351	5857.254081578178	0.3
32642.484910504514	750	10.295118050620442	0.0	434409	13406.231781711946	0.75
32645.522964081567	300	11.25706447356773	0.0	140051	3038.0535770527113	-0.15000000000000002
32650.25362630671	300	10.526402248427402	0.0	138313	4730.662225140328	0.3
32652.7327983661	300	12.047230189033938	0.0	143509	2479.1720593934647	0.3
32654.344949393086	300	14.435079162049938	0.0	150616	1612.151026984	0.3
32655.959380095937	300	16.8206484592005	0.0	165384	1614.4307028494395	0.3
32662.769311502972	750	14.010717052167365	0.0	350713	6809.931407033134	0.3
32664.453213697845	300	16.3268148572966	0.0	157671	1683.902194870765	-0.15000000000000002
32666.037671079757	300	18.74235747538208	0.0	157812	1584.4573819145185	0.3
32669.404191063222	300	19.375837491917938	0.0	163927	3366.519983464142	0.3
32672.51787621272	300	20.26215234241982	0.0	137654	3113.6851494981174	0.3
32673.899633594585	300	22.88039496055436	0.0	146754	1381.7573818654594	0.3
32679.151780899036	750	21.628247656100648	0.0	379700	5252.147304453713	0.3
32685.719988926907	750	19.060039628229738	0.0	425781	6568.208027870909	0.75
32689.433335972033	750	19.346692583101937	0.0	277716	3713.3470451278017	0.75
32694.288804612883	750	18.491223942254713	0.0	400396	4855.468640847224	0.75
32705.859045156445	750	10.920983398693549	0.0	400508	11570.240543561165	0.75
32708.301923791383	300	12.478104763756878	0.0	157421	2442.8786349366696	-0.15000000000000002
32711.7330039409	300	13.047024614241197	0.0	157488	3431.080149515683	0.3
32716.625228213637	300	12.154800341502218	0.0	143881	4892.2242727389785	0.3
32720.755081018488	300	12.024947536650792	0.0	163444	4129.852804851425	0.3
32725.019246967913	300	11.760781587226974	0.0	179328	4264.165949423818	0.3
32728.1239501385	300	12.656078416639852	0.0	159914	3104.7031705871223	0.3
32729.17234223723	300	15.607686317909256	0.0	131610	1048.392098730595	0.3
32735.723390480136	750	13.056638075003864	0.0	361565	6551.048242905392	0.3
32738.165279910252	300	14.614748644888168	0.0	144254	2441.889430115697	-0.15000000000000002
32740.920599486217	300	15.859429068922001	0.0	149991	2755.3195759661667	0.3
32743.80865655401	300	16.971372001129296	0.0	147968	2888.0570677927053	0.3
32745.614470166947	300	19.165558388193027	0.0	161857	1805.8136129362724	0.3
32748.19364458832	300	20.586383966824144	0.0	145210	2579.1744213688794	0.3
32756.399868214525	300	16.380160340615543	0.0	172312	8206.223626208603	0.3
32764.91338748428	300	11.866641070859615	0.0	167025	8513.519269755929	0.3
32767.23294593599	300	13.547082619150416	0.0	160064	2319.5584517091975	0.3
32769.89294584756	300	14.887082707579822	0.0	137507	2659.999911570595	0.3
32783.63590464702	750	5.144123908121008	0.0	314107	13742.958799458815	0.3

