51356.12463204753	750	4.0	1.3834438356390535	450283	1383.4438356390535	0.3254797834217831	-5.19880849324793
51356.48855425129	300	7.636077796244143	0.0	155580	363.92220375585805	0.4275089521725716	-0.15000000000000002
51357.21002326894	750	10.91460877859555	0.0	350812	721.4690176485932	0.4862467984326812	0.3
51358.26873461966	1200	13.855897427868616	0.0	617681	1058.7113507269332	0.5834272009796507	0.75
51361.3181205494	2850	14.806511498135233	0.0	1472558	3049.3859297333834	0.48290312670549707	1.2000000000000002
51363.39693243955	2850	16.727699607979176	0.0	1224260	2078.8118901560574	0.5889229351618218	2.85
51367.44362291543	4300	16.68100913209995	0.0	2157535	4046.690475879224	0.5331603721263689	2.8499999999999996
51370.64090315385	4300	17.483728893677227	0.0	2290172	3197.2802384227216	0.7162875410413774	4.3
51374.91535200023	4300	17.209280047297767	0.0	2055469	4274.44884637946	0.48087345851407765	4.3
51382.02909631681	4300	14.095535730719094	0.0	2169201	7113.744316578676	0.30493097635581984	4.3
51383.87158971798	2850	16.25304232954617	0.0	1354548	1842.4934011729256	0.7351711540121115	1.4000000000000001
51389.36232538705	4300	14.7623066604769	0.0	2102452	5490.735669069267	0.38290898100297477	2.8499999999999996
51392.78762298283	2850	15.337009064695609	0.0	1422919	3425.2975957812914	0.4154147078351713	1.4000000000000001
51395.9024918131	4300	16.222140234422607	0.0	2275376	3114.8688302730006	0.7304885450988883	2.8499999999999996
51399.63627100736	4300	16.488361040166165	0.0	2005399	3733.7791942564454	0.537096302610728	4.3
51403.11560575923	4300	17.009026288291217	0.0	2152483	3479.334751874948	0.6186478604394324	4.3
51410.21207281653	4300	13.912559230996761	0.0	2289689	7096.467057294455	0.32265195927971363	4.3
51413.155368113206	2850	14.96926393431693	0.0	1358801	2943.295296679834	0.46165975990679126	1.4000000000000001
51418.33946533719	2850	13.78516671033508	0.0	1537156	5184.097223981849	0.2965137291193253	2.85
51422.24181018039	2850	13.882821867125637	0.0	1336050	3902.344843209443	0.34237107525873584	2.85
51425.42932687207	2850	14.695305175451043	0.0	1415116	3187.5166916745925	0.4439556359645462	2.85
51428.03347899249	2850	16.09115305503056	0.0	1468126	2604.152120420482	0.5637635330469665	2.85
51436.73022325313	4300	11.394408794389085	0.0	2221506	8696.744260641477	0.2554411091578011	2.8499999999999996
51438.38914823449	1850	13.735483813023057	0.0	874175	1658.9249813660285	0.5269527011885538	-0.6000000000000001
51440.269430194196	2850	15.85520185331757	0.0	1383735	1880.281959705486	0.7359188832597949	1.85
51444.052864436875	4300	16.07176761064578	0.0	2105231	3783.434242671792	0.5564338812225066	2.8499999999999996
51455.511764899646	4300	8.6128671478676	0.0	2395588	11458.900462778178	0.2090591508130787	4.3
51456.25186919166	750	11.872762855853288	0.0	277716	740.1042920143125	0.3752390075244009	-2.8
51458.20449506055	1850	13.920136986970151	0.0	972798	1952.6258688831376	0.49819989353947297	0.75
51460.871854067096	2850	15.25277798042266	0.0	1561263	2667.359006547491	0.5853216594270256	1.85
51466.23132733822	4300	13.893304709298539	0.0	2113193	5359.473271124123	0.39429117248993545	2.8499999999999996
51469.701247464865	2850	14.423384582652332	0.0	1497683	3469.9201266462064	0.43161886883187733	1.4000000000000001
51472.25511454171	2850	15.869517505806845	0.0	1358081	2553.8670768454876	0.5317743481299303	2.85
51476.28620130173	4300	15.838430745785583	0.0	2286761	4031.086760021263	0.5672815139280053	2.8499999999999996
51480.09997319996	4300	16.024658847555024	0.0	2307787	3813.7718982305582	0.6051193048726179	4.3
51485.19332737394	4300	14.931304673575676	0.0	2143948	5093.35417397935	0.4209304766106556	4.3
51487.73148501215	2850	16.393147035372767	0.0	1139291	2538.1576382029093	0.4488653434491373	1.4000000000000001
51495.7659487585	4300	12.358683289016193	0.0	2147467	8034.463746356575	0.2672819329073234	2.8499999999999996
51497.36321514845	1850	14.761416899062606	0.0	908665	1597.266389953588	0.5688875729905036	-0.6000000000000001
51503.57388954108	2850	12.550742506427573	0.0	1402287	6210.674392635031	0.2257865911732406	1.85
51505.53644552558	1850	14.588186521932975	0.0	858450	1962.5559844945985	0.43741427341807515	0.8500000000000001
51509.63504484523	2850	14.489587202278706	0.0	1527299	4098.5993196542695	0.372639255727206	1.85
51521.92130801488	2850	6.203324032633114	0.0	1343002	12286.263169645592	0.10930923271430626	2.85
51522.507158188186	300	9.617473859320674	0.0	172312	585.8501733124417	0.2941229820343566	-2.25
51524.37890079473	1200	11.745731252774785	0.0	630203	1871.742606545887	0.3366931958465039	0.29999999999999993
51527.078126027875	1850	13.046506019631517	0.0	982064	2699.2252331432687	0.3638318091952552	1.2000000000000002
51531.59938226118	2850	12.525249786326055	0.0	1231456	4521.256233305461	0.27237031843684967	1.85
51534.94406039939	1850	13.180571648116958	0.0	846370	3344.6781382090967	0.2530497599548361	0.8500000000000001

