15552.731529061386	750	4.0	10.08282077217766	450283	10082.82077217766	-42.60612932036394
15556.29370882602	300	4.437820235365204	0.0	155580	3562.179764634796	-0.15000000000000002
15558.831976728896	300	5.89955233248975	0.0	139857	2538.2679028754537	0.3
15560.319294314957	300	8.41223474642983	0.0	155432	1487.3175860599215	0.3
15563.353990142521	300	9.377538918865046	0.0	163442	3034.6958275647835	0.3
15564.238614363263	300	12.492914698123956	0.0	126289	884.6242207410913	0.3
15565.295301722563	300	15.436227338825	0.0	153295	1056.687359298954	0.3
15580.144139807137	750	4.587389254250732	0.0	437162	14848.838084574269	0.3
15581.40823610891	300	7.3232929524775745	0.0	150710	1264.0963017731585	-0.15000000000000002
15582.291750279799	300	10.439778781589393	0.0	139105	883.5141708881822	0.3
15584.132840290362	750	12.59868877102599	0.0	353220	1841.0900105634025	0.3
15586.829777196315	750	13.901751865071562	0.0	405134	2696.9369059544297	0.75
15588.970639247	750	15.760889814386973	0.0	386351	2140.862050684589	0.75
15596.731554793478	750	11.999974267910195	0.0	434409	7760.915546476776	0.75
15597.346655212803	300	15.38487384858483	0.0	140051	615.1004193253642	-0.15000000000000002
15601.392191604196	750	15.339337457190416	0.0	366214	4045.5363913944147	0.3
15603.32931512405	750	17.40221393733844	0.0	360831	1937.1235198519748	0.75
15604.296259016519	750	20.435270044869537	0.0	372963	966.9438924689061	0.75
15614.220721870213	1850	14.510807191175415	0.0	987708	9924.462853694122	0.75
15627.556906187769	750	5.174622873620176	0.0	350713	13336.184317555239	-0.3500000000000001
15628.963845553997	300	7.767683507390948	0.0	157671	1406.9393662292277	-0.15000000000000002
15629.811993260782	300	10.919535800606603	0.0	157812	848.1477067843447	0.3
15632.15814967	750	12.573379391390407	0.0	401853	2346.1564092161975	0.3
15644.914880926046	750	4.0	0.18335186465753942	343800	12756.731256047946	-0.03841301802741948
15655.427681844445	300	4.0	6.512800918398441	146754	10512.800918398441	-28.155043949113296
15656.242420926259	300	7.185260918185801	0.0	153938	814.7390818141989	0.3
15657.190626136937	300	10.237055707509525	0.0	181901	948.2052106762761	0.3
15658.354446418016	750	13.073235426431184	0.0	277716	1163.8202810783412	0.3
15662.773153590755	750	12.65452825369089	0.0	400396	4418.707172740295	0.75
15664.492032929922	750	14.935648914524277	0.0	400508	1718.8793391666106	0.75
15665.59253090727	750	17.835150937176333	0.0	358218	1100.4979773479422	0.75
15668.391594036351	1850	19.036087808093836	0.0	954453	2799.0631290825013	0.75
15670.992974817964	1850	20.434707026481732	0.0	885062	2601.3807816121034	1.85
15678.107618622713	1850	17.320063221732312	0.0	1035329	7114.64380474942	1.85
15686.44043810124	1850	12.987243743205278	0.0	1026056	8332.819478527033	1.85
15689.739872541997	1850	13.687809302446361	0.0	943942	3299.4344407589165	1.85
15692.229044371596	1850	15.198637472847937	0.0	728962	2489.171829598425	1.85
15694.801837195384	1850	16.625844649060863	0.0	938587	2572.7928237870756	1.85
15697.040030822052	1850	18.387651022391925	0.0	908665	2238.193626668936	1.85
15699.226218079533	1850	20.20146376490996	0.0	930577	2186.187257481965	1.85
15703.941946367515	1850	19.485735476927754	0.0	858450	4715.728287982204	1.85
15709.06006242979	1850	18.3676194146533	0.0	1025005	5118.116062274455	1.85
15710.698293981008	1850	20.729387863433914	0.0	886255	1638.2315512193886	1.85
15712.321907976078	1850	23.105773868364032	0.0	973972	1623.6139950698816	1.85
15714.718334233365	1850	24.70934761107703	0.0	958994	2396.4262572870025	1.85
15717.607492284436	1850	25.820189560005375	0.0	982064	2889.158051071652	1.85
15718.894999994476	1850	28.532681849966608	0.0	830730	1287.507710038768	1.85
15720.205241228747	1850	31.222440615696133	0.0	846370	1310.2412342704754	1.85

