72002.14115142434	750	4.0	4.195119170036784	450283	4195.1191700367835	-17.28901243115817
72003.02497410285	300	7.116177321484896	0.0	155580	883.8226785151032	-0.15000000000000002
72003.87124695418	300	10.269904470173783	0.0	139857	846.2728513111143	0.3
72006.76931988768	750	11.371831536660338	0.0	382355	2898.0729335134442	0.3
72009.23188283415	750	12.90926859019441	0.0	411561	2462.5629464659296	0.75
72010.92611995744	750	15.215031466911146	0.0	318564	1694.237123283263	0.75
72014.33982131272	750	15.801330111615371	0.0	352642	3413.701355295777	0.75
72017.26366889165	750	16.877482532680922	0.0	437162	2923.847578934447	0.75
72020.22888588974	750	17.912265534588396	0.0	374758	2965.216998092526	0.75
72021.83925277289	750	20.301898651437533	0.0	362795	1610.3668831508658	0.75
72029.79731416517	1850	16.34383725915086	0.0	939819	7958.061392286673	0.75
72036.49454892847	1850	13.64660249585177	0.0	917428	6697.234763299089	1.85
72042.8518046517	1850	11.289346772621455	0.0	946851	6357.255723230316	1.85
72046.69108027115	750	11.450071153155147	0.0	434409	3839.2756194663098	-0.3500000000000001
72050.37631868097	750	11.764832743336651	0.0	337059	3685.238409818496	0.75
72052.62652472546	750	13.51462669883436	0.0	366214	2250.2060445022885	0.75
72055.42384817204	750	14.717303252261967	0.0	360831	2797.323446572395	0.75
72058.48111445578	750	15.660036968526914	0.0	372963	3057.266283735052	0.75
72061.34506212767	750	16.7960892966419	0.0	405596	2863.947671885017	0.75
72062.81238996386	750	19.328761460445737	0.0	350713	1467.327836196161	0.75
72066.18046649141	750	19.960684932894633	0.0	386472	3368.0765275511058	0.75
72072.02555959926	750	18.11559182504018	0.0	399894	5845.093107854451	0.75
72076.08969574096	750	18.05145568335968	0.0	401853	4064.136141680501	0.75
72084.45833915642	750	13.682812267886954	0.0	343800	8368.643415472727	0.75
72088.90268452239	750	13.23846690191353	0.0	359903	4444.345365973424	0.75
72092.49172353325	750	13.649427891044716	0.0	379700	3589.039010868814	0.75
72096.21640895457	750	13.924742469724084	0.0	425781	3724.6854213206316	0.75
72097.35142053595	750	16.789730888343527	0.0	277716	1135.0115813805553	0.75
72100.8246012181	750	17.31655020619257	0.0	400396	3473.180682150959	0.75
72103.4908515824	750	18.650299841881733	0.0	400508	2666.2503643108357	0.75
72106.0587296696	750	20.08242175468501	0.0	358218	2567.878087196721	0.75
72111.96298868359	750	18.17816274069588	0.0	400322	5904.259013989133	0.75
72115.72945427257	750	18.411697151725456	0.0	369834	3766.4655889704213	0.75
72117.551327079	750	20.589824345291184	0.0	412837	1821.8728064342713	0.75
72128.11492340625	1850	14.026228018044852	0.0	1026056	10563.596327246332	0.75
72131.60900569327	750	14.532145731011182	0.0	365161	3494.08228703367	-0.3500000000000001
72135.07881596212	750	15.062335462167137	0.0	321064	3469.8102688440445	0.75
72141.59481080362	750	12.546340620669405	0.0	361565	6515.9948414977325	0.75
72144.6954567187	750	13.445694705576374	0.0	378327	3100.645915093031	0.75
72149.34616591605	750	12.7949855082295	0.0	390680	4650.709197346874	0.75
72151.50940092513	750	14.631750499155022	0.0	345516	2163.235009074479	0.75
72154.17063396647	750	15.970517457829125	0.0	384505	2661.2330413258965	0.75
72158.02886545312	750	16.112285971167733	0.0	372093	3858.231486661391	0.75
72165.33594583297	750	12.805205591327274	0.0	438281	7307.08037984046	0.75
72169.01904102378	750	13.122110400508799	0.0	398987	3683.0951908184766	0.75
72172.5311049183	750	13.610046506016637	0.0	393804	3512.0638944921607	0.75
72184.69006681665	750	5.451084607664608	0.0	331053	12158.961898352029	0.75
72186.55605136021	300	7.585100064097669	0.0	118421	1865.9845435669395	-0.15000000000000002

