23777.555389105728	300	4.0	1.701938303501917	181801	1701.938303501917	-7.018334705058243
23777.930493529057	300	7.6248955766748105	0.0	155580	375.1044233251898	0.3
23778.275774537753	300	11.279614567978376	0.0	139857	345.28100869643316	0.3
23778.67724801208	300	14.878141093652573	0.0	155432	401.47347432580403	0.3
23779.263288302616	300	18.292100803117975	0.0	163442	586.040290534598	0.3
23779.616534765853	300	21.93885433987979	0.0	126289	353.2464632381842	0.3
23780.018797908942	300	25.536591196792717	0.0	153295	402.2631430870718	0.3
23780.422142231695	300	29.13324687404147	0.0	173849	403.3443227512465	0.3
23780.743909338133	300	32.811479767604496	0.0	150710	321.76710643697197	0.3
23781.04705984799	300	36.50832925774506	0.0	139105	303.15050985943196	0.3
23781.693690976223	750	39.86169812951424	0.0	353220	646.6311282308225	0.3
23782.42360189719	750	43.131787208545255	0.0	405134	729.9109209689882	0.75
23783.186801278436	750	46.368587827302086	0.0	386351	763.1993812431717	0.75
23784.06482508983	750	49.490564015905704	0.0	434409	878.0238113963808	0.75
23784.764013706656	750	52.79137539908273	0.0	337059	699.1886168229772	0.75
23785.944862127908	1200	55.61052697782972	0.0	587876	1180.8484212530097	0.75
23787.12816796304	1200	58.42722114269436	0.0	617242	1183.3058351353682	1.2
23789.06091899157	1850	59.7327041449351	0.0	885714	1194.5169977592518	1.2000000000000002
23791.707000422455	1850	59.98678058982495	0.0	987708	2245.9235551101524	1.85
23793.30848340983	1850	59.847617925327505	0.0	923755	1139.1626644974447	1.85
23803.239860696427	1850	53.916240638727906	0.0	891604	9931.377286599603	1.85
23804.708479227553	1850	56.44762210760299	0.0	955231	1468.6185311249171	1.85
23814.593334071935	1850	50.562767263224174	0.0	968026	9884.854844378815	1.85
23820.237273530613	1850	48.918827804545636	0.0	874175	5643.939458678538	1.85
23821.17224006829	1200	51.983861266873774	0.0	587236	934.9665376718648	0.5499999999999999
23823.79536025506	1200	53.360741080100226	0.0	590335	2623.1201867735535	1.2
23827.585382542264	1200	53.57071879289595	0.0	696376	3790.0222872042714	1.2
23828.183644570563	1200	56.972456764596956	0.0	487160	598.2620282989967	1.2
23829.426308468213	1200	59.72979286694663	0.0	622896	742.663897650324	1.2
23831.93897695732	1200	59.863531313020836	0.0	641447	866.2615539257946	1.2
23836.89670488766	1200	58.905803382684645	0.0	570392	4957.727930336193	1.2
23839.893266654137	1200	59.53008987210407	0.0	620283	1375.7135105805753	1.2
23842.38770265896	1200	59.77629604724073	0.0	584349	1253.7938248633454	1.2
23847.57212997435	1200	58.59186873185134	0.0	670129	5184.4273153893855	1.2
23849.450721411435	1200	59.78560772473595	0.0	690253	806.261007115387	1.2
23853.47493900718	1200	59.76139012898841	0.0	598727	3524.2175957475433	1.2
23859.900199826097	1850	57.33612931006945	0.0	728962	6425.260818918954	1.2000000000000002
23882.996019503305	1850	38.24030963286275	0.0	938587	23095.81967720671	1.85
23884.045856044057	1200	41.19047309211165	0.0	605884	1049.8365407510928	0.5499999999999999
23886.925480024045	1200	42.31084911212607	0.0	587506	2879.623979985577	1.2
23887.53953234619	1200	45.69679678998135	0.0	566904	614.0523221447245	1.2
23888.58513904584	1850	48.65119009032858	0.0	1025005	1045.606699652769	1.2000000000000002
23916.26412512346	2850	24.972204012709355	0.0	1343002	27678.986077619233	1.85
23922.430746207287	2850	22.805582928882583	0.0	1587250	6166.621083826771	2.85
23943.349466302174	2850	5.886862833994452	0.0	1464921	20918.720094888133	2.85
23947.903324474024	1850	5.333004662143	0.0	982064	4553.8581718514515	0.8500000000000001
23948.865103335655	1200	8.371225800511175	0.0	538612	961.7788616318259	0.5499999999999999
23949.514764121326	750	11.721565014840037	0.0	314107	649.6607856711382	0.3

