70289.69132683637	300	4.0	1.1385531556122808	181801	1138.5531556122808	-4.595778569132808
70290.49497822614	300	7.196348610242043	0.0	155580	803.6513897579576	0.3
70290.75106847187	300	10.940258364510473	0.0	139857	256.0902457315696	0.3
70291.0245410329	300	14.66678580349396	0.0	155432	273.4725610165128	0.3
70292.37099141866	750	17.32033541772397	0.0	411561	1346.4503857699888	0.3
70292.7758760549	750	20.915450781492826	0.0	318564	404.8846362311461	0.75
70293.67055621544	1200	24.02077062095212	0.0	561791	894.6801605407044	0.75
70296.78551852428	1850	24.905808312108043	0.0	1060487	3114.9623088440785	1.2000000000000002
70301.94409653732	1850	23.747230299063165	0.0	852833	5158.578013044876	1.85
70302.95211204216	1850	26.739214794227628	0.0	913888	1008.0155048355382	1.85
70305.78847194389	2850	27.90285489249443	0.0	1354548	2836.359901733193	1.85
70311.36762105794	4300	26.32370577844291	0.0	2102452	5579.1491140515245	2.8499999999999996
70313.34740552121	2850	28.343921315168743	0.0	1422919	1979.784463274165	1.4000000000000001
70317.00719262398	4300	28.6841342124066	0.0	2275376	3659.7871027621454	2.8499999999999996
70319.02459151048	2850	30.666735325910068	0.0	1231445	2017.398886496531	1.4000000000000001
70322.49103440269	4300	31.200292433695868	0.0	2152483	3466.442892214198	2.8499999999999996
70326.1733397586	4300	31.517987077773878	0.0	2289689	3682.3053559219907	4.3
70329.4935139081	4300	32.197812928277756	0.0	2059512	3320.1741494961157	4.3
70333.06732165397	4300	32.62400518240694	0.0	2220726	3573.8077458708226	4.3
70336.54044466237	4300	33.150882174010476	0.0	2156729	3473.1230083964583	4.3
70339.97457621872	4300	33.71675061766654	0.0	2039773	3434.1315563439343	4.3
70343.9080018333	4300	33.783325003080165	0.0	2176469	3933.4256145863756	4.3
70347.92116519256	4300	33.77016164382381	0.0	2221506	4013.1633592563553	4.3
70351.72243101422	4300	33.96889582215336	0.0	2044075	3801.2658216704617	4.3
70354.73107097294	4300	34.96025586344932	0.0	2186790	3008.6399587040373	4.3
70357.55483465192	4300	36.13649218447182	0.0	2105231	2823.7636789775015	4.3
70362.65253646755	4300	35.03879036883671	0.0	2395588	5097.701815635116	4.3
70365.06751293008	4300	36.62381390630154	0.0	1972048	2414.976462535167	4.3
70367.75777046094	4300	37.933556375434115	0.0	2134614	2690.257530867428	4.3
70370.17713250434	4300	39.51419433203928	0.0	2164140	2419.36204339483	4.3
70378.24262621277	4300	35.44870062360349	0.0	2113193	8065.493708435786	4.3
70384.48222827185	4300	33.20909856451518	0.0	2147852	6239.602059088315	4.3
70392.5163859069	4300	29.17494092947257	0.0	2191074	8034.15763504261	4.3
70395.11809487852	4300	30.573231957851668	0.0	2286761	2601.708971620903	4.3
70397.74299011791	4300	31.948336718475936	0.0	2307787	2624.8952393757327	4.3
70401.97933550608	4300	31.711991330304848	0.0	2143948	4236.3453881710875	4.3
70404.13894703926	4300	33.55237979712516	0.0	1919781	2159.611533179683	4.3
70406.9521034864	4300	34.73922334998015	0.0	2147467	2813.156447145012	4.3
70409.15654918489	4300	36.53477765150072	0.0	2133870	2204.445698479429	4.3
70411.36374973028	4300	38.327577106101536	0.0	2146120	2207.2005453991856	4.3
70413.53365299998	4300	40.15767383640121	0.0	2108491	2169.903269700331	4.3
70415.7789655746	4300	41.91236126177199	0.0	2184571	2245.3125746292117	4.3
70417.96218738834	4300	43.729139448034736	0.0	2121928	2183.2218137372574	4.3
70420.24172654958	4300	45.449600286805904	0.0	2219102	2279.5391612288336	4.3
70422.42794372242	4300	47.263383113979586	0.0	2124950	2186.2171728263097	4.3
70429.38166166126	4300	44.30966517512637	0.0	2246506	6953.717938853214	4.3
70432.94447324092	4300	44.74685359547622	0.0	1961140	3562.8115796501515	4.3
70438.43502632157	4300	43.256300514808814	0.0	2155012	5490.5530806674105	4.3

