18520.866492461282	750	4.0	3.6505977518525707	450283	3650.5977518525706	1	-14.947570332966054
18521.46914004411	750	7.3973524171693175	0.0	398865	602.6475828306833	1	0.75
18522.008822001233	1850	10.857670460045986	0.0	350812	539.6819571233316	3	0.75
18537.095997572418	300	4.0	4.229505111137863	933276	15087.175571183849	0	-17.43687197789281
18537.41235799473	750	7.6836395776880675	0.0	163442	316.36042231193244	1	-1.25
18537.953046933762	1850	11.14295063865539	0.0	318564	540.688939032675	3	0.3
18541.24545875986	1850	11.850538812560321	0.0	905515	3292.411826095069	3	0.75
18542.495713561068	1850	14.600284011351484	0.0	1060487	1250.2548012088394	3	1.85
18545.709717709073	1850	15.386279863348557	0.0	852833	3214.004148002927	3	1.85
18549.483650274356	1850	15.612347298063975	0.0	913888	3773.932565284583	3	1.85
18550.859103207426	1850	18.23689436499299	0.0	939819	1375.4529330709822	3	1.85
18552.09517931347	1850	21.000818258949092	0.0	917428	1236.0761060439006	3	1.85
18553.27966546207	1850	23.81633211035113	0.0	946851	1184.486148597965	3	1.85
18554.84573829728	1850	26.250259275140255	0.0	1036454	1566.0728352108733	3	1.85
18556.098688749622	1850	28.997308822796544	0.0	821631	1252.9504523437101	3	1.85
18557.33329654007	1850	31.762701032347287	0.0	923170	1234.6077904492606	3	1.85
18558.57284663305	1850	34.52315093936588	0.0	966699	1239.5500929814116	3	1.85
18559.685126924363	4300	37.410870648054036	0.0	885714	1112.2802913118398	5	1.85
18562.680170386342	4300	38.415827186075816	0.0	2220726	2995.0434619782154	5	1.8499999999999996
18565.23435989368	4300	39.8616376787352	0.0	2156729	2554.1895073406167	5	4.3
18570.74622413061	4300	38.34977344180839	0.0	2039773	5511.864236926809	5	4.3
18588.955245592908	1850	24.140751979509197	0.0	2176469	18209.021462299188	3	4.3
18593.64594718056	1850	23.450050391854564	0.0	968026	4690.701587654634	3	-0.6000000000000001
18595.250217135945	1850	25.845780436471063	0.0	874175	1604.2699553835014	3	1.85
18596.442306855744	1850	28.653690716668503	0.0	897976	1192.0897198025593	3	1.85
18598.010295678036	1850	31.085701894378143	0.0	905935	1567.98882229036	3	1.85
18605.404889379755	1850	27.691108192659172	0.0	1076599	7394.593701718972	3	1.85
18606.814013700492	1850	30.281983871920456	0.0	758197	1409.1243207387151	3	1.85
18609.27987338578	1850	31.816124186631466	0.0	972798	2465.859685288991	3	1.85
18610.707357525116	1850	34.38864004729847	0.0	975811	1427.4841393329912	3	1.85
18617.990282633025	1850	31.105714939389145	0.0	873429	7282.925107909328	3	1.85
18622.23719603959	1850	30.858801532825133	0.0	954453	4246.913406564015	3	1.85
18626.028629523113	1850	31.067368049304314	0.0	885062	3791.4334835208188	3	1.85
18628.276588215456	1850	32.81940935696327	0.0	1035329	2247.9586923410416	3	1.85
18637.73625072075	1850	27.359746851667285	0.0	1026056	9459.662505295983	3	1.85
18640.155850161926	1850	28.94014741049261	0.0	943942	2419.599441174674	3	1.85
18641.07548993452	1850	32.020507637899705	0.0	728962	919.6397725929062	3	1.85
18645.10795751422	1850	31.988040058196148	0.0	938587	4032.4675797035566	3	1.85
18650.519493553762	1850	30.576504018657452	0.0	908665	5411.536039538695	3	1.85
18651.684946129328	1850	33.41105144309046	0.0	930577	1165.452575566997	3	1.85
18654.57620298127	1850	34.519794591154614	0.0	858450	2891.256851935849	3	1.85
18656.61972252876	4300	36.47627504365919	0.0	1025005	2043.5195474954173	5	1.85
18659.88457988881	4300	37.21141768361203	0.0	2121928	3264.8573600471727	5	1.8499999999999996
18666.887868889455	4300	34.20812868296677	0.0	2219102	7003.289000645251	5	4.3
18678.155035115895	4300	26.940962456528933	0.0	2124950	11267.166226437837	5	4.3
18695.059680899907	1850	14.036316672517279	0.0	2246506	16904.645784011656	3	4.3
18698.190755737494	1850	14.90524183492781	0.0	830730	3131.0748375894673	3	-0.6000000000000001
18699.204730935773	1850	17.891266636647092	0.0	846370	1013.9751982807196	3	1.85

