36755.09428184776	300	4.0	2.8768697552616134	181801	2876.8697552616136	-12.070539947624937
36757.9856258134	300	5.1086560343556595	0.0	155580	2891.3439656443406	0.3
36759.76013577538	300	7.334146072375219	0.0	139857	1774.5099619804403	0.3
36761.726139451086	300	9.368142396666189	0.0	155432	1966.0036757090309	0.3
36764.06138130165	300	11.032900546096306	0.0	163442	2335.241850569882	0.3
36765.91810031769	300	13.176181530059191	0.0	126289	1856.7190160371142	0.3
36767.94168671177	300	15.152595135987042	0.0	153295	2023.5863940721492	0.3
36771.08024757001	300	16.01403427774296	0.0	173849	3138.560858244078	0.3
36774.627861531066	300	16.46642031668763	0.0	150710	3547.613961055334	0.3
36776.41854925569	300	18.675732592060328	0.0	139105	1790.6877246272993	0.3
36780.2992675449	300	18.795014302857517	0.0	141840	3880.718289202808	0.3
36782.28270792777	300	20.8115739199849	0.0	156148	1983.440382872618	0.3
36784.33509372122	300	22.759188126528123	0.0	160746	2052.3857934567777	0.3
36788.77424901264	300	22.320032835114144	0.0	179801	4439.1552914139775	0.3
36791.41894227119	300	23.67533957655945	0.0	140051	2644.693258554697	0.3
36793.495694487916	300	25.59858735984015	0.0	138313	2076.7522167192983	0.3
36795.98579619265	300	27.108485655106577	0.0	143509	2490.1017047335686	0.3
36799.82797244104	300	27.26630940671091	0.0	150616	3842.1762483956713	0.3
36804.495406058835	300	26.598875788920743	0.0	165384	4667.433617790164	0.3
36806.50011367624	300	28.594168171518195	0.0	140881	2004.7076174025492	0.3
36809.19974914607	300	29.894532701681552	0.0	157671	2699.6354698366417	0.3
36811.387764002575	300	31.70651784518063	0.0	157812	2188.0148565009217	0.3
36814.66914111098	300	32.42514073678144	0.0	163927	3281.377108399192	0.3
36816.98807625139	300	34.106205596367516	0.0	137654	2318.9351404139243	0.3
36821.72261945174	300	33.37166239602626	0.0	146754	4734.543200341257	0.3
36823.77536040268	300	35.31892144508237	0.0	153938	2052.7409509438903	0.3
36827.12998821467	300	35.96429363308847	0.0	181901	3354.6278119938956	0.3
36829.60694446783	300	37.48733737993448	0.0	111155	2476.956253153993	0.3
36833.75883484499	300	37.33544700277188	0.0	153605	4151.890377162601	0.3
36836.15986256575	300	38.934419282015746	0.0	149029	2401.0277207561285	0.3
36838.27881360774	300	40.81546824002199	0.0	157421	2118.9510419937606	0.3
36840.39863244831	300	42.695649399451085	0.0	157488	2119.8188405709116	0.3
36842.47350395417	300	44.620777893591914	0.0	143881	2074.871505859169	0.3
36844.718952661446	300	46.37532918631515	0.0	163444	2245.4487072767665	0.3
36847.05124897931	300	48.0430328684561	0.0	179328	2332.296317859042	0.3
36849.52871916638	300	49.565562681377095	0.0	159914	2477.47018707901	0.3
36854.74704065617	300	48.34724119158638	0.0	131610	5218.321489790715	0.3
36856.6479318108	300	50.446350036954804	0.0	124011	1900.8911546315755	0.3
36859.43675853773	300	51.65752331002785	0.0	144254	2788.8267269269572	0.3
36861.80580632917	300	53.28847551858815	0.0	149991	2369.0477914396974	0.3
36863.758833594584	300	55.33544825317376	0.0	147968	1953.0272654143935	0.3
36865.78367690126	300	57.31060494649483	0.0	161857	2024.843306678933	0.3
36867.581135317654	300	59.513146530100244	0.0	145210	1797.4584163945813	0.3
36870.41329893563	300	59.877426337692555	0.0	172312	2135.7201924076953	0.3
36874.55505512249	300	59.73567015083795	0.0	167025	3641.7561868546	0.3
36877.390151066444	300	59.65722198507436	0.0	160064	2078.4481657635947	0.3
36881.255615550115	300	59.56331371533002	0.0	137507	3093.9082697443378	0.3
36883.43322265277	300	59.56828817746669	0.0	118421	1495.0255378633317	0.3

