36238.910092065045	300	4.0	5.610041431732407	450283	5610.041431732407	0	-23.37317815644935
36242.286972210946	300	4.6231198541025025	0.0	155580	3376.880145897497	0	-0.15000000000000002
36243.29608116673	300	7.614010898319954	0.0	139857	1009.1089557825482	0	0.3
36245.62479856201	300	9.28529350304763	0.0	155432	2328.717395272324	0	0.3
36246.552116550396	750	12.357975514657996	0.0	163442	927.317988389633	1	0.3
36253.500538844695	300	9.409553220357106	0.0	318564	6948.422294300889	0	0.3
36254.034703369514	750	12.875388695537866	0.0	153295	534.1645248192406	1	-0.15000000000000002
36255.22420335144	1850	15.685888713612906	0.0	437162	1189.499981924961	3	0.3
36258.103400494074	1850	16.806691570975854	0.0	852833	2879.197142637053	3	0.75
36261.656522030324	1850	17.253570034729098	0.0	913888	3553.121536246754	3	1.85
36269.043632034605	1850	13.866460030444957	0.0	939819	7387.110004284142	3	1.85
36281.14897974775	300	5.761112317301435	0.0	917428	12105.347713143521	0	1.85
36282.177052955805	750	8.733039109244377	0.0	160746	1028.0732080570576	1	-1.25
36283.38477140041	1850	11.525320664644555	0.0	434409	1207.7184445998214	3	0.3
36287.84357449219	1850	11.066517572862095	0.0	821631	4458.803091782462	3	0.75
36292.06501746112	1850	10.845074603924203	0.0	923170	4221.442968937889	3	1.85
36298.91715545348	750	7.99293661157337	0.0	966699	6852.137992350834	1	1.85
36304.990280786355	300	5.9198112786864225	0.0	372963	6073.125332886948	0	-0.3500000000000001
36305.71388856082	750	9.196203504220582	0.0	165384	723.6077744658401	1	-0.15000000000000002
36308.17601833777	750	10.734073727272312	0.0	350713	2462.129776948269	1	0.3
36310.01695003646	750	12.89314202858746	0.0	386472	1840.931698684852	1	0.75
36311.72397694569	750	15.186115119362265	0.0	399894	1707.0269092251963	1	0.75
36313.36129476264	750	17.548797302405305	0.0	401853	1637.317816956956	1	0.75
36314.40956430841	1850	20.500527756638807	0.0	343800	1048.269545766499	3	0.75
36316.89335974322	1850	22.016732321829444	0.0	897976	2483.795434809364	3	0.75
36322.805166526385	1850	20.104925538661416	0.0	905935	5911.806783168028	3	1.85
36326.46179520527	1850	20.44829685977568	0.0	1076599	3656.6286788857365	3	1.85
36329.048546088365	1850	21.861545976680585	0.0	758197	2586.750883095096	3	1.85
36333.759323693084	1850	21.150768371967086	0.0	972798	4710.7776047134985	3	1.85
36336.11863936298	1850	22.791452702066415	0.0	975811	2359.3156699006727	3	1.85
36342.43521571271	1850	20.4748763523461	0.0	873429	6316.576349720313	3	1.85
36346.37169322087	1850	20.53839884418349	0.0	954453	3936.47750816261	3	1.85
36351.75179625513	1850	19.15829580992633	0.0	885062	5380.103034257162	3	1.85
36354.49023962563	1850	20.41985243941883	0.0	1035329	2738.4433705075035	3	1.85
36360.750025542075	1850	18.160066522977395	0.0	1026056	6259.785916441431	3	1.85
36370.04654954399	1850	12.863542521054944	0.0	943942	9296.524001922451	3	1.85
36376.328919482905	750	10.5811725821422	0.0	728962	6282.369938912743	1	1.85
36378.01880283493	750	12.891289230116076	0.0	361565	1689.883352026125	1	-0.3500000000000001
36379.68259728488	750	15.22749478016387	0.0	378327	1663.7944499522046	1	0.75
36380.93982238226	1850	17.97026968278865	0.0	390680	1257.22509737522	3	0.75
36382.933116836255	1850	19.9769752287858	0.0	858450	1993.2944540028493	3	0.75
36388.36714667525	1850	18.54294538979001	0.0	1025005	5434.02983899579	3	1.85
36392.38796003355	1850	18.52213203148847	0.0	886255	4020.8133583015374	3	1.85
36396.518281435936	1850	18.391810629104167	0.0	973972	4130.321402384307	3	1.85
36408.45523487042	300	10.454857194624584	0.0	958994	11936.953434479583	0	1.85
36411.216333858494	300	11.693758206545954	0.0	160064	2761.0989880786296	0	-1.25
36415.272024666185	300	11.638067398863685	0.0	137507	4055.6908076822688	0	0.3
36416.138728310994	750	14.771363754049872	0.0	118421	866.7036448138107	1	0.3

