12893.444288173037	750	4.0	1.6406810439833797	450283	1640.6810439833796	1	-6.304928489128533
12895.346418202385	300	6.09786997065186	0.0	398865	1902.1300293481397	0	0.75
12895.763320048425	750	9.680968124612182	0.0	139857	416.9018460396781	1	-0.15000000000000002
12897.344256334007	750	12.100031839029866	0.0	382355	1580.9362855823163	1	0.3
12899.29061516197	750	14.153673011066546	0.0	411561	1946.3588279633188	1	0.75
12901.028671653708	750	16.415616519327756	0.0	318564	1738.0564917387894	1	0.75
12902.944096740535	750	18.500191432501403	0.0	352642	1915.4250868263525	1	0.75
12905.299430086556	750	20.144858086481413	0.0	437162	2355.333346019992	1	0.75
12910.27510569622	750	19.169182476815518	0.0	374758	4975.675609665896	1	0.75
12911.898802533782	750	21.545485639251904	0.0	362795	1623.696837563614	1	0.75
12912.813094195655	1850	24.631193977381123	0.0	353220	914.2916618707799	3	0.75
12916.826643597336	1850	24.617644575698577	0.0	917428	4013.5494016825487	3	0.75
12921.992693725437	1850	23.451594447598602	0.0	946851	5166.050128099972	3	1.85
12923.568870160074	1850	25.875418012962246	0.0	1036454	1576.1764346363568	3	1.85
12924.70744601859	1850	28.736842154445053	0.0	821631	1138.575858517192	3	1.85
12926.235480833611	1850	31.208807339423565	0.0	923170	1528.0348150214893	3	1.85
12930.22481674941	1850	31.21947142362267	0.0	966699	3989.3359158008925	3	1.85
12931.676533036212	1850	33.767755136822586	0.0	885714	1451.7162868000937	3	1.85
12934.431604289548	4300	35.01268388348487	0.0	987708	2755.071253337715	5	1.85
12940.85326044629	4300	32.591027726742034	0.0	2156729	6421.656156742834	5	1.8499999999999996
12945.137856407762	4300	32.30643176527177	0.0	2039773	4284.595961470267	5	4.3
12955.345279649911	4300	26.09900852312186	0.0	2176469	10207.423242149905	5	4.3
12959.565545813603	4300	25.87874235942965	0.0	2221506	4220.266163692209	5	4.3
12962.879025438173	4300	26.565262734861058	0.0	2044075	3313.479624568593	5	4.3
12969.773687145265	4300	23.67060102776922	0.0	2186790	6894.661707091839	5	4.3
12977.154623890372	4300	20.289664282662905	0.0	2105231	7380.936745106314	5	4.3
12984.366853372618	4300	17.077434800417098	0.0	2395588	7212.229482245808	5	4.3
12993.22411853309	4300	12.220169639945683	0.0	1972048	8857.265160471414	5	4.3
13007.214378147377	750	4.0	1.7700899743420468	2134614	13990.25961428773	1	-3.3113868896708016
13008.044422501875	750	7.169955645500817	0.0	400508	830.0443544991826	1	-2.8
13008.795268998274	1850	10.419109149101274	0.0	358218	750.8464963995431	3	0.75
13013.51489998341	1850	9.699478163965559	0.0	954453	4719.630985135714	3	0.75
13017.624558868842	1850	9.589819278533149	0.0	885062	4109.658885432411	3	1.85
13019.587443927438	1850	11.626934219937668	0.0	1035329	1962.885058595481	3	1.85
13022.096520643732	1850	13.11785750364374	0.0	1026056	2509.0767162939264	3	1.85
13025.48101532982	1850	13.73336281755417	0.0	943942	3384.4946860895725	3	1.85
13027.653887598413	1850	15.560490548961221	0.0	728962	2172.872268592947	3	1.85
13041.039029624206	300	6.175348523170029	0.0	938587	13385.142025791192	0	1.85
13041.625329600247	750	9.589048547129321	0.0	144254	586.299976040708	1	-1.25
13042.599023812449	1850	12.615354334927671	0.0	390680	973.6942122016494	3	0.3
13048.367271373518	750	10.84710677385873	0.0	858450	5768.247561068943	1	0.75
13049.317724749886	1850	13.896653397491525	0.0	384505	950.4533763672039	3	-0.3500000000000001
13054.548366726205	1850	12.666011421172211	0.0	886255	5230.641976319314	3	0.75
13062.56404998676	750	8.650328160616676	0.0	973972	8015.6832605555355	1	1.85
13063.690388903962	1850	11.523989243414741	0.0	398987	1126.338917201933	3	-0.3500000000000001
13067.89015967664	1850	11.324218470736398	0.0	982064	4199.770772678343	3	0.75
13070.634658779818	1850	12.579719367559493	0.0	830730	2744.4991031769036	3	1.85
13073.328590586869	1850	13.885787560509026	0.0	846370	2693.9318070504664	3	1.85

