25406.195281747674	300	4.0	7.947502656955577	450283	7947.502656955578	0	-33.42426142490898
25409.580868420086	300	4.614413327585009	0.0	155580	3385.586672414991	0	-0.15000000000000002
25412.110000807974	300	6.085280939698099	0.0	139857	2529.13238788691	0	0.3
25416.84592813212	300	5.349353615551482	0.0	155432	4735.927324146618	0	0.3
25419.98172095807	300	6.213560789602072	0.0	163442	3135.7928259494092	0	0.3
25421.96832908511	300	8.22695266255821	0.0	126289	1986.6081270438626	0	0.3
25424.466379098056	300	9.728902649616979	0.0	153295	2498.050012941231	0	0.3
25427.482262169106	300	10.71301957856512	0.0	173849	3015.883071051859	0	0.3
25430.26664556315	300	11.928636184519354	0.0	150710	2784.3833940457653	0	0.3
25432.159936066266	300	14.035345681406708	0.0	139105	1893.2905031126447	0	0.3
25433.79563271255	750	16.399649035123556	0.0	141840	1635.6966462831545	1	0.3
25442.821587252773	750	11.373694494899764	0.0	405134	9025.95454022379	1	0.3
25449.484535184783	300	8.710746562892863	0.0	386351	6662.9479320069	0	0.75
25451.584858701855	300	10.610423045818754	0.0	179801	2100.3235170741095	0	-0.15000000000000002
25457.952383629752	300	8.242898117923488	0.0	140051	6367.524927895265	0	0.3
25460.883334245664	300	9.311947502010186	0.0	138313	2930.9506159133034	0	0.3
25469.13627693904	300	5.059004808636881	0.0	143509	8252.942693373305	0	0.3
25473.484446632356	300	4.7108351153192265	0.0	150616	4348.1696933176545	0	0.3
25476.47314380269	300	5.7221379449839755	0.0	165384	2988.6971703352506	0	0.3
25478.338651515613	300	7.856630232061743	0.0	140881	1865.507712922232	0	0.3
25480.378739647993	300	9.816542099684794	0.0	157671	2040.0881323769493	0	0.3
25483.150853522646	300	11.044428225031286	0.0	157812	2772.113874653508	0	0.3
25492.634359351658	300	5.560922396019531	0.0	163927	9483.505829011756	0	0.3
25496.429172084892	300	5.766109662782626	0.0	137654	3794.8127332369036	0	0.3
25505.084094944967	300	4.0	2.8888131972879036	146754	8654.92286007053	0	-12.121896748337985
25508.027731147922	300	5.056363797041545	0.0	153938	2943.636202958455	0	0.3
25510.787581531542	300	6.296513413421273	0.0	181901	2759.8503836202713	0	0.3
25513.191846742648	300	7.892248202316811	0.0	111155	2404.265211104463	0	0.3
25516.521824422958	300	8.562270522004816	0.0	153605	3329.977680311995	0	0.3
25519.12923201766	300	9.954862927303234	0.0	149029	2607.4075947015826	0	0.3
25523.930813660587	300	9.153281284378663	0.0	157421	4801.581642924571	0	0.3
25527.017141108314	300	10.06695383665086	0.0	157488	3086.3274477278023	0	0.3
25529.192428855233	300	11.891666089732134	0.0	143881	2175.287746918727	0	0.3
25531.963636951506	300	13.120457993458762	0.0	163444	2771.208096273373	0	0.3
25535.104587474154	300	13.979507470814216	0.0	179328	3140.9505226445444	0	0.3
25537.87567599466	750	15.208418950306829	0.0	159914	2771.0885205073887	1	0.3
25541.400173682676	750	15.683921262292715	0.0	321064	3524.497688014113	1	0.3
25550.35437705275	750	10.729717892215625	0.0	361565	8954.20337007709	1	0.75
25556.619838631344	300	8.464256313624755	0.0	378327	6265.46157859087	0	0.75
25558.46144475958	300	10.622650185387608	0.0	149991	1841.6061282371493	0	-0.15000000000000002
25565.058148201035	300	8.025946743936867	0.0	147968	6596.703441450741	0	0.3
25568.69862869295	300	8.38546625202107	0.0	161857	3640.480491915797	0	0.3
25578.256903938083	300	4.0	1.1728089931135	145210	9558.27524513457	0	-4.74307867038805
25581.291148584143	300	4.965755353941209	0.0	172312	3034.2446460587907	0	0.3
25584.06576778486	300	6.19113615322486	0.0	167025	2774.6192007163504	0	0.3
25586.17439837778	300	8.082505560304705	0.0	160064	2108.6305929201535	0	0.3
25587.768859401756	300	10.488044536330454	0.0	137507	1594.4610239742524	0	0.3
25590.05609197125	300	12.200811966834863	0.0	118421	2287.232569495591	0	0.3

