79461.68069391615	750	4.0	1.4547075667491363	450283	1454.7075667491363	1	-5.505242537021286
79462.52956488612	750	7.151129030013243	0.0	398865	848.8709699867575	1	0.75
79463.31104697438	1850	10.369646941748428	0.0	350812	781.4820882648147	3	0.75
79465.21835865908	1850	12.462335257055726	0.0	933276	1907.311684692702	3	0.75
79468.31490251613	1850	13.365791400020134	0.0	996749	3096.5438570355914	3	1.85
79470.41292948544	1850	15.267764430706	0.0	801058	2098.0269693141336	3	1.85
79472.90758906062	1850	16.773104855531322	0.0	905515	2494.65957517468	3	1.85
79475.74797281648	1850	17.932721099674758	0.0	1060487	2840.3837558565615	3	1.85
79478.35690475973	1850	19.323789156435762	0.0	852833	2608.931943238995	3	1.85
79481.34258824863	1850	20.338105667513542	0.0	913888	2985.6834889222205	3	1.85
79483.2213928117	1850	22.459301104453736	0.0	939819	1878.8045630598015	3	1.85
79484.88268623491	1850	24.798007681252578	0.0	917428	1661.2934232011607	3	1.85
79487.5192051271	1850	26.161488789046455	0.0	946851	2636.5188922061197	3	1.85
79490.49501278588	1850	27.185681130263152	0.0	1036454	2975.8076587833057	3	1.85
79493.7256554808	1850	27.95503843534991	0.0	821631	3230.642694913241	3	1.85
79497.7042832676	1850	27.97641064856019	0.0	923170	3978.6277867897197	3	1.85
79501.56017050345	1850	28.12052341269686	0.0	966699	3855.8872358633325	3	1.85
79503.99463296669	1850	29.686060949464075	0.0	885714	2434.462463232784	3	1.85
79507.21536935886	1850	30.465324557284816	0.0	987708	3220.7363921792567	3	1.85
79510.24607015502	1850	31.434623761146767	0.0	923755	3030.7007961380496	3	1.85
79513.01340973168	1850	32.66728418449027	0.0	891604	2767.339576656496	3	1.85
79516.75210611179	1850	32.92858780436388	0.0	955231	3738.696380126391	3	1.85
79520.25612985656	1850	33.42456405960408	0.0	968026	3504.023744759798	3	1.85
79524.79709325415	1850	32.88360066201225	0.0	874175	4540.963397591837	3	1.85
79527.5988457776	1850	34.08184813856088	0.0	897976	2801.7525234513723	3	1.85
79530.44273711504	4300	35.237956801125115	0.0	905935	2843.891337435758	5	1.85
79540.05119179231	4300	29.6295021238537	0.0	2395588	9608.454677271418	5	1.8499999999999996
79547.84335620684	4300	25.837337709328832	0.0	1972048	7792.164414524868	5	4.3
79556.46940099922	4300	21.211292916947055	0.0	2134614	8626.044792381777	5	4.3
79564.16849212702	4300	17.512201789148044	0.0	2164140	7699.091127799013	5	4.3
79577.09141432808	750	8.589279588074838	0.0	2113193	12922.922201073205	1	4.3
79580.21284662027	750	9.467847295884988	0.0	400322	3121.4322921898497	1	-2.8
79585.54534082413	300	8.135353092040825	0.0	369834	5332.494203844163	0	0.75
79586.95697623969	300	10.723717676489217	0.0	163444	1411.6354155516071	0	-0.15000000000000002
79588.12237424539	750	13.558319670778225	0.0	179328	1165.3980057109925	1	0.3
79590.55175919784	750	15.128934718315266	0.0	365161	2429.3849524629586	1	0.3
79592.70343908819	750	16.977254827971713	0.0	321064	2151.6798903435533	1	0.75
79594.8309684684	750	18.849725447761347	0.0	361565	2127.529380210367	1	0.75
79597.46923512973	750	20.211458786445206	0.0	378327	2638.2666613161387	1	0.75
79605.6909931655	750	15.98970075068306	0.0	390680	8221.758035762148	1	0.75
79607.30495936476	750	18.375734551414048	0.0	345516	1613.9661992690135	1	0.75
79608.7816687267	1850	20.899025189480568	0.0	384505	1476.7093619334767	3	0.75
79614.73337817629	1850	18.947315739895267	0.0	886255	5951.7094495853	3	0.75
79618.62963892851	1850	19.051054987660955	0.0	973972	3896.2607522343137	3	1.85
79625.73041012378	1850	15.95028379239526	0.0	958994	7100.7711952656955	3	1.85
79630.2841084504	1850	15.39658546577448	0.0	982064	4553.698326620779	3	1.85
79635.6601565149	1850	14.020537401278666	0.0	830730	5376.048064495813	3	1.85
79640.05052584696	1850	13.630168069212585	0.0	846370	4390.369332066082	3	1.85

