54327.12773238579	750	4.0	1.2392740666174362	450283	1239.2740666174361	-4.578878486454975
54329.81708337485	1850	5.310649010935966	0.0	957685	2689.3509890640344	0.75
54339.91376554865	1850	4.0	4.786033162862257	877771	10096.682173798223	-18.7299426003077
54340.686799350646	750	7.226966197994752	0.0	382355	773.0338020052473	-0.3500000000000001
54341.51277020127	750	10.400995347379274	0.0	411561	825.9708506154792	0.75
54346.586497010525	1850	9.327268538124589	0.0	801058	5073.726809254686	0.75
54350.308604029655	1850	9.605161518989547	0.0	905515	3722.107019135041	1.85
54352.8118053564	1850	11.101960192237819	0.0	1060487	2503.2013267517286	1.85
54354.916708557255	1850	12.99705699138642	0.0	852833	2104.9032008513977	1.85
54356.672228778145	1850	15.241536770498657	0.0	913888	1755.5202208877633	1.85
54358.47529083659	1850	17.43847471204673	0.0	939819	1803.0620584519295	1.85
54360.23730128559	1850	19.67646426305449	0.0	917428	1762.0104489922387	1.85
54361.84697824034	1850	22.06678730829972	0.0	946851	1609.6769547547717	1.85
54363.897588159554	1850	24.016177389088828	0.0	1036454	2050.609919210893	1.85
54365.668039125834	1850	26.245726422805088	0.0	821631	1770.450966283741	1.85
54367.40297835292	1850	28.51078719572025	0.0	923170	1734.9392270848373	1.85
54369.87248512433	1850	30.041280424307296	0.0	966699	2469.506771412953	1.85
54372.15826253927	1850	31.75550300937351	0.0	885714	2285.7774149337906	1.85
54373.97568268782	1850	33.938082860823705	0.0	987708	1817.4201485498027	1.85
54377.849460220816	4300	34.06430532782643	0.0	2156729	3873.77753299727	1.8499999999999996
54381.51750720298	4300	34.39625834565369	0.0	2039773	3668.046982172744	4.3
54391.64488269413	4300	28.268882854508746	0.0	2176469	10127.375491144945	4.3
54411.71710534092	4300	12.196660207716116	0.0	2221506	20072.22264679263	4.3
54420.52379052293	1850	7.389975025706228	0.0	874175	8806.685182009887	-0.6000000000000001
54428.060904457525	750	4.0	0.1471389088877904	359903	7537.113934594018	-0.9826973082174988
54428.471505648675	300	7.589398808854353	0.0	153938	410.60119114564566	-0.15000000000000002
54429.4659238285	750	10.594980629021018	0.0	425781	994.4181798333364	0.3
54430.20607159677	750	13.854832860760563	0.0	277716	740.1477682604553	0.75
54432.889067376345	1850	15.171837081179818	0.0	972798	2682.9957795807454	0.75
54435.275870696285	1850	16.785033761239678	0.0	975811	2386.803319940142	1.85
54437.451503675315	1850	18.60940078220835	0.0	873429	2175.632979031326	1.85
54439.69284368101	1850	20.36806077650834	0.0	954453	2241.3400057000104	1.85
54441.820570906275	1850	22.24033355125302	0.0	885062	2127.7272252553194	1.85
54444.43215249465	1850	23.6287519628825	0.0	1035329	2611.5815883705222	1.85
54447.038956378856	1850	25.02194807867534	0.0	1026056	2606.8038842071587	1.85
54449.26566519229	1850	26.795239265241925	0.0	943942	2226.7088134334163	1.85
54450.805143684775	1850	29.25576077276166	0.0	728962	1539.4784924802657	1.85
54452.817841948825	1850	31.24306250871734	0.0	938587	2012.6982640443211	1.85
54455.62939401279	1850	32.431510444750856	0.0	908665	2811.552063966485	1.85
54459.61735684816	1850	32.443547609377575	0.0	930577	3987.9628353732774	1.85
54461.627207809506	1850	34.43369664803097	0.0	858450	2009.850961346608	1.85
54473.61741028524	4300	26.4434941722995	0.0	2184571	11990.202475731463	1.8499999999999996
54485.439064803744	4300	18.62183965380054	0.0	2121928	11821.654518498957	4.3
54487.80638507349	1850	20.25451938405553	0.0	973972	2367.320269745012	-0.6000000000000001
54492.92282342591	1850	19.138081031633092	0.0	958994	5116.438352422435	1.85
54494.822154060224	1850	21.238750397323344	0.0	982064	1899.3306343097515	1.85
54503.01111172633	1850	17.049792731218663	0.0	830730	8188.957666104681	1.85
54508.18105374843	1850	15.879850709120559	0.0	846370	5169.942022098103	1.85

