64873.97202228611	750	4.0	4.162249492689332	450283	4162.249492689332	1	-17.14767281856413
64877.22178117063	750	4.750241115479069	0.0	398865	3249.758884520931	1	0.75
64879.95093510478	750	6.02108718133041	0.0	350812	2729.1539341486587	1	0.75
64882.18695878283	750	7.785063503275673	0.0	382355	2236.0236780547375	1	0.75
64884.41075554626	750	9.56126673984869	0.0	411561	2223.796763426982	1	0.75
64886.05442952497	750	11.917592761137392	0.0	318564	1643.6739787112983	1	0.75
64887.97563419502	750	13.996388091091019	0.0	352642	1921.2046700463716	1	0.75
64891.866244883655	750	14.105777402454294	0.0	437162	3890.6106886367247	1	0.75
64895.58556492242	750	14.386457363699426	0.0	374758	3719.3200387548673	1	0.75
64897.43141845627	750	16.540603829845058	0.0	362795	1845.8535338543697	1	0.75
64899.07389457674	750	18.898127709379175	0.0	353220	1642.4761204658828	1	0.75
64901.10999490707	750	20.862027379038004	0.0	405134	2036.1003303411712	1	0.75
64903.051998291616	1850	22.920023994492944	0.0	386351	1942.0033845450594	3	0.75
64907.358176454305	1850	22.613845831802934	0.0	1036454	4306.178162690013	3	0.75
64910.77328112233	1850	23.198741163775704	0.0	821631	3415.1046680272298	3	1.85
64914.44412090093	1850	23.527901385177444	0.0	923170	3670.8397785982615	3	1.85
64917.810354407135	1850	24.16166787897165	0.0	966699	3366.233506205793	3	1.85
64922.95048991671	1850	23.0215323694006	0.0	885714	5140.13550957105	3	1.85
64927.07463369016	1850	22.897388595946826	0.0	987708	4124.143773453777	3	1.85
64930.38808265039	1850	23.58393963571709	0.0	923755	3313.448960229734	3	1.85
64933.463450107396	1850	24.508572178710573	0.0	891604	3075.367457006518	3	1.85
64936.91946514304	1850	25.052557143063044	0.0	955231	3456.015035647528	3	1.85
64940.426442726995	1850	25.545579559112724	0.0	968026	3506.977583950321	3	1.85
64943.43625046481	1850	26.535771821296436	0.0	874175	3009.807737816289	3	1.85
64946.57780229073	1850	27.39421999537854	0.0	897976	3141.5518259178984	3	1.85
64949.9774930984	1850	27.994529187711812	0.0	905935	3399.690807666727	3	1.85
64953.77663629916	1850	28.1953859869515	0.0	1076599	3799.1432007603125	3	1.85
64956.94865145806	1850	29.023370828058468	0.0	758197	3172.0151588930303	3	1.85
64960.85960288897	1850	29.11241939714443	0.0	972798	3910.951430914039	3	1.85
64966.41462288764	1850	27.5573993984735	0.0	975811	5555.019998670931	3	1.85
64969.66509028132	1850	28.30693200478973	0.0	873429	3250.4673936837694	3	1.85
64976.28995872843	1850	25.68206355768594	0.0	954453	6624.868447103792	3	1.85
64980.35835278802	1850	25.613669498095582	0.0	885062	4068.394059590354	3	1.85
64984.24953813904	1850	25.722484147075402	0.0	1035329	3891.1853510201804	3	1.85
64989.23538942032	1850	24.736632865799233	0.0	1026056	4985.851281276171	3	1.85
64992.73765533137	1850	25.234366954742296	0.0	943942	3502.26591105694	3	1.85
64995.40103133555	1850	26.57099095057056	0.0	728962	2663.376004171732	3	1.85
64998.82504443876	1850	27.146977847361562	0.0	938587	3424.0131032090003	3	1.85
65002.069888338476	1850	27.90213394764207	0.0	908665	3244.843899719494	3	1.85
65005.75834113324	1850	28.21368115288528	0.0	930577	3688.452794756791	3	1.85
65009.60797493351	1850	28.364047352606313	0.0	858450	3849.633800278963	3	1.85
65014.64990152914	1850	27.322120756974662	0.0	1025005	5041.926595631651	3	1.85
65017.77302935484	1850	28.198992931276038	0.0	886255	3123.127825698623	3	1.85
65021.469346035	1850	28.50267625111516	0.0	973972	3696.3166801608795	3	1.85
65025.98686969041	1850	27.9851525957099	0.0	958994	4517.523655405262	3	1.85
65030.018900545	1850	27.953121741120018	0.0	982064	4032.030854589879	3	1.85
65034.380354352856	1850	27.5916679332684	0.0	830730	4361.453807851618	3	1.85
65037.435772661556	1850	28.536249624562704	0.0	846370	3055.4183087056945	3	1.85

