5297.405828361361	300	4.0	11.711074509069048	450283	11711.074509069049	0	-49.60762038899691
5301.227333558866	300	4.178494802495701	0.0	155580	3821.505197504299	0	-0.15000000000000002
5302.9434637371305	300	6.462364624230942	0.0	139857	1716.1301782647595	0	0.3
5304.953088371899	300	8.452739989462374	0.0	155432	2009.6246347685662	0	0.3
5307.349044498473	300	10.056783862889315	0.0	163442	2395.9561265730595	0	0.3
5309.6389412975395	300	11.766887063822173	0.0	126289	2289.8967990671426	0	0.3
5315.755692319797	300	9.650136041564169	0.0	153295	6116.751022258005	0	0.3
5320.443633290821	300	8.962195070541036	0.0	173849	4687.940971023132	0	0.3
5322.625551097213	300	10.780277264148122	0.0	150710	2181.9178063929135	0	0.3
5329.643153890476	300	7.762674470884467	0.0	139105	7017.602793263655	0	0.3
5331.936744683504	300	9.469083677856622	0.0	141840	2293.5907930278445	0	0.3
5333.905651726146	300	11.500176635214212	0.0	156148	1968.907042642411	0	0.3
5336.35056500135	300	13.055263360010233	0.0	160746	2444.913275203979	0	0.3
5340.07913481474	300	13.326693546619593	0.0	179801	3728.56981339064	0	0.3
5341.960613707496	750	15.445214653863772	0.0	140051	1881.478892755822	1	0.3
5346.202674175779	750	15.203154185579862	0.0	366214	4242.060468283909	1	0.3
5356.470542754416	300	8.935285606943417	0.0	360831	10267.868578636446	0	0.75
5359.052394238496	300	10.353434122862346	0.0	150616	2581.8514840810703	0	-0.15000000000000002
5362.060177089154	300	11.345651272203801	0.0	165384	3007.7828506585447	0	0.3
5364.151556614539	300	13.254271746819784	0.0	140881	2091.3795253840153	0	0.3
5366.063099297043	300	15.342729064315703	0.0	157671	1911.5426825040804	0	0.3
5368.407421228852	750	16.998407132506866	0.0	157812	2344.321931808839	1	0.3
5373.373339252515	750	16.032489108843954	0.0	401853	4965.91802366291	1	0.3
5378.114972589857	750	15.290855771501985	0.0	343800	4741.63333734197	1	0.75
5382.536811480994	750	14.869016880364958	0.0	359903	4421.838891137028	1	0.75
5387.074097955249	750	14.331730406110001	0.0	379700	4537.286474254958	1	0.75
5394.5431556807425	750	10.862672680616713	0.0	425781	7469.057725493287	1	0.75
5404.0898066384725	300	5.316021722885743	0.0	277716	9546.65095773097	0	0.75
5406.402774532612	300	7.0030538287459825	0.0	153605	2312.9678941397615	0	-0.15000000000000002
5408.615895481183	300	8.78993288017658	0.0	149029	2213.1209485694008	0	0.3
5414.732434105324	300	6.673394256034814	0.0	157421	6116.538624141766	0	0.3
5416.591948162395	300	8.813880198962535	0.0	157488	1859.5140570722788	0	0.3
5418.289557018821	300	11.1162713425369	0.0	143881	1697.608856425634	0	0.3
5420.507878715433	300	12.897949645924424	0.0	163444	2218.321696612477	0	0.3
5423.108215532883	300	14.297612828474165	0.0	179328	2600.3368174502593	0	0.3
5425.3689636090685	750	16.03686475228893	0.0	159914	2260.7480761852353	1	0.3
5431.632958562865	750	13.772869798492794	0.0	321064	6263.9949537961365	1	0.3
5441.251736001068	300	8.154092360290147	0.0	361565	9618.777438202647	0	0.75
5443.668450797897	300	9.737377563460727	0.0	144254	2416.7147968294175	0	-0.15000000000000002
5445.769169169009	300	11.63665919234839	0.0	149991	2100.718371112338	0	0.3
5450.338894707278	300	11.066933654078586	0.0	147968	4569.725538269804	0	0.3
5457.844763135057	300	7.5610652262999105	0.0	161857	7505.868427778676	0	0.3
5459.565307897937	300	9.840520463420045	0.0	145210	1720.5447628798645	0	0.3
5462.370463193619	300	11.035365167738066	0.0	172312	2805.155295681979	0	0.3
5468.905351029733	300	8.50047733162422	0.0	167025	6534.887836113847	0	0.3
5471.494820774314	300	9.911007587042592	0.0	160064	2589.469744581627	0	0.3
5473.545591667086	300	11.860236694270345	0.0	137507	2050.770892772246	0	0.3
5477.457044609914	300	11.948783751441443	0.0	118421	3911.452942828902	0	0.3

