48105.447457649476	300	4.0	0.8787532305069266	181801	878.7532305069266	-3.4786388911797843
48107.230195593234	300	6.21726205624092	0.0	155580	1782.7379437590796	0.3
48110.26128559659	300	7.186172052883572	0.0	139857	3031.090003357348	0.3
48111.51408792237	300	9.93336972710304	0.0	155432	1252.8023257805319	0.3
48112.22358522881	300	13.223872420663499	0.0	163442	709.4973064395416	0.3
48112.78998765495	300	16.65746999452491	0.0	126289	566.4024261385891	0.3
48113.68772754942	300	19.759730100050206	0.0	153295	897.739894474703	0.3
48116.368269430284	300	21.079188219183827	0.0	173849	2680.5418808663767	0.3
48121.786179068426	300	19.66127858104826	0.0	150710	5417.909638135566	0.3
48122.29895800081	300	23.14849964866011	0.0	139105	512.7789323881503	0.3
48122.82024597587	300	26.627211673605757	0.0	141840	521.2879750543492	0.3
48123.38604853318	300	30.061409116296208	0.0	156148	565.8025573095497	0.3
48124.336364464405	300	33.11109318506968	0.0	160746	950.3159312265241	0.3
48128.21324575178	300	33.2342118976887	0.0	179801	3876.881287380976	0.3
48129.11341593808	300	36.33404171139412	0.0	140051	900.1701862945739	0.3
48129.998648497734	300	39.44880915173394	0.0	138313	885.232559660183	0.3
48130.8231543824	300	42.62430326706935	0.0	143509	824.5058846645945	0.3
48131.68453045167	300	45.76292719780093	0.0	150616	861.3760692684261	0.3
48132.532588245296	300	48.9148694041746	0.0	165384	848.057793626318	0.3
48133.10515216886	300	52.34230548061159	0.0	140881	572.5639235630163	0.3
48133.73641917003	300	55.71103847943965	0.0	157671	631.267001171942	0.3
48134.368179151184	300	59.079278498283024	0.0	157812	631.7599811566268	0.3
48135.87834551284	300	59.92843260061593	0.0	163927	650.8458976670995	0.3
48137.62794369404	300	59.70429377916327	0.0	137654	724.1388214526505	0.3
48141.136936609124	750	59.92352692904406	0.0	359903	2780.766850119218	0.3
48144.24521838689	750	59.931999071694406	0.0	379700	2491.5278573496457	0.75
48148.12248103529	750	59.52324470865213	0.0	425781	2908.754363042278	0.75
48150.29039333563	750	59.877042814657834	0.0	277716	1646.2018939942936	0.75
48152.567806468025	750	59.70769144113363	0.0	400396	1669.3513735242018	0.75
48154.32007564999	750	59.60258769904381	0.0	400508	1105.103742089818	0.75
48155.90614318235	750	59.593636616593514	0.0	358218	1008.9510824502986	0.75
48157.78635969697	750	59.9005865737415	0.0	400322	1693.050042852013	0.75
48160.27049661221	750	59.964601290004104	0.0	369834	2435.985283737396	0.75
48161.961750163675	750	59.60255036627573	0.0	412837	1362.050923728378	0.75
48164.09936651762	750	59.65784353942002	0.0	401088	1944.706826855703	0.75
48165.23997590812	750	59.63949369541293	0.0	365161	1018.3498440070892	0.75
48168.55496813446	750	59.75812723154349	0.0	321064	1381.3664638694402	0.75
48171.69863938314	750	59.86060455043279	0.0	361565	1397.5226811106977	0.75
48175.33040873493	750	59.87229419932538	0.0	378327	1988.3103511074066	0.75
48179.120573213666	750	59.56044142309967	0.0	390680	1811.8527762257177	0.75
48182.861830550486	750	59.5934685658963	0.0	345516	1966.9728572033746	0.75
48186.72726370088	750	59.72803541549778	0.0	384505	3365.4331503985213	0.75
48190.220474314345	750	59.710289005770555	0.0	372093	2017.746409727226	0.75
48193.75937534011	750	59.65057055925471	0.0	438281	2059.7184465158407	0.75
48196.956192626065	750	59.746753210903485	0.0	398987	1903.8173483512196	0.75
48199.44958309972	750	59.86255786538205	0.0	393804	1384.1953455214368	0.75
48202.56349145933	750	59.819701286134624	0.0	331053	2042.8565792474255	0.75
48206.477662275334	750	59.90553047012851	0.0	314107	3914.1708160061116	0.75

