87835.26140552651	750	4.0	7.518014865581728	450283	7518.014865581728	0.05989386933264038	-31.577463922001428
87836.58867552003	300	6.672730006491688	0.0	155580	1327.2699935083117	0.11721804965149747	-0.15000000000000002
87837.88814968108	300	9.373255845446362	0.0	139857	1299.474161045326	0.10762584143073374	0.3
87843.578428913	1200	7.682976613522528	0.0	617681	5690.279231923833	0.10855020901868247	0.29999999999999993
87846.51930097773	750	8.742104548795636	0.0	411561	2940.872064726892	0.13994522404979903	0.3
87848.11958739988	750	11.141818126631355	0.0	318564	1600.286422164282	0.1990668642736862	0.75
87853.4505308519	1850	9.810874674620601	0.0	905515	5330.943452010753	0.16986017731222663	0.75
87857.67711642328	1200	9.584289103241405	0.0	709534	4226.585571379198	0.16787404111836507	0.5499999999999999
87862.08860383519	1200	9.172801691326907	0.0	584846	4411.4874119145	0.13257342601056823	1.2
87872.84478019843	1200	4.0	1.5833746719006958	560821	10756.176363227602	0.052139438873212623	-5.608511089172992
87873.62170913114	300	7.223071067287589	0.0	141840	776.928932712412	0.18256496061333258	-0.6000000000000001
87875.83168153274	750	9.013098665683321	0.0	405134	2209.972401604268	0.18332084133987567	0.3
87878.41895756584	1200	10.425822632576567	0.0	624282	2587.276033106753	0.2412892911354239	0.75
87881.89006907445	1200	10.954711123970725	0.0	687371	3471.111508605844	0.19802619371224967	1.2
87897.98044987825	1200	4.0	5.1356696798264405	526950	16090.380803797165	0.03274938029282969	-20.883379623253695
87899.71003098247	300	6.270418895762516	0.0	138313	1729.5811042374849	0.07996907439676132	-0.6000000000000001
87900.72058522936	300	9.259864648885666	0.0	143509	1010.5542468768509	0.1420101894020227	0.3
87904.94447417767	1200	9.035975700569416	0.0	581493	4223.888948316249	0.1376676818721283	0.29999999999999993
87908.49600803803	1200	9.484441840211376	0.0	639204	3551.5338603580385	0.17997970035841368	1.2
87918.89692481347	1200	4.0	0.916474935221866	586839	10400.916775433243	0.05642185325298458	-2.740842221454024
87921.52484750575	300	5.3720773077105015	0.0	157671	2627.9226922894986	0.05999834030986425	-0.6000000000000001
87922.41056498444	300	8.48635982902004	0.0	157812	885.7174786904603	0.1781741963964922	0.3
87924.71510305296	750	10.181821760503219	0.0	401853	2304.5380685168216	0.17437464170797087	0.3
87936.83389537611	1200	4.0	1.9369705626548894	536667	12118.792323158108	0.04428386803646015	-7.578973419416025
87940.36989790025	300	4.463997475865855	0.0	146754	3536.0025241341446	0.04150279842798908	-0.6000000000000001
87941.37645493235	300	7.457440443776013	0.0	153938	1006.5570320898424	0.1529351989925395	0.3
87944.6414230521	750	8.192472324021132	0.0	425781	3264.968119754881	0.1304089303119951	0.3
87948.9231190745	750	7.910776301622313	0.0	277716	4281.696022398818	0.06486121353482019	0.75
87954.44043968816	750	6.393455687973026	0.0	400396	5517.320613649287	0.07257073279545531	0.75
87957.24000572595	300	7.593889650188435	0.0	149029	2799.56603778459	0.05323289323724354	-0.15000000000000002
87964.80006845554	750	4.03382692059546	0.0	358218	7560.062729592976	0.047382940170297504	0.3
87965.73724207416	300	7.096653301987523	0.0	157488	937.1736186079359	0.16804570345666622	-0.15000000000000002
87967.67525060794	750	9.158644768216629	0.0	369834	1938.008533770893	0.19083197702973628	0.3
87975.19810902767	1200	5.635786348484603	0.0	670129	7522.858419732026	0.08907903919104607	0.75
87978.73283200071	300	6.101063375457668	0.0	179328	3534.722973026934	0.05073325444976351	-0.6000000000000001
87979.85135320194	300	8.982542174213338	0.0	159914	1118.5212012443305	0.14296912729244574	0.3
87981.97653499305	750	10.857360383107755	0.0	321064	2125.181791105582	0.15107601681123622	0.3
87985.94719290988	1200	10.886702466272546	0.0	575591	3970.657916835208	0.14496111527501512	0.75
87989.12412087934	1200	11.709774496814337	0.0	605884	3176.927969458209	0.19071379830601792	1.2
87992.9367535433	1850	11.897141832847492	0.0	930577	3812.6326639668446	0.24407727730889853	1.2000000000000002
88003.05372937577	1850	5.780166000386523	0.0	858450	10116.975832460968	0.0848524316175203	1.85
88004.26796561776	300	8.565929758393306	0.0	161857	1214.2362419932178	0.13329943087047477	-1.25
88007.13804166998	750	9.695853706168972	0.0	372093	2870.076052224335	0.12964569343436896	0.3
88013.84865013012	1200	6.98524524601956	0.0	634861	6710.608460149411	0.09460557917662579	0.75
88015.25262776439	300	9.581267611749208	0.0	167025	1403.9776342703517	0.1189655703360282	-0.6000000000000001
88018.34203407959	1200	10.491861296561638	0.0	638661	3089.40631518757	0.20672612626585649	0.29999999999999993
88020.77481861049	1200	12.059076765649268	0.0	538612	2432.7845309123695	0.22139733016059743	1.2
88025.05824249043	1850	11.775652885707883	0.0	846370	4283.423879941385	0.1975919319970691	1.2000000000000002

