6155.106155088648	300	4.0	4.7634171550405515	181801	4763.417155040552	-20.18269376667437
6160.080815287117	300	4.0	0.9746601984682592	155580	4974.660198468259	-3.891038853413515
6161.317195433905	300	6.763619853211232	0.0	139857	1236.3801467887674	0.3
6162.769056671285	300	9.311758615831632	0.0	155432	1451.8612373796004	0.3
6165.164496093609	300	10.916319193507476	0.0	163442	2395.4394223241557	0.3
6166.434631901535	300	13.646183385581782	0.0	126289	1270.1358079256943	0.3
6167.868630922367	300	16.21218436475048	0.0	153295	1433.9990208313018	0.3
6169.384151065197	300	18.696664221919868	0.0	173849	1515.5201428306127	0.3
6170.664512025709	300	21.41630326140809	0.0	150710	1280.3609605117801	0.3
6172.111174685824	300	23.969640601293428	0.0	139105	1446.6626601146597	0.3
6173.597327159394	300	26.483488127723675	0.0	141840	1486.152473569753	0.3
6175.0196628103595	300	29.061152476757766	0.0	156148	1422.3356509659095	0.3
6176.311411622246	300	31.76940366487092	0.0	160746	1291.748811886842	0.3
6177.287507084289	300	34.793308202827234	0.0	179801	976.0954620436938	0.3
6178.06549578043	300	38.015319506687156	0.0	140051	777.9886961400736	0.3
6178.893873533519	300	41.18694175359841	0.0	138313	828.377753088748	0.3
6180.416217622823	300	43.66459766429427	0.0	143509	1522.3440893041438	0.3
6182.015911866532	300	46.06490342058464	0.0	150616	1599.694243709631	0.3
6183.534677554553	300	48.54613773256385	0.0	165384	1518.7656880207937	0.3
6185.006156166635	300	51.07465912048181	0.0	140881	1471.4786120820388	0.3
6186.648539559603	300	53.43227572751457	0.0	157671	1642.3833929672392	0.3
6188.823719270167	300	55.25709601695066	0.0	157812	2175.179710563905	0.3
6190.562736253056	300	57.518079034062026	0.0	163927	1739.0169828886385	0.3
6193.828635322312	300	58.25217996480623	0.0	137654	3265.8990692558014	0.3
6196.15722429606	300	59.92359099105774	0.0	146754	1328.5889737484856	0.3
6199.42583739671	300	59.89702759525832	0.0	153938	1526.5633957994248	0.3
6202.151904934695	300	59.76251871684105	0.0	181901	1634.5088784172747	0.3
6205.5169623937645	300	59.96326937429018	0.0	111155	1299.2493425508753	0.3
6208.151849398889	300	59.98872995383745	0.0	153605	1974.5394204527242	0.3
6212.343303161812	300	59.79727619091403	0.0	149029	2191.4537629234187	0.3
6214.198603899462	300	59.62402645203676	0.0	157421	1673.2497388772763	0.3
6216.606293164531	300	59.80120736178849	0.0	157488	1322.8190902482663	0.3
6220.795729780818	750	59.61177074550082	0.0	369834	3689.4366162876677	0.3
6224.723792895499	300	59.6837076308199	0.0	163444	1928.0631146809185	-0.15000000000000002
6228.450484658811	300	59.58954668965905	0.0	179328	3594.160941160853	0.3
6230.871553786422	300	59.788777516928064	0.0	159914	1800.7691727309834	0.3
6234.013273084729	300	59.74806783566493	0.0	131610	2040.7096812631291	0.3
6237.876157412658	300	59.885183507735555	0.0	124011	3362.8843279293774	0.3
6241.872463613969	300	59.62647735571722	0.0	144254	1758.7061520183374	0.3
6245.730075031514	300	59.76886593817115	0.0	149991	3357.6114175460652	0.3
6247.424259981909	300	59.70337932614228	0.0	147968	1065.4866120288752	0.3
6249.947448416165	300	59.83113416869744	0.0	161857	1872.2451574448423	0.3
6252.568029262582	300	59.585315308394456	0.0	145210	1245.8188603029857	0.3
6256.198569113164	300	59.9547754578118	0.0	172312	2630.53985058266	0.3
6258.686217321527	300	59.61860228597897	0.0	167025	2336.173171832823	0.3
6261.484501451475	300	59.51469776626992	0.0	160064	1603.9045197090538	0.3
6264.11487637772	300	59.551200101766405	0.0	137507	2463.4976645035104	0.3
6265.526535070891	300	59.76680940655181	0.0	118421	1284.3906952145976	0.3

