27772.11552252523	750	4.0	5.358597443171078	450283	5358.597443171078	0.08403001060918178	-22.291969005635636
27772.42065027402	300	7.69487225120794	0.0	155580	305.1277487920596	0.5098847961744235	-0.15000000000000002
27773.569080640587	750	10.546441884638039	0.0	350812	1148.4303665699013	0.30547084978934785	0.3
27774.40328316461	1200	13.71223936061597	0.0	617681	834.2025240220702	0.7404448946304774	0.75
27779.16441863648	2850	12.951103888747996	0.0	1472558	4761.135471867974	0.30928714561912257	1.2000000000000002
27788.407804487146	1850	7.707718038081257	0.0	801058	9243.385850666738	0.08666283253146016	0.8500000000000001
27789.425284970468	750	10.690237554758497	0.0	352642	1017.4804833227596	0.3465835519993329	-0.3500000000000001
27794.78575228268	1200	9.329770242546122	0.0	709534	5360.467312212376	0.1323642060802271	0.75
27803.63325184154	1200	4.482270683688062	0.0	584846	8847.499558858059	0.06610297023574938	1.2
27803.916772032724	300	8.198750492505932	0.0	139105	283.5201911821316	0.49063525042080625	-0.6000000000000001
27804.51355720888	750	11.601965316348695	0.0	353220	596.7851761572376	0.591871269783242	0.3
27805.932633729153	1850	14.182888796077286	0.0	917428	1419.0765202714083	0.6464964974718456	0.75
27816.168362253233	2850	7.94716027199748	0.0	1422919	10235.728524079806	0.13901492176668692	1.85
27822.42434770987	750	5.691174815357915	0.0	434409	6255.985456639565	0.06943894019749608	-1.35
27822.745201084	300	9.370321441229706	0.0	140051	320.8533741282093	0.4364953318023617	-0.15000000000000002
27823.836203634277	1200	12.279318890951627	0.0	587876	1091.0025502780784	0.5388401703095562	0.29999999999999993
27827.013278617083	1850	13.102243908144347	0.0	966699	3177.0749828072803	0.30427327187154385	1.2000000000000002
27828.54580977318	2850	15.569712752047502	0.0	1358801	1532.5311560968444	0.8866384181452387	1.85
27831.05425804032	4300	17.06126448490881	0.0	2220726	2508.4482671386904	0.8852987040203599	2.8499999999999996
27834.034146924205	4300	18.081375601022224	0.0	2156729	2979.888883886587	0.7237615508626072	4.3
27836.3931129297	4300	19.722409595525267	0.0	2039773	2358.9660054969563	0.8646894424280976	4.3
27852.12268835179	4300	7.992834173438625	0.0	2176469	15729.575422086642	0.1383679432913311	4.3
27855.514478866775	750	8.601043658450319	0.0	401853	3391.7905149883063	0.11847813071715764	-2.8
27861.66003878501	750	6.455483740219757	0.0	343800	6145.559918230562	0.055942827760922284	0.75
27862.133325090635	300	9.982197434592603	0.0	146754	473.2863056271522	0.31007446920640586	-0.15000000000000002
27863.602847969563	1200	12.51267455566476	0.0	590335	1469.5228789278447	0.4017188221191255	0.29999999999999993
27865.037006724262	1850	15.078515800965091	0.0	1076599	1434.158754699668	0.7506832813815331	1.2000000000000002
27878.926536760882	4300	5.188985764342932	0.0	1972048	13889.53003662216	0.14198090178719888	1.8499999999999996
27879.442339024627	300	8.673183500599595	0.0	153605	515.8022637433354	0.297798227726341	-3.7
27880.733991087913	750	11.381531437313445	0.0	400508	1291.652063286152	0.3100742153278097	0.3
27893.52328772684	1850	4.0	1.407765201610635	873429	12789.29663892408	0.06829374786270331	-5.303390366925729
27893.83370351253	300	7.68958421430652	0.0	157488	310.4157856934801	0.5073453324809695	-1.25
27894.45479611442	750	11.06849161241836	0.0	369834	621.0926018881598	0.5954571007216666	0.3
27896.04019843673	1850	13.483089290106575	0.0	1035329	1585.402322311785	0.6530386548761421	0.75
27911.880920114767	2850	4.0	2.3576323879323717	1492672	15840.721678038946	0.09423005026781016	-8.287819268109198
27912.235932977725	300	7.644987137040518	0.0	159914	355.01286295948233	0.4504456505235164	-2.25
27912.86808432053	750	11.012835794236114	0.0	321064	632.1513428044026	0.507891035358193	0.3
27916.287121074358	1850	11.593799040409984	0.0	938587	3419.036753826131	0.27451796151347546	0.75
27917.337145296005	1850	14.543774818761106	0.0	908665	1050.0242216488773	0.8653752754132684	1.85
27918.919798630955	2850	16.96112148380835	0.0	1402287	1582.6533349527576	0.8860354753821427	1.85
27921.333985253423	4300	18.546934861343168	0.0	2108491	2414.186622465178	0.8733753142277685	2.8499999999999996
27924.434511010088	4300	19.446409104677194	0.0	2184571	3100.525756665976	0.7045808264302533	4.3
27928.741815627945	4300	19.1391044868232	0.0	2121928	4307.3046178539935	0.492634765417914	4.3
27950.681750144093	4300	4.0	2.800830029327568	2219102	21939.934516150766	0.10114442221176367	-7.743569126108542
27951.307203542845	300	7.374546601251176	0.0	167025	625.453398748825	0.26704627448523205	-3.7
27952.194689064374	750	10.487061079720592	0.0	393804	887.4855215305824	0.4437300558107523	0.3
27953.5490576338	1200	13.132692510291243	0.0	538612	1354.368569429349	0.3976849523515887	0.75
27957.74356849862	2850	12.93818164547453	0.0	1364537	4194.510864816712	0.32531492800403716	1.2000000000000002

