90426.38305220232	750	4.0	3.8049217852576436	450283	3804.9217852576435	1	-15.611163676607866
90428.22102641394	300	6.162025788373339	0.0	398865	1837.9742116266607	0	0.75
90428.86713731871	750	9.515914883603882	0.0	139857	646.1109047694576	1	-0.15000000000000002
90430.65352004273	750	11.729532159593731	0.0	382355	1786.38272401015	1	0.3
90437.48016680671	300	8.902885395607177	0.0	411561	6826.646763986556	0	0.75
90439.1904365686	300	11.192615633712409	0.0	126289	1710.2697618947684	0	-0.15000000000000002
90439.83127909461	300	14.551773107712172	0.0	153295	640.8425260002367	0	0.3
90440.54732014163	750	17.83573206069423	0.0	173849	716.0410470179403	1	0.3
90442.15881218134	750	20.22424002098445	0.0	374758	1611.492039709779	1	0.3
90443.8763732402	750	22.506678962118272	0.0	362795	1717.5610588661777	1	0.75
90445.56069566785	1850	24.822356534472995	0.0	353220	1684.3224276452793	3	0.75
90452.05632423227	1850	22.32672797005978	0.0	917428	6495.628564413214	3	0.75
90457.40549513404	1850	20.97755706828247	0.0	946851	5349.17090177731	3	1.85
90462.7039300923	1850	19.679122110025492	0.0	1036454	5298.434958256978	3	1.85
90467.81486138875	1850	18.568190813593027	0.0	821631	5110.931296432464	3	1.85
90478.39253465556	750	11.990517546785634	0.0	923170	10577.673266807395	1	1.85
90482.94954618583	750	11.433506016508638	0.0	360831	4557.0115302769955	1	-0.3500000000000001
90488.07744223063	300	10.305609971722975	0.0	372963	5127.8960447856625	0	0.75
90488.54567379695	1850	13.837378405399047	0.0	165384	468.231566323927	3	-0.15000000000000002
90490.81307032477	1850	15.56998187757898	0.0	923755	2267.3965278200662	3	0.30000000000000004
90492.96496005924	1850	17.41809214312378	0.0	891604	2151.8897344551992	3	1.85
90495.40307598714	1850	18.97997621521417	0.0	955231	2438.115927909608	3	1.85
90498.82596104596	1850	19.55709115639086	0.0	968026	3422.88505882331	3	1.85
90500.59419728236	1850	21.78885492000202	0.0	874175	1768.2362363888378	3	1.85
90502.2010281466	1850	24.18202405575769	0.0	897976	1606.8308642443287	3	1.85
90504.39376904727	1850	25.989283155100242	0.0	905935	2192.7409006574494	3	1.85
90511.40561913932	1850	22.97743306304726	0.0	1076599	7011.850092052979	3	1.85
90512.93105066827	1850	25.45200153409274	0.0	758197	1525.43152895452	3	1.85
90514.62954691736	1850	27.753505284994212	0.0	972798	1698.4962490985315	3	1.85
90517.17865192774	1850	29.204400274621143	0.0	975811	2549.1050103730677	3	1.85
90520.52256023121	1850	29.86049197115747	0.0	873429	3343.908303463677	3	1.85
90527.44634491461	1850	26.93670728774542	0.0	954453	6923.784683412052	3	1.85
90528.94077788429	1850	29.442274318072354	0.0	885062	1494.4329696730658	3	1.85
90531.01012871985	1850	31.37292348250409	0.0	1035329	2069.3508355682634	3	1.85
90533.22469396332	1850	33.15835823902969	0.0	1026056	2214.5652434744015	3	1.85
90535.67224018525	1850	34.71081201710014	0.0	943942	2447.5462219295478	3	1.85
90537.21392149186	4300	37.16913071048844	0.0	728962	1541.6813066116945	5	1.85
90545.348177587	4300	33.034874615350525	0.0	2147467	8134.256095137912	5	1.8499999999999996
90559.995040047	1850	22.38801215536565	0.0	2133870	14646.862459984875	3	4.3
90561.53192407981	1850	24.851128122555085	0.0	930577	1536.8840328105641	3	-0.6000000000000001
90569.43652858467	1850	20.946523617692414	0.0	858450	7904.604504862668	3	1.85
90571.53822560357	1850	22.844826598799973	0.0	1025005	2101.697018892442	3	1.85
90573.37388299072	1850	25.00916921165082	0.0	886255	1835.6573871491516	3	1.85
90577.30204397214	1850	25.08100823022312	0.0	973972	3928.1609814276994	3	1.85
90579.00693382304	1850	27.376118379335008	0.0	958994	1704.889850888115	3	1.85
90582.73576138928	1850	27.647290813082318	0.0	982064	3728.827566252689	3	1.85
90586.62204323262	1850	27.761008969743315	0.0	830730	3886.281843339002	3	1.85
90588.28200856582	1850	30.101043636548276	0.0	846370	1659.965333195038	3	1.85

