42655.17149535885	300	4.0	0.9588026635746566	181801	958.8026635746565	-3.8228514533710234
42655.58284867008	300	7.588646688776333	0.0	155580	411.35331122366676	0.3
42655.85865119125	300	11.312844167610795	0.0	139857	275.8025211655379	0.3
42656.15625901546	300	15.015236343406057	0.0	155432	297.60782420473686	0.3
42656.465080995506	300	18.70641436335259	0.0	163442	308.82198005346777	0.3
42657.02661900833	300	22.144876350532634	0.0	126289	561.5380128199531	0.3
42658.136744007454	300	25.034751351404122	0.0	153295	1110.124999128515	0.3
42661.01464505694	300	26.15685030191953	0.0	173849	2877.9010494845897	0.3
42661.47579000888	300	29.695705349982386	0.0	150710	461.14495193714674	0.3
42661.907585964946	300	33.263909393912996	0.0	139105	431.7959560693836	0.3
42662.346298724435	300	36.825196634422824	0.0	141840	438.7127594901791	0.3
42662.82119635535	300	40.3502990035086	0.0	156148	474.8976309142166	0.3
42663.4478342102	300	43.72366114865458	0.0	160746	626.6378548540213	0.3
42664.59498396025	300	46.57651139860505	0.0	179801	1147.149750049531	0.3
42665.45415572613	300	49.71733963271874	0.0	140051	859.1717658863067	0.3
42666.05522738276	300	53.11626797608889	0.0	138313	601.0716566298536	0.3
42666.67587412147	300	56.49562123737819	0.0	143509	620.6467387107043	0.3
42667.32329532291	300	59.848200035936806	0.0	150616	647.4212014413831	0.3
42669.496899528356	300	59.831199140231746	0.0	165384	517.000895705061	0.3
42671.878129600365	300	59.678885759097405	0.0	140881	652.3133811343348	0.3
42678.96661781537	300	56.59039754410036	0.0	157671	7088.4882149970435	0.3
42679.969305344806	300	59.587710014665625	0.0	157812	1002.6875294347391	0.3
42686.41122175333	300	57.14579360613238	0.0	163927	6441.916408533243	0.3
42687.76615868814	300	59.79085667132973	0.0	137654	354.9369348026553	0.3
42689.2303292033	300	59.91774426682257	0.0	146754	373.11240450716195	0.3
42691.03466287193	300	59.75660658508815	0.0	153938	661.1376817344112	0.3
42693.05990762243	750	59.53808225097944	0.0	425781	718.5243341087078	0.3
42694.74581873127	750	59.560486759806174	0.0	277716	477.5954911732703	0.75
42699.81922578546	1200	58.48707970561183	0.0	622896	5073.4070541943465	0.75
42710.02761629569	1200	52.278689195386725	0.0	641447	10208.39051022511	1.2
42711.7417056423	1200	54.56459984878023	0.0	570392	1714.0893466064847	1.2
42726.7146063662	1200	43.591699124872726	0.0	620283	14972.900723907504	1.2
42730.412697713036	1200	43.893607778033875	0.0	584349	3698.091346838852	1.2
42731.92753450468	1200	46.37877098639918	0.0	670129	1514.8367916346917	1.2
42740.95050915314	1200	41.35579633793165	0.0	690253	9022.974648467536	1.2
42741.567238223855	750	44.739067267213144	0.0	365161	616.7290707185024	0.3
42742.11915166029	750	48.187153830780545	0.0	321064	551.9134364326017	0.75
42742.73164689995	750	51.57465859112557	0.0	361565	612.4952396549813	0.75
42743.36923877458	750	54.937066716485475	0.0	378327	637.5918746400963	0.75
42744.025036942796	750	58.281268548275456	0.0	390680	655.7981682100215	0.75
42746.375497767884	750	59.9308077231872	0.0	345516	850.4608250882532	0.75
42763.34677811486	1200	46.95952737621244	0.0	641452	16971.280346974763	0.75
42767.73915933949	1200	46.567146151572125	0.0	599477	4392.3812246403195	1.2
42776.44867861788	1200	41.85762687319088	0.0	634861	8709.519278381242	1.2
42798.55218918638	1200	23.75411630469169	0.0	630203	22103.51056849919	1.2
42808.03932719217	750	18.26697829889609	0.0	393804	9487.1380057956	0.3
42808.58465905747	300	21.72164643359595	0.0	137507	545.3318653001355	-0.15000000000000002
42809.065402763765	300	25.24090272730676	0.0	118421	480.7437062891878	0.3

