4444.615142836361	750	4.0	9.642111234931873	450283	9642.111234931874	0.04669962719043258	-40.71107831020705
4445.906902634452	300	6.708240201909207	0.0	155580	1291.759798090793	0.1204403482984573	-0.15000000000000002
4446.318323781057	300	10.29681905530364	0.0	139857	411.4211466055656	0.3399363429757844	0.3
4447.862051340325	1200	12.753091496036157	0.0	617681	1543.7275592674828	0.40012306335523157	0.29999999999999993
4450.34255012536	1850	14.272592711001316	0.0	996749	2480.4987850348407	0.40183410127572383	1.2000000000000002
4457.600379938116	2850	11.01476289824443	0.0	1224260	7257.829812756887	0.16868127685333045	1.85
4463.500637595751	1850	9.114505240609116	0.0	905515	5900.257657635313	0.15347041647040707	0.8500000000000001
4472.0745955162965	1200	4.540547320064505	0.0	709534	8573.957920544612	0.08275454656709241	0.5499999999999999
4473.383798536811	300	7.23134429954913	0.0	150710	1309.2030205153744	0.11511583584696608	-0.6000000000000001
4476.242880020895	750	8.372262815464712	0.0	362795	2859.0814840844187	0.1268921512099471	0.3
4483.182025923024	750	5.433116913334833	0.0	353220	6939.145902129879	0.0509025181170472	0.75
4483.829650664102	300	8.785492172258435	0.0	156148	647.6247410763982	0.2411087626770882	-0.15000000000000002
4488.050272290564	750	8.564870545795426	0.0	386351	4220.621626463009	0.0915388855465284	0.3
4494.439891617346	750	6.175251219014166	0.0	434409	6389.61932678126	0.06798667929703278	0.75
4495.094774815875	300	9.520368020484947	0.0	140051	654.8831985292197	0.2138564561047464	-0.15000000000000002
4496.3497494526555	1200	12.265393383704641	0.0	587876	1254.9746367803061	0.46843655861302685	0.29999999999999993
4498.637328860488	1850	13.97781397587245	0.0	966699	2287.579407832191	0.42258598616958426	1.2000000000000002
4502.059837925807	2850	14.555304910552923	0.0	1358801	3422.509065319528	0.39701896300839784	1.85
4509.432953721285	2850	11.182189115075191	0.0	1537156	7373.115795477731	0.20848119609660926	2.85
4512.5315071912755	1850	12.083635645085236	0.0	923755	3098.553469989954	0.2981245955400586	0.8500000000000001
4523.042481982928	1850	5.572660853432633	0.0	891604	10510.974791652603	0.08482600497796611	1.85
4523.476369379059	300	9.138773457300712	0.0	157812	433.88739613192314	0.3637164882107278	-1.25
4525.213647255949	1200	11.401495580411634	0.0	656471	1737.277876889077	0.377873343541066	0.29999999999999993
4529.710033835176	1850	10.905109001184842	0.0	874175	4496.386579226791	0.1944172247196604	1.2000000000000002
4531.198255977233	1200	13.416886859127482	0.0	587236	1488.2221420573605	0.39458894166712793	0.5499999999999999
4536.637182229559	2850	11.97796060680178	0.0	1480464	5438.926252325702	0.2721978440812557	1.2000000000000002
4539.1009795350255	1850	13.514163301334877	0.0	1076599	2463.7973054669046	0.4369673583176429	0.8500000000000001
4541.553928274073	2850	15.061214562287708	0.0	1141971	2452.9487390471695	0.46555029129699244	1.85
4546.798949128762	4300	13.816193707598448	0.0	2134614	5245.020854689259	0.4069791253721269	2.8499999999999996
4550.917016420266	2850	13.69812641609472	0.0	1561263	4118.0672915037285	0.3791251792366653	1.4000000000000001
4554.454399257168	2850	14.160743579192502	0.0	1341201	3537.382836902217	0.37915064945996246	2.85
4558.041340073387	2850	14.573802762973612	0.0	1497683	3586.94081621889	0.41753769485908493	2.85
4566.754653861497	2850	9.860488974864465	0.0	1358081	8713.313788109146	0.15586274441916015	2.85
4568.721436229941	1200	11.893706606419975	0.0	670129	1966.7823684444895	0.340723514076445	-0.44999999999999996
4572.095599156757	1850	12.519543679604102	0.0	1026056	3374.1629268158745	0.3040920140060537	1.2000000000000002
4574.94496516515	1850	13.670177671210542	0.0	943942	2849.36600839356	0.3312814139072936	1.85
4577.5589202653855	2850	15.056222570975413	0.0	1139291	2613.9551002351286	0.43584949102512105	1.85
4586.015840141739	4300	10.599302694621876	0.0	2147467	8456.919876353537	0.2539301579531988	2.8499999999999996
4589.484522292067	1200	11.130620544294947	0.0	605884	3468.682150326929	0.17467267790532331	-1.9000000000000001
4591.597840822076	1850	13.017302014284436	0.0	930577	2113.3185300105097	0.44033920432968154	1.2000000000000002
4594.65683259182	2850	13.958310244541485	0.0	1339500	3058.991769742951	0.43788937690164464	1.85
4598.355684187195	2850	14.259458649165445	0.0	1527299	3698.85159537604	0.4129116728849806	2.85
4601.734189615745	2850	14.880953220615567	0.0	1343002	3378.5054285498777	0.39751364276376	2.85
4605.58797327212	2850	15.027169564240998	0.0	1587250	3853.7836563745705	0.4118679566701983	2.85
4610.763572230799	4300	13.85157060556142	0.0	2124950	5175.598958679577	0.4105708376875722	2.8499999999999996
4614.294177467146	2850	14.32096536921427	0.0	1483527	3530.6052363471504	0.4201905624359445	1.4000000000000001
4617.446003742009	2850	15.169139094351008	0.0	1231456	3151.8262748632624	0.39071188974507326	2.85
4622.867659306804	4300	13.747483529557154	0.0	2155012	5421.655564793856	0.3974822771837109	2.8499999999999996

