62548.0537786442	750	4.0	3.5924948099809866	450283	3592.4948099809867	0.1253399166364789	-14.697727682918241
62548.563071249046	300	7.490707395151816	0.0	155580	509.2926048481844	0.3054825428819588	-0.15000000000000002
62549.42893471097	750	10.62484393322637	0.0	350812	865.8634619254453	0.40515856763361896	0.3
62550.844709786994	1200	13.20906885720215	0.0	617681	1415.7750760242202	0.4362846969552338	0.75
62553.768705478346	2850	14.285073165848672	0.0	1472558	2923.995691353477	0.5036115492079858	1.2000000000000002
62556.166983007846	2850	15.886795636346955	0.0	1224260	2398.277529501718	0.5104746990038139	2.85
62560.78766669797	4300	15.266111946222507	0.0	2157535	4620.683690124448	0.4669298191977931	2.8499999999999996
62570.723677085545	4300	9.330101558647595	0.0	2290172	9936.010387574912	0.23049211007910023	4.3
62573.47417906016	1200	10.579599584034607	0.0	584846	2750.5019746129883	0.21263245960123014	-1.9000000000000001
62575.27692224282	1200	12.776856401374399	0.0	560821	1802.7431826602074	0.3110931193052289	1.2
62588.27902788528	1850	4.0	0.22524924108256528	939819	13002.105642456965	0.07228206152479819	0.23142826334496946
62589.022063309036	300	7.2569645762471575	0.0	156148	743.0354237528425	0.21014879642123208	-1.25
62590.44839075357	750	9.830637131717687	0.0	386351	1426.32744452947	0.27087118142598243	0.3
62595.630462304696	1200	8.64856558059086	0.0	687371	5182.071551126827	0.13264405811813484	0.75
62596.3243313171	750	11.95469656818944	0.0	337059	693.8690124014211	0.48576747768785317	0.3
62598.08887340586	1850	14.190154479424386	0.0	923170	1764.542088765054	0.5231782261686355	0.75
62601.675838650255	2850	14.603189235023356	0.0	1491626	3586.9652444010303	0.4158462372414426	1.85
62603.81338044286	2850	16.46564744242403	0.0	1358801	2137.5417925993283	0.6356839453172275	2.85
62607.85711913724	4300	16.421908748038796	0.0	2220726	4043.7386943852343	0.5491764349371775	2.8499999999999996
62612.867615775336	4300	15.411412109939565	0.0	2156729	5010.496638099232	0.43044216088291215	4.3
62619.18764714126	4300	13.091380744013845	0.0	2039773	6320.031365925721	0.322747290622224	4.3
62624.98702007482	2850	11.29200781045213	0.0	1468126	5799.372933561714	0.25315254197635173	1.4000000000000001
62626.3394626415	1850	13.939565243775716	0.0	968026	1352.4425666764137	0.7157612632519356	0.8500000000000001
62628.31621899956	2850	15.962808885716624	0.0	1323990	1976.756358059092	0.6697790522348336	1.85
62636.29829150858	4300	11.980736376693415	0.0	2186790	7982.072509023209	0.27396268294079984	2.8499999999999996
62637.607024837336	1850	14.672003047935949	0.0	905935	1308.7333287574654	0.6922227623408282	-0.6000000000000001
62644.68496235629	2850	11.594065528981176	0.0	1547572	7077.937518954771	0.21864731015999933	1.85
62645.86693262556	1850	14.412095259713832	0.0	758197	1181.9702692673445	0.6414687574755799	0.8500000000000001
62647.551775473825	2850	16.72725241144663	0.0	1498470	1684.842848267198	0.8893826516467837	1.85
62661.25100750114	4300	7.028020384131413	0.0	2164140	13699.23202731522	0.15797527888314256	2.8499999999999996
62661.990151382364	750	10.288876502904477	0.0	358218	739.1438812269347	0.48463906567876813	-2.8
62662.97193921314	1200	13.307088672135805	0.0	620283	981.7878307686717	0.6317892527903523	0.75
62664.397873417714	2850	15.881154467557373	0.0	1358081	1425.934204578432	0.952414912020087	1.2000000000000002
62668.36559227418	4300	15.913435611089323	0.0	2286761	3967.7188564680505	0.5763414905953314	2.8499999999999996
62673.474287337	4300	14.804740548271461	0.0	2307787	5108.695062817862	0.45173708190112	4.3
62676.06660750691	2850	16.21242037836329	0.0	1439896	2592.3201699081683	0.5554468220069466	1.4000000000000001
62687.65277193048	4300	8.626255954794154	0.0	1919781	11586.164423569138	0.1656959913407312	2.8499999999999996
62688.650974503194	750	11.628053382073409	0.0	361565	998.2025727207442	0.3622160570218756	-2.8
62690.713120741835	1850	13.565907143433757	0.0	908665	2062.1462386396524	0.4406404274215897	0.75
62694.295210476	2850	13.983817409273714	0.0	1402287	3582.089734160044	0.39147176761857955	1.85
62696.81728034255	2850	15.461747542717621	0.0	1339500	2522.0698665560913	0.531111377112284	2.85
62700.33950558049	4300	15.939522304779691	0.0	2184571	3522.22523793793	0.6202246740128825	2.8499999999999996
62707.283457999234	4300	12.995569886028417	0.0	2121928	6943.952418751275	0.3055792828116159	4.3
62718.253887769155	1850	6.025140116110713	0.0	973972	10970.429769917704	0.08878157195543547	-0.6000000000000001
62718.62108922067	300	9.657938664593459	0.0	167025	367.2014515172537	0.4548593130824048	-1.25
62719.799274320074	1200	12.479753565192407	0.0	638661	1178.1850994010522	0.542071869967353	0.29999999999999993
62722.10006620014	1850	14.178961685125604	0.0	830730	2300.7918800668026	0.36106264421268736	1.2000000000000002
62729.4707554731	2850	10.808272412164227	0.0	1364537	7370.689272961375	0.18513017568189524	1.85

