80982.6821285728	750	4.0	9.869346210182616	450283	9869.346210182617	-41.68818870378525
80985.2430329142	300	5.4390956585988395	0.0	155580	2560.9043414011603	-0.15000000000000002
80987.51320296411	300	7.168925608672352	0.0	139857	2270.170049926487	0.3
80991.13409215967	300	7.548036413108812	0.0	155432	3620.8891955635413	0.3
80997.7734181624	300	4.908710410387593	0.0	163442	6639.326002721218	0.3
81004.23909403161	300	4.0	1.5569654588429458	126289	6465.675869230539	-6.394951473024666
81007.60450497433	300	4.63458905729857	0.0	153295	3365.41094270143	0.3
81013.67852387905	300	4.0	1.4394298474383422	173849	6074.018904736912	-5.889548343984871
81019.64261055295	300	4.0	1.964086673906103	150710	5964.086673906103	-8.145572697796242
81024.53920223832	300	4.0	0.896591685363881	139105	4896.591685363881	-3.5553442470646885
81033.49830451353	300	4.0	4.959102275204914	141840	8959.102275204914	-21.024139783381127
81035.82432582555	300	5.673978687977007	0.0	156148	2326.0213120229923	0.3
81040.67353333517	300	4.824771178373405	0.0	160746	4849.207509603602	0.3
81043.75735942453	300	5.740945089006991	0.0	179801	3083.8260893664137	0.3
81048.33428954895	300	5.164014964584823	0.0	140051	4576.930124422169	0.3
81052.00832551917	300	5.48997899436421	0.0	138313	3674.035970220612	0.3
81055.16923134739	300	6.329073166142042	0.0	143509	3160.9058282221686	0.3
81060.37384829603	300	5.124456217504222	0.0	150616	5204.616948637819	0.3
81065.18655280203	300	4.311751711507709	0.0	165384	4812.704505996513	0.3
81069.8258273855	300	4.0	0.3275228719591705	140881	4639.274583466879	-1.108348349424433
81072.81586468228	300	5.009962703209657	0.0	157671	2990.0372967903427	0.3
81078.99170489374	300	4.0	1.1658775082360935	157812	6175.840211445751	-4.713273285415202
81083.25781736609	300	4.0	0.26611247235152313	163927	4266.112472351523	-0.8442836311115494
81089.7236321319	300	4.0	2.4658147658132092	137654	6465.814765813209	-10.3030034929968
81093.53832212424	300	4.185310007662824	0.0	146754	3814.689992337176	0.3
81096.55350791305	300	5.170124218859758	0.0	153938	3015.1857888030654	0.3
81100.63837581534	300	5.085256316576676	0.0	181901	4084.867902283082	0.3
81103.1656470875	300	6.55798504441063	0.0	111155	2527.271272166046	0.3
81108.78859550244	300	4.935036629473382	0.0	153605	5622.948414937248	0.3
81117.61259994713	300	4.0	3.8889678152136193	149029	8824.004444687002	-16.42256160541856
81122.38175327182	300	4.0	0.7691533246877261	157421	4769.153324687726	-3.0073592961572224
81127.87097833799	300	4.0	1.489225066165317	157488	5489.225066165317	-6.103667784510863
81132.85978677719	300	4.0	0.9888084391939674	143881	4988.808439193967	-3.95187628853406
81135.98401885272	300	4.8757679244783345	0.0	163444	3124.232075521665	0.3
81143.74884025997	300	4.0	2.8890534827730945	179328	7764.821407251429	-12.122929975924306
81148.69057381545	300	4.0	0.9417335554882574	159914	4941.7335554882575	-3.749454288599507
81152.77568521423	300	4.0	0.08511139878655877	131610	4085.1113987865588	-0.0659790147822027
81192.34561380517	300	4.0	35.569928590941664	124011	39569.928590941665	-152.65069294104913
81201.0282369981	300	4.0	4.682623192917036	144254	8682.623192917035	-19.835279729543252
81203.78570291445	300	5.242534083643708	0.0	149991	2757.465916356292	0.3
81215.25441456812	300	4.0	6.226177570019623	147968	11468.711653663331	-26.472563551084377
81219.3315560403	300	4.0	0.07714147218357448	161857	4077.1414721835745	-0.031708330389370265
81223.24756689319	300	4.08398914711684	0.0	145210	3916.0108528831597	0.3
81229.56611437646	300	4.0	2.234558336144656	172312	6318.547483261496	-9.308600845422019
81232.69482834262	300	4.87128603383982	0.0	167025	3128.7139661601796	0.3
81235.20329620634	300	6.362818170113639	0.0	160064	2508.467863726182	0.3
81240.23023919192	300	5.335875184530068	0.0	137507	5026.94298558357	0.3
81244.27683873028	300	5.28927564617637	0.0	118421	4046.5995383536983	0.3

