58500.905694705834	750	4.0	2.5217348450459456	450283	2521.734845045946	-10.093459833697565
58502.36856617578	750	6.537128530060399	0.0	398865	1462.8714699396	0.75
58503.6926515256	750	9.213043180231324	0.0	350812	1324.085349829076	0.75
58504.80261723415	750	12.103077471685042	0.0	382355	1109.9657085462813	0.75
58508.21012932191	1850	12.695565383920751	0.0	996749	3407.512087764291	0.75
58510.38900031447	1850	14.516694391362934	0.0	801058	2178.8709925578164	1.85
58511.933167394505	1850	16.97252731132284	0.0	905515	1544.167080040094	1.85
58515.58731086815	1850	17.318383837675384	0.0	1060487	3654.143473647453	1.85
58517.98535035246	1850	18.920344353371895	0.0	852833	2398.0394843034896	1.85
58519.81637451659	1850	21.089320189247317	0.0	913888	1831.0241641245766	1.85
58521.573135331106	1850	23.332559374721335	0.0	939819	1756.7608145259824	1.85
58523.55162233501	1850	25.35407237081628	0.0	917428	1978.4870039050559	1.85
58525.45536188396	1850	27.45033282186995	0.0	946851	1903.739548946329	1.85
58527.784489776925	1850	29.12120492890998	0.0	1036454	2329.1278929599707	1.85
58529.58042165103	1850	31.32527305480296	0.0	821631	1795.9318741070178	1.85
58531.27989803109	1850	33.625796674739746	0.0	923170	1699.4763800632154	1.85
58534.96471036214	1850	33.940984343695426	0.0	966699	3684.8123310443175	1.85
58537.32317368219	1850	35.58252102363794	0.0	885714	2358.4633200574926	1.85
58541.82520991557	4300	35.08048479025531	0.0	2220726	4502.0362333826215	1.8499999999999996
58545.656947976866	4300	35.24874672896156	0.0	2156729	3831.738061293754	4.3
58549.59283878309	4300	35.31285592273214	0.0	2039773	3935.8908062294163	4.3
58564.29392338552	4300	24.611771320300356	0.0	2176469	14701.084602431783	4.3
58571.24565080183	4300	21.66004390399689	0.0	2221506	6951.7274163034635	4.3
58577.026867360764	4300	19.878827345065567	0.0	2044075	5781.216558931327	4.3
58583.53898519068	4300	17.366709515147967	0.0	2186790	6512.117829917597	4.3
58587.0111572339	4300	17.89453747193107	0.0	2105231	3472.172043216895	4.3
58590.33147114807	4300	18.57422355775645	0.0	2395588	3320.313914174621	4.3
58594.80635033919	4300	18.09934436664118	0.0	1972048	4474.879191115268	4.3
58599.29536427277	4300	17.610330433053974	0.0	2134614	4489.0139335872045	4.3
58603.068841099215	4300	17.83685360661299	0.0	2164140	3773.4768264409854	4.3
58606.51268097621	4300	18.39301372962642	0.0	2113193	3443.839876986566	4.3
58610.061327520925	4300	18.844367184912524	0.0	2147852	3548.6465447138985	4.3
58617.282581393265	4300	15.62311331256853	0.0	2191074	7221.253872343993	4.3
58624.75484477138	4300	12.150849934452884	0.0	2286761	7472.2633781156455	4.3
58627.08424668415	1850	13.821448021680867	0.0	1026056	2329.401912772017	-0.6000000000000001
58629.4972703354	1850	15.408424370430774	0.0	943942	2413.0236512500937	1.85
58631.90211610241	1850	17.003578603425566	0.0	728962	2404.8457670052103	1.85
58634.61425405457	1850	18.29144065126398	0.0	938587	2712.137952161586	1.85
58636.16918340858	1850	20.73651129724973	0.0	908665	1554.9293540142507	1.85
58638.016415415535	1850	22.88927929029741	0.0	930577	1847.2320069523182	1.85
58639.823749291165	1850	25.081945414666432	0.0	858450	1807.3338756309786	1.85
58641.93316798306	1850	26.972526722778245	0.0	1025005	2109.4186918881855	1.85
58643.95173557004	1850	28.95395913579513	0.0	886255	2018.5675869831146	1.85
58645.98112796758	1850	30.92456673825069	0.0	973972	2029.392397544441	1.85
58649.71368031977	1850	31.192014386060286	0.0	958994	3732.552352190402	1.85
58651.43233455506	1850	33.473360150773885	0.0	982064	1718.654235286403	1.85
58656.41357248574	4300	32.49212222009611	0.0	1961140	4981.237930677782	1.8499999999999996
58659.99209751931	4300	32.913597186523376	0.0	2155012	3578.5250335727283	4.3

