19788.023595248545	300	4.0	1.4026588834630325	181801	1402.6588834630325	-5.73143319889104
19788.295057205745	300	7.728538042803586	0.0	155580	271.4619571964139	0.3
19790.048482915547	300	9.975112333001464	0.0	139857	1753.4257098021233	0.3
19790.2329466185	300	13.790648630048176	0.0	155432	184.46370295328836	0.3
19790.589551088953	750	17.434044159597054	0.0	411561	356.60447045111886	0.3
19790.883653558634	750	21.139941689915062	0.0	318564	294.1024696819918	0.75
19793.143836049436	1200	22.879759199110183	0.0	561791	2260.18249080488	0.75
19798.88220868823	1850	21.14138656031715	0.0	1060487	5738.372638793034	1.2000000000000002
19801.422161514332	1850	22.601433734215885	0.0	852833	2539.952826101268	1.85
19801.95598460233	1200	26.06761064621886	0.0	560821	533.8230879970265	0.5499999999999999
19805.086915319513	2850	26.93667992903506	0.0	1354548	3130.9307171837995	1.2000000000000002
19807.97696604591	4300	28.046629202638407	0.0	2102452	2890.0507263966497	2.8499999999999996
19814.061020274283	2850	25.96257497426733	0.0	1422919	6084.054228371078	1.4000000000000001
19818.974981666197	2850	25.04861358235139	0.0	1578343	4913.96139191594	2.85
19821.528863462227	2850	26.49473178631748	0.0	1231445	2553.8817960339106	2.85
19823.24133287621	2850	28.78226237233506	0.0	1471065	1712.469413982415	2.85
19827.65509088115	4300	28.36850436739399	0.0	2289689	4413.7580049410735	2.8499999999999996
19835.59258330037	2850	24.43101194817264	0.0	1358801	7937.4924192213475	1.4000000000000001
19837.005629386218	1850	27.01796586232737	0.0	987708	1413.046085845273	0.8500000000000001
19842.940094233534	2850	25.08350101500712	0.0	1336050	5934.464847320249	1.85
19845.24803191635	1850	26.775563332191034	0.0	891604	2307.937682816084	0.8500000000000001
19847.949464640944	2850	28.074130607596715	0.0	1468126	2701.4327245943205	1.85
19854.557132683665	4300	25.466462564877112	0.0	2221506	6607.668042719603	2.8499999999999996
19863.754594513714	2850	20.269000734827987	0.0	1323990	9197.461830049124	1.4000000000000001
19865.305611072927	1200	22.717984175616227	0.0	587236	1551.0165592117573	-0.44999999999999996
19866.59041987491	1850	25.43317537363417	0.0	905935	1284.8088019820566	1.2000000000000002
19867.89009355911	2850	28.133501689436454	0.0	1547572	1299.6736841977195	1.85
19869.35362607473	2850	30.669969173813293	0.0	1141971	1463.5325156231581	2.85
19873.470751962122	4300	30.552843286424867	0.0	2134614	4117.125887388427	2.8499999999999996
19876.55100566816	4300	31.472589580387357	0.0	2164140	3080.2537060375107	4.3
19881.51539039731	4300	30.508204851237377	0.0	2113193	4964.38472914998	4.3
19884.401073753546	4300	31.622521495000083	0.0	2147852	2885.683356237295	4.3
19888.463741457483	4300	31.55985379106741	0.0	2191074	4062.6677039326723	4.3
19894.26157590666	4300	29.76201934188857	0.0	2286761	5797.8344491788375	4.3
19897.591874550773	4300	30.431720697776	0.0	2307787	3330.2986441125704	4.3
19899.987342928645	4300	32.036252319905124	0.0	2143948	2395.468377870879	4.3
19903.017012209722	4300	33.00658303882691	0.0	1919781	3029.669281078212	4.3
19905.79233749881	4300	34.231257749738596	0.0	2147467	2775.325289088319	4.3
19909.716950281607	4300	34.30664496694179	0.0	2133870	3924.6127827968025	4.3
19913.899535508954	4300	34.124059739593356	0.0	2146120	4182.5852273484315	4.3
19923.167530812203	4300	28.85606443634069	0.0	2108491	9267.995303252668	4.3
19933.29003691552	4300	22.733558333022657	0.0	2184571	10122.506103318032	4.3
19934.087205104395	1850	25.936390144148124	0.0	886255	797.1681888745336	-0.6000000000000001
19936.236499542618	1850	27.787095705926166	0.0	973972	2149.2944382219584	1.85
19939.70783063139	4300	28.31576461715173	0.0	2124950	3471.3310887744383	1.8499999999999996
19945.726817546158	2850	26.296777702383004	0.0	1483527	6018.986914768727	1.4000000000000001
19950.11947506006	2850	25.90412018847979	0.0	1231456	4392.657513903211	2.85
19953.11778820276	2850	26.905807045783128	0.0	1364537	2998.313142696664	2.85

