86148.06669678209	750	4.0	6.270092207083895	450283	6270.092207083895	-26.211396490460746
86149.09733818854	300	6.969358593541987	0.0	155580	1030.641406458013	-0.15000000000000002
86150.14073148061	750	9.925965301473974	0.0	350812	1043.3932920680131	0.3
86150.64268202135	750	13.424014760733453	0.0	382355	501.9505407405211	0.75
86153.16929793653	4300	14.897398845551347	0.0	2233056	2526.6159151821066	0.75
86162.6236637555	4300	9.443033026581734	0.0	1941625	9454.365818969613	4.3
86163.35979260005	750	12.706904182020095	0.0	352642	736.128844561639	-2.8
86164.75995787702	1200	15.306738905061598	0.0	709534	1400.1652769584962	0.75
86165.92812755113	1200	18.138569230926084	0.0	584846	1168.1696741355152	1.2
86167.0515960964	1200	21.01510068567083	0.0	560821	1123.4685452552533	1.2
86168.2617485498	1200	23.804948232261463	0.0	607410	1210.1524534093649	1.2
86212.30898834603	4300	4.0	20.242291563977727	2102452	44047.23979623919	-85.84185372510422
86214.88143908908	300	5.427549256958411	0.0	160746	2572.4507430415892	-3.7
86215.29478725042	300	9.014201095616249	0.0	179801	413.348161342162	0.3
86215.63443955126	300	12.674548794771809	0.0	140051	339.6523008444399	0.3
86215.97086962807	300	16.33811871796624	0.0	138313	336.4300768055709	0.3
86216.31693300529	300	19.992055340754472	0.0	143509	346.0633772117637	0.3
86216.67617264617	300	23.632815699880886	0.0	150616	359.23964087358286	0.3
86217.5624706717	750	26.74651767433074	0.0	405596	886.2980255501509	0.3
86220.84568732024	4300	27.463301025816747	0.0	2156729	3283.2166485139915	0.75
86230.74062900529	4300	21.568359340761706	0.0	2039773	9894.941685055044	4.3
86231.62041159904	1200	24.688576747000965	0.0	616206	879.7825937607358	-1.9000000000000001
86232.90021482977	1850	27.408773516262748	0.0	968026	1279.8032307382198	1.2000000000000002
86249.8904082761	2850	14.41858006994271	0.0	1323990	16990.193446320038	1.85
86250.10077075759	300	18.2082175884548	0.0	146754	210.36248148790793	-2.25
86250.51806060468	750	21.79092774135722	0.0	379700	417.28984709758265	0.3
86250.97628448771	750	25.33270385832573	0.0	425781	458.22388303148756	0.75
86251.3029813199	750	29.006007026151508	0.0	277716	326.69683217422244	0.75
86251.73865555118	750	32.57033279486764	0.0	400396	435.67423128386537	0.75
86265.244608895	4300	23.064379451062756	0.0	2164140	13505.953343804884	0.75
86265.78029326108	750	26.528695084976135	0.0	358218	535.6843660866225	-2.8
86268.63986686201	1850	27.669121484047754	0.0	954453	2859.5736009283787	0.75
86269.29067674467	1850	31.018311601389502	0.0	885062	650.8098826582549	1.85
86271.32608214693	4300	32.98290619913574	0.0	2286761	2035.4054022537628	1.8499999999999996
86273.39117272492	4300	34.9178156211477	0.0	2307787	2065.090577988036	4.3
86275.01010156346	4300	37.29888678261704	0.0	2143948	1618.9288385306675	4.3
86276.84795794799	4300	39.46103039808848	0.0	1919781	1837.8563845285526	4.3
86278.18782745942	4300	42.12116088664163	0.0	2147467	1339.8695114468494	4.3
86279.59377237133	4300	44.71521597474898	0.0	2133870	1405.9449118926539	4.3
86283.91314690527	4300	44.395841440792246	0.0	2146120	4319.37453395673	4.3
86285.98396430783	4300	46.32502403823536	0.0	2108491	2070.8174025568787	4.3
86287.25295261435	4300	49.05603573171748	0.0	2184571	1268.9883065178872	4.3
86288.53271531676	4300	51.776273029311255	0.0	2121928	1279.7627024062208	4.3
86289.92695278385	4300	54.38203556221901	0.0	2219102	1394.2374670922443	4.3
86291.29967100077	4300	57.00931734529581	0.0	2124950	1372.7182169231935	4.3
86292.56621163856	4300	59.74277670749997	0.0	2246506	1266.5406377958438	4.3
86295.36372949494	4300	59.55282142659316	0.0	1961140	1689.9552809068089	4.3
86297.744545753	4300	59.876194585294556	0.0	2155012	1676.6268412986055	4.3

