70527.74876249713	750	4.0	1.2416205301984988	450283	1241.6205301984987	-4.588968279853545
70529.72930103216	1850	6.019461464975898	0.0	957685	1980.5385350241015	0.75
70531.82645401939	1850	7.922308477740458	0.0	877771	2097.1529872354404	1.85
70534.190635234	1850	9.55812726314518	0.0	933276	2364.1812145952786	1.85
70536.71016581389	1850	11.03859668326674	0.0	996749	2519.5305798784384	1.85
70538.33912258437	1850	13.409639912764737	0.0	801058	1628.9567705020042	1.85
70539.92521527706	1850	15.823547220074866	0.0	905515	1586.0926926898708	1.85
70541.76989325252	1850	17.978869244621205	0.0	1060487	1844.6779754536628	1.85
70543.27707818666	1850	20.471684310478793	0.0	852833	1507.1849341424113	1.85
70545.1249835143	1850	22.62377898285063	0.0	913888	1847.9053276281597	1.85
70547.12121111382	1850	24.627551383328804	0.0	939819	1996.2275995218295	1.85
70549.27048862359	1850	26.4782738735431	0.0	917428	2149.277509785703	1.85
70551.54700061379	1850	28.201761883337593	0.0	946851	2276.5119902055035	1.85
70553.8865523341	1850	29.8622101630317	0.0	1036454	2339.5517203058907	1.85
70555.81861185617	1850	31.93015064095443	0.0	821631	1932.0595220772711	1.85
70557.53899938452	1850	34.20976311261584	0.0	923170	1720.3875283385964	1.85
70559.35924897075	1850	36.38951352638437	0.0	966699	1820.2495862314654	1.85
70562.94694193965	4300	36.801820557479346	0.0	2059512	3587.6929689050244	1.8499999999999996
70567.08821020747	4300	36.66055228967114	0.0	2220726	4141.268267808207	4.3
70573.08583050423	4300	34.66293199290094	0.0	2156729	5997.620296770201	4.3
70577.46278900473	4300	34.28597349241392	0.0	2039773	4376.958500487009	4.3
70584.99946413269	4300	30.749298364450706	0.0	2176469	7536.675127963224	4.3
70591.42532844249	4300	28.323434054640913	0.0	2221506	6425.864309809792	4.3
70597.45853389445	4300	26.290228602696033	0.0	2044075	6033.205451944878	4.3
70601.47389836352	4300	26.274864133630903	0.0	2186790	4015.3644690651304	4.3
70605.58762814004	4300	26.161134357092944	0.0	2105231	4113.729776537957	4.3
70610.37506507435	4300	25.373697422800078	0.0	2395588	4787.4369342928685	4.3
70614.3302270769	4300	25.418535420236037	0.0	1972048	3955.162002564039	4.3
70620.71571475273	4300	23.033047744399955	0.0	2134614	6385.48767583608	4.3
70627.58892362996	4300	20.15983886717962	0.0	2164140	6873.208877220337	4.3
70633.21442208474	4300	18.53434041239617	0.0	2113193	5625.498454783449	4.3
70640.27794449	4300	15.47081800712466	0.0	2147852	7063.522405271511	4.3
70645.69641531083	4300	14.052347186298412	0.0	2191074	5418.470820826248	4.3
70650.60957331714	4300	13.139189179990877	0.0	2286761	4913.1580063075335	4.3
70658.94855711526	4300	8.8002053818771	0.0	2307787	8338.983798113777	4.3
70662.1135865757	1850	9.635175921438197	0.0	943942	3165.0294604389037	-0.6000000000000001
70663.53300464228	1850	12.215757854867881	0.0	728962	1419.4180665703145	1.85
70665.33709274352	1850	14.411669753636552	0.0	938587	1804.0881012313287	1.85
70667.02102808892	1850	16.72773440824075	0.0	908665	1683.9353453957988	1.85
70668.65649896015	1850	19.09226353699583	0.0	930577	1635.4708712449196	1.85
70670.17137002943	1850	21.577392467712258	0.0	858450	1514.8710692835716	1.85
70673.72508604283	1850	22.02367645431261	0.0	1025005	3553.716013399648	1.85
70675.60661899627	1850	24.142143500864222	0.0	886255	1881.5329534483908	1.85
70677.70745469783	1850	26.04130779930253	0.0	973972	2100.835701561695	1.85
70679.44756354729	1850	28.301198949836998	0.0	958994	1740.1088494655291	1.85
70681.2276087375	1850	30.52115375962568	0.0	982064	1780.0451902113207	1.85
70682.74568053412	1850	33.003081963017465	0.0	830730	1518.0717966082154	1.85
70689.28150265031	4300	30.467259846839543	0.0	2155012	6535.822116177924	1.8499999999999996

