22710.687143977717	300	4.0	1.8861526741632906	181801	1886.1526741632906	-7.810456498902149
22711.06737207286	300	7.619771904857191	0.0	155580	380.22809514280925	0.3
22711.414851001555	300	11.272292976165696	0.0	139857	347.4789286914946	0.3
22711.931804265616	300	14.755339712105968	0.0	155432	516.9532640597274	0.3
22715.36604765796	750	15.321096319763013	0.0	411561	3434.243392342954	0.3
22717.331834800018	750	17.355309177707838	0.0	318564	1965.787142055174	0.75
22719.841580632743	750	18.845563344981855	0.0	352642	2509.745832725982	0.75
22722.393846284744	1200	20.293297692982684	0.0	709534	2552.265651999174	0.75
22723.77443666515	1200	22.912707312574074	0.0	584846	1380.5903804086067	1.2
22725.542558125995	1850	25.1445858517294	0.0	913888	1768.1214608446755	1.2000000000000002
22729.997253376383	2850	24.689890601339307	0.0	1354548	4454.695250390093	1.85
22731.570222788207	1850	27.116921189515875	0.0	917428	1572.9694118234315	0.8500000000000001
22737.703941427564	2850	24.98320255016026	0.0	1422919	6133.71863935561	1.85
22741.344010917524	2850	25.343133060198102	0.0	1578343	3640.0694899621603	2.85
22744.40107090147	2850	26.286073076255718	0.0	1231445	3057.059983942385	2.85
22752.78167127683	2850	21.90547270089364	0.0	1471065	8380.600375362079	2.85
22755.18338406294	1200	23.50375991478103	0.0	617242	2401.7127861126114	-0.44999999999999996
22760.46477943036	1850	22.222364547362446	0.0	885714	5281.395367418583	1.2000000000000002
22763.37783810364	1850	23.309305874082668	0.0	987708	2913.0586732797783	1.85
22766.338588068	1850	24.348555909722876	0.0	923755	2960.7499643597903	1.85
22770.814042958133	1850	23.87310101959196	0.0	891604	4475.454890130918	1.85
22774.138019012862	1850	24.549124964863413	0.0	955231	3323.9760547285437	1.85
22777.097944030185	1850	25.589199947540333	0.0	968026	2959.925017323083	1.85
22782.786334332653	2850	23.90080964507091	0.0	1323990	5688.390302469418	1.85
22784.45211138655	1850	26.23503259117399	0.0	897976	1665.7770538969237	0.8500000000000001
22788.449398356675	2850	26.237745621048102	0.0	1480464	3997.286970125885	1.85
22802.670968393464	2850	16.016175584259454	0.0	1547572	14221.57003678865	2.85
22804.673840410163	750	18.01330356755975	0.0	277716	2002.8720166997064	-1.35
22805.995912400445	750	20.691231577275328	0.0	400396	1322.0719902844198	0.75
22808.114436367414	1200	22.572707610305443	0.0	641447	2118.523966969884	0.75
22812.144339114227	1850	22.54280486349527	0.0	873429	4029.9027468101717	1.2000000000000002
22814.065492855476	1850	24.62165112224552	0.0	954453	1921.1537412497537	1.85
22819.187028988097	1850	23.500114989623036	0.0	885062	5121.536132622485	1.85
22821.01329332038	1850	25.6738506573403	0.0	1035329	1826.2643322827341	1.85
22825.68419100724	2850	25.00295297047958	0.0	1492672	4670.897686860719	1.85
22828.885435502667	2850	25.801708475054212	0.0	1439896	3201.2444954253647	2.85
22830.969823441945	2850	27.717320535774924	0.0	1139291	2084.387939279287	2.85
22838.4879634348	4300	24.19918054291904	0.0	2147467	7518.139992855881	2.8499999999999996
22845.29117144112	1850	21.39597253659922	0.0	908665	6803.208006319825	-0.6000000000000001
22856.002967228378	1200	14.684176749340732	0.0	587506	10711.795787258487	0.5499999999999999
22856.913380904552	750	17.773763073168986	0.0	345516	910.4136761717492	0.3
22857.9175008022	750	20.769643175519043	0.0	384505	1004.1198976499451	0.75
22862.829184456376	1200	19.85795952134642	0.0	599477	4911.683654172621	0.75
22864.03009886197	1200	22.65704511575253	0.0	634861	1200.91440559389	1.2
22865.5017288731	1850	25.185415104622454	0.0	958994	1471.6300111300775	1.2000000000000002
22867.526451707676	2850	27.160692270047758	0.0	1483527	2024.7228345746946	1.85
22871.80345743994	2850	26.883686537784484	0.0	1231456	4277.005732263275	2.85
22879.89634023755	2850	22.79080374017994	0.0	1364537	8092.882797604547	2.85

