2295.3091578208823	300	4.0	1.3291683959185778	181801	1329.1683959185777	-5.415424102449885
2296.267587425741	300	7.041570395141511	0.0	155580	958.4296048584894	0.3
2298.524212673071	300	8.784945147811792	0.0	139857	2256.625247329719	0.3
2299.6657603730378	300	11.643397447844897	0.0	155432	1141.5476999668933	0.3
2301.970541870866	300	13.338615950016496	0.0	163442	2304.7814978284023	0.3
2303.2823271478633	300	16.026830673019084	0.0	126289	1311.7852769974102	0.3
2304.337744422976	300	18.97141339790637	0.0	153295	1055.417275112714	0.3
2305.4093468214787	300	21.899810999403915	0.0	173849	1071.6023985024558	0.3
2306.3042736189595	300	25.004884201923	0.0	150710	894.9267974809104	0.3
2307.1357419128235	300	28.173415908058708	0.0	139105	831.4682938642944	0.3
2307.980223023089	300	31.328934797793263	0.0	141840	844.4811102654456	0.3
2308.901820572481	300	34.40733724840149	0.0	156148	921.597549391771	0.3
2310.1925734095876	300	37.116584411295094	0.0	160746	1290.7528371063972	0.3
2311.6910492015977	300	39.618108619284705	0.0	179801	1498.4757920103884	0.3
2312.8162291225703	300	42.49292869831258	0.0	140051	1125.1799209721262	0.3
2313.8919256349545	300	45.417232185928206	0.0	138313	1075.6965123843697	0.3
2314.96675091824	300	48.342406902642836	0.0	143509	1074.8252832853796	0.3
2316.0722961541305	300	51.23686166675205	0.0	150616	1105.5452358907849	0.3
2317.257462458617	300	54.051695362265896	0.0	165384	1185.1663044861507	0.3
2318.2273682007217	300	57.08178962016116	0.0	140881	969.9057421047432	0.3
2319.763166485492	300	59.545991335390525	0.0	157671	1035.7982847706303	0.3
2322.4642774113468	300	59.63852447997713	0.0	157812	907.4668554133979	0.3
2324.8972931445473	300	59.772838487447686	0.0	163927	865.6859925294474	0.3
2326.9791769395993	300	59.98256154890738	0.0	137654	790.2769385403047	0.3
2329.2554420576434	300	59.69323232949082	0.0	146754	789.3292194165546	0.3
2331.7216885042826	300	59.66957721663515	0.0	153938	1023.6551128556747	0.3
2334.3658014893213	300	59.53031628230758	0.0	181901	1139.2609343275624	0.3
2336.539605398612	300	59.65534038921735	0.0	111155	874.9758930902323	0.3
2338.7155537619847	300	59.676280251881515	0.0	153605	979.0601373358404	0.3
2340.6043212727454	300	59.791340537069935	0.0	149029	884.9397148115817	0.3
2343.1250111078675	300	59.98740955848323	0.0	157421	1803.9309785867	0.3
2345.3946562461556	300	59.674966485306825	0.0	157488	1312.4430731764053	0.3
2347.4632720632057	300	59.58075950063741	0.0	143881	1094.2069846694162	0.3
2349.1505060097393	300	59.934346943561145	0.0	163444	1146.4125570762606	0.3
2351.1831410025015	300	59.64794017810886	0.0	179328	1286.4067654522871	0.3
2354.6049178784288	750	59.77016585379998	0.0	365161	2877.774324308877	0.3
2358.824849223293	750	59.550234508936015	0.0	321064	4219.931344863964	0.75
2362.5533350920564	750	59.82174864017223	0.0	361565	3228.48586876378	0.75
2367.6070006986934	750	58.76808303353509	0.0	378327	5053.665606637142	0.75
2371.3941064825094	750	58.980977249718954	0.0	390680	3787.105783816138	0.75
2374.1805068809936	750	59.5653726655769	0.0	345516	2415.6045841420546	0.75
2379.0202796309745	750	58.72559991559609	0.0	384505	4839.772749980812	0.75
2385.600408568611	750	56.14547097795937	0.0	372093	6580.128937636721	0.75
2393.3637893028945	750	52.38209024367569	0.0	438281	7763.3807342836835	0.75
2399.296942065949	750	50.44893748062085	0.0	398987	5933.152763054841	0.75
2400.2351162268324	300	53.51076331973772	0.0	160064	938.1741608831261	-0.15000000000000002
2401.3728166972896	300	56.373062849280174	0.0	137507	1137.7004704575425	0.3
2402.630497487777	300	59.11538205879274	0.0	118421	1257.6807904874388	0.3

