52439.639607218625	300	4.0	5.076136492790746	181801	5076.136492790746	-21.527386919000207
52443.26550438708	300	4.374102831546901	0.0	155580	3625.897168453099	0.3
52444.60031130222	300	7.0392959163987046	0.0	139857	1334.8069151481968	0.3
52445.78605981508	300	9.853547403543024	0.0	155432	1185.7485128556818	0.3
52450.98680905271	300	8.65279816591722	0.0	163442	5200.749237625803	0.3
52455.04452721199	300	8.59508000663275	0.0	126289	4057.71815928447	0.3
52456.47023399539	300	11.16937322324052	0.0	153295	1425.70678339223	0.3
52462.106898868675	300	9.532708349951946	0.0	173849	5636.664873288573	0.3
52463.313345559014	300	12.32626165960625	0.0	150710	1206.446690345697	0.3
52467.13678980828	300	12.502817410341159	0.0	139105	3823.4442492650915	0.3
52469.172824523026	300	14.466782695599006	0.0	141840	2036.0347147421526	0.3
52470.36997856616	300	17.26962865246372	0.0	156148	1197.1540431352903	0.3
52472.94823608846	300	18.691371130170108	0.0	160746	2578.2575222936107	0.3
52474.3594619677	300	21.280145250927557	0.0	179801	1411.2258792425475	0.3
52475.59041463423	300	24.049192584395616	0.0	140051	1230.9526665319443	0.3
52476.88817632074	300	26.75143089788061	0.0	138313	1297.761686515005	0.3
52479.62836291703	300	28.011244301590775	0.0	143509	2740.1865962898382	0.3
52484.302515473624	300	27.33709174498901	0.0	150616	4674.1525566017635	0.3
52485.90091131668	300	29.738695901933497	0.0	165384	1598.3958430555147	0.3
52486.97339163909	300	32.66621557952762	0.0	140881	1072.4803224058742	0.3
52488.0499812161	300	35.58962600251502	0.0	157671	1076.589577012603	0.3
52489.10793845487	300	38.53166876374362	0.0	157812	1057.9572387713984	0.3
52492.21821475514	300	39.42139246347835	0.0	163927	3110.2763002652705	0.3
52495.260081572145	300	40.3795256464709	0.0	137654	3041.8668170074425	0.3
52505.584442113766	300	34.05516510485125	0.0	146754	10324.36054161965	0.3
52507.496517854786	300	36.14308936382811	0.0	153938	1912.0757410231372	0.3
52509.23862901009	300	38.40097820852689	0.0	181901	1742.1111553012258	0.3
52512.0165037864	300	39.623103432216524	0.0	111155	2777.8747763103665	0.3
52518.063225441525	300	37.57638177709385	0.0	153605	6046.721655122671	0.3
52526.36578261407	300	33.27382460455275	0.0	149029	8302.5571725411	0.3
52527.43251590873	300	36.207091309888476	0.0	157421	1066.7332946642732	0.3
52530.66073075916	300	36.97887645946123	0.0	157488	3228.214850427244	0.3
52536.096368906125	300	35.54323831249137	0.0	143881	5435.638146969869	0.3
52539.36355392607	300	36.27605329254381	0.0	163444	3267.1850199475584	0.3
52541.558306545	300	38.08130067361947	0.0	179328	2194.752618924345	0.3
52542.77594015767	300	40.86366706094766	0.0	159914	1217.6336126718015	0.3
52546.03444825975	300	41.60515895886554	0.0	131610	3258.5081020821203	0.3
52551.04998763305	300	40.58961958556458	0.0	124011	5015.539373300964	0.3
52552.966522181734	300	42.67308503688235	0.0	144254	1916.5345486822328	0.3
52558.62638600208	300	41.01322121654179	0.0	149991	5659.863820340555	0.3
52559.74695266041	300	43.89265455820703	0.0	147968	1120.5666583347659	0.3
52562.5714504873	300	45.068156731315874	0.0	161857	2824.4978268911495	0.3
52565.850147620404	300	45.78945959821307	0.0	145210	3278.697133102804	0.3
52567.162946295255	300	48.476660923361464	0.0	172312	1312.7986748516032	0.3
52569.77827857513	300	49.8613286434857	0.0	167025	2615.3322798757645	0.3
52571.04337398136	300	52.596233237258375	0.0	160064	1265.095406227324	0.3
52572.19383207203	300	55.44577514658782	0.0	137507	1150.458090670557	0.3
52573.2864657289	300	58.35314148971526	0.0	118421	1092.6336568725558	0.3

