9578.636207884107	300	4.0	0.6157336208882952	181801	615.7336208882951	-2.3476545698196696
9579.146394058309	300	7.489813825796523	0.0	155580	510.1861742034768	0.3
9579.62226368651	300	11.013944197596159	0.0	139857	475.86962820036604	0.3
9580.508205446993	300	14.128002437112212	0.0	155432	885.9417604839473	0.3
9581.132713237776	750	17.503494646330843	0.0	411561	624.5077907813677	0.3
9583.562856579547	750	19.073351304557928	0.0	318564	2430.1433417729168	0.75
9591.61363259442	1200	15.022575289683903	0.0	561791	8050.776014874024	0.75
9596.217463454379	750	14.418744429727031	0.0	437162	4603.830859956874	0.3
9603.198040087034	750	11.438167797070612	0.0	374758	6980.57663265642	0.75
9603.458969144349	300	15.177238739758167	0.0	139105	260.92905731244605	-0.15000000000000002
9603.998390168927	750	18.637817715180315	0.0	353220	539.4210245778527	0.3
9604.851086854955	1200	21.78512102915132	0.0	594078	852.6966860289948	0.75
9606.074721069856	1850	24.561486814250536	0.0	946851	1223.6342149007844	1.2000000000000002
9607.366147251385	1850	27.270060632721005	0.0	1036454	1291.4261815295315	1.85
9608.830619870876	2850	29.805588013228313	0.0	1231445	1464.4726194926907	1.85
9614.693189864613	4300	27.943018019491713	0.0	2152483	5862.569993736603	2.8499999999999996
9622.40227425041	2850	24.233933633695617	0.0	1491626	7709.0843857960945	1.4000000000000001
9628.18632590069	1850	22.44988198341488	0.0	885714	5784.051650280741	0.8500000000000001
9631.981293773319	1850	22.654914110785946	0.0	987708	3794.9678726289317	1.85
9633.090920903742	1850	25.545286980361013	0.0	923755	1109.6271304249353	1.85
9634.296076222377	1850	28.340131661726883	0.0	891604	1205.1553186341282	1.85
9644.76915986223	4300	21.86704802187479	0.0	2176469	10473.08363985209	1.8499999999999996
9645.995607059833	1850	24.640600824272596	0.0	968026	1226.4471976021955	-0.6000000000000001
9647.302812283784	1850	27.333395600321726	0.0	874175	1307.2052239508698	1.85
9649.136264346871	2850	29.499943537233797	0.0	1383735	1833.4520630879279	1.85
9662.467478001006	4300	20.168729883099132	0.0	2105231	13331.213654134666	2.8499999999999996
9664.038391862852	1200	22.59781602125307	0.0	696376	1570.913861846061	-1.9000000000000001
9670.831776342064	1850	19.804431542040618	0.0	758197	6793.3844792124555	1.2000000000000002
9672.215192671247	1200	22.421015212858816	0.0	622896	1383.4163291818018	0.5499999999999999
9674.377529147532	1850	24.258678736573252	0.0	975811	2162.3364762855626	1.2000000000000002
9677.209034428728	1850	25.427173455376664	0.0	873429	2831.505281196588	1.85
9678.43412182115	1850	28.202086062955285	0.0	954453	1225.0873924213827	1.85
9684.82480779336	2850	25.81140009074492	0.0	1358081	6390.685972210362	1.85
9687.812413587206	2850	26.82379429690026	0.0	1587293	2987.6057938446606	2.85
9698.093108035457	2850	20.54309984864856	0.0	1492672	10280.694448251703	2.85
9699.12141010467	1200	23.51479777943533	0.0	598727	1028.3020692132282	-0.44999999999999996
9701.603081738765	1850	25.03312614533802	0.0	728962	2481.6716340973117	1.2000000000000002
9702.760188838452	1850	27.876019045651795	0.0	938587	1157.1070996862243	1.85
9704.42527547539	2850	30.210932408712722	0.0	1427478	1665.0866369390756	1.85
9707.0526586929	4300	31.58354919120309	0.0	2146120	2627.3832175096295	2.8499999999999996
9720.039964161375	4300	22.59624372272846	0.0	2108491	12987.305468474631	4.3
9736.120496699199	1850	10.515711184905625	0.0	1025005	16080.532537822835	-0.6000000000000001
9736.389366318639	300	14.246841565464624	0.0	145210	268.8696194409999	-1.25
9737.039423240878	750	17.596784643226343	0.0	438281	650.0569222382817	0.3
9737.638371817779	750	20.997836066324574	0.0	398987	598.9485769017713	0.75
9738.511997370599	1200	24.12421051350379	0.0	638661	873.6255528207843	0.75
9739.562969620001	1850	27.073238264101473	0.0	830730	1050.9722494023158	1.2000000000000002
9741.203566025675	2850	29.432641858426866	0.0	1364537	1640.5964056746097	1.85

