41340.468152852365	300	4.0	4.820365170334183	450283	4820.365170334183	0	-19.977570232436985
41342.1958393297	300	6.272313522661699	0.0	155580	1727.6864773383004	0	-0.15000000000000002
41342.690815834336	750	9.777337018028051	0.0	139857	494.97650463364766	1	0.3
41343.905319945174	750	12.562832907191995	0.0	382355	1214.5041108360565	1	0.3
41345.05456566791	1850	15.413587184448806	0.0	411561	1149.2457227431871	3	0.75
41347.88310202215	1850	16.58505083021318	0.0	801058	2828.5363542356254	3	0.75
41350.50524005551	1850	17.962912796856116	0.0	905515	2622.1380333570673	3	1.85
41353.16305756286	1850	19.305095289504045	0.0	1060487	2657.8175073520683	3	1.85
41354.46526388648	1850	22.002888965882608	0.0	852833	1302.206323621438	3	1.85
41358.19821335279	1850	22.269939499573212	0.0	913888	3732.949466309398	3	1.85
41360.38458747945	1850	24.08356537291699	0.0	939819	2186.3741266562224	3	1.85
41361.940682924585	1850	26.527469927780817	0.0	917428	1556.0954451361713	3	1.85
41363.43592966826	1850	29.03222318410322	0.0	946851	1495.2467436776005	3	1.85
41365.16190291904	1850	31.306249933325542	0.0	1036454	1725.9732507776755	3	1.85
41369.74843503702	1850	30.71971781533773	0.0	821631	4586.532117987814	3	1.85
41375.16655048067	1850	29.301602371687284	0.0	923170	5418.1154436504485	3	1.85
41379.60682244961	1850	28.861330402751022	0.0	966699	4440.271968936258	3	1.85
41381.58843200243	1850	30.87972084993562	0.0	885714	1981.6095528154024	3	1.85
41383.465369002515	1850	33.00278384984822	0.0	987708	1876.937000087395	3	1.85
41387.718623443194	1850	32.749529409170776	0.0	923755	4253.254440677451	3	1.85
41390.77439147207	1850	33.69376138029205	0.0	891604	3055.768028878722	3	1.85
41394.801857343016	1850	33.66629550934409	0.0	955231	4027.465870947961	3	1.85
41401.361757487684	1850	31.106395364675272	0.0	968026	6559.900144668822	3	1.85
41408.87359401148	1850	27.594558840880254	0.0	874175	7511.836523795016	3	1.85
41410.60742060478	1850	29.86073224758022	0.0	897976	1733.826593300032	3	1.85
41412.10668784514	1850	32.36146500722275	0.0	905935	1499.2672403574759	3	1.85
41413.75897523909	1850	34.709177613273354	0.0	1076599	1652.287393949388	3	1.85
41421.40009114246	1850	31.068061709905578	0.0	758197	7641.1159033677795	3	1.85
41426.811857185996	1850	29.656295666366365	0.0	972798	5411.766043539214	3	1.85
41428.5407860499	1850	31.927366802462235	0.0	975811	1728.9288639041292	3	1.85
41434.493322274626	1850	29.97483057774193	0.0	873429	5952.536224720303	3	1.85
41436.25154645897	1850	32.216606393402124	0.0	954453	1758.2241843398062	3	1.85
41439.682050788964	1850	32.78610206340504	0.0	885062	3430.5043299970907	3	1.85
41453.87952058853	750	22.588632263837237	0.0	1035329	14197.469799567802	1	1.85
41455.16554731585	1850	25.302605536520744	0.0	401088	1286.0267273164939	3	-0.3500000000000001
41456.83095943564	1850	27.63719341673008	0.0	943942	1665.412119790662	3	0.75
41459.817853007036	1850	28.650299845341625	0.0	728962	2986.893571388456	3	1.85
41463.29044824751	1850	29.17770460486138	0.0	938587	3472.5952404802465	3	1.85
41464.68316397255	1850	31.784988879826933	0.0	908665	1392.715725034441	3	1.85
41466.13405938969	1850	34.334093462687164	0.0	930577	1450.895417139768	3	1.85
41467.48506764258	4300	36.98308520979494	0.0	858450	1351.0082528922212	5	1.85
41474.908002114826	4300	33.56015073754446	0.0	2184571	7422.934472250487	5	1.8499999999999996
41483.457144027954	4300	29.011008824414947	0.0	2121928	8549.141913129515	5	4.3
41490.23496558007	4300	26.2331872723006	0.0	2219102	6777.821552114345	5	4.3
41494.925785584885	4300	25.54236726748896	0.0	2124950	4690.82000481164	5	4.3
41501.36445681045	4300	23.103696041919658	0.0	2246506	6438.671225569303	5	4.3
41506.74904376175	4300	21.719109090622087	0.0	1961140	5384.5869512975705	5	4.3
41515.1783976109	4300	17.289755241473205	0.0	2155012	8429.353849148883	5	4.3

