34370.65617863708	300	4.0	2.4673282286591762	450283	2467.328228659176	0	-9.859511383234457
34371.48487564637	300	7.1713029907148265	0.0	155580	828.6970092851736	0	-0.15000000000000002
34372.24631259877	750	10.409866038307936	0.0	139857	761.436952406892	1	0.3
34375.77351304283	750	10.88266559425102	0.0	382355	3527.2004440569153	1	0.3
34381.09087211477	300	9.565306522313087	0.0	411561	5317.359071937931	0	0.75
34382.305216127796	750	12.350962509285534	0.0	126289	1214.3440130275537	1	-0.15000000000000002
34383.98108177122	750	14.675096865864273	0.0	352642	1675.865643421261	1	0.3
34390.49646313046	750	12.159715506621732	0.0	437162	6515.381359242542	1	0.75
34392.33023760367	750	14.325941033411357	0.0	374758	1833.7744732103724	1	0.75
34406.73615176551	300	4.0	0.07997312842775318	362795	14405.914161839111	0	0.40611554776066133
34407.46918530953	750	7.26696645597829	0.0	141840	733.0335440217104	1	-0.15000000000000002
34417.16325631914	300	4.0	2.427104553625483	405134	9694.071009603773	0	-10.136549580589577
34418.50115538807	300	6.662100931061121	0.0	160746	1337.8990689388784	0	-0.15000000000000002
34420.50419395851	300	8.659062360622967	0.0	179801	2003.0385704381551	0	0.3
34421.329803501605	750	11.83345281752782	0.0	140051	825.6095430951453	1	0.3
34427.85221420499	300	9.311042114147451	0.0	366214	6522.41070338037	0	0.3
34429.07286953221	750	12.090386786921044	0.0	143509	1220.6553272264061	1	-0.15000000000000002
34432.451923785826	750	12.711332533302231	0.0	372963	3379.0542536188136	1	0.3
34435.01859966995	750	14.144656649180602	0.0	405596	2566.6758841216283	1	0.75
34436.70845251656	750	16.45480380256265	0.0	350713	1689.8528466179496	1	0.75
34438.61358527683	750	18.549671042301963	0.0	386472	1905.1327602606912	1	0.75
34441.49774139029	750	19.66551492884437	0.0	399894	2884.1561134575913	1	0.75
34443.41328177828	750	21.749974540847287	0.0	401853	1915.5403879970818	1	0.75
34445.54850447538	1850	23.614751843750106	0.0	343800	2135.222697097184	3	0.75
34461.18139084011	750	11.981865479022709	0.0	897976	15632.886364727397	1	0.75
34464.07187985974	750	13.091376459392169	0.0	379700	2890.4890196305387	1	-0.3500000000000001
34470.35793321496	750	10.80532310416997	0.0	425781	6286.0533552222	1	0.75
34472.020967620745	750	13.14228869838359	0.0	277716	1663.0344057863786	1	0.75
34474.03001577169	300	15.133240547434223	0.0	400396	2009.048150949367	0	0.75
34474.78627871997	750	18.376977599157225	0.0	149029	756.262948277001	1	-0.15000000000000002
34476.87682322687	750	20.286433092260108	0.0	358218	2090.5445068971176	1	0.3
34480.40736797528	750	20.755888343850746	0.0	400322	3530.5447484093606	1	0.75
34484.497039200054	750	20.66621711907856	0.0	369834	4089.6712247721885	1	0.75
34487.07133803379	750	22.091918285343038	0.0	412837	2574.298833735521	1	0.75
34489.01054105234	1850	24.15271526679061	0.0	401088	1939.2030185524272	3	0.75
34493.42753598224	1850	23.735720336891685	0.0	943942	4416.994929898928	3	0.75
34502.25042559166	750	18.912830727483016	0.0	728962	8822.889609408669	1	1.85
34508.991315784704	750	16.171940534433023	0.0	361565	6740.890193049993	1	-0.3500000000000001
34515.26748725012	750	13.895769069018087	0.0	378327	6276.171465414936	1	0.75
34519.321908055266	750	13.84134826387144	0.0	390680	4054.420805146647	1	0.75
34522.21213925098	750	14.951117068160906	0.0	345516	2890.231195710534	1	0.75
34529.69294939694	750	11.470306922201647	0.0	384505	7480.810145959258	1	0.75
34538.94548531672	300	6.2177710024213955	0.0	372093	9252.535919780252	0	0.75
34541.51683655177	300	7.646419767364569	0.0	172312	2571.351235056826	0	-0.15000000000000002
34542.715871578774	300	10.44738474036226	0.0	167025	1199.0350270023102	0	0.3
34548.754685428874	300	8.408570890266615	0.0	160064	6038.813850095644	0	0.3
34555.77851862843	300	5.384737690705546	0.0	137507	7023.833199561069	0	0.3
34556.40253596407	300	8.760720355065603	0.0	118421	624.0173356399437	0	0.3

