54540.16656252714	2850	4.0	114.7221748863775	450283	114722.1748863775	4	-492.5553520114232
54611.89593251416	2850	4.0	67.72936998702173	1431809	71729.36998702172	4	-290.4862909441934
54620.01987923425	2850	4.0	4.123946720085701	1300868	8123.946720085702	4	-14.882970896368514
54656.45847915477	2850	4.0	32.43859992051957	1520281	36438.59992051957	4	-136.63597965823416
54696.25773423314	2850	4.0	35.7992550783728	1472558	39799.2550783728	4	-151.08679683700305
54706.859728577954	2850	4.0	6.601994344817578	1224260	10601.994344817578	4	-25.538575682715585
54723.20234270636	4300	4.0	12.342614128404927	1388403	16342.614128404926	5	-50.22324075214118
54752.10703107266	4300	4.0	24.90468836629723	2290172	28904.68836629723	5	-104.24015997507809
54776.1360338918	4300	4.0	20.02900281915205	2055469	24029.00281915205	5	-81.82471212235382
54827.54101814757	1200	4.0	47.40498425575789	2169201	51404.98425575789	2	-199.5414322997589
54835.87292101645	1200	4.0	4.331902868888874	607410	8331.902868888874	2	-20.52718233622216
54840.34594205813	1850	4.0	0.4730210416791442	594078	4473.021041679144	3	-0.8339904792203201
54846.52130960806	1850	4.0	2.1753675499331013	946851	6175.367549933101	3	-8.154080464712337
54850.510015920765	1850	4.0112936872965435	0.0	1036454	3988.7063127034567	3	1.85
54853.905109864674	1850	4.61619974338554	0.0	821631	3395.093943911004	3	1.85
54856.458728797676	1850	6.0625808103847065	0.0	923170	2553.6189330008333	3	1.85
54858.59790213287	4300	7.923407475190624	0.0	966699	2139.173335194083	5	1.85
54864.69542452032	1850	5.82588508774146	0.0	2059512	6097.522387449164	3	1.8499999999999996
54870.013062957434	750	4.508246650627505	0.0	987708	5317.638437113955	1	-0.6000000000000001
54871.277709720154	750	7.243599887903607	0.0	350713	1264.646762723898	1	-0.3500000000000001
54872.14484283755	1850	10.37646677051123	0.0	386472	867.1331173923782	3	0.75
54873.84768906022	1850	12.673620547838837	0.0	955231	1702.846222672394	3	0.75
54875.16121272711	1850	15.360096880947989	0.0	968026	1313.5236668908476	3	1.85
54876.452561853315	1850	18.068747754746205	0.0	874175	1291.349126201783	3	1.85
54877.93525535955	1850	20.58605424850265	0.0	897976	1482.693506243556	3	1.85
54886.104940328376	1850	16.416369279680325	0.0	905935	8169.684968822324	3	1.85
54913.37933167499	300	4.0	10.858022066929788	1076599	27274.391346610115	0	-44.83949488779808
54917.08627702803	300	4.293054646952051	0.0	111155	3706.945353047949	0	-1.25
54920.92604373834	300	4.453287936640365	0.0	153605	3839.766710311686	0	0.3
54924.311078788734	300	5.0682528862450775	0.0	149029	3385.0350503952877	0	0.3
54928.204870150395	300	5.174461524587407	0.0	157421	3893.7913616576698	0	0.3
54932.24279175455	300	5.136539920432301	0.0	157488	4037.9216041551063	0	0.3
54934.31062209666	300	7.068709578325759	0.0	143881	2067.830342106542	0	0.3
54936.24378815988	300	9.135543515101082	0.0	163444	1933.1660632246771	0	0.3
54938.43802701738	300	10.941304657609999	0.0	179328	2194.238857491084	0	0.3
54940.07269335755	300	13.306638317436809	0.0	159914	1634.6663401731896	0	0.3
54941.82400831297	300	15.555323362017914	0.0	131610	1751.314955418895	0	0.3
54943.207711580624	750	18.171620094359138	0.0	124011	1383.7032676587746	1	0.3
54946.31181891411	750	19.067512760879858	0.0	378327	3104.1073334792823	1	0.3
54949.46407708833	750	19.91525458666245	0.0	390680	3152.258174217408	1	0.75
54954.66630743403	750	18.713024240961815	0.0	345516	5202.2303457006365	1	0.75
54961.03354476173	750	16.34578691325615	0.0	384505	6367.237327705664	1	0.75
54964.041706215285	750	17.33762545970068	0.0	372093	3008.161453555472	1	0.75
54969.88698484865	750	15.492346826339144	0.0	438281	5845.278633361534	1	0.75
54981.64342703909	300	7.735904635903171	0.0	398987	11756.442190435973	0	0.75
54986.40613080862	300	6.97320086637555	0.0	160064	4762.70376952762	0	-0.15000000000000002
54988.753419652676	300	8.625912022312011	0.0	137507	2347.288844063539	0	0.3
54992.73085687783	300	8.64847479715757	0.0	118421	3977.43722515444	0	0.3

