47182.66254859192	300	4.0	3.656178290817653	181801	3656.1782908176533	-15.421566650515908
47195.8692476864	300	4.0	9.206699094485124	155580	13206.699094485124	-39.28880610628603
47205.71629511108	300	4.0	5.8470474246809445	139857	9847.047424680944	-24.84230392612806
47211.62279864829	300	4.0	1.9065035372063557	155432	5906.503537206356	-7.897965209987329
47214.56375888894	300	5.059039759353267	0.0	163442	2940.960240646733	0.3
47215.09790562689	300	8.52489302139889	0.0	126289	534.1467379543762	0.3
47215.72916839874	300	11.893630249544524	0.0	153295	631.2627718543665	0.3
47217.04123626778	300	14.58156238050467	0.0	173849	1312.0678690398538	0.3
47222.520216337456	300	13.102582310832858	0.0	150710	5478.980069671809	0.3
47223.376147278184	300	16.246651370108978	0.0	139105	855.9309407238796	0.3
47224.24733411282	300	19.37546453547129	0.0	141840	871.1868346376843	0.3
47224.90958301027	300	22.713215638032935	0.0	156148	662.2488974383546	0.3
47225.43826569257	300	26.18453295571739	0.0	160746	528.682682315545	0.3
47226.020135692226	300	29.602662956071878	0.0	179801	581.8699996455109	0.3
47226.49105340303	300	33.13174524526742	0.0	140051	470.91771080446415	0.3
47227.9245088499	300	35.69828979839439	0.0	138313	1433.455446873029	0.3
47232.66718762772	300	34.95561102058397	0.0	143509	4742.678777810419	0.3
47235.614368949915	300	36.00842969838828	0.0	150616	2947.181322195697	0.3
47236.884929800886	300	38.73786884741485	0.0	165384	1270.560850973424	0.3
47237.97909926859	300	41.643699379715514	0.0	140881	1094.1694676993357	0.3
47239.19413603111	300	44.428662617188124	0.0	157671	1215.0367625273955	0.3
47245.6705576244	300	41.952241023902026	0.0	157812	6476.421593286096	0.3
47246.44419969538	300	45.17859895291327	0.0	163927	773.6420709887506	0.3
47247.10666997569	300	48.51612867260628	0.0	137654	662.4702803069993	0.3
47252.20117177612	300	47.421626872175835	0.0	146754	5094.501800430434	0.3
47254.34600311725	300	49.276795531050425	0.0	153938	2144.8313411254103	0.3
47255.18601312706	300	52.436785521243	0.0	181901	840.0100098074283	0.3
47255.73043560214	300	55.8923630461596	0.0	111155	544.4224750833953	0.3
47261.249627166246	750	54.37317148205392	0.0	400396	5519.191564105687	0.3
47265.23166228356	750	54.39113636474999	0.0	400508	3982.035117303929	0.75
47271.798053237086	750	51.824745411217414	0.0	358218	6566.3909535325765	0.75
47284.729491792576	750	42.893306855734075	0.0	400322	12931.43855548334	0.75
47288.65278921632	300	42.970009431983	0.0	143881	3923.2974237510716	-0.15000000000000002
47289.48425750253	300	46.138541145772614	0.0	163444	831.468286210387	0.3
47290.3887558312	300	49.234042817112424	0.0	179328	904.4983286601911	0.3
47297.29134655941	300	46.33145208889776	0.0	159914	6902.590728214656	0.3
47298.24518653535	300	49.37761211295974	0.0	131610	953.8399759380285	0.3
47302.31710645749	300	49.30569219081684	0.0	124011	4071.919922142896	0.3
47303.58716337621	300	52.03563527210484	0.0	144254	1270.0569187120082	0.3
47304.61175688732	300	55.01104176098572	0.0	149991	1024.5935111191234	0.3
47305.623610216215	300	57.99918843209748	0.0	147968	1011.8533288882295	0.3
47306.737493400964	300	59.8998667932711	0.0	161857	1099.3216388263822	0.3
47310.69597632125	300	59.941383872984616	0.0	145210	3958.4829202864867	0.3
47313.098547433736	300	59.74062053184583	0.0	172312	1700.763341138786	0.3
47315.79183514045	300	59.70488056416027	0.0	167025	2035.7399676855619	0.3
47319.657516198444	300	59.839199506168754	0.0	160064	3865.681057991508	0.3
47320.725490284065	300	59.73782678936582	0.0	137507	601.3727168029327	0.3
47326.16425826862	300	58.29905880481198	0.0	118421	5438.767984553847	0.3

