78261.81897216885	300	4.0	1.6891446602485303	181801	1689.1446602485303	-6.96332203906868
78262.36472900114	300	7.454243167697106	0.0	155580	545.7568323028945	0.3
78262.66349804692	300	11.155474121928602	0.0	139857	298.76904576850313	0.3
78262.98663003404	300	14.832342134813977	0.0	155432	323.13198711462417	0.3
78263.71040765864	750	18.108564510200758	0.0	411561	723.7776246132189	0.3
78264.28871623307	750	21.53025593575545	0.0	318564	578.3085744453081	0.75
78266.53506311492	1200	23.283909053910364	0.0	561791	2246.3468818450856	0.75
78271.08146630408	1850	22.737505864755335	0.0	1060487	4546.40318915503	1.2000000000000002
78276.4319036074	1850	21.387068561435704	0.0	852833	5350.437303319632	1.85
78281.60602589788	1200	20.212946270945938	0.0	560821	5174.122290489767	0.5499999999999999
78284.77656084801	1200	21.04241132082476	0.0	607410	3170.53495012118	1.2
78287.67136159124	1200	22.147610577587756	0.0	594078	2894.8007432370027	1.2
78294.51047473383	1850	19.308497435014093	0.0	946851	6839.11314257366	1.2000000000000002
78298.04793084283	1200	19.771041326012654	0.0	687371	3537.4561090014404	0.5499999999999999
78300.30850970458	1200	21.510462464251944	0.0	526950	2260.5788617607113	1.2
78303.55518514811	1200	22.263787020726195	0.0	587876	3246.6754435257503	1.2
78311.02652522371	1850	18.792446945133733	0.0	966699	7471.340075592463	1.2000000000000002
78316.37266693372	1200	17.44630523512944	0.0	581493	5346.1417100042945	0.5499999999999999
78318.85809365922	750	18.960878509616762	0.0	405596	2485.426725512677	0.3
78322.51464456046	750	19.304327608383883	0.0	350713	3656.550901232881	0.75
78329.28448434483	1200	16.53448782402013	0.0	601738	6769.839784363755	0.75
78333.0889353109	750	16.73003685794362	0.0	399894	3804.450966076508	0.3
78334.9250296555	750	18.89394251334861	0.0	401853	1836.0943445950152	0.75
78337.10815519892	1200	20.71081696993207	0.0	536667	2183.125543416539	0.75
78340.4005872756	1200	21.41838489325721	0.0	587236	3292.432076674861	1.2
78344.30199226708	1200	21.516979901786858	0.0	590335	3901.40499147035	1.2
78351.63777625246	1200	18.181195916394216	0.0	696376	7335.783985392642	1.2
78353.12566419871	750	20.69330797015343	0.0	277716	1487.8879462407842	0.3
78355.65772648629	1200	22.16124568258761	0.0	622896	2532.0622875658223	0.75
78360.31656594975	1850	21.502406219120957	0.0	975811	4658.83946346665	1.2000000000000002
78363.25880158017	1200	22.56017058869419	0.0	570392	2942.235630426765	0.5499999999999999
78367.04704818134	1850	22.771923987529064	0.0	954453	3788.246601165132	1.2000000000000002
78369.36519023748	1850	24.45378193138731	0.0	885062	2318.14205614175	1.85
78376.31263389606	1850	21.50633827281663	0.0	1035329	6947.443658570678	1.85
78379.58491211588	1850	22.23406005298604	0.0	1026056	3272.2782198305913	1.85
78381.67799433223	1200	24.140977836630476	0.0	598727	2093.082216355565	0.5499999999999999
78383.51204847253	1850	26.30692369632988	0.0	728962	1834.0541403005986	1.2000000000000002
78390.6823993606	2850	23.13657280827684	0.0	1499009	7170.35088805304	1.85
78394.90945401836	1850	22.909518150512366	0.0	908665	4227.054657764474	0.8500000000000001
78397.47333560561	1850	24.34563656325369	0.0	930577	2563.8815872586765	1.85
78413.13123107565	1850	12.687741093216053	0.0	858450	15657.895470037638	1.85
78415.71082123744	750	14.108150931417084	0.0	384505	2579.5901617989703	-0.3500000000000001
78417.3080061724	750	16.51096599645803	0.0	372093	1597.1849349590545	0.75
78419.43779863726	750	18.381173531608635	0.0	438281	2129.7924648493936	0.75
78421.80574705465	1200	20.01322511421966	0.0	630203	2367.9484173889705	0.75
78424.01269852687	1200	21.80627364199462	0.0	638661	2206.951472225043	1.2
78425.15072373372	1200	24.668248435144964	0.0	538612	1138.0252068496573	1.2
78428.71622127344	1850	25.102750895429093	0.0	846370	3565.4975397158714	1.2000000000000002

