17506.12819614862	300	4.0	2.4319512267543155	181801	2431.9512267543155	-10.157390275043555
17511.298394112368	300	4.0	1.1701979637485975	155580	5170.197963748597	-4.731851244118969
17516.35015158841	300	4.0	1.0517574760423294	139857	5051.7574760423295	-4.222557146982016
17520.123542932022	300	4.226608656386097	0.0	155432	3773.3913436139023	0.3
17522.871408213345	300	5.478743375066555	0.0	163442	2747.8652813195426	0.3
17524.155987899143	300	8.194163689266441	0.0	126289	1284.579685800114	0.3
17526.49501811459	300	9.8551334738201	0.0	153295	2339.0302154463416	0.3
17527.925766962384	300	12.424384626025304	0.0	173849	1430.7488477947961	0.3
17532.692807593256	300	11.657343995150361	0.0	150710	4767.040630874944	0.3
17536.978834757585	300	11.371316830823089	0.0	139105	4286.027164327271	0.3
17538.143701029883	300	14.206450558526933	0.0	141840	1164.8662722961571	0.3
17541.110231118473	300	15.239920469933127	0.0	156148	2966.530088593804	0.3
17542.578701710292	300	17.771449878115742	0.0	160746	1468.470591817386	0.3
17548.568480845894	300	15.781670742513642	0.0	179801	5989.779135602101	0.3
17552.437435691092	300	15.912715897317613	0.0	140051	3868.954845196028	0.3
17554.45857623782	300	17.891575350589896	0.0	138313	2021.1405467277132	0.3
17559.550999519928	300	16.79915206848243	0.0	143509	5092.423282107465	0.3
17564.038206582303	300	16.311945006105773	0.0	150616	4487.2070623766585	0.3
17567.868096421393	300	16.48205516701623	0.0	165384	3829.8898390895424	0.3
17571.636468051493	300	16.713683536917678	0.0	140881	3768.3716300985548	0.3
17573.12167758526	300	19.22847400315238	0.0	157671	1485.2095337652936	0.3
17575.805115983916	300	20.54503560449729	0.0	157812	2683.438398655093	0.3
17577.568223736653	300	22.78192785176022	0.0	163927	1763.1077527370724	0.3
17580.005517243626	300	24.3446343447849	0.0	137654	2437.2935069753175	0.3
17583.637444193475	300	24.712707394938846	0.0	146754	3631.926949846053	0.3
17584.700346223242	300	27.649805365170938	0.0	153938	1062.9020297679074	0.3
17587.943665931052	300	28.406485657360285	0.0	181901	3243.319707810653	0.3
17588.73693868866	300	31.613212899753027	0.0	111155	793.2727576072589	0.3
17589.802609706	300	34.54754188241451	0.0	153605	1065.6710173385181	0.3
17590.912392126804	300	37.43775946161187	0.0	149029	1109.7824208026461	0.3
17592.132610138153	300	40.217541450263624	0.0	157421	1220.2180113482373	0.3
17596.813424913387	300	39.5367266750287	0.0	157488	4680.814775234927	0.3
17599.43433062132	300	40.91582096709498	0.0	143881	2620.9057079337235	0.3
17601.51306584925	300	42.83708573916671	0.0	163444	2078.7352279282745	0.3
17605.10199571139	300	43.24815587702582	0.0	179328	3588.929862140891	0.3
17611.068133362005	300	41.28201822641077	0.0	159914	5966.137650615051	0.3
17612.270111747235	300	44.08003984118242	0.0	131610	1201.9783852283504	0.3
17616.2598257254	300	44.09032586301735	0.0	124011	3989.713978165069	0.3
17621.155138280064	300	43.195013308352024	0.0	144254	4895.312554665322	0.3
17622.227353553422	300	46.122798034993544	0.0	149991	1072.2152733584799	0.3
17623.290765273257	300	49.059386315158186	0.0	147968	1063.4117198353647	0.3
17624.47651010276	300	51.87364148565588	0.0	161857	1185.7448295022984	0.3
17625.53973530304	300	54.81041628537803	0.0	145210	1063.225200277856	0.3
17626.74948161381	300	57.60066997460256	0.0	172312	1209.7463107754672	0.3
17628.66092326012	300	59.68922832829454	0.0	167025	1911.4416463080204	0.3
17636.031169555918	300	56.31898203249421	0.0	160064	7370.246295800329	0.3
17639.516566691276	300	56.833584897136866	0.0	137507	3485.3971353573456	0.3
17641.449796289227	300	58.90035529918387	0.0	118421	1933.2295979529977	0.3

