36361.30633342644	750	4.0	3.274799230211306	450283	3274.7992302113057	0.13749942159689146	-13.331636689908615
36361.5727486925	300	7.733584733934085	0.0	155580	266.4152660659154	0.5839755442599414	-0.15000000000000002
36362.11319087721	750	11.193142549230904	0.0	350812	540.4421847031797	0.6491203128280448	0.3
36364.83437045104	1850	12.471962975393629	0.0	933276	2721.1795738372775	0.34296744285932546	0.75
36366.19313746566	1850	15.11319596077123	0.0	996749	1358.7670146223966	0.7335687349438624	1.85
36368.6337717077	4300	16.672561718739445	0.0	1941625	2440.6342420317833	0.7955411616218384	1.8499999999999996
36373.67460699785	4300	15.631726428592108	0.0	2157535	5040.835290147338	0.4280114060098436	4.3
36380.616152387025	4300	12.690181039417011	0.0	2290172	6941.545389175097	0.3299224987524218	4.3
36382.35439630069	1850	14.951937125755036	0.0	852833	1738.2439136619755	0.49062907299547415	-0.6000000000000001
36384.837499491034	2850	16.46883393540425	0.0	1429765	2483.103190350787	0.575797657365185	1.85
36390.691253673016	4300	14.615079753424048	0.0	2173522	5853.754181980198	0.371303941441686	2.8499999999999996
36394.30208019463	2850	15.004253231812235	0.0	1519951	3610.8265216118134	0.4209426819324233	1.4000000000000001
36397.510691535164	4300	15.795641891271627	0.0	2209463	3208.611340540608	0.6886041235607349	2.8499999999999996
36406.131277299595	4300	11.175056126839388	0.0	2275376	8620.585764432239	0.2639467969088593	4.3
36407.757042325116	1850	13.5492911013229	0.0	821631	1625.7650255164888	0.5053811510916076	-0.6000000000000001
36411.61576364256	2850	13.690569783872274	0.0	1471065	3858.7213174506264	0.3812312108022097	1.85
36413.57438132314	2850	15.73195210330308	0.0	1491626	1958.6176805691932	0.7615707826994185	2.85
36419.84706935114	4300	13.459264075292063	0.0	2059512	6272.688028011016	0.3283300541654776	2.8499999999999996
36421.94985831222	2850	15.356475114217998	0.0	1537156	2102.7889610740663	0.7310082126429125	1.4000000000000001
36425.24984738907	4300	16.056486037370057	0.0	2156729	3299.9890768479418	0.6535564057260601	2.8499999999999996
36434.506864951596	4300	10.79946847483981	0.0	2039773	9257.017562530247	0.22034883116743953	4.3
36435.306343016324	1200	13.999990410110707	0.0	616206	799.4780647291018	0.7707603587708158	-1.9000000000000001
36437.72492013067	2850	15.581413295768828	0.0	1505760	2418.5771143418788	0.6225809344969898	1.2000000000000002
36443.09309197526	4300	14.213241451185175	0.0	2044075	5368.171844583651	0.3807767447054475	2.8499999999999996
36447.81568683711	2850	13.490646589336942	0.0	1383735	4722.5948618482325	0.2930031138556023	1.4000000000000001
36454.12226995118	2850	11.184063475265212	0.0	1480464	6306.58311407173	0.2347489874028102	2.85
36460.00961544524	1850	9.296717981203056	0.0	1076599	5887.345494062156	0.1828666248797244	0.8500000000000001
36462.27108736013	1200	11.03524606631593	0.0	487160	2261.4719148871263	0.21541722308955358	0.5499999999999999
36463.53939026338	1850	13.766943163062765	0.0	972798	1268.3029032531654	0.7670076268884959	1.2000000000000002
36465.54487036356	2850	15.761463062880827	0.0	1561263	2005.4801001819376	0.778498375455514	1.85
36471.494361901634	4300	13.811971524809177	0.0	2113193	5949.491538071649	0.35518884033658593	2.8499999999999996
36473.314377975876	2850	15.99195545056681	0.0	1497683	1820.0160742423689	0.8228954794388018	1.4000000000000001
36481.69271258406	4300	11.613620842384062	0.0	2191074	8378.334608182748	0.2615166500822341	2.8499999999999996
36483.72813360983	1850	13.57819981660863	0.0	1035329	2035.4210257754337	0.5086559423771163	-0.6000000000000001
36485.651420733964	2850	15.654912692473992	0.0	1492672	1923.2871241346359	0.7761046082350357	1.85
36490.17355545111	4300	15.132777975328192	0.0	2143948	4522.1347171458	0.47410086919152616	2.8499999999999996
36497.499112052414	4300	11.807221374028508	0.0	1919781	7325.556601299683	0.2620662298424391	4.3
36498.888209282275	1850	14.418124144169647	0.0	938587	1389.0972298588595	0.6756812840922345	-0.6000000000000001
36501.885082494264	2850	15.421250932172088	0.0	1427478	2996.873211997559	0.4763224531105598	1.85
36511.07201366497	4300	10.2343197614686	0.0	2146120	9186.931170703489	0.2336057558419327	2.8499999999999996
36513.07852812487	1200	12.227805301565297	0.0	566904	2006.5144599033024	0.28253172918939246	-1.9000000000000001
36514.74717002	1850	14.559163406432631	0.0	1025005	1668.6418951326648	0.6142749999205236	1.2000000000000002
36516.496759937545	2850	16.80957348888692	0.0	1343002	1749.589917545712	0.7676095904141553	1.85
36519.271429932924	4300	18.034903493514065	0.0	2219102	2774.6699953728535	0.7997715056928068	2.8499999999999996
36527.95853197449	4300	13.347801451949884	0.0	2124950	8687.102041564181	0.24460976627568035	4.3
36530.45887902341	2850	14.847454403029213	0.0	1483527	2500.347048920673	0.5933284344028944	1.4000000000000001
36532.756345023576	2850	16.549988402867847	0.0	1231456	2297.466000161366	0.5360061911312318	2.85
36538.604820798595	4300	14.701512627840719	0.0	2155012	5848.475775027127	0.36847412606235924	2.8499999999999996

