49981.947467402184	750	4.0	1.4831050931593495	450283	1483.1050931593495	1	-5.627351900585203
49982.87038691801	750	7.077080484176549	0.0	398865	922.9195158234502	1	0.75
49983.69175625647	1850	10.255711145716027	0.0	350812	821.3693384605223	3	0.75
49991.3852732767	750	6.56219412549242	0.0	933276	7693.517020223609	1	0.75
49992.174764657866	750	9.772702744325876	0.0	411561	789.4913811665442	1	-0.3500000000000001
49992.81275898369	1850	13.134708418500434	0.0	318564	637.994325825442	3	0.75
49995.285501025486	1850	14.661966376707365	0.0	905515	2472.742041793069	3	0.75
49999.28870910929	1850	14.658758292900856	0.0	1060487	4003.208083806509	3	1.85
50001.960652293434	1850	15.986815108753415	0.0	852833	2671.943184147442	3	1.85
50003.871348906025	1850	18.076118496163602	0.0	913888	1910.69661258981	3	1.85
50005.65399638538	1850	20.29347101680556	0.0	939819	1782.6474793580433	3	1.85
50007.43501971813	1850	22.51244768406064	0.0	917428	1781.0233327449203	3	1.85
50010.380710271704	1850	23.566757130483385	0.0	946851	2945.6905535772557	3	1.85
50015.001406370044	1850	22.946061032143838	0.0	1036454	4620.696098339545	3	1.85
50017.969020091434	1850	23.978447310752163	0.0	821631	2967.6137213916763	3	1.85
50020.45465765383	1850	25.492809748362134	0.0	923170	2485.6375623900276	3	1.85
50022.80787647633	1850	27.139590925862745	0.0	966699	2353.218822499393	3	1.85
50024.905719564704	1850	29.041747837480486	0.0	885714	2097.8430883822575	3	1.85
50027.23592647252	1850	30.711540929675184	0.0	987708	2330.206907805299	3	1.85
50029.42043497312	1850	32.52703242906601	0.0	923755	2184.508500609172	3	1.85
50031.204104478595	1850	34.74336292358847	0.0	891604	1783.6695054775366	3	1.85
50032.93537213511	4300	37.01209526707625	0.0	955231	1731.2676565122215	5	1.85
50036.33589323366	4300	37.61157416851952	0.0	2221506	3400.5210985567314	5	1.8499999999999996
50039.290513217114	4300	38.65695418506932	0.0	2044075	2954.6199834501977	5	4.3
50042.17179908673	4300	39.775668315451775	0.0	2186790	2881.285869617546	5	4.3
50045.067642651615	4300	40.87982475056633	0.0	2105231	2895.843564885445	5	4.3
50049.46134116109	4300	40.486126241087504	0.0	2395588	4393.698509478828	5	4.3
50052.63617155353	4300	41.31129584864967	0.0	1972048	3174.8303924378365	5	4.3
50055.59880687664	4300	42.348660525540744	0.0	2134614	2962.635323108933	5	4.3
50058.32869334066	4300	43.61877406151433	0.0	2164140	2729.886464026414	5	4.3
50061.0321707879	4300	44.9152966142806	0.0	2113193	2703.4774472337317	5	4.3
50064.52579077488	4300	45.42167662730267	0.0	2147852	3493.6199869779225	5	4.3
50068.08810426731	4300	45.85936313487039	0.0	2191074	3562.3134924322835	5	4.3
50071.80249483754	4300	46.14497256464413	0.0	2286761	3714.390570226264	5	4.3
50075.58511399899	4300	46.36235340319841	0.0	2307787	3782.6191614457207	5	4.3
50079.29401256917	4300	46.653454833015395	0.0	2143948	3708.898570183017	5	4.3
50082.65537162811	4300	47.29209577406868	0.0	1919781	3361.3590589467153	5	4.3
50086.405899825986	4300	47.54156757619657	0.0	2147467	3750.528197872114	5	4.3
50091.22244804913	4300	46.72501935305219	0.0	2133870	4816.548223144385	5	4.3
50095.68327610641	4300	46.26419129577108	0.0	2146120	4460.828057281109	5	4.3
50106.46975063846	4300	39.47771676372067	0.0	2108491	10786.474532050397	5	4.3
50112.6179942853	4300	37.32947311687952	0.0	2184571	6148.243646841154	5	4.3
50119.239787023216	4300	34.707680378962685	0.0	2121928	6621.79273791683	5	4.3
50123.17147928358	4300	34.775988118598704	0.0	2219102	3931.6922603639855	5	4.3
50127.32119037281	4300	34.626277029364054	0.0	2124950	4149.711089234646	5	4.3
50131.0754045403	4300	34.87206286187173	0.0	2246506	3754.2141674923255	5	4.3
50136.85262701476	4300	33.09484038741149	0.0	1961140	5777.222474460239	5	4.3
50140.29803934263	4300	33.64942805953831	0.0	2155012	3445.412327873178	5	4.3

