28380.1177190374	300	4.0	2.1889424453678425	450283	2188.9424453678425	0	-8.662452515081723
28381.066125437974	300	7.051593599423964	0.0	155580	948.4064005760351	0	-0.15000000000000002
28381.96467072176	300	10.153048315636235	0.0	139857	898.5452837877281	0	0.3
28385.107658729645	300	11.010060307750395	0.0	155432	3142.988007885841	0	0.3
28386.180311441836	750	13.937407595561915	0.0	163442	1072.6527121884794	1	0.3
28390.598995947075	750	13.518723090322379	0.0	318564	4418.6845052395365	1	0.3
28398.839574563823	300	9.278144473571377	0.0	352642	8240.578616751001	0	0.75
28399.559454235572	750	12.558264801823071	0.0	173849	719.8796717483059	1	-0.15000000000000002
28407.049182861963	300	9.06853617543103	0.0	374758	7489.728626392042	0	0.3
28408.1631885133	750	11.954530524098248	0.0	139105	1114.0056513327816	1	-0.15000000000000002
28419.797575382785	300	4.320143654612824	0.0	353220	11634.386869485423	0	0.3
28422.937884853487	300	5.179834183911655	0.0	156148	3140.3094707011687	0	-0.15000000000000002
28435.24550170296	300	4.0	7.127782665564442	160746	12307.616849476097	0	-30.349465461927096
28436.333515063267	300	6.911986639692555	0.0	179801	1088.0133603074453	0	0.3
28437.198679100868	300	10.046822602093108	0.0	140051	865.164037599446	0	0.3
28440.44461710637	300	10.800884596594635	0.0	138313	3245.9380054984745	0	0.3
28441.99110898708	300	13.254392715878414	0.0	143509	1546.4918807162212	0	0.3
28443.59187512042	300	15.65362658254025	0.0	150616	1600.7661333381643	0	0.3
28444.146177665203	750	19.0993240377552	0.0	165384	554.3025447850505	1	0.3
28445.23198275148	1850	22.013518951475998	0.0	350713	1085.805086279201	3	0.3
28456.583933865437	750	14.661567837521053	0.0	891604	11351.951113954945	1	0.75
28460.357593946046	750	14.887907756909227	0.0	399894	3773.6600806118254	1	-0.3500000000000001
28465.072553102487	750	14.172948600469372	0.0	401853	4714.959156439855	1	0.75
28466.3177270239	1850	16.927774679055762	0.0	343800	1245.173921413611	3	0.75
28473.643112518654	750	13.602389184302679	0.0	897976	7325.385494753084	1	0.75
28478.41106915806	750	12.834432544892243	0.0	379700	4767.956639410436	1	-0.3500000000000001
28486.912109052493	300	8.333392650461459	0.0	425781	8501.039894430784	0	0.75
28487.401233205714	750	11.844268497241234	0.0	111155	489.1241532202252	1	-0.15000000000000002
28495.168991711944	300	8.07650999101161	0.0	400396	7767.758506229626	0	0.3
28496.35676517956	750	10.88873652339741	0.0	149029	1187.7734676141988	1	-0.15000000000000002
28508.625126970757	300	4.0	1.379625267799236	358218	12268.361791196647	0	-5.632388651536715
28517.479979663804	300	4.0	4.854852693046294	157488	8854.852693046294	0	-21.025866580099063
28523.272510518604	300	4.0	1.7925308547983487	143881	5792.530854798349	0	-7.4078826756329
28524.2688220834	300	7.0036884352028625	0.0	163444	996.3115647971373	0	0.3
28527.4877886257	300	7.7847218928977	0.0	179328	3218.9665423051624	0	0.3
28529.077020922312	300	10.19548959629015	0.0	159914	1589.2322966075506	0	0.3
28530.704001149224	300	12.568509369374514	0.0	131610	1626.980226915637	0	0.3
28531.503765720943	750	15.768744797654053	0.0	124011	799.7645717204597	1	0.3
28532.66876462568	1850	18.60374589291784	0.0	378327	1164.9989047362124	3	0.3
28544.024598042914	750	11.247912475684345	0.0	930577	11355.833417233494	1	0.75
28545.934319498596	750	13.338191020003123	0.0	345516	1909.7214556812207	1	-0.3500000000000001
28552.309450165118	300	10.963060353479788	0.0	384505	6375.130666523334	0	0.75
28552.93833970306	750	14.334170815538439	0.0	145210	628.8895379413492	1	-0.15000000000000002
28554.40038364433	1850	16.87212687426611	0.0	438281	1462.0439412723272	3	0.3
28562.884100312596	750	12.388410205997875	0.0	958994	8483.716668268236	1	0.75
28567.03320727961	750	12.239303238984927	0.0	393804	4149.106967012949	1	-0.3500000000000001
28575.050601031387	300	8.221909487208254	0.0	331053	8017.393751776672	0	0.75
28575.566468885725	750	11.706041632874287	0.0	118421	515.8678543339686	1	-0.15000000000000002

