75649.10439459988	750	4.0	1.2416205301984988	450283	1241.6205301984987	0.3626575020695034	-4.588968279853545
75649.52294318956	300	7.581451410317397	0.0	155580	418.54858968260305	0.3717131148810718	-0.15000000000000002
75650.32328008534	750	10.781114514544456	0.0	350812	800.336895772942	0.4383304104219712	0.3
75651.55556732406	1200	13.548827275831727	0.0	617681	1232.2872387127284	0.501247583027186	0.75
75655.20505231438	2850	13.89934228551055	0.0	1472558	3649.4849903211784	0.403497480851512	1.2000000000000002
75658.28141319132	2850	14.822981408577663	0.0	1224260	3076.360876932886	0.39795721275085905	2.85
75660.84381329874	2850	16.260581301157114	0.0	1388403	2562.40010742055	0.5418369270198171	2.85
75664.74363909202	4300	16.360755507880658	0.0	2290172	3899.825793276456	0.5872498212480158	2.8499999999999996
75668.96084823478	4300	16.143546365107884	0.0	2055469	4217.2091427727755	0.48740029967983717	4.3
75674.0270633205	4300	15.077331279414699	0.0	2169201	5066.215085693183	0.4281699381705583	4.3
75678.51642567344	4300	14.587968926458954	0.0	2173522	4489.362352955745	0.4841493800492575	4.3
75681.38196378166	2850	15.72243081823484	0.0	1519951	2865.538108224115	0.5304242842339907	1.4000000000000001
75685.02597079753	4300	16.0784238023594	0.0	2209463	3644.0070158754406	0.6063278666518144	2.8499999999999996
75689.18073334085	4300	15.923661259053668	0.0	2275376	4154.76254330573	0.5476548843124981	4.3
75695.87597962878	4300	13.228414971120682	0.0	2005399	6695.246287932987	0.2995257999118542	4.3
75698.50674791884	2850	14.597646681040935	0.0	1471065	2630.768290079746	0.5591769543320017	1.4000000000000001
75704.66002280927	2850	12.444371790620941	0.0	1491626	6153.2748904199925	0.24241172815508472	2.85
75708.50520373097	1850	12.599190868917752	0.0	885714	3845.180921703189	0.23034390787720874	0.8500000000000001
75710.52862982008	1850	14.575764779814396	0.0	987708	2023.4260891033578	0.48813643617577535	1.85
75713.23745779996	2850	15.866936799939229	0.0	1336050	2708.827979875166	0.4932206880340813	1.85
75719.1535455446	4300	13.950849055297425	0.0	2039773	5916.0877446418035	0.3447841019341576	2.8499999999999996
75721.88575889393	2850	15.218635705966074	0.0	1468126	2732.213349331352	0.537339443261007	1.4000000000000001
75726.20667385664	4300	14.89772074326	0.0	2221506	4320.914962706073	0.5141286091427104	2.8499999999999996
75728.88837307479	2850	16.21602152509961	0.0	1323990	2681.6992181603905	0.49371308722245116	1.4000000000000001
75733.26551265536	4300	15.838881944528033	0.0	2186790	4377.1395805715765	0.4995933896433899	2.8499999999999996
75737.4823851746	4300	15.622009425289205	0.0	2105231	4216.872519238829	0.49923989648613015	4.3
75745.28514745928	4300	11.819247140628093	0.0	2395588	7802.762284661113	0.30701793962239676	4.3
75747.5808110826	1850	13.523583517290714	0.0	758197	2295.6636233373783	0.3302735611142159	-0.6000000000000001
75752.57811523457	2850	12.526279365329902	0.0	1498470	4997.304151960811	0.29985567306565475	1.85
75755.04219510348	1850	14.062199496422247	0.0	975811	2464.0798689076537	0.39601435501868887	0.8500000000000001
75760.10477995824	2850	12.999614641653189	0.0	1341201	5062.5848547690575	0.26492415208340886	1.85
75762.59968676284	1850	14.504707837059074	0.0	954453	2494.9068045941153	0.38256058232013823	0.8500000000000001
75766.07546043843	2850	15.028934161471092	0.0	1358081	3475.773675587981	0.3907276844687707	1.85
75771.01750422805	4300	14.086890371853979	0.0	2286761	4942.043789617113	0.46271564910135443	2.8499999999999996
75778.03408466428	2850	11.070309935606398	0.0	1492672	7016.58043624758	0.21273496592284075	1.4000000000000001
75779.77711178578	1850	13.327282814101027	0.0	943942	1743.0271215053708	0.5415532485718074	0.8500000000000001
75782.63091227874	2850	14.473482321148829	0.0	1139291	2853.8004929521967	0.3992188671960833	1.85
75786.10901209505	2850	14.995382504842762	0.0	1499009	3478.0998163060667	0.43098504331943815	2.85
75788.71270591792	2850	16.391688681972152	0.0	1427478	2603.693822870611	0.5482510990582542	2.85
75794.13335618455	4300	14.971038415344271	0.0	2146120	5420.650266627878	0.3959155995015107	2.8499999999999996
75796.76801865689	2850	16.336375943009322	0.0	1339500	2634.662472334948	0.508414270922863	1.4000000000000001
75800.97516142252	4300	16.129233177375635	0.0	2184571	4207.142765633688	0.5192528805641697	2.8499999999999996
75804.95485804854	4300	16.14953655134916	0.0	2121928	3979.696626026475	0.5331883807732947	4.3
75811.29961572852	4300	13.804778871358199	0.0	2219102	6344.75767999096	0.3497536252642452	4.3
75813.87922208411	2850	15.225172515766639	0.0	1464921	2579.606355591561	0.5678854825367574	1.4000000000000001
75820.19937934293	4300	12.905015256957585	0.0	2246506	6320.157258809056	0.3554509655386838	2.8499999999999996
75821.99091635646	1850	15.113478243425579	0.0	830730	1791.537013532004	0.46369681102051086	-0.6000000000000001
75826.82940195172	4300	14.274992648176172	0.0	2155012	4838.485595249407	0.4453897728073977	1.8499999999999996

