12027.367483403918	750	4.0	1.4505485174121782	450283	1450.5485174121782	-5.487358624872366
12032.492646189847	1850	4.0	1.125162785927999	957685	5125.162785927999	-4.088199979490395
12040.619599869944	750	4.0	4.126953680098833	350812	8126.953680098833	-18.09590082442498
12042.064291505525	300	6.55530836442002	0.0	155432	1444.6916355799801	-0.15000000000000002
12043.581765130808	300	9.037834739136043	0.0	163442	1517.4736252839757	0.3
12044.660799456726	300	11.958800413218862	0.0	126289	1079.034325917182	0.3
12046.087712249395	300	14.531887620549726	0.0	153295	1426.912792669134	0.3
12051.330087851511	750	13.289512018432408	0.0	437162	5242.37560211732	0.3
12052.361092563882	750	16.258507306060878	0.0	374758	1031.0047123715308	0.75
12053.822907161531	1850	18.79669270841132	0.0	913888	1461.8145976495596	0.75
12057.282694701531	1850	19.33690516841226	0.0	939819	3459.787539999057	1.85
12058.77372860448	1850	21.845871265465778	0.0	917428	1491.0339029464812	1.85
12062.384320087798	1850	22.2352797821463	0.0	946851	3610.591483319481	1.85
12064.132174774839	1850	24.4874250951047	0.0	1036454	1747.8546870416003	1.85
12065.520748173827	1850	27.098851696116316	0.0	821631	1388.5733989883831	1.85
12067.076351559079	1850	29.543248310865273	0.0	923170	1555.6033852510404	1.85
12068.70442862926	1850	31.915171240682575	0.0	966699	1628.0770701827003	1.85
12069.999415926675	1850	34.62018394326864	0.0	885714	1294.9872974139387	1.85
12073.4585763406	4300	35.16102352934395	0.0	2220726	3459.1604139246933	1.8499999999999996
12082.324290595967	4300	30.29530927397492	0.0	2156729	8865.71425536903	4.3
12085.947483111458	4300	30.672116758483913	0.0	2039773	3623.192515491004	4.3
12091.769666832868	4300	28.849933037073285	0.0	2176469	5822.183721410626	4.3
12095.967046874042	4300	28.65255299589882	0.0	2221506	4197.380041174468	4.3
12098.999965996	4300	29.619633873941698	0.0	2044075	3032.919121957124	4.3
12102.394825798185	4300	30.224774071754986	0.0	2186790	3394.859802186711	4.3
12105.814424948567	4300	30.80517492137329	0.0	2105231	3419.5991503816967	4.3
12111.57588142822	4300	29.04371844172092	0.0	2395588	5761.456479652371	4.3
12114.710724233973	4300	29.908875635967068	0.0	1972048	3134.842805753855	4.3
12121.774424568526	4300	26.845175301414614	0.0	2134614	7063.700334552454	4.3
12127.042600583727	4300	25.57699928621487	0.0	2164140	5268.17601519974	4.3
12130.359808485284	4300	26.25979138465714	0.0	2113193	3317.2079015577287	4.3
12133.666654294664	4300	26.952945575277695	0.0	2147852	3306.845809379446	4.3
12139.07321833864	4300	25.546381531301208	0.0	2191074	5406.564043976485	4.3
12142.461560920874	4300	26.15803894906841	0.0	2286761	3388.3425822328004	4.3
12145.753546961594	4300	26.866052908348497	0.0	2307787	3291.986040719912	4.3
12150.843327635701	4300	25.77627223424092	0.0	2143948	5089.780674107576	4.3
12153.86902918443	4300	26.750570685512454	0.0	1919781	3025.7015487284657	4.3
12160.545538197988	4300	24.07406167195434	0.0	2147467	6676.509013558114	4.3
12164.03290849041	4300	24.586691379532922	0.0	2133870	3487.3702924214163	4.3
12173.394982107993	4300	19.224617761949645	0.0	2146120	9362.073617583279	4.3
12176.62247054679	4300	19.997129323153516	0.0	2108491	3227.48843879613	4.3
12181.329904123419	4300	19.289695746524927	0.0	2184571	4707.433576628587	4.3
12187.589548880027	4300	17.030050989915473	0.0	2121928	6259.644756609455	4.3
12198.769431973271	4300	9.850167896671385	0.0	2219102	11179.88309324409	4.3
12200.356827264564	1850	12.262772605377554	0.0	958994	1587.3952912938298	-0.6000000000000001
12203.926412790466	1850	12.693187079475745	0.0	982064	3569.5855259018094	1.85
12205.279541789594	1850	15.340058080348097	0.0	830730	1353.1289991276483	1.85
12206.69428748244	1850	17.925312387501727	0.0	846370	1414.7456928463725	1.85

