62340.209224630045	300	4.0	1.8213279836367473	450283	1821.3279836367474	0	-7.081710329638013
62340.420000556966	750	7.789224073078047	0.0	155580	210.77592692195307	1	-0.15000000000000002
62340.79488270426	1850	11.414341925788266	0.0	350812	374.8821472897815	3	0.3
62341.65936678945	1850	14.549857840597285	0.0	933276	864.4840851909802	3	0.75
62342.57720439314	1850	17.632020236898033	0.0	996749	917.8376036992532	3	1.85
62343.330549954706	1850	20.87867467533327	0.0	801058	753.3455615647634	3	1.85
62344.17169896786	1850	24.037525662177774	0.0	905515	841.1490131554978	3	1.85
62345.75290421217	1850	26.45632041786938	0.0	1060487	1581.2052443083915	3	1.85
62348.390769852616	1850	27.818454777420644	0.0	852833	2637.8656404487365	3	1.85
62349.0347548547	1850	31.17446977533488	0.0	913888	643.9850020857635	3	1.85
62349.56673356953	1850	34.64249106050259	0.0	939819	531.9787148322857	3	1.85
62350.08794398174	4300	38.12128064829433	0.0	917428	521.2104122082595	5	1.85
62353.57341117342	4300	38.63581345662252	0.0	2209463	3485.4671916718175	5	1.8499999999999996
62356.09432994916	4300	40.114894680877846	0.0	2275376	2520.918775744672	5	4.3
62357.76018114653	4300	42.44904348351298	0.0	2005399	1665.8511973648697	5	4.3
62359.145834252886	4300	45.06339037715218	0.0	2152483	1385.6531063607983	5	4.3
62360.49291912243	4300	47.71630550761419	0.0	2289689	1347.0848695379873	5	4.3
62363.67198673258	4300	48.537237897461324	0.0	2059512	3179.067610152868	5	4.3
62364.88194940118	4300	51.32727522886492	0.0	2220726	1209.9626685964056	5	4.3
62367.98508592531	4300	52.2241387047296	0.0	2156729	3103.136524135328	5	4.3
62369.13348960463	4300	55.0757350254109	0.0	2039773	1148.4036793186965	5	4.3
62370.305328554256	4300	57.903896075780715	0.0	2176469	1171.8389496301818	5	4.3
62372.30308696443	4300	59.7317329314203	0.0	2221506	1172.163144360419	5	4.3
62374.29057000179	4300	59.607788905451045	0.0	2044075	1123.9440259692487	5	4.3
62376.48623926377	4300	59.657723822151794	0.0	2186790	1450.0650832992517	5	4.3
62379.76510664517	4300	59.59259224079035	0.0	2105231	2565.1315813614356	5	4.3
62381.76858139868	4300	59.65922277455879	0.0	2395588	1433.36946623156	5	4.3
62383.57616335636	4300	59.751484366861156	0.0	1972048	1407.7384076976386	5	4.3
62385.26853542939	4300	59.55972026557825	0.0	2134614	1191.7641012829022	5	4.3
62388.30038027725	4300	59.50710172927857	0.0	2164140	2552.6185362996807	5	4.3
62391.07675040656	4300	59.82102975840502	0.0	2113193	2686.0719708735505	5	4.3
62397.91647126704	4300	56.98130889792403	0.0	2147852	6839.720860480991	5	4.3
62418.552262302874	1850	40.3455178620862	0.0	2191074	20635.791035837832	3	4.3
62419.684743707054	4300	43.21303645790676	0.0	1035329	1132.4814041794414	5	-0.6000000000000001
62421.07718750504	4300	45.82059265991255	0.0	2307787	1392.4437979942097	5	1.8499999999999996
62424.43678202298	4300	46.460998141971764	0.0	2143948	3359.5945179407827	5	4.3
62427.67674885774	4300	47.22103130721429	0.0	1919781	3239.9668347574766	5	4.3
62428.80476549344	4300	50.093014671506324	0.0	2147467	1128.0166357079645	5	4.3
62430.30723703654	4300	52.59054312841142	0.0	2133870	1502.4715430949057	5	4.3
62432.22675500695	4300	54.671025157997995	0.0	2146120	1919.517970413422	5	4.3
62433.46800358279	4300	57.42977658216516	0.0	2108491	1241.2485758328298	5	4.3
62444.601693543664	4300	50.29608662129112	0.0	2184571	11133.689960874044	5	4.3
62446.16733560066	4300	52.73044456429547	0.0	2121928	1565.6420569956563	5	4.3
62450.3126448706	4300	52.58513529435401	0.0	2219102	4145.309269941459	5	4.3
62451.50208242467	4300	55.39569774028438	0.0	2124950	1189.4375540696299	5	4.3
62465.38019960814	4300	45.51758055681378	0.0	2246506	13878.117183470604	5	4.3
62477.79877001641	4300	37.09901014854372	0.0	1961140	12418.570408270063	5	4.3
62488.210588612346	4300	30.687191552602425	0.0	2155012	10411.818595941293	5	4.3

