61955.44461869722	750	4.0	24.282482572754898	450283	24282.482572754896	-103.66467506284606
61959.74604685567	300	4.0	0.30142815845010956	155580	4301.42815845011	-1.446141081335471
61968.07149995905	300	4.0	4.325453103387837	139857	8325.453103387837	-18.2994483445677
61972.42480958257	300	4.0	0.3533096235186549	155432	4353.309623518655	-1.219231381130216
61976.32121520583	300	4.103594376738116	0.0	163442	3896.4056232618836	0.3
61980.675256011426	300	4.0	0.2504464288520385	126289	4354.040805590154	-0.7769196440637653
61983.40937642533	300	5.26587958610354	0.0	153295	2734.120413896461	0.3
61985.49934901817	300	7.17590699325651	0.0	173849	2089.97259284703	0.3
61986.59209826177	300	10.083157749660112	0.0	150710	1092.749243596399	0.3
61989.79378157969	750	10.881474431739287	0.0	362795	3201.683317920824	0.3
61999.40515046099	750	5.270105550440258	0.0	353220	9611.36888129903	0.75
62005.531570162784	300	4.0	0.8563141513486625	156148	6126.41970178892	-3.832150850799249
62015.607734999816	300	4.0	6.076164837032833	160746	10076.164837032833	-25.82750879924118
62019.2374698062	300	4.370265193620963	0.0	179801	3629.7348063790373	0.3
62021.90382364734	300	5.703911352471446	0.0	140051	2666.3538411495156	0.3
62023.93911461878	300	7.668620381037638	0.0	138313	2035.2909714338098	0.3
62025.75027909776	300	9.857455902056797	0.0	143509	1811.16447898084	0.3
62027.79636446457	300	11.811370535240036	0.0	150616	2046.0853668167617	0.3
62031.42153857733	300	12.186196422489926	0.0	165384	3625.1741127501095	0.3
62032.7353409274	300	14.872394072418235	0.0	140881	1313.8023500716893	0.3
62034.064840555184	300	17.542894444632754	0.0	157671	1329.4996277854798	0.3
62040.54997331107	750	15.057761688752642	0.0	399894	6485.132755880112	0.3
62049.13741903872	750	10.470315961100674	0.0	401853	8587.445727651968	0.75
62050.20153200109	300	13.406202998724789	0.0	137654	1064.1129623758866	-0.15000000000000002
62052.25506305128	750	15.352671948542113	0.0	359903	2053.5310501826757	0.3
62054.39353884875	750	17.214196151066556	0.0	379700	2138.475797475555	0.75
62065.31509607126	1200	10.292638928559285	0.0	696376	10921.557222507272	0.75
62065.97629663434	300	13.631438365476304	0.0	111155	661.20056308298	-0.6000000000000001
62068.59702301181	300	15.010711988000583	0.0	153605	2620.726377475721	0.3
62069.66435729204	300	17.943377707775362	0.0	149029	1067.3342802252196	0.3
62070.689293157964	300	20.918441841843514	0.0	157421	1024.935865931848	0.3
62075.36817346529	750	20.239561534517154	0.0	400322	4678.880307326361	0.3
62081.54191823091	750	18.065816768890365	0.0	369834	6173.744765626789	0.75
62084.50665078178	300	19.101084218020997	0.0	163444	2964.7325508693643	-0.15000000000000002
62089.69498766715	300	17.91274733265019	0.0	179328	5188.336885370806	0.3
62097.34041407604	300	14.267320923761822	0.0	159914	7645.42640888837	0.3
62101.58554008	300	14.022194919803976	0.0	131610	4245.126003957846	0.3
62104.85582106428	300	14.751913935521511	0.0	124011	3270.280984282466	0.3
62108.30696207985	300	15.300772919956279	0.0	144254	3451.141015565233	0.3
62110.42334565207	300	17.184389347736502	0.0	149991	2116.383572219776	0.3
62112.19820089605	300	19.409534103754353	0.0	147968	1774.8552439821447	0.3
62118.36806131292	750	17.239673686878028	0.0	384505	6169.860416876326	0.3
62121.43092951028	750	18.17680548951646	0.0	372093	3062.8681973615694	0.75
62130.66483135141	1200	12.942903648387507	0.0	634861	9233.901841128954	0.75
62138.631119902195	750	8.976615097598065	0.0	398987	7966.288550789441	0.3
62140.08985439514	300	11.517880604649168	0.0	160064	1458.734492948897	-0.15000000000000002
62154.81737878912	1200	4.0	3.209643789322847	538612	14727.524393972015	-13.501468294088243
62159.17968064158	300	4.0	0.3623018524660465	118421	4362.3018524660465	-2.157897965604

