40153.67345863028	300	4.0	3.118246081396204	450283	3118.246081396204	0	-12.658458150003677
40154.750674631454	300	6.922783998827031	0.0	155580	1077.216001172969	0	-0.15000000000000002
40156.49499483739	300	9.178463792890499	0.0	139857	1744.3202059365321	0	0.3
40158.09203206787	300	11.58142656240282	0.0	155432	1597.0372304876794	0	0.3
40159.72853525831	750	13.944923371957282	0.0	163442	1636.503190445537	1	0.3
40162.6908557792	750	14.982602851072315	0.0	318564	2962.3205208849663	1	0.3
40165.19335600671	750	16.480102623559308	0.0	352642	2502.5002275130055	1	0.75
40168.08681734003	750	17.586641290237573	0.0	437162	2893.4613333217353	1	0.75
40170.8491259998	750	18.82433263047083	0.0	374758	2762.3086597667434	1	0.75
40173.15783195982	750	20.51562667045147	0.0	362795	2308.7059600193597	1	0.75
40176.786221122056	750	20.887237508216092	0.0	353220	3628.389162235379	1	0.75
40179.84163932404	750	21.83181930623549	0.0	405134	3055.418201980599	1	0.75
40184.139901755916	750	21.53355687436052	0.0	386351	4298.2624318749695	1	0.75
40188.54049666754	750	21.132961962733503	0.0	434409	4400.594911627015	1	0.75
40191.34200947845	750	22.331449151822373	0.0	337059	2801.512810911134	1	0.75
40194.05700863831	750	23.61644999196645	0.0	366214	2714.9991598559227	1	0.75
40196.958237037354	1850	24.715221592922834	0.0	360831	2901.2283990436194	3	0.75
40202.321400579276	1850	23.35205805099876	0.0	885714	5363.163541924075	3	0.75
40211.46246089391	1850	18.210997736355704	0.0	987708	9141.060314643055	3	1.85
40219.25202328046	1850	14.421435349816269	0.0	923755	7789.5623865394355	3	1.85
40225.86503666131	1850	11.808421968965328	0.0	891604	6613.013380850941	3	1.85
40235.35269201601	750	6.320766614262556	0.0	955231	9487.655354702772	1	1.85
40238.68978209965	300	6.983676530620309	0.0	401853	3337.090083642248	0	-0.3500000000000001
40239.784560556414	300	9.888898073855186	0.0	137654	1094.7784567651238	0	-0.15000000000000002
40240.946423761576	750	12.727034868687817	0.0	146754	1161.8632051673687	1	0.3
40244.74436084127	750	12.929097788992022	0.0	379700	3797.9370796957933	1	0.3
40250.86435381387	750	10.809104816397893	0.0	425781	6119.992972594131	1	0.75
40252.71665153139	750	12.956807098880928	0.0	277716	1852.297717516963	1	0.75
40256.75293491503	750	12.920523715241945	0.0	400396	4036.2833836389837	1	0.75
40260.41792747852	750	13.25553115175112	0.0	400508	3664.9925634908254	1	0.75
40263.19073044982	750	14.482728180447547	0.0	358218	2772.8029713035735	1	0.75
40265.79518406048	750	15.87827456979797	0.0	400322	2604.453610649576	1	0.75
40268.51198475681	750	17.161473873463024	0.0	369834	2716.8006963349453	1	0.75
40271.21511872736	750	18.458339902911117	0.0	412837	2703.133970551906	1	0.75
40275.14144240451	750	18.53201622576685	0.0	401088	3926.3236771442703	1	0.75
40277.89903912682	750	19.77441950345763	0.0	365161	2757.59672230922	1	0.75
40280.77461719204	750	20.898841438237774	0.0	321064	2875.5780652198537	1	0.75
40285.24120201385	750	20.432256616426645	0.0	361565	4466.584821811127	1	0.75
40288.74132501885	750	20.93213361143337	0.0	378327	3500.1230049932797	1	0.75
40291.605115803686	750	22.068342826586537	0.0	390680	2863.790784846831	1	0.75
40294.32214945459	750	23.351309175686396	0.0	345516	2717.0336509001427	1	0.75
40296.93539823904	750	24.738060391237283	0.0	384505	2613.2487844491125	1	0.75
40299.199741976685	1850	26.473716653587466	0.0	372093	2264.343737649814	3	0.75
40308.130081866904	1850	21.54337676337096	0.0	973972	8930.339890216506	3	0.75
40315.965685988696	1850	17.707772641585297	0.0	958994	7835.604121785664	3	1.85
40323.295361137265	1850	14.378097493018661	0.0	982064	7329.675148566636	3	1.85
40329.959001222334	1850	11.71445740794921	0.0	830730	6663.64008506945	3	1.85
40338.42790575385	750	7.245552876434898	0.0	846370	8468.904531514312	1	1.85

