92381.62580672542	750	4.0	9.476586527007624	450283	9476.586527007625	-39.999322066132784
92382.96001046455	300	6.66579626087374	0.0	155580	1334.20373912626	-0.15000000000000002
92385.980122356	300	7.645684369413982	0.0	139857	3020.111891459757	0.3
92387.39700161784	300	10.228805107590972	0.0	155432	1416.879261823011	0.3
92389.14122647139	300	12.484580254030035	0.0	163442	1744.2248535609351	0.3
92390.18891809072	300	15.436888634711739	0.0	126289	1047.6916193182974	0.3
92392.03324803083	750	17.592558694599482	0.0	352642	1844.329940112255	0.3
92398.26220779949	750	15.363598925931395	0.0	437162	6228.959768668088	0.75
92402.63643950709	750	14.989367218347216	0.0	374758	4374.23170758418	0.75
92407.39410799822	750	14.231698727212049	0.0	362795	4757.668491135168	0.75
92410.35538230944	750	15.270424415995407	0.0	353220	2961.2743112166413	0.75
92413.53054727994	750	16.095259445491283	0.0	405134	3175.1649705041245	0.75
92422.77667681042	750	10.849129915011053	0.0	386351	9246.12953048023	0.75
92425.08719433894	300	12.538612386485784	0.0	179801	2310.517528525271	-0.15000000000000002
92427.51787731572	300	14.107929409688966	0.0	140051	2430.6829767968175	0.3
92428.47838582048	300	17.147420904934616	0.0	138313	960.5085047543508	0.3
92430.85545669797	750	18.770350027439246	0.0	360831	2377.0708774953705	0.3
92441.1863068713	750	12.439499854113148	0.0	372963	10330.850173326098	0.75
92443.60636136582	300	14.019445359581685	0.0	165384	2420.0544945314623	-0.15000000000000002
92447.40308732315	300	14.222719402245032	0.0	140881	3796.7259573366528	0.3
92448.90018313802	300	16.72562358738805	0.0	157671	1497.0958148569816	0.3
92456.87754832034	750	12.748258405058658	0.0	399894	7977.365182329391	0.3
92462.18081305099	750	11.444993674410856	0.0	401853	5303.264730647803	0.75
92466.63957551695	750	10.986231208435543	0.0	343800	4458.762465975313	0.75
92476.54037673719	750	5.0854299882045995	0.0	359903	9900.801220230944	0.75
92482.535649311	300	4.0	0.9098425856136028	153938	5995.2725738182025	-4.062323118138492
92484.41447060693	300	6.121178704067012	0.0	181901	1878.8212959329876	0.3
92485.42908182243	300	9.106567488574772	0.0	111155	1014.6112154922394	0.3
92490.0848524742	300	8.450796836802546	0.0	153605	4655.770651772225	0.3
92497.79263520226	300	4.743014108745147	0.0	149029	7707.7827280574	0.3
92500.73658829655	300	5.799061014454734	0.0	157421	2943.953094290412	0.3
92513.30388333867	300	4.0	6.768234027654077	157488	12567.295042108812	-28.80340631891253
92523.98749224535	300	4.0	6.683608906686539	143881	10683.608906686539	-28.439518298752116
92527.34935033527	300	4.638141910080652	0.0	163444	3361.8580899193485	0.3
92537.03684799826	300	4.0	5.049355752905584	179328	9687.497662986236	-21.412229737494012
92541.84134126594	300	4.0	0.8044932676887947	159914	4804.493267688795	-3.1593210510618173
92546.48162043087	300	4.0	0.6402791649225573	131610	4640.279164922557	-2.4532004091669966
92547.55908221062	300	6.922538220249797	0.0	124011	1077.4617797502024	0.3
92549.38480343716	300	9.096816993707295	0.0	144254	1825.721226542503	0.3
92552.7231862942	300	9.758434136665535	0.0	149991	3338.3828570417595	0.3
92554.01304445366	300	12.468575977202885	0.0	147968	1289.8581594626498	0.3
92558.0498125647	300	12.431807866160664	0.0	161857	4036.7681110422227	0.3
92558.86479008397	300	15.616830346882514	0.0	145210	814.9775192781494	0.3
92561.16314062545	750	17.318479805413283	0.0	438281	2298.350541469228	0.3
92567.10877522214	750	15.372845208722097	0.0	398987	5945.634596691187	0.75
92577.04365484894	750	9.437965581920983	0.0	393804	9934.879626801116	0.75
92578.47187983688	300	12.009740593971397	0.0	137507	1428.2249879495837	-0.15000000000000002
92579.72021284845	300	14.761407582411183	0.0	118421	1248.3330115602157	0.3

