65368.136426299076	750	4.0	6.533029744276072	450283	6533.029744276072	0.06892407009083594	-27.34202790038711
65368.669806079335	300	7.466620219739602	0.0	155580	533.3797802603974	0.2916870975574766	-0.15000000000000002
65374.54948685491	750	5.586939444168016	0.0	350812	5879.680775571586	0.059665143974741756	0.3
65375.20219513968	300	8.934231159389904	0.0	155432	652.7082847781107	0.2381339468562734	-0.15000000000000002
65382.918336839764	750	5.218089459311036	0.0	411561	7716.141700078869	0.05333766745053338	0.3
65383.49671974137	300	8.639706557701347	0.0	126289	578.382901609689	0.21834843258423947	-0.15000000000000002
65384.80559811587	750	11.330828183206034	0.0	352642	1308.8783744953146	0.2694230471459763	0.3
65391.09142689388	1850	9.044999405191579	0.0	1060487	6285.828778014455	0.1687107678957464	0.75
65392.99214855395	1200	11.144277745119512	0.0	584846	1900.7216600720662	0.30769681447089176	0.5499999999999999
65400.418693055995	1850	7.717733243074076	0.0	913888	7426.544502045436	0.12305696138335868	1.2000000000000002
65401.43367851815	750	10.702747780917434	0.0	353220	1014.9854621566408	0.34800498447483	-0.3500000000000001
65405.43272048282	1200	10.703705816253718	0.0	594078	3999.0419646637174	0.1485550802540669	0.75
65412.27633398046	1200	7.860092318615974	0.0	624282	6843.613497637743	0.09122110712644536	1.2
65415.35338809168	750	8.7830382073902	0.0	434409	3077.0541112257747	0.14117691281904332	0.3
65416.95489046124	750	11.181535837836543	0.0	337059	1601.502369553657	0.21046425307128286	0.75
65423.99825766853	1850	8.138168630540209	0.0	923170	7043.3672072963345	0.1310694122327846	0.75
65429.459553096895	750	6.676873202176419	0.0	360831	5461.29542836379	0.06607058796453086	-0.3500000000000001
65430.15571141579	300	9.980714883287662	0.0	150616	696.1583188887563	0.21635308508619275	-0.15000000000000002
65439.627324003726	1200	4.509102295353387	0.0	639204	9471.612587934276	0.06748629064645982	0.29999999999999993
65440.08694579695	300	8.04948050213043	0.0	140881	459.62179322295503	0.30651505667761264	-0.6000000000000001
65441.20834381138	750	10.928082487703632	0.0	386472	1121.3980144267991	0.34463410406299366	0.3
65443.67356346906	1200	12.46286283001964	0.0	616206	2465.2196576839924	0.24995987602131528	0.75
65447.0441320809	1850	13.092294218181044	0.0	968026	3370.5686118385956	0.28719961273001826	1.2000000000000002
65453.30328268898	2850	10.833143610096489	0.0	1323990	6259.150608084555	0.21152870140077548	1.85
65457.97919521117	1200	10.157231087906217	0.0	587236	4675.912522190272	0.1255874649521735	-0.44999999999999996
65459.6214953308	1200	12.514930968276136	0.0	590335	1642.3001196300813	0.3594562241966892	1.2
65475.7716072259	1850	4.0	3.6351809268234976	1076599	16150.111895099633	0.06666201491313929	-14.43127798534104
65476.388789102144	300	7.3828181237568	0.0	111155	617.1818762432003	0.18010088156930812	-1.25
65487.27214800019	750	4.0	3.500540774295697	400396	10883.358898052496	0.03678974512837651	-14.752325329471494
65489.13530848741	300	6.1368395127784865	0.0	149029	1863.1604872215134	0.07998720508625823	-0.15000000000000002
65490.200230985174	300	9.071917015025392	0.0	157421	1064.9224977530935	0.14782390299026124	0.3
65494.78620474125	1200	8.485943258950538	0.0	620283	4585.9737560748545	0.1352565524777232	0.29999999999999993
65495.904326616546	750	11.367821383650375	0.0	369834	1118.121875300162	0.33076358505258413	0.3
65504.21070218246	1850	7.061445817733034	0.0	1035329	8306.37556591734	0.1246426906397243	0.75
65509.1577335051	750	6.114414495096471	0.0	401088	4947.031322636563	0.08107650302610914	-0.3500000000000001
65509.68322678373	300	9.588921216469418	0.0	159914	525.4932786270537	0.3043121701152949	-0.15000000000000002
65513.12179246842	1200	10.150355531784832	0.0	487812	3438.565684684586	0.14186496485226985	0.29999999999999993
65514.86979832282	1200	12.40234967737823	0.0	575591	1748.005854406604	0.32928436626740937	1.2
65519.77486698059	1850	11.497281019610673	0.0	908665	4905.068657767558	0.18525021022102478	1.2000000000000002
65524.88856105136	1850	10.383586948842087	0.0	930577	5113.694070768585	0.18197744861575868	1.85
65527.48984616406	1200	11.782301836143208	0.0	566904	2601.285112698879	0.21793228171433585	0.5499999999999999
65531.076612874924	1850	12.195535125281138	0.0	1025005	3586.7667108620694	0.28577409199653325	1.2000000000000002
65536.18675632727	1850	11.085391672937636	0.0	886255	5110.143452343501	0.1734305520510516	1.85
65543.29422150085	1850	7.9779264993557355	0.0	973972	7107.465173581901	0.1370350717468453	1.85
65544.69921545786	750	10.572932542346964	0.0	398987	1404.9939570087718	0.28397773386117775	-0.3500000000000001
65552.07969529579	1200	7.192452704407014	0.0	638661	7380.47983793995	0.0865338045796036	0.75
65557.98118452534	750	5.290963474860668	0.0	331053	5901.489229546346	0.05609651854358267	0.3
65558.40574816572	300	8.866399834473967	0.0	118421	424.5636403867001	0.2789240263064921	-0.15000000000000002

