31028.88270685407	300	4.0	1.6064744272478444	181801	1606.4744272478445	-6.60784003716573
31029.9719515282	300	6.9107553258669325	0.0	155580	1089.2446741330682	0.3
31032.073490160863	300	8.809216693205709	0.0	139857	2101.5386326612224	0.3
31033.045757918204	300	11.836948935864845	0.0	155432	972.2677573408655	0.3
31036.567205024247	300	12.315501829823194	0.0	163442	3521.4471060416486	0.3
31037.835046304983	300	15.04766054908688	0.0	126289	1267.8412807363163	0.3
31039.013224576094	300	17.86948227797441	0.0	153295	1178.1782711124697	0.3
31039.870108868912	300	21.012597985156546	0.0	173849	856.884292817863	0.3
31040.53010939086	300	24.352597463209953	0.0	150710	660.0005219465913	0.3
31041.145448602623	300	27.737258251443112	0.0	139105	615.339211766841	0.3
31042.476067317708	300	30.406639536359883	0.0	141840	1330.6187150832286	0.3
31044.150521627515	300	32.732185226553774	0.0	156148	1674.4543098061085	0.3
31045.05139398185	300	35.831312872221474	0.0	160746	900.8723543323048	0.3
31046.201301981557	300	38.68140487251217	0.0	179801	1149.9079997093065	0.3
31047.463542209494	300	41.41916464457484	0.0	140051	1262.2402279373275	0.3
31048.574910863255	300	44.30779599081485	0.0	138313	1111.368653759985	0.3
31049.639970555585	300	47.24273629848256	0.0	143509	1065.0596923322973	0.3
31052.783006277936	300	48.09970057613069	0.0	150616	3143.0357223518718	0.3
31054.09880107375	300	50.783905780318314	0.0	165384	1315.7947958123686	0.3
31055.56300840259	300	53.31969845147562	0.0	140881	1464.207328842698	0.3
31057.42805902099	300	55.454647833075896	0.0	157671	1865.0506183997172	0.3
31058.971000569985	300	57.91170628408134	0.0	157812	1542.9415489945582	0.3
31060.397569201086	300	59.79230601246465	0.0	163927	1119.4002716166901	0.3
31061.751071053754	300	59.777139243922235	0.0	137654	1015.1667685424204	0.3
31065.595224762303	300	59.932985535374	0.0	146754	3844.1537085482323	0.3
31067.13307519325	300	59.754804795386285	0.0	153938	1178.1807399877164	0.3
31070.47505925165	300	59.72364761166733	0.0	181901	3031.157183718955	0.3
31071.292974137206	300	59.92310363678119	0.0	111155	800.5439748861368	0.3
31073.882258696685	300	59.84714681237279	0.0	153605	2575.956824408403	0.3
31076.94578993824	300	59.53904502858221	0.0	149029	2808.1017837905842	0.3
31079.65542934516	300	59.574940146504595	0.0	157421	2464.1048820776127	0.3
31087.179298467905	750	56.051071023759675	0.0	400322	7523.869122744921	0.3
31094.51551271863	750	52.714856773035336	0.0	369834	7336.214250724331	0.75
31100.10892769925	750	51.121441792416825	0.0	412837	5593.414980618513	0.75
31103.43271410591	750	51.79765538575292	0.0	401088	3323.786406663898	0.75
31107.84526026972	750	51.38510922194489	0.0	365161	4412.546163808038	0.75
31110.464572454424	750	52.76579703724261	0.0	321064	2619.3121847022717	0.75
31112.874866087306	750	54.35550340436076	0.0	361565	2410.2936328818523	0.75
31114.983044108787	750	56.24732538288257	0.0	378327	2108.178021478192	0.75
31116.9152073226	750	58.31516216906712	0.0	390680	1932.1632138154423	0.75
31120.46815098907	750	58.762218502598685	0.0	345516	3552.9436664684413	0.75
31123.276281079146	750	59.76778143888473	0.0	384505	1994.4370637139514	0.75
31127.047540818257	750	59.99652169977433	0.0	372093	3271.2597391104077	0.75
31131.2113420209	750	59.62859737269165	0.0	438281	3367.924327082674	0.75
31134.18517975878	750	59.9996169415294	0.0	398987	2628.9804311622456	0.75
31137.666398782312	750	59.641936166120566	0.0	393804	2857.680775408847	0.75
31140.407170949573	750	59.53781924755429	0.0	331053	2104.1169185662693	0.75
31142.542421001148	750	59.7535217221141	0.0	314107	1784.2975254401877	0.75

