19536.566190093177	750	4.0	3.703017892476998	450283	3703.017892476998	0.12159892635538946	-15.172976937651091
19537.306085161516	300	7.260104931664126	0.0	155580	739.8950683358734	0.21027305986769312	-0.15000000000000002
19538.350755142943	750	10.21543495023796	0.0	350812	1044.6699814261665	0.3358113148049657	0.3
19542.000571466717	1200	10.56561862646259	0.0	617681	3649.816323775369	0.16923618757917958	0.75
19545.211982266734	1200	11.35420782644375	0.0	652874	3211.410800018841	0.20329818906885708	1.2
19547.91582584546	1850	12.650364247721189	0.0	801058	2703.843578722561	0.29626639880494204	1.2000000000000002
19552.746524921935	1850	11.819665171244488	0.0	905515	4830.6990764767015	0.1874500948339847	1.85
19558.281754315918	1850	10.284435777261963	0.0	1060487	5535.229393982523	0.19158862705001534	1.85
19560.85295639468	1200	11.713233698497186	0.0	584846	2571.2020787647775	0.22746014591002658	0.5499999999999999
19564.72210540389	1850	11.844084689288506	0.0	913888	3869.14900920868	0.23619870876642943	1.2000000000000002
19566.08973942042	1850	14.47645067275848	0.0	939819	1367.6340165300264	0.6871860370836032	1.85
19570.081164852665	2850	14.485025240511176	0.0	1519951	3991.4254322473043	0.38080405754798663	1.85
19572.349150736678	2850	16.217039356498223	0.0	1422919	2267.985884012951	0.6273932346890545	2.85
19575.974574619708	4300	16.59161547347122	0.0	2275376	3625.4238830270046	0.6276165417932321	2.8499999999999996
19579.82051994118	4300	16.745670151999658	0.0	2005399	3845.9453214715595	0.5214320101755066	4.3
19585.459767903	4300	15.106422190176959	0.0	2152483	5639.247961822696	0.3816968174785282	4.3
19594.735955382694	4300	9.830234710483605	0.0	2289689	9276.187479693355	0.2468351362035743	4.3
19597.191743981875	1200	11.37444611130119	0.0	581493	2455.7885991824146	0.23678463211108303	-1.9000000000000001
19603.132393729124	1850	9.433796364051158	0.0	987708	5940.64974725003	0.16626262143416506	1.2000000000000002
19604.03598719452	1200	12.53020289865486	0.0	586839	903.5934653962995	0.6494502477866229	0.5499999999999999
19613.89723200116	1850	6.668958092016553	0.0	891604	9861.244806638306	0.09041495444873227	1.2000000000000002
19614.409051386323	300	10.15713870685269	0.0	157812	511.81938516386344	0.3083353319051702	-1.25
19616.15839392223	1200	12.40779617094677	0.0	656471	1749.3425359059186	0.375267271289461	0.29999999999999993
19620.93910843182	1850	11.627081661356902	0.0	874175	4780.714509589869	0.18285446626157026	1.2000000000000002
19622.45435489953	1850	14.111835193643008	0.0	897976	1515.2464677138933	0.5926270208402523	1.85
19626.335175600754	2850	14.231014492420007	0.0	1480464	3880.8207012230014	0.3814821951278107	1.85
19632.409511101574	2850	12.156678991601513	0.0	1547572	6074.3355008184935	0.2547722297840596	2.85
19634.130739142554	1850	14.435450950619654	0.0	758197	1721.22804098186	0.44049770393439147	0.8500000000000001
19642.199542401817	2850	10.366647691358427	0.0	1498470	8068.803259261227	0.1857115549669752	1.85
19647.086250139393	1200	9.479939953780882	0.0	641447	4886.707737577545	0.13126363074006553	-0.44999999999999996
19648.368441091476	1200	12.197749001701425	0.0	570392	1282.190952079457	0.4448572960797597	1.2
19653.00116375659	1850	11.56502633658543	0.0	954453	4632.722665115995	0.20602420412232947	1.2000000000000002
19655.091850737415	1850	13.474339355759446	0.0	885062	2090.6869808259835	0.42333549121271696	1.85
19660.94981231032	2850	11.61637778285584	0.0	1587293	5857.961572903605	0.27096336844238283	1.85
19662.4901587215	1850	14.076031371675036	0.0	1026056	1540.3464111808064	0.66612029122296	0.8500000000000001
19664.341911820105	2850	16.224278273069142	0.0	1439896	1851.7530986058928	0.7775853060994131	1.85
19672.540746042945	4300	12.025444050230428	0.0	1919781	8198.834222838716	0.23415292318659744	2.8499999999999996
19679.53354113765	1850	9.032648955525652	0.0	938587	6992.795094704775	0.13422200812243673	-0.6000000000000001
19680.867407983445	1200	11.698782109731404	0.0	605884	1333.8668457942467	0.45423124647740104	0.5499999999999999
19685.07254068217	1850	11.493649411005707	0.0	930577	4205.132698725698	0.22129551352374618	1.2000000000000002
19686.94115030208	1850	13.62503979109929	0.0	858450	1868.609619906415	0.4594057479180662	1.85
19697.063143598145	2850	7.50304649502941	0.0	1527299	10121.99329606988	0.150889153482547	1.85
19701.87042040678	750	6.695769686394214	0.0	372093	4807.276808635196	0.07740203337815252	-1.35
19702.39895139196	300	10.167238701216066	0.0	172312	528.5309851781473	0.32602062098955337	-0.15000000000000002
19704.110565050123	1200	12.455625043052468	0.0	630203	1711.6136581635992	0.3681923178132083	0.29999999999999993
19706.18644746449	1850	14.379742628685479	0.0	982064	2075.882414366988	0.4730826723147838	1.2000000000000002
19710.379074364624	2850	14.187115728548378	0.0	1231456	4192.626900137102	0.29371943398057443	1.85
19715.792651775693	2850	12.773538317480906	0.0	1364537	5413.577411067471	0.2520582779901424	2.85

