61406.78113964027	300	4.0	1.023771259818019	181801	1023.7712598180192	-4.102216417217482
61407.295446351	300	7.4856932892649715	0.0	155580	514.306710735029	0.3
61407.78191524352	300	10.999224396750865	0.0	139857	486.4688925141049	0.3
61408.407534392005	300	14.373605248268051	0.0	155432	625.6191484828136	0.3
61409.06127136294	300	17.719868277333312	0.0	163442	653.7369709347369	0.3
61409.584588676254	300	21.19655096402109	0.0	126289	523.3173133122268	0.3
61410.11269520635	300	24.66844443392384	0.0	153295	528.1065300972471	0.3
61410.69553834001	300	28.08560130026319	0.0	173849	582.8431336606533	0.3
61411.211453925804	300	31.569685714473238	0.0	150710	515.9155857899502	0.3
61411.693803056995	300	35.087336583285456	0.0	139105	482.3491311877846	0.3
61412.18688071551	300	38.59425892476304	0.0	141840	493.0776585224126	0.3
61412.73210801186	300	42.04903162841217	0.0	156148	545.2272963508649	0.3
61413.2910345878	300	45.49010505247642	0.0	160746	558.926575935754	0.3
61413.90673362404	300	48.874406016234	0.0	179801	615.6990362424228	0.3
61414.40400152425	300	52.37713811602884	0.0	140051	497.26790020515773	0.3
61415.46599108313	300	55.315148557148355	0.0	138313	1061.9895588804789	0.3
61416.71258391086	300	58.068555729415266	0.0	143509	1246.5928277330906	0.3
61418.21933870061	300	59.60078609688857	0.0	150616	967.7696325266984	0.3
61419.190172182396	300	59.520361969860836	0.0	165384	580.4241270277374	0.3
61420.36006466658	300	59.64012027449995	0.0	140881	880.2416953608904	0.3
61423.29320283974	300	59.82937670062639	0.0	157671	2810.743573873559	0.3
61425.84986277699	300	59.78224395055038	0.0	157812	547.1327500760087	0.3
61428.460967118954	300	59.856455454246735	0.0	163927	925.7884963036394	0.3
61430.65136696557	300	59.863913406077046	0.0	137654	492.54204816969093	0.3
61433.01621080852	300	59.66042034092112	0.0	146754	703.4930651559245	0.3
61436.88752380794	300	59.789107341501285	0.0	153938	2871.3129994198293	0.3
61439.14558189554	300	59.96691027401287	0.0	181901	822.1970674884218	0.3
61441.09442755659	300	59.59041791064008	0.0	111155	376.4923633727904	0.3
61444.892491342434	750	59.79235412479455	0.0	400396	2798.0637858455334	0.3
61447.29263483193	750	59.922990909411084	0.0	400508	1369.3632153834606	0.75
61450.16279573303	750	59.51280058446405	0.0	358218	1410.1903249470377	0.75
61456.51500037422	750	57.160595943280676	0.0	400322	6352.20464118337	0.75
61457.98285326975	750	59.69274304774681	0.0	369834	1467.8528955338704	0.75
61462.060517004866	750	59.6150793126329	0.0	412837	3577.6637351139066	0.75
61465.680311172466	750	59.995285145033485	0.0	401088	3119.7941675994157	0.75
61467.37612435864	750	59.93712160648782	0.0	365161	1058.1635385456632	0.75
61468.92606704262	750	59.860975164608554	0.0	321064	1076.1464418792668	0.75
61470.698326021324	750	59.71674363416847	0.0	361565	1144.2315304400859	0.75
61473.341051350675	750	59.969394765167266	0.0	378327	2247.3488690012055	0.75
61474.89373735699	750	59.779240048435845	0.0	390680	1190.15471673142	0.75
61476.658169427894	750	59.59428965217517	0.0	345516	1184.9503962606757	0.75
61478.05526921737	750	59.822480521257546	0.0	384505	1271.8091309176202	0.75
61480.19739538871	750	59.837062728624595	0.0	372093	1485.4177926329469	0.75
61481.81448325136	750	59.98937300096481	0.0	438281	1347.689727659778	0.75
61485.43745306911	750	59.56508717866602	0.0	398987	2924.285822298793	0.75
61486.95030627985	750	59.793502606276725	0.0	393804	1271.5845723892946	0.75
61489.24847969471	750	59.7745500873635	0.0	331053	2018.9525189132287	0.75
61493.12250728804	750	59.90052249403476	0.0	314107	3874.027593328739	0.75

