28190.297980710755	300	4.0	4.411724267922699	450283	4411.724267922698	0	-18.220414352067603
28190.841100024256	750	7.456880686498251	0.0	155580	543.1193135017493	1	-0.15000000000000002
28196.10218024637	300	6.1958004643864255	0.0	350812	5261.080222111826	0	0.3
28196.643461108575	750	9.654519602176544	0.0	155432	541.2808622098817	1	-0.15000000000000002
28199.74860361249	750	10.549377098261745	0.0	411561	3105.1425039147994	1	0.3
28200.60127150802	1850	13.696709202729954	0.0	318564	852.6678955317904	3	0.75
28205.21365129475	1850	13.084329416003861	0.0	905515	4612.379786726093	3	0.75
28213.645432891903	750	8.652547818850033	0.0	1060487	8431.781597153828	1	1.85
28222.226417224832	300	4.071563485919239	0.0	374758	8580.984332930793	0	-0.3500000000000001
28223.200236866498	300	7.097743844255907	0.0	139105	973.8196416633332	0	-0.15000000000000002
28224.867628727712	300	9.430351983040373	0.0	141840	1667.3918612155342	0	0.3
28229.335047614954	300	8.962933095797627	0.0	156148	4467.418887242747	0	0.3
28232.235716393356	300	10.06226431739531	0.0	160746	2900.668778402315	0	0.3
28232.82437510164	750	13.47360560911049	0.0	179801	588.6587082848223	1	0.3
28233.717187350147	1850	16.580793360606563	0.0	337059	892.8122485039269	3	0.3
28236.32149261671	1850	17.976488094043233	0.0	923170	2604.305266563331	3	0.75
28245.09448961156	750	13.20349109919061	0.0	966699	8772.996994852625	1	1.85
28246.62253838944	750	15.675442321312874	0.0	372963	1528.048777877735	1	-0.3500000000000001
28248.570873396624	1850	17.727107314128546	0.0	405596	1948.3350071843313	3	0.75
28256.188994937333	750	14.108985773416853	0.0	923755	7618.121540711692	1	0.75
28264.483578157946	300	9.814402552802921	0.0	386472	8294.583220613931	0	-0.3500000000000001
28265.89975887797	750	12.398221832777748	0.0	157812	1416.180720025173	1	-0.15000000000000002
28270.182634834888	750	12.115345875859031	0.0	401853	4282.875956918716	1	0.3
28273.595739447403	750	12.702241263344384	0.0	343800	3413.104612514647	1	0.75
28274.7249427053	1850	15.573038005448202	0.0	359903	1129.20325789618	3	0.75
28289.486388097073	300	4.811592613674662	0.0	905935	14761.44539177354	0	0.75
28301.831093478206	300	4.0	7.53311276745784	181901	12344.705381132502	0	-33.64238490006871
28303.296656597337	300	6.534436880871862	0.0	111155	1465.5631191281382	0	0.3
28305.990600054753	300	7.84049342345515	0.0	153605	2693.9434574167117	0	0.3
28306.647555354815	750	11.18353812339406	0.0	149029	656.9553000610888	1	0.3
28308.09679322872	750	13.734300249488806	0.0	358218	1449.2378739052538	1	0.3
28309.64835412261	1850	16.18273935559594	0.0	400322	1551.5608938928685	3	0.75
28319.548565636276	750	10.282527841932925	0.0	885062	9900.211513663013	1	0.75
28320.853756120297	750	12.977337357913282	0.0	412837	1305.1904840196416	1	-0.3500000000000001
28323.8762516128	750	13.954841865408886	0.0	401088	3022.495492504397	1	0.75
28324.841939202735	1850	16.989154275473165	0.0	365161	965.6875899357244	3	0.75
28328.749052825533	1850	17.08204065267923	0.0	728962	3907.113622793935	3	0.75
28335.9042436944	750	13.926849783815294	0.0	938587	7155.190868863933	1	1.85
28344.447216062184	300	9.383877416028604	0.0	378327	8542.972367786691	0	-0.3500000000000001
28346.1828429767	300	11.648250501513537	0.0	149991	1735.6269145150652	0	-0.15000000000000002
28347.213611854437	750	14.617481623776287	0.0	147968	1030.7688777372496	1	0.3
28354.89181328141	300	10.939280196802791	0.0	384505	7678.201426973497	0	0.3
28356.39260908134	750	13.438484396874243	0.0	145210	1500.7957999285481	1	-0.15000000000000002
28357.529516522132	1850	16.301576956080346	0.0	438281	1136.9074407938954	3	0.3
28360.23688254515	1850	17.594210933065895	0.0	958994	2707.3660230144505	3	0.75
28369.102713348402	1850	12.728380129808466	0.0	982064	8865.830803257431	3	1.85
28376.69809520468	750	9.132998273529847	0.0	830730	7595.381856278618	1	1.85
28377.92877659203	750	11.902316886180994	0.0	314107	1230.6813873488543	1	-0.3500000000000001

