44201.36001545311	300	4.0	9.191958863326393	450283	9191.958863326394	0	-38.775423112303486
44202.02043132593	300	7.3395841271802205	0.0	155580	660.4158728197805	0	-0.15000000000000002
44203.0580636375	300	10.301951815607827	0.0	139857	1037.632311572393	0	0.3
44204.1281830652	750	13.231832387910005	0.0	155432	1070.1194276978226	1	0.3
44209.36895722134	750	11.991058231760825	0.0	411561	5240.77415614918	1	0.3
44215.41600927623	300	9.944006176871714	0.0	318564	6047.052054889111	0	0.75
44216.40017678094	750	12.95983867216641	0.0	153295	984.1675047053044	1	-0.15000000000000002
44230.32147415697	300	4.0	0.9614587038620958	437162	13921.297376028504	0	-3.8342724266070114
44234.93479028451	300	4.0	0.6133161275460689	150710	4613.316127546069	0	-2.7872593484480963
44235.794608351185	300	7.140181933329066	0.0	139105	859.8180666709343	0	0.3
44239.64986256478	300	7.2849277197341635	0.0	141840	3855.2542135949025	0	0.3
44243.614828404105	300	7.319961880406392	0.0	156148	3964.965839327772	0	0.3
44255.22478738311	300	4.0	4.28999709860015	160746	11609.958979006542	0	-18.14698752398064
44256.78645753287	300	6.4383298502408035	0.0	179801	1561.6701497591964	0	0.3
44258.08334311196	300	9.14144427114567	0.0	140051	1296.8855790951352	0	0.3
44261.38111588585	300	9.843671497254	0.0	138313	3297.772773891669	0	0.3
44262.3358384641	300	12.888948919004775	0.0	143509	954.7225782492233	0	0.3
44267.48539365645	300	11.739393726662758	0.0	150616	5149.555192342017	0	0.3
44270.41230236971	300	12.81248501339909	0.0	165384	2926.9087132636664	0	0.3
44271.29652419034	750	15.928263192779086	0.0	140881	884.2218206200045	1	0.3
44276.401295288495	750	14.823492094618075	0.0	386472	5104.77109816101	1	0.3
44282.52578085316	750	12.699006529952843	0.0	399894	6124.485564665233	1	0.75
44284.27082463908	750	14.953962744034119	0.0	401853	1745.0437859187246	1	0.75
44285.59471097888	1850	17.63007640423887	0.0	343800	1323.88633979525	3	0.75
44298.416381793264	750	8.808405589857314	0.0	897976	12821.670814381556	1	0.75
44300.53778598134	750	10.687001401784954	0.0	379700	2121.4041880723607	1	-0.3500000000000001
44302.96402521382	750	12.260762169294493	0.0	425781	2426.239232490462	1	0.75
44304.76430016859	750	14.460487214527454	0.0	277716	1800.2749547670371	1	0.75
44309.10375172002	750	14.121035663100749	0.0	400396	4339.451551426707	1	0.75
44311.33936681454	750	15.88542056857505	0.0	400508	2235.6150945257	1	0.75
44313.57598075878	750	17.648806624344253	0.0	358218	2236.613944230799	1	0.75
44316.05126139589	750	19.173525987228363	0.0	400322	2475.2806371158886	1	0.75
44317.63275709896	1850	21.592030284163222	0.0	369834	1581.4957030651428	3	0.75
44321.28676948472	1850	21.93801789840108	0.0	1035329	3654.0123857621447	3	0.75
44326.6090615954	1850	20.615725787720216	0.0	1026056	5322.292110680861	3	1.85
44332.70706725289	1850	18.51772013022539	0.0	943942	6098.00565749483	3	1.85
44337.10490144992	1850	18.119885933205133	0.0	728962	4397.8341970202555	3	1.85
44344.17382499122	1850	15.0509623918963	0.0	938587	7068.923541308831	3	1.85
44349.89707217263	1850	13.327715210497784	0.0	908665	5723.247181398516	3	1.85
44362.2367709725	300	4.988016410625887	0.0	930577	12339.698799871898	0	1.85
44363.4668989179	300	7.757888465226806	0.0	147968	1230.1279453990812	0	-1.25
44364.80498349604	300	10.419803887085187	0.0	161857	1338.084578141619	0	0.3
44367.07706349014	300	12.147723892983938	0.0	145210	2272.0799941012483	0	0.3
44368.87585137141	750	14.348936011714812	0.0	172312	1798.7878812691272	1	0.3
44371.55623285982	750	15.668554523309853	0.0	398987	2680.381488404958	1	0.3
44373.351261084	750	17.87352629913396	0.0	393804	1795.028224175895	1	0.75
44375.39566459044	750	19.82912279269392	0.0	331053	2044.403506440037	1	0.75
44377.34206221418	750	21.88272516895127	0.0	314107	1946.3976237426502	1	0.75

