65970.35285918342	300	4.0	6.533029744276072	450283	6533.029744276072	0	-27.34202790038711
65970.88623896368	750	7.466620219739602	0.0	155580	533.3797802603974	1	-0.15000000000000002
65976.76591973925	300	5.586939444168016	0.0	350812	5879.680775571586	0	0.3
65977.41862802402	750	8.934231159389904	0.0	155432	652.7082847781107	1	-0.15000000000000002
65985.13476972411	300	5.218089459311036	0.0	411561	7716.141700078869	0	0.3
65985.71315262571	750	8.639706557701347	0.0	126289	578.382901609689	1	-0.15000000000000002
65987.02203100022	750	11.330828183206034	0.0	352642	1308.8783744953146	1	0.3
65988.59954951702	750	13.75330966638743	0.0	437162	1577.5185168186017	1	0.75
65990.41832032337	750	15.934538860050843	0.0	374758	1818.7708063365883	1	0.75
65993.85911653681	750	16.493742646604463	0.0	362795	3440.796213446378	1	0.75
65995.04226168442	1850	19.310597499001013	0.0	353220	1183.1451476034524	3	0.75
66002.27584503077	1850	16.077014152649593	0.0	917428	7233.583346351418	3	0.75
66006.44173412808	1850	15.91112505533599	0.0	946851	4165.889097313603	3	1.85
66016.95346307862	750	9.39939610480161	0.0	1036454	10511.72895053438	1	1.85
66018.55496544817	750	11.797893735247953	0.0	337059	1601.502369553657	1	-0.3500000000000001
66021.49916605226	750	12.853693131151998	0.0	366214	2944.2006040959554	1	0.75
66024.68184899745	750	13.671010185968864	0.0	360831	3182.682945183134	1	0.75
66026.55720021357	750	15.795658969844279	0.0	372963	1875.351216124585	1	0.75
66032.18396390366	750	14.168895279757832	0.0	405596	5626.763690086447	1	0.75
66036.76203206967	750	13.590827113749226	0.0	350713	4578.068166008606	1	0.75
66042.09113287395	750	12.261726309471342	0.0	386472	5329.100804277884	1	0.75
66043.24869817642	1850	15.104161006988392	0.0	399894	1157.5653024829494	3	0.75
66046.60793971663	1850	15.74491946678704	0.0	968026	3359.241540201351	3	0.75
66050.3602245108	1850	15.992634672613079	0.0	874175	3752.284794173961	3	1.85
66054.8039280492	1850	15.548931134225583	0.0	897976	4443.703538387498	3	1.85
66060.42282705026	1850	13.930032133153496	0.0	905935	5618.899001072086	3	1.85
66075.40391281256	300	4.0	1.0510536291445314	1076599	14981.085762298027	0	-2.669530605321485
66076.0210946888	300	7.3828181237568	0.0	111155	617.1818762432003	0	-1.25
66076.84342586689	750	10.560486945669112	0.0	153605	822.3311780876866	1	0.3
66078.85897207615	750	12.544940736408066	0.0	400508	2015.5462092610474	1	0.3
66089.55430874522	300	5.849604067334049	0.0	358218	10695.336669074017	0	0.75
66091.41684203212	300	7.987070780436569	0.0	157488	1862.5332868974806	0	-0.15000000000000002
66092.40235459192	300	11.001558220640115	0.0	143881	985.5125597964523	0	0.3
66093.50496067828	750	13.89895213426818	0.0	163444	1102.6060863719363	1	0.3
66097.00794203751	750	14.395970775038952	0.0	401088	3502.981359229229	1	0.3
66098.11294682915	1850	17.290965983412214	0.0	365161	1105.0047916267365	3	0.75
66103.5613895408	1850	15.842523271743422	0.0	728962	5448.44271166879	3	0.75
66112.01211668688	750	11.391796125678688	0.0	938587	8450.727146064735	1	1.85
66115.1339691789	750	12.269943633640867	0.0	378327	3121.8524920378204	1	-0.3500000000000001
66116.33847710055	1850	15.06543571199519	0.0	390680	1204.5079216456766	3	0.75
66119.11917379512	1850	16.2847390174345	0.0	858450	2780.6966945606896	3	0.75
66125.90902337772	1850	13.494889434818372	0.0	1025005	6789.84958261613	3	1.85
66130.06006979509	1850	13.3438430174563	0.0	886255	4151.046417362072	3	1.85
66133.45648990643	1850	13.947422906121524	0.0	973972	3396.420111334775	3	1.85
66139.24144536555	1850	12.16246744699245	0.0	958994	5784.9554591290735	3	1.85
66145.94263569052	750	9.461277122027706	0.0	982064	6701.190324964744	1	1.85
66147.12202796257	1850	12.28188484997467	0.0	331053	1179.3922720530368	3	-0.3500000000000001
66159.94410077426	300	4.0	0.5401879617128743	846370	12822.072811687543	0	-1.5728082353653594

