39697.523646293164	750	4.0	2.1460117851185947	450283	2146.0117851185946	0.209823172045216	-8.477850676009957
39698.08426447045	300	7.439381822709607	0.0	155580	560.6181772903934	0.27751508299633937	-0.15000000000000002
39699.08000644801	750	10.443639845144258	0.0	350812	995.7419775653498	0.35231215305169405	0.3
39700.79137506332	1200	12.732271229837373	0.0	617681	1711.3686153068854	0.36092808672270554	0.75
39704.30248790244	1850	13.221158390718637	0.0	996749	3511.112839118736	0.28388406914605935	1.2000000000000002
39707.13894916099	2850	14.38469713217452	0.0	1224260	2836.461258544119	0.4316152728376697	1.85
39710.46391467363	2850	15.059731619534402	0.0	1388403	3324.9655126401176	0.4175691431149818	2.85
39716.09190267399	4300	13.431743619169781	0.0	2290172	5627.9880003646185	0.4069255300209644	2.8499999999999996
39719.182750435066	2850	14.34089585809299	0.0	1348011	3090.847761076791	0.4361298595730187	1.4000000000000001
39721.64651883742	2850	15.877127455740187	0.0	1429765	2463.7684023528036	0.580316314891704	2.85
39724.464927360474	4300	17.058718932688198	0.0	2173522	2818.40852305199	0.7711877047711816	2.8499999999999996
39727.221922944445	4300	18.30172334871657	0.0	2102452	2756.9955839716245	0.7625880912624773	4.3
39731.06050798228	4300	18.463138310886134	0.0	2209463	3838.585037830438	0.5755930839684575	4.3
39733.98919388004	4300	19.53445241311945	0.0	2275376	2928.6858977666857	0.7769272907467212	4.3
39736.371461774186	4300	21.15218451897439	0.0	2005399	2382.2678941450577	0.8418024710523552	4.3
39739.169755054914	4300	22.3538912382477	0.0	2152483	2798.2932807266884	0.7692127965375459	4.3
39744.1792590266	4300	21.3443872665699	0.0	2289689	5009.503971677805	0.4570690058227716	4.3
39746.365693460444	4300	23.157952832723986	0.0	2059512	2186.434433845912	0.9419500388938457	4.3
39748.69016572168	4300	24.83348057148822	0.0	2220726	2324.4722612357646	0.9553678213477111	4.3
39751.39583665321	4300	26.127809639955814	0.0	2156729	2705.670931532406	0.7971143034672354	4.3
39755.48687359951	4300	26.036772693648615	0.0	2039773	4091.036946307199	0.49859559489953137	4.3
39770.63025072319	4300	14.893395569972064	0.0	2176469	15143.37712367655	0.14372414965464395	4.3
39773.5373797655	2850	15.986266527663531	0.0	1505760	2907.129042308533	0.5179543040869922	1.4000000000000001
39776.3802772212	4300	17.14336907195778	0.0	2044075	2842.897455705752	0.7190111609187665	2.8499999999999996
39781.16187777631	4300	16.361768516849402	0.0	2186790	4781.600555108375	0.4573343119729574	4.3
39803.832935365484	4300	4.0	6.309289072321794	2105231	22671.057589171196	0.0928598496880693	-22.829943010983712
39804.16882676347	300	7.664108602019362	0.0	181901	335.8913979806373	0.5415470628113133	-3.7
39804.63950705374	750	11.193428311742835	0.0	277716	470.68029027652767	0.5900310799860348	0.3
39814.45603472717	1850	5.3769006383089835	0.0	972798	9816.527673433851	0.09909797357701661	0.75
39815.40904012502	300	8.423895240458362	0.0	149029	953.0053978506206	0.15637791804339773	-1.25
39819.227084644466	750	8.605850721008487	0.0	358218	3818.0445194498766	0.0938223737767243	0.3
39830.76842811699	750	4.0	2.935492751516129	400322	11541.343472524615	0.03468590991620765	-11.872618831519354
39834.961688024334	300	4.0	0.19325990734147944	143881	4193.259907341479	0.034312445013984436	-0.9810176015683616
39836.74021868847	300	6.221469335858654	0.0	163444	1778.5306641413463	0.09189833118728309	0.3
39837.95520700261	300	9.006481021719502	0.0	179328	1214.9883141391522	0.1475964813102405	0.3
39838.914701202404	1200	12.046986821921957	0.0	598727	959.4941997975433	0.6240027299032486	0.29999999999999993
39840.12068649153	1850	14.841001532800446	0.0	728962	1205.9852891215098	0.6044534759880914	1.2000000000000002
39847.47591024368	2850	11.485777780644767	0.0	1499009	7355.223752155681	0.2038019576985225	1.85
39849.173872740765	1850	13.787815283560349	0.0	908665	1697.9624970844181	0.5351502177228733	0.8500000000000001
39854.39365012434	2850	12.56803789999228	0.0	1402287	5219.777383568068	0.2686488133410476	1.85
39856.75529414953	1850	14.20639387479407	0.0	858450	2361.6440251982085	0.36349678056495066	0.8500000000000001
39871.80583822258	2850	4.0	0.8441501982500577	1527299	15050.544073044128	0.10147799259532603	-1.7798458524752476
39872.3818823378	300	7.423955884775474	0.0	145210	576.0441152245265	0.2520813878003094	-2.25
39874.81632444933	750	8.989513773247184	0.0	438281	2434.4421115282894	0.1800334450034866	0.3
39875.35727605268	750	12.448562169897468	0.0	398987	540.9516033497168	0.737565056706304	0.75
39876.571859323296	1850	15.23397889928455	0.0	982064	1214.5832706129179	0.808560453417425	0.75
39892.98254977514	4300	4.0	1.176711552561177	1961140	16410.690451845727	0.1195038079448649	-3.2098596760130613
39894.63725026194	300	6.345299513195999	0.0	118421	1654.7004868039999	0.07156642603564244	-3.7

