63540.256553363906	300	4.0	1.2713877997458516	181801	1271.3877997458517	-5.166967538907162
63540.75393766312	300	7.502615700789641	0.0	155580	497.3842992103589	0.3
63541.01976643235	300	11.236786931552881	0.0	139857	265.82876923675985	0.3
63541.35335944644	300	14.903193917469586	0.0	155432	333.5930140832934	0.3
63542.12297300165	750	18.13358036225704	0.0	411561	769.6135552125495	0.3
63542.73127689181	750	21.525276472096134	0.0	318564	608.3038901609041	0.75
63543.83368539918	1200	24.422867964724276	0.0	561791	1102.4085073718588	0.75
63548.2479755292	1850	24.008577834703885	0.0	1060487	4414.290130020387	1.2000000000000002
63549.95283008779	1850	26.30372327612028	0.0	852833	1704.8545585836061	1.85
63552.45318359192	2850	27.803369771994273	0.0	1429765	2500.353504126008	1.85
63555.76121056199	2850	28.495342801918078	0.0	1354548	3308.026970076193	2.85
63563.378202948894	4300	24.87835041501718	0.0	2102452	7616.992386900898	2.8499999999999996
63567.16791611452	2850	25.088637249386416	0.0	1422919	3789.713165630766	1.4000000000000001
63577.966419415985	2850	18.290133947920083	0.0	1578343	10798.503301466331	2.85
63580.191876041594	1200	20.064677322318857	0.0	526950	2225.4566256012276	-0.44999999999999996
63582.66539052917	1200	21.591162834735698	0.0	587876	2473.514487583162	1.2
63585.2584675545	1200	22.99808580940245	0.0	617242	2593.077025333244	1.2
63588.94461798564	1850	23.31193537826522	0.0	885714	3686.150431137234	1.2000000000000002
63593.046033058716	1850	23.21052030518554	0.0	987708	4101.415073079679	1.85
63596.887065955925	1850	23.369487407980372	0.0	923755	3841.0328972051648	1.85
63603.30381841441	1850	20.9527349494904	0.0	891604	6416.752458489977	1.85
63604.62950652227	1200	23.627046841627635	0.0	616206	1325.6881078627637	0.5499999999999999
63615.01429645274	1850	17.242256911166105	0.0	968026	10384.78993046153	1.2000000000000002
63617.56761341127	750	18.688939952634506	0.0	343800	2553.316958531603	-0.3500000000000001
63618.39364697662	750	21.862906387285683	0.0	359903	826.0335653488228	0.75
63621.15300385532	1850	23.103549508585335	0.0	905935	2759.3568787003455	0.75
63623.79421429548	1850	24.46233906842549	0.0	1076599	2641.210440159848	1.85
63627.4190995886	1850	24.83745377529964	0.0	758197	3624.8852931258484	1.85
63630.737247448735	1850	25.519305915169138	0.0	972798	3318.1478601305025	1.85
63637.69524936679	1850	22.561303997115456	0.0	975811	6958.001918053685	1.85
63640.575752106655	1850	23.680801257252135	0.0	873429	2880.502739863318	1.85
63643.42749832003	1850	24.829055043872774	0.0	954453	2851.7462133793642	1.85
63649.161337850135	1850	23.095215513762174	0.0	885062	5733.839530110598	1.85
63653.19995610445	1850	23.056597259452893	0.0	1035329	4038.618254309279	1.85
63663.742097839015	1850	16.514455524891055	0.0	1026056	10542.14173456184	1.85
63667.66117143161	750	16.595381932295187	0.0	365161	3919.0735925958684	-0.3500000000000001
63668.706465767114	750	19.550087596788334	0.0	321064	1045.2943355068528	0.75
63670.222871689744	1200	22.033681674157222	0.0	575591	1516.4059226311094	0.75
63671.813884270756	1850	24.44266909314602	0.0	908665	1591.0125810112056	1.2000000000000002
63677.035059963986	1850	23.221493399917776	0.0	930577	5221.1756932282415	1.85
63680.802625915174	1850	23.453927448724045	0.0	858450	3767.565951193735	1.85
63682.98506517178	1850	25.271488192119712	0.0	1025005	2182.4392566043307	1.85
63687.36737632027	2850	24.889177043633733	0.0	1343002	4382.311148485979	1.85
63689.17759646695	1850	27.078956896948288	0.0	973972	1810.220146685444	0.8500000000000001
63693.558487391005	2850	26.69806597289624	0.0	1464921	4380.890924052045	1.85
63701.12449199208	2850	23.13206137182031	0.0	1483527	7566.0046010759315	2.85
63702.43085909516	1850	25.825694268738083	0.0	830730	1306.3671030822259	0.8500000000000001
63711.5574259117	1850	20.699127452206472	0.0	846370	9126.566816531615	1.85

