17642.797984994224	300	4.0	1.3481887049956582	181801	1348.1887049956583	-5.497211431481331
17643.21434541096	300	7.583639583262675	0.0	155580	416.36041673732507	0.3
17643.54246637654	300	11.255518617686121	0.0	139857	328.1209655765548	0.3
17643.901510017502	300	14.896474976722251	0.0	155432	359.0436409638693	0.3
17644.36974667275	300	18.428238321477643	0.0	163442	468.2366552446084	0.3
17644.749730880936	300	22.048254113292558	0.0	126289	379.9842081850831	0.3
17645.114527904912	300	25.68345708931413	0.0	153295	364.7970239784285	0.3
17645.51253972419	300	29.285445270035513	0.0	173849	398.01181927861484	0.3
17645.868224722573	300	32.92976027165485	0.0	150710	355.6849983806639	0.3
17646.202681372426	300	36.59530362179922	0.0	139105	334.4566498556317	0.3
17647.305889544496	300	39.49209544973245	0.0	141840	1103.2081720667638	0.3
17650.018901229585	300	40.7790837646388	0.0	156148	2713.0116850936633	0.3
17651.341444756286	300	43.45654023793715	0.0	160746	1322.5435267016542	0.3
17652.493672785688	300	46.30431220853521	0.0	179801	1152.2280294019358	0.3
17652.799839972835	300	49.99814502138897	0.0	140051	306.1671871462378	0.3
17653.103200478334	300	53.69478451588913	0.0	138313	303.36050549983645	0.3
17653.414951960724	300	57.38303303349937	0.0	143509	311.75148238976834	0.3
17654.245564586476	300	59.559804516321925	0.0	150616	323.2285171774407	0.3
17657.896938891172	300	59.90843021162325	0.0	165384	1651.3743046986751	0.3
17659.423153737316	750	59.647702016187644	0.0	350713	760.7281954356047	0.3
17662.665307661628	1200	59.866368477588026	0.0	601738	781.3335385996203	0.75
17667.893973479375	1850	58.63770265984009	0.0	955231	5228.665817747937	1.2000000000000002
17671.643808196273	1850	58.88786794294147	0.0	968026	3749.834716898616	1.85
17674.175799982724	1850	59.72203247364315	0.0	874175	1165.835469298326	1.85
17685.090977737058	1850	52.806854719306706	0.0	897976	10915.177754336439	1.85
17689.291204741206	1850	52.6066277151579	0.0	905935	4200.227004148809	1.85
17690.857253771792	1850	55.04057868456992	0.0	1076599	1566.0490305879687	1.85
17695.174017989528	1850	54.7238144668367	0.0	758197	4316.764217733226	1.85
17702.09124385039	1850	51.806588605973566	0.0	972798	6917.225860863139	1.85
17704.572478260714	1850	53.32535419565209	0.0	975811	2481.234410321478	1.85
17708.788278234213	1850	53.10955422215244	0.0	873429	4215.799973499646	1.85
17715.799501929625	1850	50.09833052673867	0.0	954453	7011.2236954137725	1.85
17722.428288191615	1850	47.46954426474762	0.0	885062	6628.786261991056	1.85
17723.699939352482	1200	50.19789310388326	0.0	670129	1271.6511608643557	0.5499999999999999
17725.19312481499	1200	52.70470764138033	0.0	690253	1493.185462502929	1.2
17726.62205959941	1200	55.27577285695636	0.0	598727	1428.9347844239744	1.2
17727.74120862172	1850	58.15662383464841	0.0	728962	1119.1490223079436	1.2000000000000002
17730.344931279946	1850	59.55290117641966	0.0	938587	1603.7226582287478	1.85
17735.35308604591	2850	58.54474641045706	0.0	1427478	5008.154765962599	1.85
17742.80184737131	2850	55.0959850850575	0.0	1402287	7448.761325399557	2.85
17744.822598138177	2850	57.075234318189835	0.0	1339500	2020.7507668676676	2.85
17757.641289891693	2850	48.25654256467252	0.0	1527299	12818.691753517309	2.85
17762.9700188581	2850	46.92781359826591	0.0	1343002	5328.728966406613	2.85
17770.281655573082	2850	43.616176883285725	0.0	1587250	7311.636714980184	2.85
17775.00403215795	2850	42.89380029841777	0.0	1464921	4722.376584867956	2.85
17785.0311981285	2850	36.866634327863274	0.0	1483527	10027.1659705545	2.85
17787.055333120636	2850	38.842499335728704	0.0	1231456	2024.1349921345657	2.85
17789.77492697244	2850	40.12290548392239	0.0	1364537	2719.5938518063103	2.85

