39295.670167365635	300	4.0	1.3074315444497093	181801	1307.4315444497092	-5.32195564113375
39296.60441001578	300	7.065757349848562	0.0	155580	934.2426501514373	0.3
39297.316812039426	300	10.353355326206852	0.0	139857	712.4020236417101	0.3
39300.246105447404	300	11.42406191823206	0.0	155432	2929.293407974793	0.3
39301.145208060785	300	14.524959304852977	0.0	163442	899.1026133790824	0.3
39302.734605479774	750	16.935561885860533	0.0	318564	1589.3974189924438	0.3
39304.416766566515	750	19.253400799119937	0.0	352642	1682.1610867405975	0.75
39307.711795682764	1200	19.95837168287143	0.0	709534	3295.0291162485046	0.75
39310.45798920574	1200	21.212178159897622	0.0	584846	2746.1935229738065	1.2
39313.20428417891	1200	22.465883186730682	0.0	560821	2746.2949731669405	1.2
39319.56585282397	1850	20.10431454166194	0.0	939819	6361.568645068744	1.2000000000000002
39322.35481016421	1200	21.315357201428238	0.0	594078	2788.9573402336987	0.5499999999999999
39325.34607913177	1200	22.324088233865247	0.0	624282	2991.2689675629913	1.2
39334.1812888241	1850	17.488878541536696	0.0	1036454	8835.209692328552	1.2000000000000002
39335.80407764183	750	19.866089723801572	0.0	337059	1622.788817735124	-0.3500000000000001
39338.56308123886	1200	21.10708612676463	0.0	587876	2759.003597036939	0.75
39341.43880996563	1200	22.231357400007145	0.0	617242	2875.7287267574857	1.2
39345.976670239055	1850	21.693497126581438	0.0	885714	4537.860273425706	1.2000000000000002
39348.97406539142	1200	22.69610197421475	0.0	639204	2997.3951523666906	0.5499999999999999
39353.30832849455	1850	22.361838871082817	0.0	923755	4334.263103131929	1.2000000000000002
39358.89192939755	1850	20.77823796809584	0.0	891604	5583.600902986977	1.85
39361.80340928984	1200	21.86675807580258	0.0	616206	2911.479892293261	0.5499999999999999
39366.70068867143	1850	20.969478694208025	0.0	968026	4897.279381594557	1.2000000000000002
39369.385870391816	1200	22.2842969738213	0.0	536667	2685.1817203867236	0.5499999999999999
39374.06429891984	1850	21.6058684457973	0.0	897976	4678.428528023998	1.2000000000000002
39376.87380309889	1200	22.796364266752523	0.0	590335	2809.504179044776	0.5499999999999999
39385.14126224328	1850	18.528905122351006	0.0	1076599	8267.459144401517	1.2000000000000002
39386.50909875833	750	21.161068607306056	0.0	277716	1367.8365150449486	-0.3500000000000001
39391.147161714405	1200	20.523005651236904	0.0	622896	4638.0629560691505	0.75
39394.168934174486	1200	21.50123319115487	0.0	641447	3021.7724600820325	1.2
39396.92009053372	1200	22.75007683192206	0.0	570392	2751.156359232814	1.2
39403.522385888085	1850	20.147781477557693	0.0	954453	6602.295354364367	1.2000000000000002
39406.29182359226	1200	21.37834377338506	0.0	584349	2769.437704172632	0.5499999999999999
39409.522895988666	1200	22.147271376982395	0.0	670129	3231.072396402664	1.2
39414.398365610716	1850	21.271801754925825	0.0	1026056	4875.469622056571	1.2000000000000002
39417.56908473276	1200	22.101082632886698	0.0	598727	3170.7191220391287	0.5499999999999999
39431.07077648151	1850	12.599390884134014	0.0	728962	13501.691748752683	1.2000000000000002
39432.76099866759	300	14.909168698052014	0.0	124011	1690.222186082	-1.25
39442.88456169349	750	8.785605672150128	0.0	378327	10123.563025901885	0.3
39443.9892549421	300	11.6809124235464	0.0	149991	1104.6932486037274	-0.15000000000000002
39450.49038119059	300	9.179786175052541	0.0	147968	6501.126248493861	0.3
39451.72375393625	300	11.946413429395461	0.0	161857	1233.37274565708	0.3
39452.933759448504	300	14.736407917136297	0.0	145210	1210.005512259164	0.3
39455.38361722701	750	16.28655013863427	0.0	438281	2449.857778502028	0.3
39457.27153115799	750	18.398636207656974	0.0	398987	1887.9139309772954	0.75
39459.659867347706	750	20.01030001794335	0.0	393804	2388.3361897136256	0.75
39464.45453689852	1200	19.21563046712266	0.0	538612	4794.66955082069	0.75
39466.004805260265	750	21.6653621053839	0.0	314107	1550.2683617387643	0.3

