59108.13778886143	300	4.0	1.7456333645679005	181801	1745.6333645679006	-7.206223467641972
59109.00177298835	300	7.136015873083347	0.0	155580	863.9841269166527	0.3
59109.416634231704	300	10.721154629728085	0.0	139857	414.8612433552615	0.3
59109.868786878884	300	14.269001982544212	0.0	155432	452.1526471838735	0.3
59110.93419217269	750	17.203596688733146	0.0	411561	1065.4052938110694	0.3
59111.776933666704	750	20.360855194719793	0.0	318564	842.7414940133528	0.75
59113.202036398536	1200	22.935752462888022	0.0	561791	1425.1027318317688	0.75
59115.82117276913	1850	24.316616092294552	0.0	1060487	2619.1363705934714	1.2000000000000002
59117.94312074996	1850	26.194668111468438	0.0	852833	2121.947980826113	1.85
59139.240590052184	2850	8.8971988092376	0.0	1429765	21297.46930223084	1.85
59141.26073290692	300	10.877055954500332	0.0	141840	2020.1428547372711	-2.25
59143.0599311904	300	13.07785767102317	0.0	156148	1799.1982834771602	0.3
59146.876509088914	750	13.261279772514776	0.0	386351	3816.577898508395	0.3
59149.8928596161	750	14.24492924532669	0.0	434409	3016.350527188085	0.75
59153.00596999403	750	15.131818867396424	0.0	337059	3113.110377930266	0.75
59155.20923084286	750	16.928558018568765	0.0	366214	2203.2608488276564	0.75
59158.456413253036	750	17.6813756083895	0.0	360831	3247.1824101792618	0.75
59160.76289526924	750	19.37489359219248	0.0	372963	2306.4820161970224	0.75
59166.52188586475	1200	17.615902996680383	0.0	639204	5758.990595512096	0.75
59168.91462655962	750	19.22316230180473	0.0	350713	2392.740694875649	0.3
59173.17621591151	1200	18.961572949917272	0.0	601738	4261.589351887457	0.75
59182.280307078174	1200	13.85748178324693	0.0	616206	9104.091166670343	1.2
59194.66720980539	750	5.470579056028975	0.0	401853	12386.902727217956	0.3
59196.845271326805	300	7.292517534620396	0.0	137654	2178.061521408579	-0.15000000000000002
59202.35184485537	300	5.785944006049248	0.0	146754	5506.573528571148	0.3
59205.70559122751	300	6.4321976339144324	0.0	153938	3353.746372134816	0.3
59210.783485679	300	5.354303182425247	0.0	181901	5077.894451489185	0.3
59212.33723850419	300	7.800550357236495	0.0	111155	1553.7528251887522	0.3
59213.52957559053	300	10.608213270892135	0.0	153605	1192.33708634436	0.3
59214.31337603156	300	13.824412829856875	0.0	149029	783.8004410352579	0.3
59218.96783700928	750	13.169951852137558	0.0	358218	4654.460977719319	0.3
59224.39459817661	750	11.74319068481053	0.0	400322	5426.761167327028	0.75
59225.6851488444	300	14.452640017015796	0.0	143881	1290.5506677947335	-0.15000000000000002
59228.5889052092	750	15.548883652207477	0.0	412837	2903.7563648083174	0.3
59235.4972377295	750	12.640551131919942	0.0	401088	6908.332520287537	0.75
59238.46090833219	750	13.676880529226455	0.0	365161	2963.670602693487	0.75
59242.018341198964	750	14.119447662453817	0.0	321064	3557.432866772638	0.75
59244.16829055894	750	15.969498302480313	0.0	361565	2149.949359973503	0.75
59246.2463602683	750	17.89142859312696	0.0	378327	2078.0697093533554	0.75
59248.068423609104	1200	20.06936525232373	0.0	587506	1822.0633408032252	0.75
59250.02420023551	1200	22.113588625914716	0.0	566904	1955.7766264090174	1.2
59252.71556053999	1200	23.422228321429273	0.0	641452	2691.3603044854435	1.2
59257.29682604089	1850	22.840962820533505	0.0	886255	4581.265500895767	1.2000000000000002
59267.625197499	1850	16.512591362422555	0.0	973972	10328.371458110953	1.85
59273.81980281705	750	14.317986044370217	0.0	398987	6194.605318052338	-0.3500000000000001
59280.93559111274	750	11.202197748681197	0.0	393804	7115.788295689019	0.75
59281.406221308855	300	14.731567552565348	0.0	137507	470.63019611584923	-0.15000000000000002
59284.824586297094	750	15.31320256432925	0.0	314107	3418.364988236096	0.3

