36455.372673985614	300	4.0	2.854582425934077	450283	2854.582425934077	0	-11.52470443151653
36456.143009583415	750	7.229664402204115	0.0	155580	770.3355977958855	1	-0.15000000000000002
36457.70318449909	750	9.66948948652603	0.0	350812	1560.1749156780838	1	0.3
36460.18630303609	750	11.186370949521132	0.0	382355	2483.1185370048993	1	0.75
36462.032689908934	750	13.339984076680356	0.0	411561	1846.3868728407754	1	0.75
36464.565102498236	750	14.80757148738605	0.0	318564	2532.4125892943066	1	0.75
36467.45604695165	750	15.916627033968142	0.0	352642	2890.944453417908	1	0.75
36469.696000978176	750	17.67667300743943	0.0	437162	2239.95402652871	1	0.75
36470.92618805319	1850	20.44648593243105	0.0	374758	1230.1870750083785	3	0.75
36487.30066731833	300	8.07200666728445	0.0	913888	16374.4792651466	0	0.75
36490.41368646149	300	8.958987524125476	0.0	141840	3113.0191431589737	0	-1.25
36491.83603347183	300	11.536640513790088	0.0	156148	1422.3470103353886	0	0.3
36492.37943435899	750	14.99323962662557	0.0	160746	543.4008871645174	1	0.3
36493.711754889475	1850	17.660919096147357	0.0	434409	1332.320530478213	3	0.3
36498.10030063419	1850	17.272373351433295	0.0	821631	4388.5457447140625	3	0.75
36500.973054117356	1850	18.39961986826327	0.0	923170	2872.7534831700295	3	1.85
36506.64356280515	1850	16.729111180478924	0.0	966699	5670.508687784342	3	1.85
36509.7182642638	1850	17.65440972182087	0.0	885714	3074.701458658056	3	1.85
36514.072627334215	1850	17.300046651408085	0.0	987708	4354.3630704127845	3	1.85
36527.97732054504	300	7.395353440582175	0.0	923755	13904.693210825908	0	1.85
36531.08655619532	300	8.286117790306406	0.0	157671	3109.2356502757702	0	-1.25
36532.62449513173	300	10.74817885389446	0.0	157812	1537.9389364119447	0	0.3
36533.23382504573	750	14.138848939892167	0.0	163927	609.3299140022946	1	0.3
36534.423975444595	1850	16.948698541031764	0.0	343800	1190.1503988604006	3	0.3
36545.72888005535	750	9.643793930272963	0.0	897976	11304.904610758802	1	0.75
36554.55662350253	300	4.816050483093831	0.0	379700	8827.743447179131	0	-0.3500000000000001
36556.65994343811	300	6.712730547512049	0.0	181901	2103.3199355817833	0	-0.15000000000000002
36558.591884212234	300	8.7807897733932	0.0	111155	1931.9407741188468	0	0.3
36559.33435073431	750	12.038323251320154	0.0	153605	742.4665220730452	1	0.3
36560.45761203423	1850	14.915061951396305	0.0	400508	1123.2612999238506	3	0.3
36564.195562326895	1850	15.177111658730999	0.0	873429	3737.950292665305	3	0.75
36583.00392598589	300	4.0	3.6312520002625095	954453	18808.36365899351	0	-13.76438360112879
36583.64557255566	300	7.358353430228046	0.0	143881	641.646569771954	0	-1.25
36584.36358425943	750	10.640341726460298	0.0	163444	718.0117037677472	1	0.3
36585.66393093813	750	13.33999504776571	0.0	401088	1300.3466786945878	1	0.3
36586.79105570712	1850	16.212870278768644	0.0	365161	1127.124768997065	3	0.75
36600.3110253971	300	6.692900588788239	0.0	728962	13519.969689980406	0	0.75
36600.928335570665	750	10.075590415224283	0.0	124011	617.3101735639548	1	-1.25
36611.14951077443	300	4.0	0.14558478854127316	378327	10221.175203765557	0	-0.3260145907274746
36611.98873833931	300	7.1607724351208235	0.0	149991	839.2275648791764	0	-0.15000000000000002
36612.81772584069	300	10.331784933737126	0.0	147968	828.9875013836963	0	0.3
36614.55164573477	750	12.597865039654149	0.0	161857	1733.919894082978	1	0.3
36616.51570794229	750	14.633802832132261	0.0	372093	1964.062207521887	1	0.3
36619.96143712616	750	15.188073648265062	0.0	438281	3445.7291838671986	1	0.75
36621.19725328153	1850	17.95225749289774	0.0	398987	1235.8161553673206	3	0.75
36636.87956431869	300	6.269946455740019	0.0	982064	15682.311037157722	0	0.75
36639.87337992441	300	7.276130850015144	0.0	137507	2993.8156057248752	0	-1.25
36640.98070792618	300	10.168802848238252	0.0	118421	1107.3280017768914	0	0.3

