49034.42767821189	300	4.0	2.449160651051174	450283	2449.1606510511738	0	-9.781390799520047
49035.69017237638	300	6.737505835512452	0.0	155580	1262.4941644875478	0	-0.15000000000000002
49036.093532129926	750	10.334146081963372	0.0	139857	403.3597535490808	1	0.3
49037.057565239236	1850	13.370112972657019	0.0	382355	964.0331093063543	3	0.3
49040.68246534145	1850	13.745212870441748	0.0	996749	3624.9001022152693	3	0.75
49042.86289080887	1850	15.564787403016195	0.0	801058	2180.425467425553	3	1.85
49048.27043587629	750	14.157242335595203	0.0	905515	5407.5450674209915	1	1.85
49049.214892813536	1850	17.212785398356807	0.0	437162	944.456937238397	3	-0.3500000000000001
49054.124694952254	1850	16.302983259635933	0.0	852833	4909.802138720872	3	0.75
49056.83896627182	1850	17.58871194007609	0.0	913888	2714.271319559841	3	1.85
49060.8249240354	1850	17.60275417649712	0.0	939819	3985.9577635789738	3	1.85
49062.62351875035	1850	19.80415946154782	0.0	917428	1798.5947149492974	3	1.85
49064.41238025608	1850	22.015297955814177	0.0	946851	1788.8615057336415	3	1.85
49067.850502841444	1850	22.577175370454015	0.0	1036454	3438.1225853601645	3	1.85
49069.4659440339	1850	24.96173417800187	0.0	821631	1615.4411924521444	3	1.85
49071.62196258753	1850	26.805715624373928	0.0	923170	2156.018553627942	3	1.85
49073.438742515966	1850	28.988935695938764	0.0	966699	1816.7799284351645	3	1.85
49074.99807206813	4300	31.429606143776393	0.0	885714	1559.3295521623706	5	1.85
49079.911025051515	4300	30.51665316039135	0.0	2220726	4912.952983385042	5	1.8499999999999996
49085.48023412425	4300	28.94744408765659	0.0	2156729	5569.2090727347595	5	4.3
49088.95100787474	4300	29.476670337153998	0.0	2039773	3470.77375050259	5	4.3
49092.757087965336	4300	29.67059024655323	0.0	2176469	3806.0800906007703	5	4.3
49097.912766220354	4300	28.514911991540416	0.0	2221506	5155.678255012813	5	4.3
49107.73358311	4300	22.69409510189548	0.0	2044075	9820.816889644933	5	4.3
49114.822494869906	4300	19.605183341990962	0.0	2186790	7088.911759904518	5	4.3
49127.80620345434	1850	10.621474757557007	0.0	2105231	12983.708584433956	3	4.3
49129.55960669835	1850	12.868071513545548	0.0	1076599	1753.4032440114581	3	-0.6000000000000001
49130.82402368962	1850	15.60365452227328	0.0	758197	1264.416991272269	3	1.85
49133.36585676977	1850	17.06182144211946	0.0	972798	2541.83308015382	3	1.85
49138.09839444635	1850	16.329283765537603	0.0	975811	4732.537676581856	3	1.85
49140.048917193286	1850	18.37876101860233	0.0	873429	1950.5227469352744	3	1.85
49147.14464533749	1850	15.283032874405446	0.0	954453	7095.728144196885	3	1.85
49149.075846160624	1850	17.351832051266598	0.0	885062	1931.2008231388459	3	1.85
49153.08528308226	1850	17.342395129623235	0.0	1035329	4009.4369216433674	3	1.85
49154.843767527964	1850	19.583910683925424	0.0	1026056	1758.4844456978092	3	1.85
49156.99104496467	1850	21.43663324721171	0.0	943942	2147.2774367137126	3	1.85
49158.98422435541	1850	23.443453856477344	0.0	728962	1993.1793907343658	3	1.85
49161.72411088182	1850	24.70356733006169	0.0	938587	2739.886526415652	3	1.85
49165.439046807965	1850	24.988631403918564	0.0	908665	3714.9359261431264	3	1.85
49171.06362124006	1850	23.364056971828877	0.0	930577	5624.574432089688	3	1.85
49173.74277999992	1850	24.684898211966296	0.0	858450	2679.15875986258	3	1.85
49192.540920602645	300	9.8867576092419	0.0	1025005	18798.140602724394	0	1.85
49193.04228226953	750	13.385395942351861	0.0	145210	501.3616668900402	1	-1.25
49194.85234463792	1850	15.575333573965981	0.0	438281	1810.0623683858794	3	0.3
49204.736720687666	1850	9.69095752421401	0.0	958994	9884.37604975197	3	0.75
49206.560552924435	1850	11.86712528744644	0.0	982064	1823.8322367675717	3	1.85
49207.96992283715	1850	14.457755374731182	0.0	830730	1409.3699127152581	3	1.85
49209.379820584276	1850	17.047857627600308	0.0	846370	1409.8977471308726	3	1.85

