44572.21664276314	300	4.0	2.186441869878548	450283	2186.441869878548	0	-8.651700040477756
44572.71507568404	750	7.501567079094712	0.0	155580	498.4329209052888	1	-0.15000000000000002
44573.65663894395	750	10.560003819188001	0.0	350812	941.5632599067098	1	0.3
44574.37975203664	1850	13.836890726488688	0.0	382355	723.1130926993143	3	0.75
44575.83558650485	1850	16.381056258279134	0.0	996749	1455.834468209552	3	0.75
44581.4854617605	1850	14.731181002635163	0.0	801058	5649.875255643972	3	1.85
44598.24904415825	300	4.0	2.03240139511925	905515	16763.582397754413	0	-6.889325999012774
44601.15833381617	300	5.0907103420785385	0.0	173849	2909.2896579214607	0	-1.25
44602.16295631515	300	8.086087843094667	0.0	150710	1004.6224989838723	0	0.3
44602.65227790011	750	11.596766258139384	0.0	139105	489.321584955283	1	0.3
44603.34250874493	1850	14.906535413319313	0.0	353220	690.230844820071	3	0.3
44604.91629931934	1850	17.332744838900886	0.0	917428	1573.790574418424	3	0.75
44606.219258847435	4300	20.029785310805707	0.0	946851	1302.95952809518	5	1.85
44626.97243289937	1200	4.0	0.7233887411287615	2275376	20753.174051934468	2	-1.2605715868536747
44628.437150730184	1850	6.535282169187615	0.0	526950	1464.717830812386	3	-1.9000000000000001
44631.744633871494	1850	7.227799027877597	0.0	923170	3307.4831413100173	3	1.2000000000000002
44634.24494483206	1850	8.727488067309853	0.0	966699	2500.310960567744	3	1.85
44636.869395479895	1850	10.103037419476657	0.0	885714	2624.4506478331946	3	1.85
44640.0924532917	1850	10.879979607673805	0.0	987708	3223.0578118028507	3	1.85
44643.96081504381	1850	11.011617855569083	0.0	923755	3868.3617521047217	3	1.85
44645.35900602737	1850	13.613426872007356	0.0	891604	1398.1909835617282	3	1.85
44648.4797068681	1850	14.492726031284048	0.0	955231	3120.700840723309	3	1.85
44651.619101322256	1850	15.353331577126397	0.0	968026	3139.394454157651	3	1.85
44653.596461705834	1850	17.375971193552154	0.0	874175	1977.360383574243	3	1.85
44655.82852829358	1850	19.143904605807016	0.0	897976	2232.0665877451397	3	1.85
44657.23224892593	1850	21.740183973456755	0.0	905935	1403.7206323502598	3	1.85
44659.06198010979	4300	23.91045278959492	0.0	1076599	1829.7311838618348	5	1.85
44662.301834892794	4300	24.67059800659486	0.0	1972048	3239.8547830000625	5	1.8499999999999996
44666.2224723683	4300	24.74996053108819	0.0	2134614	3920.637475506672	5	4.3
44672.72915007152	4300	22.243282827865713	0.0	2164140	6506.6777032224745	5	4.3
44682.84029775174	1850	16.132135147652537	0.0	2113193	10111.147680213178	3	4.3
44688.48624349073	1850	14.486189408658893	0.0	954453	5645.945738993643	3	-0.6000000000000001
44690.042746749095	1850	16.929686150293477	0.0	885062	1556.5032583654133	3	1.85
44694.917980423445	1850	16.05445247594567	0.0	1035329	4875.233674347806	3	1.85
44698.270175993515	1850	16.70225690587325	0.0	1026056	3352.195570072422	3	1.85
44699.882546809546	1850	19.0898860898453	0.0	943942	1612.3708160279461	3	1.85
44702.99877346288	1850	19.973659436508772	0.0	728962	3116.22665333653	3	1.85
44704.47281373934	1850	22.499619160053953	0.0	938587	1474.0402764548187	3	1.85
44706.495751560906	1850	24.476681338486046	0.0	908665	2022.9378215679055	3	1.85
44710.13237615775	1850	24.840056741637962	0.0	930577	3636.624596848085	3	1.85
44711.81999263996	1850	27.152440259435043	0.0	858450	1687.616482202921	3	1.85
44717.569612595085	1850	25.402820304303344	0.0	1025005	5749.619955131701	3	1.85
44720.026882601866	1850	26.945550297527355	0.0	886255	2457.270006775988	3	1.85
44722.745858103306	1850	28.226574796089317	0.0	973972	2718.975501438038	3	1.85
44724.94075604235	1850	30.031676857049558	0.0	958994	2194.8979390397567	3	1.85
44727.26797086465	1850	31.704462034749536	0.0	982064	2327.214822300022	3	1.85
44729.386424250915	1850	33.586008648477424	0.0	830730	2118.4533862721137	3	1.85
44731.44901968783	1850	35.52341321156299	0.0	846370	2062.5954369144292	3	1.85

