40411.12775080183	300	4.0	2.186441869878548	450283	2186.441869878548	0	-8.651700040477756
40411.626183722736	750	7.501567079094712	0.0	155580	498.4329209052888	1	-0.15000000000000002
40412.56774698264	1850	10.560003819188001	0.0	350812	941.5632599067098	3	0.3
40414.051308393886	1850	13.076442407944626	0.0	933276	1483.5614112433757	3	0.75
40419.443318043566	1850	11.684432758268104	0.0	996749	5392.009649676521	3	1.85
40434.654518779265	300	4.0	3.5267679774281953	801058	15211.200735696299	0	-13.31510230294124
40435.90210859362	300	6.752410185641266	0.0	153295	1247.5898143587337	0	-1.25
40437.06260419186	300	9.591914587396513	0.0	173849	1160.4955982447518	0	0.3
40439.83907275129	300	10.815446027971154	0.0	150710	2776.4685594253583	0	0.3
40440.77249729326	750	13.882021485995496	0.0	139105	933.4245419756589	1	0.3
40441.90584808754	1850	16.748670691714082	0.0	353220	1133.3507942814122	3	0.3
40443.567408128976	1850	19.08711065028181	0.0	917428	1661.5600414322728	3	0.75
40444.87036765707	1850	21.784151122186632	0.0	946851	1302.95952809518	3	1.85
40446.291467228315	1850	24.36305155094697	0.0	1036454	1421.0995712396616	3	1.85
40447.437115082765	1850	27.217403696499687	0.0	821631	1145.6478544472818	3	1.85
40466.84391546491	750	11.810603314358216	0.0	923170	19406.80038214147	1	1.85
40467.872106222305	1850	14.782412556962138	0.0	360831	1028.1907573960793	3	-0.3500000000000001
40471.03269470479	1850	15.62182407448098	0.0	885714	3160.5884824811583	3	0.75
40473.68282940497	1850	16.971689374294417	0.0	987708	2650.134700186562	3	1.85
40476.391269591935	1850	18.2632491873342	0.0	923755	2708.440186960215	3	1.85
40479.46672138682	1850	19.18779739244672	0.0	891604	3075.4517948874823	3	1.85
40483.17293307618	1850	19.48158570308323	0.0	955231	3706.2116893634875	3	1.85
40484.841542777045	1850	21.81297600221544	0.0	968026	1668.60970086779	3	1.85
40488.35386065724	1850	22.300658122027617	0.0	874175	3512.3178801878234	3	1.85
40490.73523117746	1850	23.91928760180934	0.0	897976	2381.370520218276	3	1.85
40492.79887713514	1850	25.85564164412706	0.0	905935	2063.6459576822763	3	1.85
40495.23734958419	1850	27.41716919507334	0.0	1076599	2438.4724490537265	3	1.85
40496.42520060252	1850	30.229318176748542	0.0	758197	1187.8510183247915	3	1.85
40498.098210593525	1850	32.556308185737706	0.0	972798	1673.009991010839	3	1.85
40499.756852497325	1850	34.89766628193958	0.0	975811	1658.641903798124	3	1.85
40501.19302833208	4300	37.46149044717955	0.0	873429	1436.1758347600296	5	1.85
40505.168003102706	4300	37.48651567656276	0.0	2147852	3974.974770616792	5	1.8499999999999996
40511.75921336263	4300	34.89530541663553	0.0	2191074	6591.210259927234	5	4.3
40522.18707935114	4300	28.467439428126912	0.0	2286761	10427.865988508614	5	4.3
40532.57362416691	4300	22.080894612360165	0.0	2307787	10386.54481576675	5	4.3
40538.32829159637	4300	20.326227182888037	0.0	2143948	5754.667429472127	5	4.3
40543.19942523409	4300	19.45509354517759	0.0	1919781	4871.133637710445	5	4.3
40549.3289406878	4300	17.325578091461487	0.0	2147467	6129.515453716104	5	4.3
40557.9613405155	4300	12.693178263762709	0.0	2133870	8632.399827698779	5	4.3
40563.15184097058	4300	11.502677808679564	0.0	2146120	5190.5004550831445	5	4.3
40568.085041154016	4300	10.569477625244872	0.0	2108491	4933.200183434692	5	4.3
40572.31315899215	4300	10.341359787112241	0.0	2184571	4228.117838132631	5	4.3
40575.858031908276	4300	10.796486870987316	0.0	2121928	3544.872916124924	5	4.3
40579.4686949487	4300	11.185823830558425	0.0	2219102	3610.6630404288903	5	4.3
40583.26177202647	4300	11.392746752799232	0.0	2124950	3793.077077759194	5	4.3
40586.81175729678	4300	11.842761482474954	0.0	2246506	3549.9852703242773	5	4.3
40591.041302106074	4300	11.61321667318519	0.0	1961140	4229.544809289764	5	4.3
40594.18680700465	4300	12.467711774615324	0.0	2155012	3145.504898569866	5	4.3

