86633.18935135442	750	4.0	5.474533844239735	450283	5474.533844239735	-22.79049553023086
86635.0112589443	300	6.178092410113513	0.0	155580	1821.9075898864867	-0.15000000000000002
86637.31599914654	300	7.873352207880174	0.0	139857	2304.740202233339	0.3
86639.19759175536	300	9.991759599057398	0.0	155432	1881.592608822777	0.3
86641.12588256485	300	12.06346878956646	0.0	163442	1928.2908094909365	0.3
86642.5722045942	300	14.617146760228414	0.0	126289	1446.3220293380464	0.3
86648.48701904636	750	12.70233230807873	0.0	352642	5914.814452149683	0.3
86654.755024738	750	10.434326616427478	0.0	437162	6268.005691651252	0.75
86660.0805121084	750	9.108839246030032	0.0	374758	5325.487370397449	0.75
86662.64746578447	300	10.541885569971123	0.0	139105	2566.953676058907	-0.15000000000000002
86664.68761374027	300	12.501737614168972	0.0	141840	2040.1479558021517	0.3
86667.04092754838	300	14.1484238060566	0.0	156148	2353.313808112373	0.3
86669.60417654265	300	15.585174811787569	0.0	160746	2563.2489942690313	0.3
86677.57131945729	750	11.618031897153763	0.0	434409	7967.142914633805	0.3
86682.92837954107	750	10.260971813377656	0.0	337059	5357.060083776107	0.75
86684.55301617023	300	12.63633518420806	0.0	138313	1624.6366291695967	-0.15000000000000002
86686.30005351054	300	14.889297843908642	0.0	143509	1747.0373402994178	0.3
86693.61929212383	750	11.570059230620272	0.0	372963	7319.238613288369	0.3
86695.52966164389	300	13.659689710550593	0.0	165384	1910.3695200696802	-0.15000000000000002
86699.48248780226	750	13.706863552174946	0.0	350713	3952.826158375646	0.3
86703.82466972881	750	13.364681625622127	0.0	386472	4342.181926552817	0.75
86708.50618524225	750	12.683166112190465	0.0	399894	4681.515513431662	0.75
86713.11043486044	750	12.078916494004366	0.0	401853	4604.249618186098	0.75
86717.73909533376	750	11.450256020687569	0.0	343800	4628.660473316798	0.75
86724.7459980999	750	8.443353254553312	0.0	359903	7006.902766134255	0.75
86726.57761382325	300	10.61173753119704	0.0	153938	1831.6157233562726	-0.15000000000000002
86728.66039423615	300	12.528957118294882	0.0	181901	2082.780412902156	0.3
86729.95726112841	300	15.232090226030264	0.0	111155	1296.8668922646173	0.3
86734.66318525354	750	14.52616610091283	0.0	400396	4705.924125117435	0.3
86739.38645720729	750	13.802894147147274	0.0	400508	4723.271953765556	0.75
86744.41664391471	750	12.772707439724831	0.0	358218	5030.186707422443	0.75
86749.52872431593	750	11.66062703851472	0.0	400322	5112.080401210111	0.75
86754.66425372346	750	10.525097630990986	0.0	369834	5135.529407523734	0.75
86757.06940921156	300	12.119942142888958	0.0	163444	2405.155488102028	-0.15000000000000002
86759.40255840149	300	13.786792952957343	0.0	179328	2333.149189931615	0.3
86761.33255259882	300	15.856798755634303	0.0	159914	1929.9941973230389	0.3
86766.41581883034	750	14.773532524110758	0.0	321064	5083.266231523545	0.3
86771.89154207101	750	13.29780928343907	0.0	361565	5475.723240671688	0.75
86777.35339081938	750	11.835960535065347	0.0	378327	5461.848748373722	0.75
86781.62637214392	750	11.562979210520577	0.0	390680	4272.9813245447685	0.75
86786.9135475898	750	10.27580376465216	0.0	345516	5287.175445868417	0.75
86790.06248188665	300	11.126869467794252	0.0	161857	3148.934296857908	-0.15000000000000002
86791.82940092974	300	13.359950424716793	0.0	145210	1766.9190430774593	0.3
86793.90931605821	300	15.28003529622532	0.0	172312	2079.915128491474	0.3
86801.28209878576	750	11.90725256868576	0.0	398987	7372.78272753956	0.3
86806.01023365847	750	11.17911769598176	0.0	393804	4728.134872703998	0.75
86809.98624877351	750	11.203102580928055	0.0	331053	3976.0151150537067	0.75
86813.41517378094	750	11.774177573493162	0.0	314107	3428.925007434893	0.75

