4188.4408931624275	750	4.0	9.642111234931873	450283	9642.111234931874	-40.71107831020705
4189.732652960518	300	6.708240201909207	0.0	155580	1291.759798090793	-0.15000000000000002
4190.144074107124	300	10.29681905530364	0.0	139857	411.4211466055656	0.3
4190.5924035554835	300	13.848489606944272	0.0	155432	448.329448359369	0.3
4191.059714416173	300	17.381178746254374	0.0	163442	467.31086068989646	0.3
4191.438983277822	300	21.001909884605187	0.0	126289	379.2688616491865	0.3
4194.8429996836185	2850	21.597893478808583	0.0	1388403	3404.016405796602	0.30000000000000027
4206.743797081228	2850	13.697096081199193	0.0	1638769	11900.797397609389	2.85
4210.818932997376	1200	13.62196016505145	0.0	584846	4075.1359161477444	-0.44999999999999996
4217.40352153704	1200	11.03737162538705	0.0	560821	6584.588539664397	1.2
4218.640398395088	300	13.800494767339558	0.0	141840	1236.8768580474944	-0.6000000000000001
4219.855910120246	300	16.58498304218091	0.0	156148	1215.5117251586473	0.3
4224.626387478483	300	15.814505683943706	0.0	160746	4770.477358237204	0.3
4227.0153906481055	300	17.42550251432102	0.0	179801	2389.003169622685	0.3
4227.604500035433	300	20.836393126993034	0.0	140051	589.1093873279881	0.3
4231.243088696038	750	21.197804466387975	0.0	366214	3638.588660605059	0.3
4232.573813768774	300	23.867079393651924	0.0	143509	1330.7250727360506	-0.15000000000000002
4236.423819265717	300	24.01707389670993	0.0	150616	3850.0054969419916	0.3
4238.035529754443	300	26.405363407983188	0.0	165384	1611.7104887267446	0.3
4239.17216129946	300	29.268731862966764	0.0	140881	1136.6315450164213	0.3
4240.024594257815	750	32.41629890461201	0.0	386472	852.4329583547526	0.3
4243.41220958536	2850	33.02868357706636	0.0	1468126	3387.6153275456486	0.75
4247.204587740246	2850	33.236305422180315	0.0	1505760	3792.3781548860384	2.85
4256.256903330679	4300	28.183989831747052	0.0	2044075	9052.315590433267	2.8499999999999996
4272.372814133933	4300	16.068079028492427	0.0	2186790	16115.910803254623	4.3
4274.0626332761585	1200	18.378259886267408	0.0	590335	1689.8191422250181	-1.9000000000000001
4278.313559194723	1850	18.127333967703162	0.0	1076599	4250.9259185642495	1.2000000000000002
4280.4347314821	1850	20.006161680326237	0.0	758197	2121.1722873769227	1.85
4283.8042350039395	2850	20.636658158485954	0.0	1498470	3369.5035218402827	1.85
4287.335606664925	2850	21.10528649750072	0.0	1561263	3531.371660985231	2.85
4290.706160338292	2850	21.73473282413376	0.0	1341201	3370.5536733669614	2.85
4296.517824504487	4300	19.92306865793828	0.0	2147852	5811.664166195477	2.8499999999999996
4301.728394085604	4300	18.712499076821324	0.0	2191074	5210.569581116957	4.3
4312.944290651654	4300	11.496602510771535	0.0	2286761	11215.89656604979	4.3
4315.065389270031	1200	13.37550389239411	0.0	690253	2121.098618377424	-1.9000000000000001
4318.401183628917	1850	14.039709533507557	0.0	943942	3335.7943588865523	1.2000000000000002
4320.050959941544	1850	16.38993322088168	0.0	728962	1649.776312625876	1.85
4322.313862007655	1850	18.127031154770187	0.0	938587	2262.902066111497	1.85
4327.768787952063	1850	16.672105210362485	0.0	908665	5454.9259444077	1.85
4329.28062713518	1200	19.160266027245022	0.0	587506	1511.8391831174645	0.5499999999999999
4330.752302616618	1200	21.68859054580594	0.0	566904	1471.675481439083	1.2
4334.218944405086	1200	22.221948757337877	0.0	641452	3466.641788468064	1.2
4335.613963524891	1200	24.826929637533254	0.0	599477	1395.0191198046184	1.2
4339.23472503583	2850	25.206168126595177	0.0	1587250	3620.76151093808	1.2000000000000002
4344.463099249754	4300	23.977793912670304	0.0	2124950	5228.374213924875	2.8499999999999996
4349.903317106275	4300	22.537576056149746	0.0	2246506	5440.217856520557	4.3
4354.690045760128	4300	21.75084740229733	0.0	1961140	4786.728653852411	4.3
4359.880313873019	4300	20.560579289406366	0.0	2155012	5190.2681128909635	4.3

