79529.51236532822	750	4.0	2.310747285575288	450283	2310.747285575288	-9.186213327973737
79530.79912017345	750	6.713245154761169	0.0	398865	1286.754845238831	0.75
79531.11489607906	750	10.397469249153257	0.0	350812	315.7759056079121	0.75
79541.21679322806	4300	4.2955721001626825	0.0	2160877	10101.897148990574	0.75
79541.4290524572	300	8.083312871017537	0.0	163442	212.25922914514618	-3.7
79541.76683827158	750	11.745527056640608	0.0	318564	337.78581437693094	0.3
79542.57959188374	1850	14.932773444476249	0.0	905515	812.7536121643582	0.75
79545.49678070295	1850	16.015584625267078	0.0	1060487	2917.18881920917	1.85
79546.30490403657	1200	19.207461291647657	0.0	584846	808.1233336194201	0.5499999999999999
79547.55045744542	1850	21.961907882783656	0.0	913888	1245.553408864001	1.2000000000000002
79549.08299493515	1850	24.429370393071586	0.0	939819	1532.5374897120691	1.85
79556.80292003772	2850	20.70944529049225	0.0	1519951	7719.9251025793355	1.85
79558.60299330755	1200	22.909372020662957	0.0	624282	1800.0732698292927	-0.44999999999999996
79560.02838920533	1200	25.483976122882353	0.0	687371	1425.3958977806062	1.2
79561.32273841953	1200	28.189626908674114	0.0	526950	1294.3492142082373	1.2
79562.67858517615	1850	30.833780152055347	0.0	923170	1355.8467566187664	1.2000000000000002
79564.62092750664	2850	32.89143782156671	0.0	1491626	1942.3423304886421	1.85
79568.91674389782	4300	32.595621430385506	0.0	2059512	4295.8163911812035	2.8499999999999996
79577.72841286848	4300	27.783952459723487	0.0	2220726	8811.668970662016	4.3
79585.85821257212	4300	23.65415275609646	0.0	2156729	8129.799703627029	4.3
79590.5089198958	4300	23.003445432404877	0.0	2039773	4650.707323691582	4.3
79599.28082770413	4300	18.231537624076196	0.0	2176469	8771.90780832868	4.3
79606.90376873496	4300	14.608596593244842	0.0	2221506	7622.941030831357	4.3
79607.67272423615	1850	17.83964109205747	0.0	874175	768.9555011873706	-0.6000000000000001
79610.17386882575	4300	19.338496502457605	0.0	2186790	2501.144589599866	1.8499999999999996
79614.25517678639	4300	19.257188541817605	0.0	2105231	4081.3079606399992	4.3
79617.53363591673	4300	19.978729411488338	0.0	2395588	3278.4591303292696	4.3
79622.68977740995	4300	18.822587918260044	0.0	1972048	5156.141493228292	4.3
79626.92868157924	4300	18.58368374897344	0.0	2134614	4238.904169286604	4.3
79629.56892562093	4300	19.943439707298392	0.0	2164140	2640.2440416750455	4.3
79634.99499502922	4300	18.517370299003527	0.0	2113193	5426.069408294865	4.3
79637.41459111599	2850	20.097774212249643	0.0	1497683	2419.5960867538843	1.4000000000000001
79638.61796651543	2850	22.894398812788346	0.0	1358081	1203.3753994612978	2.85
79641.80397007948	4300	23.708395248737713	0.0	2286761	3186.003564050632	2.8499999999999996
79644.97499241869	4300	24.53737290952298	0.0	2307787	3171.0223392147336	4.3
79648.31595238115	4300	25.196412947064847	0.0	2143948	3340.9599624581297	4.3
79651.59740563382	4300	25.91495969439177	0.0	1919781	3281.4532526730804	4.3
79662.74981887381	4300	18.76254645441182	0.0	2147467	11152.41323997995	4.3
79663.23702515179	1200	22.27534017642434	0.0	605884	487.2062779874811	-1.9000000000000001
79673.3104807151	4300	16.20188461312005	0.0	2146120	10073.45556330429	1.1999999999999997
79673.67007641154	750	19.842288916681472	0.0	345516	359.5956964385796	-2.8
79674.26914707302	1200	23.243218255201484	0.0	641452	599.0706614799886	0.75
79676.16186559097	2850	25.350499737246313	0.0	1343002	1892.7185179551723	1.2000000000000002
79679.36074613711	2850	26.151619191105766	0.0	1587250	3198.8805461405464	2.85
79680.90122252202	1850	28.61114280619743	0.0	958994	1540.4763849083304	0.8500000000000001
79690.4850588243	4300	23.027306503914435	0.0	2246506	9583.836302282996	1.8499999999999996
79693.14576667534	2850	24.366598652878878	0.0	1231456	2660.707851035557	1.4000000000000001
79695.0224993299	2850	26.489865998310552	0.0	1364537	1876.7326545683227	2.85

