65905.45469611365	750	4.0	4.812396863564868	450283	4812.396863564868	1	-19.94330651332893
65907.49270121529	300	5.961994898360961	0.0	398865	2038.005101639039	0	0.75
65908.31827626757	750	9.13641984607403	0.0	139857	825.5750522869309	1	-0.15000000000000002
65910.47781732207	750	10.976878791581418	0.0	382355	2159.5410544926103	1	0.3
65911.71674666442	1850	13.737949449231872	0.0	411561	1238.9293423495471	3	0.75
65916.34154282778	1850	13.113153285869663	0.0	801058	4624.796163362209	3	0.75
65918.8530611357	1850	14.601634977963233	0.0	905515	2511.518307906429	3	1.85
65928.53633250561	750	8.918363608047992	0.0	1060487	9683.271369915241	1	1.85
65929.62069827113	1850	11.833997842527987	0.0	374758	1084.365765520005	3	-0.3500000000000001
65932.14995304546	1850	13.304743068194828	0.0	913888	2529.25477433316	3	0.75
65934.55493283411	1850	14.899763279534431	0.0	939819	2404.9797886603974	3	1.85
65936.76368991789	1850	16.691006195759947	0.0	917428	2208.757083774484	3	1.85
65942.09429925072	1850	15.360396862938636	0.0	946851	5330.60933282131	3	1.85
65945.53789898483	1850	15.916797128830021	0.0	1036454	3443.599734108616	3	1.85
65947.49068431054	1850	17.964011803108505	0.0	821631	1952.7853257215172	3	1.85
65949.66358828775	1850	19.791107825911144	0.0	923170	2172.9039771973585	3	1.85
65954.13710783084	1850	19.317588282811318	0.0	966699	4473.51954309983	3	1.85
65956.22350928395	1850	21.23118682969959	0.0	885714	2086.401453111728	3	1.85
65958.54288151345	1850	22.911814600206498	0.0	987708	2319.3722294930926	3	1.85
65960.77770654515	1850	24.676989568500634	0.0	923755	2234.8250317058632	3	1.85
65962.93753357459	1850	26.517162539072835	0.0	891604	2159.8270294277963	3	1.85
65965.2236910545	1850	28.231005059151006	0.0	955231	2286.157479921834	3	1.85
65968.57303727801	1850	28.881658835641698	0.0	968026	3349.3462235093075	3	1.85
65971.91511832197	1850	29.5395777916861	0.0	874175	3342.081043955598	3	1.85
65975.81776377554	1850	29.636932338111386	0.0	897976	3902.645453574713	3	1.85
65980.53555486698	1850	28.919141246675274	0.0	905935	4717.791091436112	3	1.85
65983.20859296432	1850	30.246103149324032	0.0	1076599	2673.038097351239	3	1.85
65986.66909114692	1850	30.785604966730123	0.0	758197	3460.4981825939103	3	1.85
65989.14906725328	1850	32.30562886036804	0.0	972798	2479.976106362084	3	1.85
65995.2589403772	1850	30.19575573644762	0.0	975811	6109.873123920422	3	1.85
66000.18888129441	1850	29.265814819247765	0.0	873429	4929.940917199856	3	1.85
66002.60944978704	1850	30.845246326614262	0.0	954453	2420.568492633501	3	1.85
66004.87041932088	1850	32.58427679277832	0.0	885062	2260.969533835942	3	1.85
66009.54748894782	1850	31.907207165840237	0.0	1035329	4677.069626938083	3	1.85
66018.0775646464	1850	27.377131467246617	0.0	1026056	8530.075698593619	3	1.85
66023.4491919529	1850	26.00550416075904	0.0	943942	5371.627306487577	3	1.85
66025.31226315442	1850	28.14243295923157	0.0	728962	1863.0712015274676	3	1.85
66028.24487886239	1850	29.209817251264194	0.0	938587	2932.6157079673744	3	1.85
66032.44138685962	1850	29.01330925403899	0.0	908665	4196.5079972252015	3	1.85
66035.20272912229	1850	30.25196699136349	0.0	930577	2761.342262675502	3	1.85
66038.88334509748	1850	30.571351016180213	0.0	858450	3680.61597518328	3	1.85
66041.28449327737	1850	32.170202836282805	0.0	1025005	2401.1481798974078	3	1.85
66043.47023819083	1850	33.98445792282136	0.0	886255	2185.7449134614412	3	1.85
66047.32716191774	1850	34.1275341959139	0.0	973972	3856.9237269074597	3	1.85
66049.69534803173	4300	35.759348081926625	0.0	958994	2368.186113987277	5	1.85
66055.02850803066	4300	34.426188082985355	0.0	2246506	5333.159998941272	5	1.8499999999999996
66062.62135348524	4300	30.83334262840872	0.0	1961140	7592.845454576637	5	4.3
66073.32004344456	4300	24.134652669089032	0.0	2155012	10698.689959319689	5	4.3

