62873.426021011735	300	4.0	1.1392642703668996	181801	1139.2642703668996	-4.598836362577668
62875.5785598	300	5.847461211734599	0.0	155580	2152.5387882654013	0.3
62878.17177163982	300	7.25424937191891	0.0	139857	2593.211839815689	0.3
62878.86411183695	300	10.561909174789603	0.0	155432	692.3401971293058	0.3
62879.588008245024	300	13.838012766719142	0.0	163442	723.8964080704616	0.3
62880.87662257265	750	16.549398439088886	0.0	318564	1288.614327630256	0.3
62882.28172059129	750	19.144300420454	0.0	352642	1405.0980186348854	0.75
62898.572964919855	1200	6.853056091877834	0.0	709534	16291.244328576167	0.75
62899.28379817719	300	10.142222834541888	0.0	150710	710.8332573359454	-0.6000000000000001
62899.94605589242	300	13.479965119315846	0.0	139105	662.2577152260413	0.3
62904.21621121772	750	13.209809794017838	0.0	353220	4270.155325298008	0.3
62909.3342491449	750	12.091771866836092	0.0	405134	5118.0379271817455	0.75
62910.02137131843	300	15.404649693299733	0.0	160746	687.1221735363589	-0.15000000000000002
62912.66905780948	750	16.756963202246187	0.0	434409	2647.6864910535455	0.3
62915.505765208814	750	17.920255802909907	0.0	337059	2836.7073993362837	0.75
62919.41865446005	750	18.007366551679297	0.0	366214	3912.8892512306093	0.75
62922.12098815273	750	19.305032858998047	0.0	360831	2702.3336926812526	0.75
62925.05514147395	1200	20.370879537778595	0.0	581493	2934.153321219454	0.75
62928.712954183866	1200	20.713066827866392	0.0	639204	3657.8127099122044	1.2
62931.01616239345	1200	22.409858618283803	0.0	586839	2303.2082095825854	1.2
62935.16632220114	1850	22.25969881059133	0.0	891604	4150.159807692475	1.2000000000000002
62947.60224601685	1850	13.823774994882156	0.0	955231	12435.923815709175	1.85
62950.26468747192	750	15.161333539813832	0.0	401853	2662.441455068323	-0.3500000000000001
62951.18833058015	750	18.237690431583427	0.0	343800	923.643108230402	0.75
62952.36558769782	750	21.060433313908536	0.0	359903	1177.2571176748938	0.75
62960.0655758768	1200	17.36044513494105	0.0	590335	7699.988178967488	0.75
62964.67721175067	750	16.748809261067652	0.0	425781	4611.6358738733925	0.3
62966.3630901273	750	19.062930884442075	0.0	277716	1685.8783766255813	0.75
62974.324435835406	1200	15.10158517633221	0.0	622896	7961.345708109863	0.75
62976.81234210703	750	16.6136789047074	0.0	400508	2487.9062716248127	0.3
62977.81663909799	750	19.609381913746706	0.0	358218	1004.2969909606904	0.75
62980.80753897207	1200	20.618482039660957	0.0	620283	2990.8998740857514	0.75
62983.13705455718	1200	22.28896645456011	0.0	584349	2329.515585100844	1.2
62985.74527347312	1850	23.680747538612255	0.0	1035329	2608.2189159478557	1.2000000000000002
62988.3972528471	1850	25.02876816463518	0.0	1026056	2651.9793739770766	1.85
62997.27166721507	2850	20.15435379665985	0.0	1439896	8874.41436797533	1.85
62998.614013843035	1200	22.81200716869764	0.0	487812	1342.3466279622116	-0.44999999999999996
63001.12826738836	1850	24.29775362337278	0.0	938587	2514.2535453248593	1.2000000000000002
63003.56790015061	1850	25.85812086112964	0.0	908665	2439.63276224314	1.85
63006.90104474317	2850	26.524976268559314	0.0	1402287	3333.144592570325	1.85
63010.14712425336	2850	27.27889675837078	0.0	1339500	3246.0795101885296	2.85
63017.634205474475	4300	23.791815537261332	0.0	2184571	7487.081221109451	2.8499999999999996
63021.03709393152	1850	24.38892708021424	0.0	886255	3402.8884570470914	-0.6000000000000001
63025.83491808694	1850	23.591102924796242	0.0	973972	4797.8241554179995	1.85
63029.44048842882	1850	23.985532582908508	0.0	958994	3605.5703418877333	1.85
63031.75339431625	1850	25.672626695484347	0.0	982064	2312.905887424164	1.85
63034.84912529927	2850	26.57689571246701	0.0	1231456	3095.7309830173353	1.85
63038.47360392376	2850	26.952417087976148	0.0	1364537	3624.4786244908614	2.85

