650.4993738358268	300	4.0	0.9389853784894683	181801	938.9853784894683	-3.7376371275047138
651.3752759390836	300	7.124097896743108	0.0	155580	875.9021032568919	0.3
651.7207688227272	300	10.778605013099495	0.0	139857	345.492883643613	0.3
652.0958279895226	300	14.40354584630417	0.0	155432	375.0591667953271	0.3
652.9559465353383	300	17.54342730048845	0.0	163442	860.1185458157197	0.3
653.7081608132873	300	20.791213022539424	0.0	126289	752.2142779490244	0.3
654.1974892602643	300	24.30188457556248	0.0	153295	489.3284469769446	0.3
654.7417010165415	300	27.7576728192854	0.0	173849	544.2117562770791	0.3
655.2241269941917	300	31.27524684163515	0.0	150710	482.4259776502516	0.3
655.6755652903965	300	34.82380854543026	0.0	139105	451.4382962048852	0.3
657.3948833806297	300	37.10449045519717	0.0	141840	1719.3180902330926	0.3
658.3618405774307	300	40.13753325839615	0.0	156148	966.9571968010239	0.3
658.7725748814084	300	43.72679895441835	0.0	160746	410.73430397779885	0.3
659.222514777826	300	47.276859058000944	0.0	179801	449.9398964174052	0.3
659.590669195394	300	50.908704640432894	0.0	140051	368.15441756805586	0.3
659.9552476843521	300	54.54412615147465	0.0	138313	364.57848895824026	0.3
660.3305169242059	300	58.16885691162078	0.0	143509	375.26923985386844	0.3
661.2124835325861	300	59.60393792576499	0.0	150616	564.918985855797	0.3
661.6862182735357	300	59.77759430265245	0.0	165384	326.3436231125331	0.3
662.3862044905804	750	59.66879661474859	0.0	350713	608.7976879038686	0.3
664.2238050262566	1200	59.502090745930936	0.0	601738	1666.7058688176464	0.75
668.0435808474942	1200	59.682314924693394	0.0	616206	3319.775821237541	1.2
670.896126540492	1200	59.6753773899926	0.0	656471	1006.9375347008043	1.2
673.4970084091626	1200	59.75674036885571	0.0	536667	918.6370211368835	1.2
675.7505338574495	1200	59.93710011042921	0.0	587236	819.6402584264912	1.2
679.7504183382995	1200	59.93721562957909	0.0	590335	3499.8844808501253	1.2
683.9235607931722	1200	59.76407317470636	0.0	696376	3173.1424548727273	1.2
685.9777577032457	1200	59.92393076721114	0.0	487160	840.1424074952253	1.2
690.3554356288649	1200	59.54625284159201	0.0	622896	4377.677925619129	1.2
694.2953545114343	1200	59.60633395902264	0.0	641447	3439.918882569372	1.2
698.3737626081074	1200	59.52792586234956	0.0	570392	3578.408096673077	1.2
700.9293011252878	1200	59.63668644672934	0.0	620283	1391.239415620221	1.2
704.9306238282861	1200	59.63536374373106	0.0	584349	4001.322702998278	1.2
707.6961967960935	1200	59.759888074356496	0.0	670129	1875.4756693745626	1.2
715.551639272554	1200	55.904445597896114	0.0	690253	7855.442476460383	1.2
716.2815911800323	1200	59.17449369041786	0.0	598727	729.9519074782478	1.2
717.736177708271	1200	59.56494626748424	0.0	487812	609.5474229336226	1.2
719.3358129316312	1200	59.64214813025684	0.0	575591	922.798137227392	1.2
721.4448721054396	1200	59.642037128368926	0.0	605884	1500.111001887921	1.2
723.3577035930078	1200	59.944095428595055	0.0	587506	1697.9416997738663	1.2
727.3159941673006	1200	59.98580485430237	0.0	566904	3958.2905742926832	1.2
729.7758717471347	1850	59.51795632347879	0.0	1025005	1967.8485308235815	1.2000000000000002
732.0832601865076	1850	59.56577671629771	0.0	886255	1952.1796071810795	1.85
735.5843042846882	1850	59.994359055303285	0.0	973972	1571.4176609944273	1.85
737.6263488890439	1850	59.60164988521853	0.0	958994	1892.7091700847582	1.85
740.6758194695927	1200	59.871582302579576	0.0	638661	1230.0675826389472	0.5499999999999999
744.8162230327193	1200	59.731178739453036	0.0	538612	2640.4035631265424	1.2
759.3247301550799	1200	49.2226716170924	0.0	550906	14508.50712236063	1.2

