60732.33004184942	300	4.0	7.50273663831688	450283	7502.73663831688	0	-31.511767544762584
60735.65312265278	300	4.67691919663906	0.0	155580	3323.0808033609387	0	-0.15000000000000002
60736.173161120794	750	8.15688072863017	0.0	139857	520.0384680088912	1	0.3
60739.88544792058	300	8.444593928849462	0.0	382355	3712.286799780708	0	0.3
60740.28216137274	750	12.047880476678504	0.0	163442	396.7134521709607	1	-0.15000000000000002
60740.97946600789	1850	15.350575841533377	0.0	318564	697.3046351451275	3	0.3
60742.63884641211	1850	17.691195437306234	0.0	905515	1659.3804042271465	3	0.75
60744.41955392333	1850	19.91048792608975	0.0	1060487	1780.707511216483	3	1.85
60745.86724583178	1850	22.4627960176427	0.0	852833	1447.69190844705	3	1.85
60747.41285190334	1850	24.91718994608255	0.0	913888	1545.6060715601504	3	1.85
60749.74805749182	1850	26.58198435760336	0.0	939819	2335.20558847919	3	1.85
60753.53249362343	1850	26.797548225994618	0.0	917428	3784.436131608741	3	1.85
60755.96816699097	1850	28.361874858459274	0.0	946851	2435.6733675353476	3	1.85
60758.020445308066	4300	30.309596541367828	0.0	1036454	2052.2783170914445	5	1.85
60761.50541345876	4300	30.824628390673276	0.0	2005399	3484.968150694553	5	1.8499999999999996
60771.94470566933	4300	24.385336180111327	0.0	2152483	10439.292210561945	5	4.3
60781.658557257564	4300	18.671484591876517	0.0	2289689	9713.851588234811	5	4.3
60785.07278502518	4300	19.257256824261027	0.0	2059512	3414.227767615488	5	4.3
60790.40838226925	4300	17.921659580192514	0.0	2220726	5335.597244068513	5	4.3
60800.98316608173	1850	11.346875767717194	0.0	2156729	10574.78381247532	3	4.3
60803.24212860929	1850	13.087913240160763	0.0	891604	2258.962527556432	3	-0.6000000000000001
60809.29850475342	1850	11.031537096024856	0.0	955231	6056.376144135906	3	1.85
60814.08410573222	1850	10.24593611722693	0.0	968026	4785.600978797926	3	1.85
60816.10484053528	1850	12.225201314170139	0.0	874175	2020.7348030567925	3	1.85
60817.91225346779	1850	14.417788381652146	0.0	897976	1807.4129325179924	3	1.85
60819.47302505172	1850	16.85701679771989	0.0	905935	1560.771583932255	3	1.85
60821.31275086702	4300	19.017290982413186	0.0	1076599	1839.7258153067073	5	1.85
60825.732867224615	4300	18.597174624829314	0.0	1972048	4420.116357583872	5	1.8499999999999996
60833.59786806017	4300	14.732173789266184	0.0	2134614	7865.000835563129	5	4.3
60840.32532491616	1850	12.00471693328355	0.0	2164140	6727.456855982632	3	4.3
60845.7589751309	1850	10.571066718536754	0.0	873429	5433.650214746797	3	-0.6000000000000001
60847.86251430286	1850	12.4675275465749	0.0	954453	2103.539171961853	3	1.85
60849.83064820591	1850	14.499393643525517	0.0	885062	1968.1339030493828	3	1.85
60853.35307823538	1850	14.976963614061278	0.0	1035329	3522.4300294642376	3	1.85
60857.19042821707	1850	15.139613632362197	0.0	1026056	3837.3499816990807	3	1.85
60861.64445274696	1850	14.685589102483938	0.0	943942	4454.024529878259	3	1.85
60865.369321268765	1850	14.96072058067726	0.0	728962	3724.868521806678	3	1.85
60867.31939935976	1850	17.01064248967859	0.0	938587	1950.0780909986713	3	1.85
60869.33252936329	1850	18.997512486153624	0.0	908665	2013.1300035249667	3	1.85
60870.85812123603	1850	21.47192061342043	0.0	930577	1525.591872733197	3	1.85
60872.271668425725	1850	24.058373423722195	0.0	858450	1413.5471896982333	3	1.85
60873.943948159176	4300	26.386093690276287	0.0	1025005	1672.2797334459058	5	1.85
60880.44767971447	4300	23.882362134986252	0.0	2121928	6503.731555290036	5	1.8499999999999996
60884.38119248563	4300	23.948849363817008	0.0	2219102	3933.512771169244	5	4.3
60893.2359874755	4300	19.094054373944527	0.0	2124950	8854.79498987248	5	4.3
60915.89411809458	300	4.0	3.56407624513725	2246506	22658.130619081778	0	-11.025527854090175
60916.20819718579	750	7.6859209087866605	0.0	137507	314.07909121333955	1	-3.7
60916.82290364513	1850	11.071214449451874	0.0	314107	614.7064593347862	3	0.3

