90494.11952223015	750	4.0	4.271052191572359	450283	4271.052191572359	0.1054267144963713	-17.615524423761144
90495.02823182355	300	7.091290406596756	0.0	155580	908.7095934032437	0.17120981348654116	-0.15000000000000002
90496.56032377244	750	9.559198457697137	0.0	350812	1532.0919488996176	0.228975813267579	0.3
90499.55193080264	1200	10.567591427502066	0.0	617681	2991.6070301950713	0.20647130246906906	0.75
90501.54324155753	1200	12.57628067260657	0.0	652874	1991.310754895496	0.32786143418095626	1.2
90503.90750197621	1850	14.212020253939238	0.0	801058	2364.2604186673316	0.33881969755748576	1.2000000000000002
90510.8293980136	2850	11.290124216548628	0.0	1388403	6921.8960373906075	0.2005813136314303	1.85
90513.98628500066	1850	12.133237229470113	0.0	1060487	3156.8869870785156	0.33592808495859666	0.8500000000000001
90515.68360055693	1850	14.435921673193326	0.0	852833	1697.3155562767872	0.5024598972454863	1.85
90520.43300278962	2850	13.686519440509397	0.0	1429765	4749.402232683927	0.301041042630754	1.85
90522.93028661307	2850	15.189235617042625	0.0	1354548	2497.2838234667715	0.5424085109075002	2.85
90529.80234375846	4300	12.317178471649935	0.0	2102452	6872.057145392689	0.3059421590243281	2.8499999999999996
90532.15760243965	1850	13.961919790477468	0.0	946851	2355.258681172467	0.40201571384449797	-0.6000000000000001
90535.36836746336	2850	14.751154766751217	0.0	1578343	3210.765023726252	0.4915784831143622	1.85
90539.0623168797	2850	15.057205350406745	0.0	1231445	3693.9494163444733	0.3333681274982471	2.85
90543.57237289747	4300	14.547149332639327	0.0	2152483	4510.056017767418	0.47726302988704983	2.8499999999999996
90545.38451801881	2850	16.735004211305412	0.0	1491626	1812.1451213339149	0.823127233265964	1.4000000000000001
90547.73398666218	4300	18.385535567941602	0.0	2059512	2349.468643363807	0.8765862893370361	2.8499999999999996
90550.28865914041	4300	19.830863089714832	0.0	2220726	2554.672478226768	0.8692801206131267	4.3
90552.80358879048	4300	21.31593343963678	0.0	2156729	2514.929650078052	0.8575703101409079	4.3
90555.18647605965	4300	22.93304617047656	0.0	2039773	2382.8872691602232	0.856009021660037	4.3
90557.72369201055	4300	24.39583021957326	0.0	2176469	2537.2159509033017	0.8578177979785803	4.3
90560.3117543713	4300	25.80776785882868	0.0	2221506	2588.062360744578	0.8583664882637831	4.3
90562.69949856377	4300	27.42002366635791	0.0	2044075	2387.7441924707714	0.8560695096424245	4.3
90565.24836684045	4300	28.87115538967865	0.0	2186790	2548.8682766792595	0.8579454732941375	4.3
90567.70515566379	4300	30.41436656634319	0.0	2105231	2456.7888233354615	0.8569035238209165	4.3
90576.35068777397	4300	25.768834456159095	0.0	2395588	8645.532110184098	0.2770897117111035	4.3
90583.44981601833	4300	22.669706211797898	0.0	1972048	7099.128244361195	0.27778734685718465	4.3
90590.1498230684	4300	19.9696991617376	0.0	2134614	6700.007050060297	0.3185987692327562	4.3
90597.77805986088	4300	16.34146236924688	0.0	2164140	7628.236792490719	0.283701208925553	4.3
90609.53646115179	4300	8.583061078336431	0.0	2113193	11758.40129091045	0.1797177139747351	4.3
90610.43230841901	750	11.687213811124574	0.0	400322	895.8472672118581	0.44686411919960484	-2.8
90612.45824718369	1850	13.661275046434572	0.0	885062	2025.9387646900013	0.43686512910740793	0.75
90619.0376412134	2850	11.081881016721503	0.0	1587293	6579.394029713068	0.24125215678399228	1.85
90620.90604034801	1850	13.213481882113031	0.0	1026056	1868.3991346084715	0.5491631745028682	0.8500000000000001
90623.4957559584	2850	14.623766271730949	0.0	1439896	2589.715610382084	0.5560054525784626	1.85
90625.56152188	2850	16.558000350117293	0.0	1139291	2065.7659216136544	0.5515102113360709	2.85
90631.19399837428	4300	14.9255238558319	0.0	2147467	5632.476494285395	0.38126515080511736	2.8499999999999996
90637.42464595502	2850	12.694876275091632	0.0	1427478	6230.6475807402685	0.22910588048865382	1.4000000000000001
90638.75689277748	1850	15.362629452636304	0.0	930577	1332.2468224553281	0.6985019474731782	0.8500000000000001
90643.13052499208	4300	14.988997238044568	0.0	2108491	4373.632214591736	0.4820915194847541	1.8499999999999996
90646.1799804352	2850	15.939541794908909	0.0	1527299	3049.455443135661	0.5008431926552518	1.4000000000000001
90663.96699495288	4300	4.0	1.847472722762317	2121928	17787.014517671225	0.11929646753770203	-5.0941327078779635
90664.32389462371	300	7.643100329167071	0.0	172312	356.8996708329291	0.48280235058177523	-3.7
90665.04505350391	750	10.921941448957812	0.0	398987	721.1588802092592	0.5532581112836406	0.3
90671.5438978595	1200	8.423097093381243	0.0	638661	6498.844355576569	0.09827301056255852	0.75
90671.94768090219	750	12.019314050700585	0.0	331053	403.7830426806587	0.8198784124320472	0.3
90672.8554645315	1850	15.111530421391596	0.0	846370	907.7836293089902	0.9323477232611712	0.75

