52665.89835601469	750	4.0	1.3904455403542093	450283	1390.4455403542092	1	-5.2289158235231
52666.95240076091	750	6.945955253788377	0.0	398865	1054.0447462116233	1	0.75
52668.935286303524	750	8.963069711173862	0.0	350812	1982.8855426145149	1	0.75
52673.06026363081	750	8.838092383883751	0.0	382355	4124.977327290111	1	0.75
52675.83688922704	750	10.061466787649676	0.0	411561	2776.6255962340747	1	0.75
52676.86308379317	750	13.035272221520911	0.0	318564	1026.1945661287666	1	0.75
52682.981356420474	750	10.916999594220597	0.0	352642	6118.272627300313	1	0.75
52686.77793315641	750	11.120422858286302	0.0	437162	3796.576735934295	1	0.75
52688.84172932357	750	13.05662669112813	0.0	374758	2063.7961671581697	1	0.75
52691.12202261555	750	14.776333399143368	0.0	362795	2280.2932919847635	1	0.75
52698.920232140474	300	10.978123874217937	0.0	353220	7798.209524925432	0	0.75
52700.32459153586	750	13.573764478834478	0.0	156148	1404.3593953834581	1	-0.15000000000000002
52701.17761580001	1850	16.72074021468156	0.0	386351	853.024264152922	3	0.3
52706.01237177983	1850	15.885984234860246	0.0	1036454	4834.755979821313	3	0.75
52708.922679251606	1850	16.975676763084287	0.0	821631	2910.3074717759596	3	1.85
52710.384380471696	1850	19.513975542989332	0.0	923170	1461.7012200949582	3	1.85
52714.87317739927	1850	19.025178615419726	0.0	966699	4488.796927569605	3	1.85
52716.19050972528	1850	21.707846289408277	0.0	885714	1317.3323260114487	3	1.85
52719.66102457647	1850	22.237331438216202	0.0	987708	3470.5148511920743	3	1.85
52721.16349723808	1850	24.734858776611695	0.0	923755	1502.472661604507	3	1.85
52722.61646118953	1850	27.28189482515571	0.0	891604	1452.9639514559867	3	1.85
52724.3835065335	1850	29.5148494811813	0.0	955231	1767.045343974408	3	1.85
52730.62805799221	1850	27.27029802247033	0.0	968026	6244.551458710967	3	1.85
52741.759148736994	1850	20.1392072776935	0.0	874175	11131.090744776828	3	1.85
52746.36198105628	1850	19.536374958405293	0.0	897976	4602.83231928821	3	1.85
52748.121195099	1850	21.77716091569322	0.0	905935	1759.2140427120712	3	1.85
52752.97343850224	1850	20.924917512454616	0.0	1076599	4852.243403238604	3	1.85
52754.83426626916	1850	23.06408974553467	0.0	758197	1860.827766919944	3	1.85
52756.741745153195	1850	25.15661086149537	0.0	972798	1907.4788840393028	3	1.85
52760.14734309846	1850	25.751012916227683	0.0	975811	3405.5979452676875	3	1.85
52773.81004613057	1850	16.088309884116125	0.0	873429	13662.703032111558	3	1.85
52777.49660287896	1850	16.40175313573472	0.0	954453	3686.5567483814084	3	1.85
52778.98017878522	1850	18.91817722947227	0.0	885062	1483.5759062624459	3	1.85
52781.56931168341	1850	20.32904433128233	0.0	1035329	2589.132898189942	3	1.85
52787.98110038217	1850	17.917255632526636	0.0	1026056	6411.788698755692	3	1.85
52789.43565342475	1850	20.462702589939813	0.0	943942	1454.553042586823	3	1.85
52798.21885640076	1850	15.679499613927284	0.0	728962	8783.20297601253	3	1.85
52799.79732739057	1850	18.101028624110207	0.0	938587	1578.4709898170793	3	1.85
52803.66416571227	1850	18.23419030241524	0.0	908665	3866.8383216949696	3	1.85
52807.75863929878	1850	18.139716715904356	0.0	930577	4094.4735865108823	3	1.85
52810.9886088819	1850	18.90974713278996	0.0	858450	3229.9695831143977	3	1.85
52812.35577686315	4300	21.542579151540075	0.0	1025005	1367.1679812498842	5	1.85
52816.760553559376	4300	21.137802455311846	0.0	2121928	4404.776696228229	5	1.8499999999999996
52821.2321058603	4300	20.66625015439196	0.0	2219102	4471.552300919885	5	4.3
52826.35212084677	4300	19.546235167922028	0.0	2124950	5120.014986469935	5	4.3
52833.292063015106	4300	16.60629299958707	0.0	2246506	6939.942168334958	5	4.3
52838.87236534377	4300	15.025990670914888	0.0	1961140	5580.302328672179	5	4.3
52841.86497112435	4300	16.033384890334375	0.0	2155012	2992.605780580516	5	4.3

