67841.33815561412	750	4.0	1.8213279836367473	450283	1821.3279836367474	1	-7.081710329638013
67841.75342968594	1850	7.584725928193053	0.0	398865	415.274071806947	3	0.75
67842.57125791674	1850	10.766897697377976	0.0	877771	817.8282308150771	3	0.75
67843.43574200194	1850	13.902413612186995	0.0	933276	864.4840851909801	3	1.85
67844.35357960564	4300	16.98457600848774	0.0	996749	917.8376036992533	5	1.85
67846.63385446335	4300	18.704301150772746	0.0	1941625	2280.2748577149946	5	1.8499999999999996
67850.08509399527	4300	19.25306161886203	0.0	2157535	3451.2395319107163	5	4.3
67851.26648585615	4300	22.071669757977237	0.0	2290172	1181.3918608847935	5	4.3
67855.0416074382	4300	22.296548175935285	0.0	2055469	3775.121582041952	5	4.3
67857.44862655472	4300	23.889529059418226	0.0	2169201	2407.019116517058	5	4.3
67858.98103933803	4300	26.357116276087165	0.0	2173522	1532.4127833310613	5	4.3
67860.30144634751	4300	29.036709266615183	0.0	2102452	1320.4070094719818	5	4.3
67861.60413516556	4300	31.73402044856871	0.0	2209463	1302.6888180464728	5	4.3
67864.86869843314	4300	32.46945718097431	0.0	2275376	3264.563267594405	5	4.3
67865.96909717016	4300	35.36905844396642	0.0	2005399	1100.3987370078808	5	4.3
67869.07818944161	4300	36.25996617251015	0.0	2152483	3109.0922714562817	5	4.3
67870.3538326754	4300	38.98432293871436	0.0	2289689	1275.6432337957895	5	4.3
67871.44635440697	4300	41.891801207164676	0.0	2059512	1092.5217315496852	5	4.3
67872.62424074489	4300	44.713914869239105	0.0	2220726	1177.8863379255736	5	4.3
67873.80571909338	4300	47.53243652075158	0.0	2156729	1181.4783484875225	5	4.3
67875.02444843942	4300	50.31370717470982	0.0	2039773	1218.7293460417607	5	4.3
67876.56304117711	4300	52.775114437018495	0.0	2176469	1538.5927376913214	5	4.3
67877.90143202398	4300	55.43672359013562	0.0	2221506	1338.390846882871	5	4.3
67879.87945973728	4300	57.45869587685468	0.0	2044075	1978.027713280944	5	4.3
67883.96185081327	4300	57.376304800857646	0.0	2186790	4082.3910759970345	5	4.3
67885.77839760737	4300	59.55975800676152	0.0	2105231	1316.5467940961278	5	4.3
67887.81470659492	4300	59.62638854052996	0.0	2395588	1433.36946623156	5	4.3
67889.65512278663	4300	59.71865013283232	0.0	1972048	1407.7384076976386	5	4.3
67891.38032909369	4300	59.52688603154942	0.0	2134614	1191.7641012829022	5	4.3
67894.37957174014	4300	59.50698571297352	0.0	2164140	2519.900318575901	5	4.3
67897.15582899746	4300	59.82102818623815	0.0	2113193	2685.9575267353675	5	4.3
67903.99554869704	4300	56.98130848665813	0.0	2147852	6839.719699580025	5	4.3
67924.63133995028	4300	40.34551723341347	0.0	2191074	20635.79125324466	5	4.3
67926.47551312558	4300	42.501344058110455	0.0	2286761	1844.1731753030144	5	4.3
67929.8539871944	4300	43.122869989309606	0.0	2307787	3378.4740688008465	5	4.3
67931.3317249427	4300	45.64513224099977	0.0	2143948	1477.7377483098307	5	4.3
67934.36655553847	4300	46.610301645244085	0.0	1919781	3034.8305957556854	5	4.3
67935.49457217417	4300	49.48228500953612	0.0	2147467	1128.0166357079645	5	4.3
67937.73308394222	4300	51.2437732414759	0.0	2133870	2238.511768060218	5	4.3
67938.99505663908	4300	53.98180054462002	0.0	2146120	1261.9726968558805	5	4.3
67945.25611594417	4300	51.7207412395266	0.0	2108491	6261.059305093422	5	4.3
67951.55694560305	4300	49.41991158063916	0.0	2184571	6300.829658887443	5	4.3
67955.42390443207	4300	49.552952751602355	0.0	2121928	3866.9588290368056	5	4.3
67957.04509533895	4300	51.931761844716654	0.0	2219102	1621.1909068856974	5	4.3
67958.23453289304	4300	54.742324290647026	0.0	2124950	1189.4375540696299	5	4.3
67978.0085656952	4300	38.96829148848579	0.0	2246506	19774.03280216124	5	4.3
67991.57531812253	4300	29.401539061147993	0.0	1961140	13566.752427337797	5	4.3
67999.6661716572	4300	25.31068552648619	0.0	2155012	8090.8535346618055	5	4.3

