70677.46441526338	750	4.0	1.697026257741512	450283	1697.0262577415122	0.265336495499639	-6.547212908288501
70678.60901140301	300	6.855403860375596	0.0	155580	1144.5961396244045	0.13592567248309353	-0.15000000000000002
70679.56994368193	300	9.89447158146424	0.0	139857	960.9322789113561	0.14554303468548743	0.3
70682.04565357935	1200	11.418761684032052	0.0	617681	2475.70989743219	0.24949651840898635	0.29999999999999993
70690.12383261739	1850	7.340582645997659	0.0	996749	8078.179038034392	0.12338783224623011	1.2000000000000002
70691.92065677098	750	9.543758492405512	0.0	318564	1796.8241535921486	0.17729280818222412	-0.3500000000000001
70695.66536962068	1200	9.799045642693113	0.0	561791	3744.7128497123986	0.15002245099865177	0.75
70702.12542739425	1200	7.338987869139304	0.0	709534	6460.057773553808	0.10983400224448318	1.2
70703.53282649182	750	9.931588771565465	0.0	374758	1407.3990975738382	0.2662769932466427	0.3
70708.50854647027	1200	8.95586879310758	0.0	560821	4975.719978457885	0.11271152766394504	0.75
70709.9018558511	750	11.562559412277489	0.0	353220	1393.3093808300916	0.2535115350975117	0.3
70713.04861525618	1850	12.415800007197978	0.0	917428	3146.7594050795105	0.2915469160175018	0.75
70715.6909222375	1850	13.773493025879246	0.0	946851	2642.3069813187326	0.35834254183722514	1.85
70719.71030001728	2850	13.754115246093107	0.0	1578343	4019.377779786138	0.3926834168058669	1.85
70723.70153808389	2850	13.762877179490332	0.0	1231445	3991.2380666027766	0.3085370953700513	2.85
70730.66745867139	2850	10.796956591974693	0.0	1471065	6965.9205875156385	0.21118027136807313	2.85
70735.01163666579	1200	10.452778597581394	0.0	617242	4344.177994393298	0.14208487792089264	-0.44999999999999996
70736.40036974108	1200	13.064045522292707	0.0	581493	1388.7330752886883	0.4187219346519272	1.2
70742.31598262719	2850	11.148432636187998	0.0	1537156	5915.612886104708	0.2598472938637777	1.2000000000000002
70744.73535921842	1850	12.72905604494898	0.0	923755	2419.376591239017	0.3818153004146098	0.8500000000000001
70747.03619213084	1850	14.428223132536754	0.0	891604	2300.8329124122274	0.3875135804908272	1.85
70750.53421050588	2850	14.930204757479132	0.0	1468126	3498.0183750576207	0.4197021978124448	1.85
70758.73974966373	2850	10.724665599635138	0.0	1505760	8205.539157843994	0.1835053091618709	2.85
70761.90992319571	1200	11.554492067659012	0.0	536667	3170.1735319761256	0.16928631653342618	-0.44999999999999996
70764.47307928112	1850	12.991335982238919	0.0	897976	2563.1560854200925	0.35033995982840227	1.2000000000000002
70766.61572138219	1850	14.84869388117148	0.0	905935	2142.64210106744	0.4228120970593612	1.85
70770.35151103942	2850	15.112904223935816	0.0	1547572	3735.789657235662	0.4142556573019538	1.85
70775.5416629769	4300	13.922752286452054	0.0	1972048	5190.1519374837635	0.3799595895753426	2.8499999999999996
70783.32718654729	2850	10.137228716057322	0.0	1498470	7785.523570394733	0.19246875132432825	1.4000000000000001
70786.73391777484	1200	10.730497488517429	0.0	641447	3406.731227539893	0.18828811466386472	-0.44999999999999996
70790.6775889468	1200	10.78682631655112	0.0	570392	3943.6711719663094	0.14463477686847895	1.2
70793.09269269563	1200	12.371722567719779	0.0	620283	2415.103748831341	0.25683492905849387	1.2
70795.48883217135	1850	13.975583091994771	0.0	885062	2396.1394757250077	0.369369984079163	1.2000000000000002
70800.69701172829	2850	12.767403535054317	0.0	1587293	5208.179556940455	0.30476925433278557	1.85
70803.58234936358	1850	13.882065899766527	0.0	1026056	2885.3376352877885	0.3556103755246167	0.8500000000000001
70807.9185983071	2850	13.545816956265865	0.0	1439896	4336.24894350066	0.3320602711609011	1.85
70811.19276146014	2850	14.271653803212732	0.0	1139291	3274.163153053135	0.34796402828540135	2.85
70816.86314410502	2850	12.601271158334239	0.0	1499009	5670.382644878492	0.2643576446033866	2.85
70820.17246526355	1850	13.291949999800199	0.0	908665	3309.3211585340405	0.27457746059391813	0.8500000000000001
70828.768760045	2850	8.695655218343356	0.0	1402287	8596.294781456843	0.16312690940111638	1.85
70834.88550270561	750	6.578912557736947	0.0	345516	6116.742660606409	0.056486927629835225	-1.35
70835.7196339846	300	9.744781278757541	0.0	161857	834.1312789794066	0.19404259746504002	-0.15000000000000002
70839.55206544645	1200	9.912349816902609	0.0	599477	3832.4314618549324	0.15642210590501926	0.29999999999999993
70841.2645926995	1200	12.199822563857783	0.0	634861	1712.5272530448256	0.37071585218351116	1.2
70843.67319661807	1850	13.7912186452891	0.0	958994	2408.6039185686814	0.3981534666645749	1.2000000000000002
70847.29038075729	2850	14.17403450606337	0.0	1483527	3617.18413922573	0.4101331154010737	1.85
70850.37165054321	2850	15.092764720130253	0.0	1231456	3081.2697859331165	0.39965861010352	2.85
70858.17216916887	4300	11.292246094471386	0.0	2155012	7800.518625658867	0.27626522073947074	2.8499999999999996

