70606.3569705283	300	4.0	4.162249492689332	450283	4162.249492689332	0	-17.14767281856413
70607.70375828537	300	6.653212242928007	0.0	155580	1346.7877570719927	0	-0.15000000000000002
70608.87885875079	300	9.478111777516904	0.0	139857	1175.100465411104	0	0.3
70610.18335581616	750	12.173614712148085	0.0	155432	1304.49706536882	1	0.3
70613.14252770333	750	13.214442824973185	0.0	411561	2959.1718871748994	1	0.3
70614.99746441837	750	15.359506109936921	0.0	318564	1854.9367150362639	1	0.75
70616.90715966426	750	17.449810864047933	0.0	352642	1909.6952458889864	1	0.75
70619.14562715155	1850	19.211343376755888	0.0	437162	2238.467487292045	3	0.75
70627.04149950828	750	15.315471020029323	0.0	852833	7895.872356726567	1	0.75
70628.81066506453	750	17.546305463782762	0.0	362795	1769.165556246561	1	-0.3500000000000001
70630.61728660938	1850	19.739683918935842	0.0	353220	1806.621544846918	3	0.75
70635.0643160094	1850	19.2926545189159	0.0	917428	4447.029400019942	3	0.75
70638.61055250962	1850	19.74641801869009	0.0	946851	3546.236500225812	3	1.85
70643.28272554213	1850	19.07424498618199	0.0	1036454	4672.173032508096	3	1.85
70646.56330698068	1850	19.79366354762711	0.0	821631	3280.5814385548847	3	1.85
70649.77827207131	1850	20.578698456996268	0.0	923170	3214.9650906308434	3	1.85
70655.17906763377	1850	19.17790289454278	0.0	966699	5400.795562453486	3	1.85
70658.9605773207	1850	19.39639320761296	0.0	885714	3781.5096869298177	3	1.85
70662.50384146157	1850	19.85312906673663	0.0	987708	3543.26414087633	3	1.85
70665.69094593385	1850	20.666024594455195	0.0	923755	3187.104472281437	3	1.85
70668.92232381909	1850	21.434646709219688	0.0	891604	3231.3778852355067	3	1.85
70672.40148376042	1850	21.955486767886804	0.0	955231	3479.159941332883	3	1.85
70675.72587480945	1850	22.63109571886583	0.0	968026	3324.3910490209737	3	1.85
70678.78706202256	1850	23.56990850575285	0.0	874175	3061.187213112977	3	1.85
70682.15292062027	1850	24.204049908046358	0.0	897976	3365.858597706495	3	1.85
70685.35256477635	1850	25.004405751962253	0.0	905935	3199.644156084103	3	1.85
70689.76228900325	1850	24.594681525062235	0.0	1076599	4409.724226900015	3	1.85
70692.78580639405	1850	25.57116413426551	0.0	758197	3023.5173907967264	3	1.85
70698.3433514208	1850	24.013619107521503	0.0	972798	5557.545026744008	3	1.85
70701.95631952312	1850	24.40065100521609	0.0	975811	3612.968102305412	3	1.85
70708.18518270942	1850	22.171787818907447	0.0	873429	6228.863186308644	3	1.85
70712.60615374186	1850	21.750816786476555	0.0	954453	4420.97103243089	3	1.85
70715.94770547742	1850	22.409265050907422	0.0	885062	3341.551735569135	3	1.85
70720.65895727766	1850	21.698013250667493	0.0	1035329	4711.251800239931	3	1.85
70724.7767659872	1850	21.580204541122782	0.0	1026056	4117.80870954471	3	1.85
70728.19886587684	1850	22.15810465148302	0.0	943942	3422.099889639762	3	1.85
70730.87094880619	1850	23.48602172213984	0.0	728962	2672.082929343181	3	1.85
70734.24720441972	1850	24.109766108602596	0.0	938587	3376.255613537242	3	1.85
70737.85762400762	1850	24.499346520691898	0.0	908665	3610.4195879106956	3	1.85
70742.14225152288	1850	24.214719005439513	0.0	930577	4284.627515252386	3	1.85
70746.39179340724	1850	23.965177121098517	0.0	858450	4249.541884340998	3	1.85
70750.02203084603	1850	24.33493968230174	0.0	1025005	3630.237438796776	3	1.85
70753.03031994488	1850	25.326650583442827	0.0	886255	3008.289098858912	3	1.85
70757.9297442102	1850	24.42722631812979	0.0	973972	4899.424265313037	3	1.85
70761.93229445879	1850	24.424676069542258	0.0	958994	4002.5502485875313	3	1.85
70766.8308297758	1850	23.526140752529173	0.0	982064	4898.535317013086	3	1.85
70769.82250520229	1850	24.534465326050174	0.0	830730	2991.6754264789984	3	1.85
70774.46014818405	1850	23.896822344297192	0.0	846370	4637.642981752982	3	1.85

