38917.948342428026	300	4.0	8.016034940894528	450283	8016.034940894528	0	-33.71895024584647
38918.46158462598	750	7.4867578020553704	0.0	155580	513.2421979446302	1	-0.15000000000000002
38919.5184875823	750	10.429854845728391	0.0	350812	1056.9029563269803	1	0.3
38924.43195463706	300	9.516387790974852	0.0	382355	4913.46705475354	0	0.75
38924.75519899474	1850	13.19314343329561	0.0	163442	323.24435767924035	3	-0.15000000000000002
38926.02738239114	1850	15.920960036899233	0.0	801058	1272.1833963963786	3	0.30000000000000004
38937.2102432316	750	8.738099196434044	0.0	905515	11182.860840465188	1	1.85
38939.33169974712	750	10.616642680914795	0.0	437162	2121.4565155192495	1	-0.3500000000000001
38941.70510387203	750	12.243238556009082	0.0	374758	2373.404124905714	1	0.75
38943.177397520456	750	14.77094490759068	0.0	362795	1472.293648418403	1	0.75
38944.33804298676	1850	17.610299441284393	0.0	353220	1160.6454663062857	3	0.75
38948.86852568708	1850	17.079816740955426	0.0	917428	4530.482700328969	3	0.75
38950.51953536679	1850	19.42880706124762	0.0	946851	1651.0096797078052	3	1.85
38952.069802679805	4300	21.87853974823126	0.0	1036454	1550.2673130163653	5	1.85
38962.86522596443	1850	15.083116463608794	0.0	2005399	10795.423284622464	3	1.8499999999999996
38966.86565114921	1850	15.082691278832776	0.0	923170	4000.4251847760183	3	-0.6000000000000001
38983.25060324017	300	4.0	1.3022608121295052	966699	16384.95209096228	0	-3.7497214921568722
38983.62693222888	750	7.623671011293674	0.0	150616	376.3289887063258	1	-1.25
38984.50492083901	1850	10.745682401163736	0.0	405596	877.9886101299393	3	0.3
38986.57566555668	1850	12.674937683500964	0.0	923755	2070.744717662771	3	0.75
38989.983199852715	1850	13.267403387461764	0.0	891604	3407.534296039201	3	1.85
39001.234544351144	750	6.016058889031001	0.0	955231	11251.344498430763	1	1.85
39003.80865979785	750	7.44194344233042	0.0	401853	2574.1154467005817	1	-0.3500000000000001
39004.373883553366	1850	10.876719686813402	0.0	343800	565.2237555170187	3	0.75
39007.74234196882	1850	11.508261271360585	0.0	897976	3368.4584154528175	3	0.75
39009.58205210445	1850	13.668551135730976	0.0	905935	1839.7101356296093	3	1.85
39011.15991228916	1850	16.090690951025728	0.0	1076599	1577.860184705247	3	1.85
39012.448590182474	1850	18.8020130577077	0.0	758197	1288.6778933180265	3	1.85
39014.96685288355	1850	20.283750356637476	0.0	972798	2518.2627010702245	3	1.85
39017.132628296255	1850	22.11797494392895	0.0	975811	2165.775412708529	3	1.85
39023.74202550225	1850	19.508577737933408	0.0	873429	6609.397205995542	3	1.85
39033.46192797324	750	13.788675266944605	0.0	954453	9719.902470988802	1	1.85
39037.67716557998	750	13.573437660206361	0.0	369834	4215.237606738245	1	-0.3500000000000001
39040.45227178533	750	14.79833145485552	0.0	412837	2775.1062053508417	1	0.75
39041.65265788456	1850	17.597945355628827	0.0	401088	1200.3860992266912	3	0.75
39046.39945247551	1850	16.851150764677293	0.0	943942	4746.7945909515365	3	0.75
39058.9274318726	750	8.323171367587438	0.0	728962	12527.979397089854	1	1.85
39060.01427860933	1850	11.236324630861317	0.0	361565	1086.8467367261228	3	-0.3500000000000001
39065.72835509388	1850	9.522248146307012	0.0	908665	5714.0764845543035	3	0.75
39070.071992725476	1850	9.178610514714157	0.0	930577	4343.6376315928555	3	1.85
39079.682466473234	300	4.0	0.4318632330460332	858450	9610.47374776019	0	-0.007011902097942446
39080.45424742067	750	7.228219052569285	0.0	161857	771.7809474307151	1	-1.25
39082.91157711342	750	8.770889359815316	0.0	372093	2457.3296927539686	1	0.3
39084.33245921414	750	11.350007259090031	0.0	438281	1420.8821007252852	1	0.75
39087.01248891699	750	12.669977556246275	0.0	398987	2680.029702843757	1	0.75
39088.90605047676	750	14.776415996475986	0.0	393804	1893.5615597702897	1	0.75
39089.53869454848	1850	18.143771924757626	0.0	331053	632.6440717183573	3	0.75
39091.0229867366	1850	20.659479736636907	0.0	846370	1484.2921881207235	3	0.75

