45107.478276745605	300	4.0	7.446581492852677	450283	7446.581492852677	0	-31.270300419266512
45114.02130960605	300	4.0	2.543032860442737	155580	6543.032860442737	0	-11.085041299903766
45116.027116313155	300	5.994193292896356	0.0	139857	2005.8067071036435	0	0.3
45117.79432301624	300	8.2269865898094	0.0	155432	1767.2067030869578	0	0.3
45128.58971937863	300	4.0	2.5684097725806243	163442	10795.396362390024	0	-10.744162022096683
45130.37277164593	300	6.216947732694263	0.0	126289	1783.0522673057378	0	0.3
45131.77193781633	300	8.817781562294863	0.0	153295	1399.166170399399	0	0.3
45134.71516803006	300	9.874551348565621	0.0	173849	2943.230213729243	0	0.3
45135.08594074732	750	13.503778631307988	0.0	150710	370.77271725763376	1	0.3
45135.86590019233	1850	16.723819186297813	0.0	362795	779.9594450101735	3	0.3
45139.529025142896	1850	17.060694235730047	0.0	939819	3663.124950567767	3	0.75
45141.15304537117	1850	19.436674007458507	0.0	917428	1624.0202282715395	3	1.85
45144.91935564912	1850	19.670363729505215	0.0	946851	3766.3102779532937	3	1.85
45148.86282568839	1850	19.72689369023636	0.0	1036454	3943.4700392688533	3	1.85
45150.603663307666	1850	21.986056070962793	0.0	821631	1740.8376192735677	3	1.85
45158.41293492525	1850	18.176784453377163	0.0	923170	7809.271617585628	3	1.85
45160.30494755728	1850	20.284771821350176	0.0	966699	1892.0126320269892	3	1.85
45162.06483019121	1850	22.524889187415194	0.0	885714	1759.88263393498	3	1.85
45168.678622047126	1850	19.91109733149838	0.0	987708	6613.791855916818	3	1.85
45171.63143453878	1850	20.958284839845415	0.0	923755	2952.8124916529637	3	1.85
45175.89412014984	1850	20.695599228791973	0.0	891604	4262.685611053444	3	1.85
45177.90899121054	1850	22.680728168084805	0.0	955231	2014.871060707165	3	1.85
45183.06637336748	1850	21.523346011145968	0.0	968026	5157.382156938839	3	1.85
45185.456148692305	1850	23.13357068632815	0.0	874175	2389.7753248178205	3	1.85
45192.29620173318	1850	20.29351764545213	0.0	897976	6840.053040876018	3	1.85
45199.83656767692	1850	16.753151701713133	0.0	905935	7540.365943738998	3	1.85
45203.44898753386	1850	17.140731844767878	0.0	1076599	3612.4198569452574	3	1.85
45213.02771237188	750	11.562007006750628	0.0	758197	9578.72483801725	1	1.85
45214.88592760526	750	13.703791773362536	0.0	400396	1858.215233388091	1	-0.3500000000000001
45215.65707865735	1850	16.932640721272712	0.0	400508	771.1510520898214	3	0.75
45222.33293886734	1850	14.256780511284534	0.0	873429	6675.860209988179	3	0.75
45239.683612825625	300	4.0	3.093893447001483	954453	17350.673958286017	0	-11.453741822106377
45240.46315300501	300	7.220459820613411	0.0	143881	779.5401793865897	0	-1.25
45240.9333118376	750	10.750300988029588	0.0	163444	470.1588325838224	1	0.3
45241.68310269505	1850	14.00051013057468	0.0	401088	749.7908574549083	3	0.3
45248.79026480802	1850	10.893348017610627	0.0	943942	7107.162112964051	3	0.75
45255.660244757266	750	8.023368068370404	0.0	728962	6869.979949240224	1	1.85
45256.508220641845	1850	11.17539218378811	0.0	361565	847.9758845822931	3	-0.3500000000000001
45259.09384165608	1850	12.58977116954817	0.0	908665	2585.6210142399405	3	0.75
45262.29040561804	1850	13.393207207587603	0.0	930577	3196.563961960568	3	1.85
45268.014821564386	750	11.668791261242127	0.0	858450	5724.415946345475	1	1.85
45268.65179004897	1850	15.031822776656803	0.0	384505	636.9684845853236	3	-0.3500000000000001
45271.97684663349	1850	15.70676619213788	0.0	886255	3325.0565845189235	3	0.75
45273.43874197873	1850	18.244870846903826	0.0	973972	1461.895345234055	3	1.85
45281.60270059281	1850	14.080912232820207	0.0	958994	8163.958614083618	3	1.85
45287.71464316518	1850	11.968969660447797	0.0	982064	6111.94257237241	3	1.85
45289.15526245558	1850	14.528350370047711	0.0	830730	1440.619290400088	3	1.85
45291.21745681151	1850	16.466156014114162	0.0	846370	2062.1943559335477	3	1.85

