73255.05059573066	300	4.0	5.076136492790746	181801	5076.136492790746	-21.527386919000207
73258.67649289912	300	4.374102831546901	0.0	155580	3625.897168453099	0.3
73260.01129981427	300	7.0392959163987046	0.0	139857	1334.8069151481968	0.3
73261.19704832711	300	9.853547403543024	0.0	155432	1185.7485128556818	0.3
73266.39779756474	300	8.65279816591722	0.0	163442	5200.749237625803	0.3
73270.45551572404	300	8.59508000663275	0.0	126289	4057.71815928447	0.3
73271.88122250744	300	11.16937322324052	0.0	153295	1425.70678339223	0.3
73277.51788738072	300	9.532708349951946	0.0	173849	5636.664873288573	0.3
73278.72433407107	300	12.32626165960625	0.0	150710	1206.446690345697	0.3
73282.54777832034	300	12.502817410341159	0.0	139105	3823.4442492650915	0.3
73284.58381303509	300	14.466782695599006	0.0	141840	2036.0347147421526	0.3
73288.93254338953	750	14.118052341151342	0.0	405134	4348.730354447663	0.3
73292.34151388113	750	14.709081849542015	0.0	386351	3408.9704916093265	0.75
73300.85079311942	750	10.199802611259436	0.0	434409	8509.27923828258	0.75
73301.9174262469	300	13.133169483774076	0.0	140051	1066.6331274853605	-0.15000000000000002
73302.88211259546	300	16.168483135213542	0.0	138313	964.6863485605337	0.3
73307.29605580232	750	15.754539928347619	0.0	360831	4413.9432068659235	0.3
73321.61110915923	750	5.439486571435382	0.0	372963	14315.053356912236	0.75
73323.36625389826	300	7.6843418324046775	0.0	165384	1755.1447390307037	-0.15000000000000002
73325.37106786798	300	9.679527862686085	0.0	140881	2004.8139697185923	0.3
73328.5781474932	300	10.472448237470715	0.0	157671	3207.0796252153705	0.3
73340.95440025306	300	4.0	1.9038045223854752	157812	12376.25275985619	-7.886359446257543
73342.06191391892	300	6.892486334133118	0.0	163927	1107.5136658668812	0.3
73343.73702652116	300	9.217373731899993	0.0	137654	1675.112602233124	0.3
73350.61720804208	300	6.3371922109759256	0.0	146754	6880.1815209240685	0.3
73352.40018719349	300	8.554213059578906	0.0	153938	1782.9791513970201	0.3
73355.99861342055	300	8.95578683249596	0.0	181901	3598.4262270829454	0.3
73356.86937385565	300	12.085026397408761	0.0	111155	870.7604350871976	0.3
73358.56765562632	300	14.386744626726989	0.0	153605	1698.2817706817727	0.3
73369.97138293048	750	6.983017322572092	0.0	400508	11403.727304154896	0.3
73373.78450714312	300	7.169893109936243	0.0	157421	3813.1242126358484	-0.15000000000000002
73375.0349855918	300	9.919414661259122	0.0	157488	1250.4784486771232	0.3
73378.91385655856	300	10.040543694494705	0.0	143881	3878.8709667644157	0.3
73381.08633432075	300	11.868065932321528	0.0	163444	2172.4777621731773	0.3
73382.84749314435	300	14.106907108713353	0.0	179328	1761.1588236081743	0.3
73386.58616397128	750	14.368236281788507	0.0	365161	3738.6708269248466	0.3
73390.4243547975	750	14.530045455550168	0.0	321064	3838.190826238338	0.75
73397.43949256836	750	11.514907684696832	0.0	361565	7015.1377708533355	0.75
73398.53573504553	300	14.41866520751157	0.0	144254	1096.2424771852625	-0.15000000000000002
73402.33263506743	750	14.621765185612109	0.0	390680	3796.9000218994606	0.3
73414.15734282676	750	6.797057426295265	0.0	345516	11824.707759316843	0.75
73418.67285388992	300	6.281546363139751	0.0	161857	4515.511063155514	-0.15000000000000002
73420.08993704732	300	8.864463205736225	0.0	145210	1417.0831574035249	0.3
73423.55021938747	300	9.404180865584138	0.0	172312	3460.2823401520877	0.3
73433.001804194	300	4.0	0.04740394094756812	167025	9451.584806531706	0.09616305392545707
73437.85711665249	300	4.0	0.8553124584863645	160064	4855.312458486364	-3.3778435714913675
73438.7990266591	300	7.058089993397322	0.0	137507	941.9100066026781	0.3
73441.3935961119	300	8.463520540590187	0.0	118421	2594.569452807135	0.3

