44130.993849438266	750	4.0	2.922451505027591	450283	2922.451505027591	-11.81654147161864
44132.43481285562	750	6.559036582641383	0.0	398865	1440.9634173586173	0.75
44133.711815095405	750	9.282034342859973	0.0	350812	1277.002239781408	0.75
44135.096444901086	750	11.89740453717596	0.0	382355	1384.6298056840137	0.75
44136.58072821753	750	14.41312122073674	0.0	411561	1484.283316439221	0.75
44137.74769736771	750	17.24615207055452	0.0	318564	1166.9691501822185	0.75
44140.917396360775	1850	18.076453077487972	0.0	905515	3169.6989930665477	0.75
44150.47416182467	1850	12.51968761359142	0.0	1060487	9556.76546389655	1.85
44152.09847293077	750	14.895376507501137	0.0	374758	1624.3111060902854	-0.3500000000000001
44153.31551024371	750	17.678339194561367	0.0	362795	1217.03731293977	0.75
44158.33803524874	1850	16.655814189533423	0.0	939819	5022.525005027943	0.75
44160.96763220425	1850	18.02621723401902	0.0	917428	2629.596955514404	1.85
44166.495671210265	1850	16.498178228002867	0.0	946851	5528.039006016152	1.85
44170.379364637185	1850	16.614484801077634	0.0	1036454	3883.6934269252356	1.85
44172.43860163446	1850	18.555247803806182	0.0	821631	2059.2369972714514	1.85
44174.57636537683	1850	20.41748406143251	0.0	923170	2137.7637423736714	1.85
44177.471222435066	1850	21.522627003196305	0.0	966699	2894.8570582362054	1.85
44179.62238228478	1850	23.371467153478893	0.0	885714	2151.1598497174127	1.85
44182.40856905777	1850	24.585280380490662	0.0	987708	2786.1867729882338	1.85
44186.1283974432	1850	24.865451995062692	0.0	923755	3719.8283854279707	1.85
44189.626443041896	1850	25.367406396359613	0.0	891604	3498.0455987030805	1.85
44192.634703110096	1850	26.35914632816153	0.0	955231	3008.2600681980853	1.85
44195.736395696375	1850	27.25745374189199	0.0	968026	3101.6925862695402	1.85
44198.799414063695	1850	28.194435374570446	0.0	874175	3063.018367321544	1.85
44202.65965495735	1850	28.334194480911087	0.0	897976	3860.2408936593597	1.85
44206.0391316797	1850	28.95471775856043	0.0	905935	3379.476722350655	1.85
44209.45228498016	1850	29.54156445811475	0.0	1076599	3413.153300445681	1.85
44211.88509241113	1850	31.108757027137337	0.0	758197	2432.807430977413	1.85
44217.1647350675	1850	29.829114370776963	0.0	972798	5279.642656360375	1.85
44222.487692190916	1850	28.506157247355905	0.0	975811	5322.957123421056	1.85
44224.82369141088	1850	30.170158027394255	0.0	873429	2335.9992199616513	1.85
44229.82869301087	1850	29.165156427395356	0.0	954453	5005.001599998903	1.85
44233.93032695797	1850	29.063522480294996	0.0	885062	4101.6339471003585	1.85
44237.5429630477	1850	29.450886390564186	0.0	1035329	3612.636089730811	1.85
44241.12395882361	1850	29.869890614646735	0.0	1026056	3580.995775917449	1.85
44246.88964322957	1850	28.104206208687465	0.0	943942	5765.6844059592695	1.85
44252.52661639952	1850	26.467233038738915	0.0	728962	5636.973169948551	1.85
44256.28793531034	1850	26.705914127916248	0.0	938587	3761.3189108226697	1.85
44261.211958076245	1850	25.781891362009524	0.0	908665	4924.022765906725	1.85
44263.875781970484	1850	27.118067467770587	0.0	930577	2663.8238942389353	1.85
44269.170107173515	1850	25.823742264741078	0.0	858450	5294.32520302951	1.85
44273.02983973028	1850	25.96400970797681	0.0	1025005	3859.7325567642706	1.85
44275.263924228595	1850	27.72992520966789	0.0	886255	2234.0844983089182	1.85
44277.53193424151	1850	29.46191519674937	0.0	973972	2268.01001291852	1.85
44280.408041526214	1850	30.58580791204552	0.0	958994	2876.107284703848	1.85
44282.74509401091	1850	32.24875542734619	0.0	982064	2337.0524846993376	1.85
44289.534755966	4300	29.459093472256153	0.0	1961140	6789.661955090031	1.8499999999999996
44296.76160889486	4300	26.23224054339162	0.0	2155012	7226.852928864536	4.3

