86093.89400948226	750	4.0	1.5128515699821619	450283	1512.851569982162	-5.755261750923296
86097.02147175778	1850	4.872537724501332	0.0	957685	3127.4622754986676	0.75
86099.89463862269	1850	5.999370859585686	0.0	877771	2873.166864915647	1.85
86104.721713498	1850	5.1722959842689535	0.0	933276	4827.074875316733	1.85
86106.03694107896	750	7.8570684033091975	0.0	411561	1315.2275809597556	-0.3500000000000001
86107.07305460551	750	10.82095487675818	0.0	318564	1036.1135265510184	0.75
86109.87079779054	1850	12.02321169173148	0.0	905515	2797.7431850266985	0.75
86113.13366203582	1850	12.760347446457347	0.0	1060487	3262.864245274135	1.85
86115.77328951159	1850	14.12071997069397	0.0	852833	2639.627475763377	1.85
86118.57917469478	1850	15.31483478750306	0.0	913888	2805.8851831909096	1.85
86121.45214616232	1850	16.441863319967066	0.0	939819	2872.971467535996	1.85
86124.32185047131	1850	17.57215901097052	0.0	917428	2869.704308996543	1.85
86127.28102389384	1850	18.612985588448332	0.0	946851	2959.1734225221876	1.85
86130.46080880017	1850	19.433200682112822	0.0	1036454	3179.7849063355084	1.85
86132.98850780432	1850	20.905501677963404	0.0	821631	2527.6990041494214	1.85
86136.04963924999	1850	21.84437023228923	0.0	923170	3061.131445674175	1.85
86139.91204669062	1850	21.98196279167487	0.0	966699	3862.407440614357	1.85
86143.81219773884	1850	22.08181174345196	0.0	885714	3900.1510482229105	1.85
86148.14365833392	1850	21.750351148372122	0.0	987708	4331.460595079841	1.85
86151.01380511322	1850	22.88020436907173	0.0	923755	2870.146779300395	1.85
86153.6643427242	1850	24.22966675811465	0.0	891604	2650.5376109570775	1.85
86156.75820008364	1850	25.135809398659106	0.0	955231	3093.857359455546	1.85
86159.63970258489	1850	26.254306897408362	0.0	968026	2881.502501250744	1.85
86162.27857968849	1850	27.615429793816435	0.0	874175	2638.8771035919276	1.85
86165.13568692633	1850	28.758322555984833	0.0	897976	2857.1072378316017	1.85
86168.0212055259	1850	29.872803956405214	0.0	905935	2885.518599579619	1.85
86171.47299450342	1850	30.421014978891538	0.0	1076599	3451.7889775136737	1.85
86173.9596972673	1850	31.93431221500536	0.0	758197	2486.7027638861764	1.85
86177.16043694052	1850	32.73357254179104	0.0	972798	3200.739673214322	1.85
86180.39379595724	1850	33.50021352508012	0.0	975811	3233.3590167109205	1.85
86184.61657820723	1850	33.27743127507363	0.0	873429	4222.782250006489	1.85
86193.4222248543	1850	28.47178462802386	0.0	954453	8805.646647049769	1.85
86198.47948425803	1850	27.41452522429158	0.0	885062	5057.259403732279	1.85
86201.62198290316	1850	28.27202657915071	0.0	1035329	3142.4986451408677	1.85
86204.8912524537	1850	29.002757028621005	0.0	1026056	3269.2695505297056	1.85
86207.92939192016	1850	29.964617562159958	0.0	943942	3038.1394664610493	1.85
86210.23625578143	1850	31.657753700894773	0.0	728962	2306.8638612651853	1.85
86213.11704398619	1850	32.776965496134856	0.0	938587	2880.788204759914	1.85
86215.79248219558	1850	34.10152728673592	0.0	908665	2675.438209398932	1.85
86218.59145757297	1850	35.302551909355316	0.0	930577	2798.9753773806037	1.85
86221.21244831629	1850	36.681561166037746	0.0	858450	2620.9907433175667	1.85
86225.1691884952	1850	36.724820987125625	0.0	1025005	3956.740178912123	1.85
86227.8439089734	1850	38.050100508933	0.0	886255	2674.7204781926266	1.85
86234.33413976038	4300	35.55986972195028	0.0	2219102	6490.230786982718	1.8499999999999996
86243.0256349657	4300	30.868374516627657	0.0	2124950	8691.495205322622	4.3
86249.66925656097	4300	28.224752921371223	0.0	2246506	6643.6215952564335	4.3
86255.42375399129	4300	26.470255491041012	0.0	1961140	5754.497430330213	4.3
86261.8536034276	4300	24.040406054724276	0.0	2155012	6429.849436316732	4.3

