21372.28472238678	750	4.0	2.3057982063010836	450283	2305.7982063010836	-9.16493228709466
21374.812387847032	1850	5.472334539747611	0.0	957685	2527.665460252388	0.75
21376.70923174935	1850	7.575490637428604	0.0	877771	1896.8439023190067	1.85
21378.515524339735	1850	9.769198047045702	0.0	933276	1806.2925903829039	1.85
21380.306622194905	1850	11.978100191877664	0.0	996749	1791.0978551680391	1.85
21381.582740002297	1850	14.701982384483948	0.0	801058	1276.1178073937147	1.85
21383.384283366246	1850	16.900439020537366	0.0	905515	1801.5433639465807	1.85
21385.415638624316	1850	18.86908376246738	0.0	1060487	2031.3552580699861	1.85
21386.765804572657	1850	21.518917814123665	0.0	852833	1350.165948343714	1.85
21388.17023100078	1850	24.114491386002292	0.0	913888	1404.426428121374	1.85
21389.579489260672	1850	26.705233126107167	0.0	939819	1409.2582598951253	1.85
21390.93047575269	1850	29.354246634088394	0.0	917428	1350.9864920187724	1.85
21392.245654405186	1850	32.03906798159517	0.0	946851	1315.1786524932288	1.85
21393.70596611661	1850	34.57875627016846	0.0	1036454	1460.3117114267054	1.85
21396.46580366351	4300	35.818918723273505	0.0	2005399	2759.837546894958	1.8499999999999996
21399.277670134787	4300	37.00705225199335	0.0	2152483	2811.8664712801524	4.3
21404.131744294293	4300	36.152978092486634	0.0	2289689	4854.074159506712	4.3
21406.957887334196	4300	37.3268350525834	0.0	2059512	2826.1430399032424	4.3
21419.761136548026	4300	28.523585838755462	0.0	2220726	12803.249213827934	4.3
21429.38791672388	4300	22.896805662900356	0.0	2156729	9626.780175855105	4.3
21433.96441016081	4300	22.32031222596974	0.0	2039773	4576.493436930614	4.3
21439.267541452755	4300	21.01718093402476	0.0	2176469	5303.131291944982	4.3
21449.682829342433	4300	14.601893044345543	0.0	2221506	10415.287889679217	4.3
21454.77271343931	1850	13.512008947469075	0.0	874175	5089.884096876467	-0.6000000000000001
21462.237799596285	1850	10.04692279049503	0.0	897976	7465.086156974046	1.85
21462.79600837883	750	13.4887140079505	0.0	379700	558.2087825445294	-0.3500000000000001
21464.233098127326	1850	16.051624259451454	0.0	1076599	1437.0897484990446	0.75
21465.549987756047	1850	18.734734630733314	0.0	758197	1316.8896287181392	1.85
21474.84977151718	1850	13.434950869600103	0.0	972798	9299.78376113321	1.85
21475.428660114772	750	16.856062272009208	0.0	400508	578.8885975908943	-0.3500000000000001
21476.596637805367	1850	19.688084581413218	0.0	873429	1167.9776905959861	0.75
21477.865542193387	1850	22.419180193394947	0.0	954453	1268.9043880182712	1.85
21479.26391399656	1850	25.02080839021785	0.0	885062	1398.3718031770939	1.85
21484.864520926167	1850	23.42020146061522	0.0	1035329	5600.606929602628	1.85
21486.228244933875	1850	26.056477452906858	0.0	1026056	1363.724007708367	1.85
21487.54805872201	1850	28.736663664768432	0.0	943942	1319.8137881384237	1.85
21488.639008632643	1850	31.645713754140406	0.0	728962	1090.949910628028	1.85
21490.020673800052	1850	34.2640485867289	0.0	938587	1381.6651674115096	1.85
21493.059999095185	4300	35.2247232915944	0.0	2133870	3039.3252951344925	1.8499999999999996
21496.116313117313	4300	36.16840926946839	0.0	2146120	3056.314022126014	4.3
21506.979365788968	4300	29.30535659781642	0.0	2108491	10863.052671651974	4.3
21516.279443004034	4300	24.00527938274917	0.0	2184571	9300.07721506725	4.3
21526.26950184698	4300	18.015220539803007	0.0	2121928	9990.058842946166	4.3
21528.601339919252	1850	19.683382467527522	0.0	973972	2331.8380722754855	-0.6000000000000001
21535.456681559026	1850	16.828040827754183	0.0	958994	6855.341639773339	1.85
21536.894719160933	1850	19.390003225846645	0.0	982064	1438.037601907537	1.85
21538.52305724629	1850	21.761665140488795	0.0	830730	1628.3380853578492	1.85
21541.913751539334	1850	22.370970847442802	0.0	846370	3390.694293045996	1.85

