83074.17997588476	750	4.0	12.018480358375681	450283	12018.480358375682	-50.929465541015425
83082.8611137312	300	4.0	4.681137846418053	155580	8681.137846418053	-20.278892739597623
83083.79807505867	300	7.063038672520537	0.0	139857	936.9613274794627	0.3
83084.73027744412	300	10.13083628706443	0.0	155432	932.2023854561086	0.3
83085.70639704808	300	13.154716683097954	0.0	163442	976.119603966476	0.3
83086.44530704626	300	16.415806684913147	0.0	126289	738.9099981848074	0.3
83088.32160851186	750	18.539505219313877	0.0	352642	1876.30146559927	0.3
83091.28423877186	750	19.576874959330368	0.0	437162	2962.630259983506	0.75
83106.09956970003	1200	8.761544031156392	0.0	584846	14815.330928173977	0.75
83107.85466038638	300	11.00645334479992	0.0	139105	1755.0906863564726	-0.6000000000000001
83108.7866466236	300	14.074467107585212	0.0	141840	931.9862372147066	0.3
83113.55601055105	300	13.305103180125442	0.0	156148	4769.363927459771	0.3
83114.26121863481	300	16.599895096362975	0.0	160746	705.2080837624655	0.3
83115.04053954277	300	19.820574188417677	0.0	179801	779.3209079452994	0.3
83117.68032016078	300	21.180793570402987	0.0	140051	2639.780618014689	0.3
83125.84562312583	300	17.015490605340652	0.0	138313	8165.302965062335	0.3
83126.32854901964	300	20.5325647115229	0.0	143509	482.9258938177514	0.3
83127.45570599333	750	23.405407737842157	0.0	372963	1127.1569736807448	0.3
83130.70177722596	1200	24.15933650521072	0.0	639204	3246.0712326314338	0.75
83138.589495268	1200	20.27161846315959	0.0	586839	7887.71804205113	1.2
83139.0882491104	300	23.772864620757417	0.0	157671	498.75384240217295	-0.6000000000000001
83143.27078310895	1850	23.59033062220394	0.0	955231	4182.533998553477	0.30000000000000004
83152.33067758106	1850	18.530436150099316	0.0	968026	9059.894472104625	1.85
83156.10079880457	750	18.760314926570157	0.0	343800	3770.121223529159	-0.3500000000000001
83168.79986205875	750	10.061251672412652	0.0	359903	12699.063254157505	0.75
83169.3700317797	300	13.491081951449269	0.0	153938	570.1697209633844	-0.15000000000000002
83170.80580458409	750	16.055309147063667	0.0	425781	1435.7728043856018	0.3
83173.52429991483	750	17.33681381630765	0.0	277716	2718.4953307560177	0.75
83184.94128272746	750	9.919831003681239	0.0	400396	11416.982812626413	0.75
83185.87300443035	300	12.988109300797932	0.0	149029	931.7217028833063	-0.15000000000000002
83186.81353148069	300	16.047582250460195	0.0	157421	940.5270503377385	0.3
83189.23310382225	300	17.62800990890062	0.0	157488	2419.572341559578	0.3
83189.73739553346	300	21.12371819769624	0.0	143881	504.2917112043802	0.3
83191.034813519	750	23.826300212149274	0.0	412837	1297.4179855469638	0.3
83203.90717530152	1850	14.953938429632737	0.0	1026056	12872.361782516538	0.75
83209.90948385051	300	12.951629880643225	0.0	159914	6002.308548989513	-1.25
83220.4485381056	300	6.412575625552081	0.0	131610	10539.054255091143	0.3
83223.73016689578	300	7.1309468353866725	0.0	124011	3281.628790165408	0.3
83232.89546375154	300	4.0	2.034350020369946	144254	9165.296855756618	-8.447705087590768
83236.70602075254	300	4.18944299900172	0.0	149991	3810.55700099828	0.3
83240.01467975153	300	4.880783999999832	0.0	147968	3308.658999001887	0.3
83242.41313429252	300	6.482329458994924	0.0	161857	2398.454541004909	0.3
83246.43977031995	300	6.455693431567297	0.0	145210	4026.636027427627	0.3
83249.63521718098	300	7.260246570538926	0.0	172312	3195.4468610283716	0.3
83252.23907144756	300	8.656392303951199	0.0	167025	2603.854266587726	0.3
83253.79945728701	300	11.096006464511238	0.0	160064	1560.3858394399613	0.3
83257.1347902069	750	11.76067354462768	0.0	331053	3335.332919883557	0.3
83268.44784467957	1850	4.447619071959903	0.0	846370	11313.054472667776	0.75

