90680.1511867053	750	4.0	7.2957221738065945	450283	7295.722173806595	0.061718770160495526	-30.621605347368355
90683.3306622404	300	4.820524464912298	0.0	155580	3179.4755350877026	0.04893259856321193	-0.15000000000000002
90686.70662317966	300	5.444563525652675	0.0	139857	3375.960939259623	0.04142731581209344	0.3
90687.87879958207	300	8.272387123230896	0.0	155432	1172.1764024217794	0.13260120207066886	0.3
90689.83071837315	750	10.320468332165943	0.0	411561	1951.9187910649525	0.21084944818603615	0.3
90692.73316603297	1200	11.41802067234652	0.0	520315	2902.4476598194233	0.17926765991445012	0.75
90696.2928142112	1850	11.85837249410619	0.0	905515	3559.64817824033	0.2543832858357453	1.2000000000000002
90698.81487956172	1850	13.336307143584733	0.0	1060487	2522.0653505214577	0.4204835532040181	1.85
90703.24845519198	2850	12.902731513330073	0.0	1348011	4433.575630254659	0.30404601441806733	1.85
90705.13562040345	1850	15.015566301852756	0.0	913888	1887.165211477317	0.48426496760428683	0.8500000000000001
90720.45522713142	4300	4.0	0.3040404261111453	2173522	15319.606727963901	0.14187844626797927	0.5426261677220747
90721.94780554717	300	6.507421584255026	0.0	156148	1492.5784157449739	0.10461627901946016	-3.7
90722.57190879362	300	9.883318337798723	0.0	160746	624.1032464563019	0.2575631530723899	0.3
90724.97856570962	1200	11.476661421795123	0.0	687371	2406.6569160036	0.2856123760014042	0.29999999999999993
90727.839674381	1850	12.615552750418306	0.0	821631	2861.108671376817	0.28717224487828225	1.2000000000000002
90734.86619947809	1850	9.589027653326493	0.0	923170	7026.525097091813	0.1313835768382992	1.85
90741.52452667453	1200	6.930700456879709	0.0	617242	6658.327196446784	0.09270226316444635	0.5499999999999999
90742.33766734021	300	10.117559791207189	0.0	150616	813.1406656725217	0.18522748444198214	-0.6000000000000001
90752.56176452304	1200	4.0	0.10653739163262435	639204	10224.097182839812	0.06251935878239145	-0.15811078402028478
90754.69254056936	300	5.8692239536764115	0.0	140881	2130.776046323588	0.0661172253381927	-0.6000000000000001
90755.6843536665	300	8.877410856537624	0.0	157671	991.8130971387868	0.15897249235249483	0.3
90763.39140333634	750	5.170361186694026	0.0	399894	7707.049669843598	0.05188678121080738	0.3
90764.58786502857	300	7.973899494467277	0.0	163927	1196.4616922267494	0.1370098190899146	-0.15000000000000002
90768.43610462747	750	8.125659895565805	0.0	343800	3848.239598901472	0.08933955154407278	0.3
90774.29962594656	750	6.262138576495372	0.0	359903	5863.521319070433	0.0613800104775703	0.75
90779.44189966095	300	5.119864862109124	0.0	153938	5142.273714386248	0.02993578493679486	-0.15000000000000002
90780.54680774141	300	8.014956781638647	0.0	181901	1104.9080804704774	0.1646299843535811	0.3
90785.7190603795	750	6.842704143554198	0.0	277716	5172.252638084449	0.05369343290679871	0.3
90786.54108197472	300	10.02068254833699	0.0	153605	822.0215952172081	0.1868624874257859	-0.15000000000000002
90794.79893923803	1200	5.762825285030587	0.0	641447	8257.857263306403	0.07767717212190804	0.29999999999999993
90798.5090817394	300	6.052682783654498	0.0	157421	3710.1425013760895	0.04242990665226812	-0.6000000000000001
90801.71910119987	300	6.842663323191573	0.0	157488	3210.0194604629246	0.04906138481082239	0.3
90802.53811685793	300	10.023647665123645	0.0	143881	819.0156580679264	0.17567551802296189	0.3
90805.33322706712	1200	11.228537455922174	0.0	670129	2795.1102092014708	0.23975047488071957	0.29999999999999993
90810.40493873053	1850	10.156825792528002	0.0	1026056	5071.711663394172	0.20230960829372668	1.2000000000000002
90811.98845247632	1200	12.573312046734234	0.0	598727	1583.5137457937678	0.3781002858929249	0.5499999999999999
90813.6257895976	1850	14.935974925463343	0.0	728962	1637.3371212708919	0.44521191789396664	1.2000000000000002
90818.3332630139	2850	14.228501509158788	0.0	1499009	4707.473416304555	0.3184317504179868	1.85
90821.13194661854	2850	15.42981790450961	0.0	1427478	2798.683604649179	0.5100533685296439	2.85
90838.51320239331	4300	4.0	1.9514378702537087	2146120	17381.25577476332	0.12347324196886021	-5.541182842090947
90839.09405385569	300	7.419148537620557	0.0	147968	580.8514623794439	0.2547432684319201	-3.7
90840.47555074382	750	10.037651649494691	0.0	384505	1381.4968881258656	0.2783249121332574	0.3
90842.58469847922	1200	11.928503914086752	0.0	599477	2109.147735407939	0.2842271264056582	0.75
90851.39134193472	1850	7.1218604585789835	0.0	973972	8806.643455507769	0.11059514387298916	1.2000000000000002
90855.61531899517	750	6.897883398123097	0.0	398987	4223.977060455886	0.09445766259841809	-0.3500000000000001
90856.4742085785	300	10.03899381479927	0.0	160064	858.8895833238291	0.18636155695423157	-0.15000000000000002
90862.15378134433	1200	8.35942104896664	0.0	538612	5679.57276583263	0.09483318943287437	0.29999999999999993
90869.20389692303	750	5.309305470261529	0.0	314107	7050.115578705111	0.04455345398148661	0.3

