30841.485300761753	750	4.0	1.5136701923284352	450283	1513.6701923284352	0.29747761585193316	-5.758781827012271
30842.14572878965	300	7.339571972103136	0.0	155580	660.4280278968641	0.23557449627848953	-0.15000000000000002
30843.386042865957	750	10.099257895793732	0.0	350812	1240.3140763094027	0.28284126311285057	0.3
30845.43514921237	1200	12.05015154937873	0.0	617681	2049.106346415004	0.30143921084459985	0.75
30852.21990735264	1850	9.265393409112253	0.0	996749	6784.7581402664755	0.14691002676785941	1.2000000000000002
30853.936471732784	1200	11.548829028964374	0.0	520315	1716.5643801478795	0.3031141773751449	0.5499999999999999
30859.61761646872	1850	9.867684293027372	0.0	905515	5681.144735937001	0.15938953187937954	1.2000000000000002
30861.93513578603	1200	11.550164975716786	0.0	709534	2317.5193173105854	0.30616098631850625	0.5499999999999999
30864.518192310647	1850	12.9671084511019	0.0	852833	2583.0565246148876	0.3301642809102485	1.2000000000000002
30867.53075928453	1850	13.954541477219816	0.0	913888	3012.566973882083	0.3033585669374636	1.85
30870.92655384714	2850	14.55874691460628	0.0	1354548	3395.7945626135374	0.39888985479660066	1.85
30875.44457060304	2850	14.040730158707264	0.0	1519951	4518.016755899016	0.33641995639247096	2.85
30879.462591149386	2850	14.02270961235994	0.0	1422919	4018.020546347322	0.35413432648908144	2.85
30883.046226449507	2850	14.439074312237583	0.0	1578343	3583.635300122358	0.44043069894587483	2.85
30885.798242450004	2850	15.687058311742634	0.0	1231445	2752.016000494949	0.4474701454419325	2.85
30891.093269868838	4300	14.39203089290778	0.0	2152483	5295.027418834855	0.40651026514866345	2.8499999999999996
30895.80760574459	2850	13.677695017156278	0.0	1491626	4714.335875751502	0.31640214853427756	1.4000000000000001
30900.622649274675	2850	12.862651487068034	0.0	1358801	4815.043530088245	0.2821991102487702	2.85
30903.89591743835	1850	13.589383323393209	0.0	987708	3273.268163674824	0.30174979580381295	0.8500000000000001
30908.308976857345	2850	13.176323904396826	0.0	1336050	4413.059418996383	0.30274915271905495	1.85
30912.649010133962	2850	12.836290627778054	0.0	1415116	4340.033276618774	0.3260610944214894	2.85
30918.33416538886	1850	11.15113537288154	0.0	955231	5685.155254896511	0.16802197251821374	0.8500000000000001
30921.149623970276	1850	12.335676791467726	0.0	968026	2815.458581413815	0.3438253385755349	1.85
30925.076531654166	1850	12.408769107578175	0.0	874175	3926.907683889551	0.22261154841667707	1.85
30927.742126666177	1850	13.743174095566665	0.0	897976	2665.5950120115112	0.3368763806780871	1.85
30932.926439837094	2850	12.55886092465087	0.0	1480464	5184.313170915792	0.28556608198468086	1.85
30936.379838307934	1850	13.105462453815033	0.0	1076599	3453.398470835838	0.3117505868760714	0.8500000000000001
30939.36903415682	2850	14.116266604925263	0.0	1141971	2989.1958488897694	0.382032846868881	1.85
30943.41070794095	2850	14.074592820796243	0.0	1498470	4041.6737841290224	0.3707548110102902	2.85
30949.122751606254	2850	12.362549155493511	0.0	1561263	5712.043665302731	0.27332826768880364	2.85
30951.515001352618	1850	13.970299409126826	0.0	873429	2392.2497463666864	0.365107782465669	0.8500000000000001
30955.997758799924	2850	13.487541961820591	0.0	1497683	4482.757447306234	0.33409860283651605	1.85
30959.710545269412	2850	13.774755492335785	0.0	1358081	3712.786469484804	0.36578483873554163	2.85
30963.94792638148	2850	13.537374380267764	0.0	1587293	4237.381112068022	0.374592928514125	2.85
30967.67012860883	2850	13.815172152920852	0.0	1492672	3722.202227346913	0.4010185123831751	2.85
30971.278631128567	2850	14.206669633178295	0.0	1439896	3608.5025197425557	0.39902868076775727	2.85
30974.10761200249	2850	15.377688759255264	0.0	1139291	2828.9808739230307	0.40272135117693875	2.85
30979.697363375606	4300	13.787937386139063	0.0	2147467	5589.751373116202	0.38417934120079117	2.8499999999999996
30983.4268397512	2850	14.05846101054776	0.0	1427478	3729.4763755913054	0.3827556086271426	1.4000000000000001
30987.946925486616	2850	13.53837527512913	0.0	1402287	4520.085735418628	0.31023460219170534	2.85
30991.76746666848	2850	13.717834093265612	0.0	1339500	3820.541181863519	0.3506047798565127	2.85
30996.668919682583	2850	12.816381079165195	0.0	1527299	4901.453014100417	0.31160127325637765	2.85
30999.390564835005	1850	14.094735926741112	0.0	886255	2721.645152424084	0.3256320902857746	0.8500000000000001
31006.745963601126	2850	10.739337160619591	0.0	1587250	7355.398766121521	0.21579387474011177	1.85
31011.163268529053	1200	10.322032232691901	0.0	630203	4417.30492792769	0.14266685462795298	-0.44999999999999996
31015.357084197243	1200	10.128216564502766	0.0	638661	4193.815668189134	0.1522863784510992	1.2
31016.94831632555	1200	12.536984436195969	0.0	538612	1591.2321283067986	0.33848738371888415	1.2
31019.23448063987	1850	14.250820121877023	0.0	846370	2286.164314318947	0.3702139844887463	1.2000000000000002

