63103.11893830392	300	4.0	2.2944355107514607	181801	2294.4355107514607	-9.566072696231279
63104.31260949054	300	6.806328813381291	0.0	155580	1193.6711866187088	0.3
63105.439293359275	300	9.67964494464303	0.0	139857	1126.6838687382608	0.3
63106.65748458503	300	12.46145371889172	0.0	155432	1218.1912257513109	0.3
63107.89400073949	300	15.224937564420088	0.0	163442	1236.5161544716318	0.3
63115.55580546965	300	11.563132834258958	0.0	126289	7661.8047301611305	0.3
63117.848058848314	300	13.270879455600639	0.0	153295	2292.253378658318	0.3
63119.273246961195	300	15.845691342721391	0.0	173849	1425.1881128792486	0.3
63120.51782145881	300	18.601116845099977	0.0	150710	1244.574497621416	0.3
63121.64846458736	300	21.470473716551897	0.0	139105	1130.6431285480803	0.3
63122.727521924935	300	24.3914163789749	0.0	141840	1079.057337576995	0.3
63123.91724285657	300	27.201695447337496	0.0	156148	1189.7209316374012	0.3
63125.13764113362	300	29.981297170293747	0.0	160746	1220.3982770437517	0.3
63126.49068488739	300	32.62825341651713	0.0	179801	1353.0437537766172	0.3
63127.7076731435	300	35.41126516040682	0.0	140051	1216.988256110306	0.3
63128.78378264459	300	38.33515565931452	0.0	138313	1076.1095010923002	0.3
63130.68762029221	300	40.43131801170039	0.0	143509	1903.8376476141304	0.3
63132.66857902663	300	42.450359277286424	0.0	150616	1980.9587344139732	0.3
63134.207999752376	300	44.910938551537136	0.0	165384	1539.4207257492878	0.3
63135.30875476562	300	47.81018353829784	0.0	140881	1100.7550132392932	0.3
63136.48325684001	300	50.63568146390608	0.0	157671	1174.502074391759	0.3
63137.653441423914	300	53.46549687999736	0.0	157812	1170.1845839087223	0.3
63139.14381569146	300	55.97512261245695	0.0	163927	1490.374267540408	0.3
63141.19879989169	300	57.9201384122218	0.0	137654	2054.9842002351497	0.3
63142.64191598696	300	59.73572893770037	0.0	146754	1184.4094745214318	0.3
63144.32126046794	300	59.57241001998304	0.0	153938	1163.3189177173354	0.3
63148.07064571426	300	59.66723018895984	0.0	181901	1405.1798310231982	0.3
63149.43731293515	300	59.61699921366154	0.0	111155	1050.2309752983	0.3
63152.5591210033	300	59.91531335863371	0.0	153605	1201.6858550278266	0.3
63153.799754869186	300	59.7230575485018	0.0	149029	1192.2558101319166	0.3
63155.1853356753	300	59.51345612657069	0.0	157421	1209.6014219311132	0.3
63158.748841702116	300	59.94995009975334	0.0	157488	2563.506026817346	0.3
63161.63818187139	300	59.795522684365096	0.0	143881	1154.4274153882402	0.3
63164.79538101573	300	59.545379535891854	0.0	163444	1250.1431484732439	0.3
63168.01054404678	300	59.588826089793	0.0	179328	1456.5534460988513	0.3
63170.771262845934	300	59.756771474143264	0.0	159914	1332.0546156497387	0.3
63173.834959967986	300	59.550754991518374	0.0	131610	1706.016482624889	0.3
63176.34621334884	300	59.83546860745428	0.0	124011	1215.2863840640907	0.3
63180.18858663307	300	59.99309532322678	0.0	144254	2842.3732842274994	0.3
63182.880235788296	300	59.79044081077797	0.0	149991	2202.6545124488075	0.3
63187.08381425826	750	59.586862340813795	0.0	345516	3703.578469964178	0.3
63191.08170019772	750	59.58897640134623	0.0	384505	2997.88593946757	0.75
63194.13492508318	750	59.72409355731965	0.0	372093	2864.8828440265793	0.75
63197.86970011962	750	59.98931852087236	0.0	438281	3734.775036447286	0.75
63201.435265083135	750	59.99859450855339	0.0	398987	2990.7240123189713	0.75
63206.42092916355	750	59.012930428143186	0.0	393804	4985.664080410207	0.75
63210.29401590141	750	59.13984369027843	0.0	331053	3873.086737864756	0.75
63215.65825080122	750	57.775608790463714	0.0	314107	5364.234899814712	0.75

