23150.376406951673	750	4.0	3.5850997067518704	450283	3585.0997067518706	-14.665928739033042
23153.147383097876	750	5.229023853795783	0.0	398865	2770.976146204217	0.75
23155.10140845275	750	7.274998498920576	0.0	350812	1954.025354875207	0.75
23157.882984951277	750	8.493422000393013	0.0	382355	2781.5764985275628	0.75
23161.891749694707	750	8.484657256961357	0.0	411561	4008.764743431655	0.75
23162.471453561895	300	11.90495338977527	0.0	126289	579.7038671860893	-0.15000000000000002
23164.984523795138	750	13.391883156531005	0.0	352642	2513.070233244265	0.3
23166.504505042292	750	15.871901909377709	0.0	437162	1519.9812471532969	0.75
23168.897423057908	1850	17.478983893764187	0.0	852833	2392.9180156135208	0.75
23172.484488183967	1850	17.89191876770126	0.0	913888	3587.0651260629265	1.85
23176.689281365918	1850	17.68712558575164	0.0	939819	4204.793181949618	1.85
23180.859770950596	1850	17.516636001069834	0.0	917428	4170.489584681807	1.85
23184.25740729923	1850	18.11899965244039	0.0	946851	3397.636348629444	1.85
23188.41485223693	1850	17.96155471473917	0.0	1036454	4157.444937701221	1.85
23193.41372606595	1850	16.9626808857187	0.0	821631	4998.8738290204665	1.85
23199.35424318627	1850	15.022163765400787	0.0	923170	5940.517120317916	1.85
23205.46562462447	1850	12.91078232719914	0.0	966699	6111.381438201647	1.85
23216.203809681392	1850	6.17259727027785	0.0	885714	10738.18505692129	1.85
23220.74948480835	750	5.626922143317826	0.0	405596	4545.675126960025	-0.3500000000000001
23223.9712990953	300	6.40510785636525	0.0	140881	3221.814286952576	-0.15000000000000002
23224.82939163823	300	9.547015313437067	0.0	157671	858.0925429281846	0.3
23225.68818000378	300	12.688226947887394	0.0	157812	858.788365549674	0.3
23227.190104093603	750	15.186302858066032	0.0	401853	1501.9240898213607	0.3
23228.401349500564	750	17.97505745110642	0.0	343800	1211.2454069596122	0.75
23230.60599714853	1850	19.770409803139238	0.0	897976	2204.6476479671805	0.75
23234.294034371705	1850	20.082372579963884	0.0	905935	3688.037223175353	1.85
23239.595454276052	1850	18.780952675614927	0.0	1076599	5301.419904348957	1.85
23241.937816205293	1850	20.43859074637246	0.0	758197	2342.3619292424696	1.85
23246.15587947349	1850	20.22052747817735	0.0	972798	4218.063268195108	1.85
23249.280781892005	1850	21.0956250596592	0.0	975811	3124.902418518149	1.85
23251.5184769762	1850	22.857929975463797	0.0	873429	2237.695084195403	1.85
23255.623344621486	1850	22.75306233017681	0.0	954453	4104.867645286988	1.85
23257.917275621807	1850	24.459131329859325	0.0	885062	2293.9310003174887	1.85
23262.93188191117	1850	23.44452504049628	0.0	1035329	5014.606289363043	1.85
23265.945429738804	1850	24.430977212863144	0.0	1026056	3013.5478276331337	1.85
23272.595239339647	1850	21.78116761202201	0.0	943942	6649.809600841135	1.85
23278.27860290306	1850	20.09780404860601	0.0	728962	5683.363563415996	1.85
23284.300895451008	1850	18.075511500656933	0.0	938587	6022.2925479490805	1.85
23286.97569544991	1850	19.400711501756984	0.0	908665	2674.799998899947	1.85
23290.39912274758	1850	19.977284204086423	0.0	930577	3423.427297670562	1.85
23293.9407240914	1850	20.43568286026722	0.0	858450	3541.601343819201	1.85
23298.422202096965	1850	19.954204854701462	0.0	1025005	4481.4780055657575	1.85
23302.357164474084	1850	20.01924247758215	0.0	886255	3934.9623771193124	1.85
23305.06044734108	1850	21.315959610591715	0.0	973972	2703.2828669904347	1.85
23309.257939496372	1850	21.118467455297537	0.0	958994	4197.492155294177	1.85
23317.550558064788	1850	16.825848886881445	0.0	982064	8292.618568416094	1.85
23322.621571694366	1850	15.75483525730413	0.0	830730	5071.013629577315	1.85
23333.089309267056	1850	9.287097684615802	0.0	846370	10467.73757268833	1.85

