72358.354660265	300	4.0	5.500419905161504	450283	5500.419905161504	0	-22.901805592194467
72359.3083274755	300	7.046332789494505	0.0	155580	953.6672105054948	0	-0.15000000000000002
72359.82788376194	750	10.526776503049287	0.0	139857	519.5562864452172	1	0.3
72361.0522501012	750	13.302410163783916	0.0	382355	1224.3663392653725	1	0.3
72362.30200227804	1850	16.052657986944453	0.0	411561	1249.752176839462	3	0.75
72364.26507345673	1850	18.089586808249308	0.0	801058	1963.071178695147	3	0.75
72366.39362144352	1850	19.961038821465568	0.0	905515	2128.5479867837375	3	1.85
72368.8959943836	1850	21.458665881394772	0.0	1060487	2502.3729400707975	3	1.85
72370.91677120463	1850	23.437889060341586	0.0	852833	2020.7768210531865	3	1.85
72373.02389848059	1850	25.33076178438578	0.0	913888	2107.127275955808	3	1.85
72377.88602106647	1850	24.468639198500668	0.0	939819	4862.122585885111	3	1.85
72389.03690858561	1850	17.3177516793705	0.0	917428	11150.887519130167	3	1.85
72395.2603744184	1850	15.094285846577037	0.0	946851	6223.465832793462	3	1.85
72400.3051047852	1850	14.049555479775167	0.0	1036454	5044.73036680187	3	1.85
72406.4270906506	1850	11.927569614369272	0.0	821631	6121.985865405895	3	1.85
72425.87637111443	300	4.0	7.521710849460704	923170	19449.280463829975	0	-30.493356652681022
72426.37658410477	750	7.49978700966292	0.0	143509	500.21299033707993	1	-1.25
72427.54866820762	750	10.32770290681858	0.0	372963	1172.0841028443397	1	0.3
72429.14205426682	1850	12.734316847608948	0.0	405596	1593.3860592096312	3	0.75
72433.18361095522	1850	12.692760159207726	0.0	923755	4041.5566884012214	3	0.75
72435.61201644213	1850	14.264354672300666	0.0	891604	2428.4054869070596	3	1.85
72446.20381442044	750	7.672556693984798	0.0	955231	10591.797978315868	1	1.85
72450.71374464642	750	7.162626468023009	0.0	401853	4509.930225961789	1	-0.3500000000000001
72451.67602766151	1850	10.20034345293821	0.0	343800	962.2830150847973	3	0.75
72457.24860928828	750	8.627761826165644	0.0	897976	5572.581626772566	1	0.75
72461.34685256242	750	8.529518552032009	0.0	379700	4098.243274133636	1	-0.3500000000000001
72462.4903067946	750	11.38606431984306	0.0	425781	1143.45423218895	1	0.75
72465.71401098023	750	12.162360134207313	0.0	277716	3223.7041856357464	1	0.75
72467.51966340993	750	14.35670770450987	0.0	400396	1805.6524296974435	1	0.75
72469.39177603945	750	16.484595074984814	0.0	400508	1872.1126295250542	1	0.75
72471.38838898798	750	18.487982126467365	0.0	358218	1996.6129485174476	1	0.75
72473.08634629457	750	20.790024819876233	0.0	400322	1697.9573065911327	1	0.75
72474.13484077633	1850	23.74153033812438	0.0	369834	1048.4944817518553	3	0.75
72479.68526689277	1850	22.191104221667505	0.0	1035329	5550.426116456876	3	0.75
72486.22467178226	1850	19.651699332181003	0.0	1026056	6539.404889486502	3	1.85
72489.16396958331	1850	20.71240153112034	0.0	943942	2939.2978010606657	3	1.85
72492.55978753844	1850	21.316583576004856	0.0	728962	3395.8179551154844	3	1.85
72502.55901168758	1850	15.317359426863748	0.0	938587	9999.22414914111	3	1.85
72510.35844463657	750	11.517926477873484	0.0	908665	7799.432948990266	1	1.85
72511.98281963015	750	13.893551484302353	0.0	390680	1624.3749935711294	1	-0.3500000000000001
72513.45619280417	750	16.420178310272657	0.0	345516	1473.3731740296948	1	0.75
72515.67338166501	750	18.20298944944593	0.0	384505	2217.18886082673	1	0.75
72517.68815668228	750	20.18821443217185	0.0	372093	2014.77501727408	1	0.75
72521.5335005927	750	20.342870521751944	0.0	438281	3845.3439104199047	1	0.75
72524.87842235297	750	20.997948761488527	0.0	398987	3344.9217602634208	1	0.75
72528.74205239845	750	21.13431871602157	0.0	393804	3863.6300454669536	1	0.75
72530.1148788388	1850	23.761492275666146	0.0	331053	1372.8264403554238	3	0.75
72537.53910589775	1850	20.337265216702487	0.0	846370	7424.22705896366	3	0.75

