62720.10186250353	300	4.0	2.5217348450459456	450283	2521.734845045946	0	-10.093459833697565
62720.71714941504	750	7.38471308849052	0.0	155580	615.2869115094794	1	-0.15000000000000002
62722.02605720475	750	10.075805298782475	0.0	350812	1308.9077897080447	1	0.3
62723.42818236246	750	12.673680141070507	0.0	382355	1402.1251577119695	1	0.75
62724.47346096663	1850	15.628401536902757	0.0	411561	1045.2786041677496	3	0.75
62727.35668958719	1850	16.74517291633327	0.0	801058	2883.2286205694854	3	0.75
62729.78974071469	1850	18.31212178883239	0.0	905515	2433.0511275008844	3	1.85
62731.5844888461	1850	20.517373657425974	0.0	1060487	1794.7481314064144	3	1.85
62734.921340623754	1850	21.18052187977495	0.0	852833	3336.851777651023	3	1.85
62737.51721082681	1850	22.584651676720814	0.0	913888	2595.870203054139	3	1.85
62739.273277220826	4300	24.82858528270633	0.0	939819	1756.066394014482	5	1.85
62743.405566368005	4300	24.696296135521965	0.0	2102452	4132.289147184367	5	1.8499999999999996
62748.197459130715	4300	23.904403372813157	0.0	2209463	4791.892762708809	5	4.3
62754.16546724066	4300	21.936395262862156	0.0	2275376	5968.008109951003	5	4.3
62759.2317761129	4300	20.870086390624717	0.0	2005399	5066.30887223744	5	4.3
62762.782457430156	4300	21.31940507336851	0.0	2152483	3550.6813172562083	5	4.3
62766.62993937191	4300	21.471923131618922	0.0	2289689	3847.4819417495896	5	4.3
62780.76382702447	1850	11.338035479052559	0.0	2059512	14133.887652566362	3	4.3
62783.69770537028	1850	12.404157133246587	0.0	987708	2933.878345805973	3	-0.6000000000000001
62787.76309890338	1850	12.338763600145128	0.0	923755	4065.393533101459	3	1.85
62789.82171391847	1850	14.280148585056871	0.0	891604	2058.615015088256	3	1.85
62793.65648328622	1850	14.445379217306993	0.0	955231	3834.7693677498796	3	1.85
62795.54569861053	1850	16.55616389299692	0.0	968026	1889.2153243100738	3	1.85
62797.05631964283	1850	19.045542860701374	0.0	874175	1510.6210322955426	3	1.85
62801.69221021892	1850	18.409652284603432	0.0	897976	4635.890576097942	3	1.85
62802.98410233546	1850	21.117760168064088	0.0	905935	1291.8921165393458	3	1.85
62805.05110268812	4300	23.05075981540815	0.0	1076599	2067.000352655937	5	1.85
62807.66808230726	4300	24.433780196271403	0.0	1972048	2616.9796191367464	5	1.8499999999999996
62811.662902259806	4300	24.438960243727074	0.0	2134614	3994.8199525443288	5	4.3
62816.49927303555	4300	23.602589467982593	0.0	2164140	4836.370775744478	5	4.3
62820.13680018248	4300	23.965062321049885	0.0	2113193	3637.5271469327104	5	4.3
62823.877497512396	4300	24.224364991143176	0.0	2147852	3740.6973299067117	5	4.3
62827.81999230619	4300	24.2818701973489	0.0	2191074	3942.494793794274	5	4.3
62831.28620686273	4300	24.815655640805776	0.0	2286761	3466.214556543124	5	4.3
62840.64513739612	4300	19.45672510741916	0.0	2307787	9358.930533386618	5	4.3
62846.56698716736	4300	17.534875336180903	0.0	2143948	5921.849771238257	5	4.3
62852.061024979215	4300	16.040837524323106	0.0	1919781	5494.037811857797	5	4.3
62856.498853636105	4300	15.60300886743567	0.0	2147467	4437.828656887436	5	4.3
62860.878001224766	4300	15.223861278779289	0.0	2133870	4379.147588656383	5	4.3
62865.3495013653	4300	14.752361138236223	0.0	2146120	4471.500140543065	5	4.3
62871.54814270621	1850	12.553719797329501	0.0	2108491	6198.641340906723	3	4.3
62874.467124111674	1850	13.634738391865787	0.0	1025005	2918.9814054637127	3	-0.6000000000000001
62875.895443996196	1850	16.206418507345216	0.0	886255	1428.3198845205718	3	1.85
62877.539681057984	1850	18.562181445562302	0.0	973972	1644.2370617829104	3	1.85
62879.269809107034	1850	20.83205339650846	0.0	958994	1730.1280490538404	3	1.85
62881.060482254026	1850	23.041380249514134	0.0	982064	1790.6731469943245	3	1.85
62882.39626400123	4300	25.70559850230478	0.0	830730	1335.7817472093566	5	1.85
62894.19369287617	1850	17.90816962736779	0.0	2155012	11797.428874936988	3	1.8499999999999996

