31510.398789631712	300	4.0	2.3105203680167685	450283	2310.5203680167683	0	-9.185237582472105
31510.989764156617	750	7.409025475095894	0.0	155580	590.9745249041066	1	-0.15000000000000002
31512.221943067987	750	10.176846563727725	0.0	350812	1232.178911368167	1	0.3
31513.557719289027	750	12.841070342685756	0.0	382355	1335.77622104197	1	0.75
31516.240997624318	750	14.157792007393526	0.0	411561	2683.27833529223	1	0.75
31518.420415606204	750	15.978374025509169	0.0	318564	2179.417981884357	1	0.75
31520.35265339301	750	18.046136238706488	0.0	352642	1932.2377868026815	1	0.75
31522.67956150861	750	19.71922812310838	0.0	437162	2326.9081155981085	1	0.75
31524.5245620705	1850	21.874227561214045	0.0	374758	1845.0005618943378	3	0.75
31528.25269577461	1850	22.146093857106656	0.0	913888	3728.1337041073857	3	0.75
31531.815082642734	1850	22.583706988979756	0.0	939819	3562.386868126902	3	1.85
31537.333468363795	1850	21.06532126791656	0.0	917428	5518.3857210631995	3	1.85
31540.76395566155	1850	21.634833970163474	0.0	946851	3430.487297753087	3	1.85
31545.272871592235	1850	21.12591803948015	0.0	1036454	4508.915930683319	3	1.85
31548.28977126889	1850	22.10901836282495	0.0	821631	3016.8996766552023	3	1.85
31552.010684049208	1850	22.38810558250731	0.0	923170	3720.9127803176375	3	1.85
31555.24852611174	1850	23.15026351997568	0.0	966699	3237.8420625316335	3	1.85
31558.221820637307	1850	24.17696899440656	0.0	885714	2973.2945255691207	3	1.85
31562.19056077381	1850	24.20822885790359	0.0	987708	3968.740136502971	3	1.85
31564.953148686538	1850	25.445640945176713	0.0	923755	2762.5879127268754	3	1.85
31567.65946341458	1850	26.739326217137236	0.0	891604	2706.3147280394774	3	1.85
31569.773090812236	1850	28.625698819479375	0.0	955231	2113.627397657863	3	1.85
31571.749780396833	4300	30.649009234880637	0.0	968026	1976.6895845987367	5	1.85
31575.68852500023	4300	30.710264631484723	0.0	2044075	3938.7446033959127	5	1.8499999999999996
31579.302527123924	4300	31.096262507789092	0.0	2186790	3614.00212369563	5	4.3
31582.784724328445	4300	31.614065303270195	0.0	2105231	3482.197204518895	5	4.3
31587.538381012848	4300	30.86040861886261	0.0	2395588	4753.656684407587	5	4.3
31591.089839540815	4300	31.308950090897728	0.0	1972048	3551.4585279648823	5	4.3
31594.676042664236	4300	31.7227469674744	0.0	2134614	3586.2031234233277	5	4.3
31597.840793680934	4300	32.557995950776316	0.0	2164140	3164.751016698082	5	4.3
31601.21708190423	4300	33.18170772748248	0.0	2113193	3376.288223293828	5	4.3
31606.31001655047	4300	32.088773081242856	0.0	2147852	5092.934646239628	5	4.3
31609.759196789328	4300	32.639592842384324	0.0	2191074	3449.1802388585356	5	4.3
31614.24015791083	4300	32.15863172088134	0.0	2286761	4480.961121502982	5	4.3
31618.406704884732	4300	31.992084746982997	0.0	2307787	4166.546973898345	5	4.3
31632.25116707402	4300	22.147622557692394	0.0	2143948	13844.462189290603	5	4.3
31638.12502719281	4300	20.273762438900103	0.0	1919781	5873.860118792291	5	4.3
31646.461327468623	4300	15.937462163091194	0.0	2147467	8336.30027580891	5	4.3
31686.350554278484	300	4.0	23.951764646770187	2133870	39889.22680986138	0	-98.6925879811118
31689.310747973497	300	5.039806304987172	0.0	149991	2960.1936950128284	0	-3.7
31690.13303294421	300	8.217521334275673	0.0	147968	822.2849707114971	0	0.3
31691.024992411825	1850	11.325561866658008	0.0	161857	891.9594676176658	3	0.3
31711.982623531465	300	4.0	9.632069252982012	886255	20957.63111964002	0	-41.11789778782264
31712.616666043952	300	7.365957487513409	0.0	172312	634.0425124865911	0	-1.25
31713.23370902789	1850	10.74891450357687	0.0	167025	617.0429839365388	3	0.3
31714.75141551835	1850	13.231208013119398	0.0	982064	1517.7064904574731	3	0.30000000000000004
31715.902385636873	1850	16.080237894594415	0.0	830730	1150.970118524981	3	1.85
31717.186401550676	1850	18.79622198079215	0.0	846370	1284.015913802265	3	1.85

