3519.3118727021515	750	4.0	1.9193425489622389	450283	1919.3425489622389	-7.503172960537627
3520.2626461505147	750	7.049226551636911	0.0	398865	950.7734483630885	0.75
3521.161439323039	750	10.150433379112682	0.0	350812	898.7931725242283	0.75
3527.1452114507124	1850	8.166661251439264	0.0	933276	5983.77212767342	0.75
3528.1360460986402	750	11.175826603511542	0.0	411561	990.8346479277213	-0.3500000000000001
3529.9780345596077	1850	13.333838142543966	0.0	801058	1841.9884609675757	0.75
3532.9021641908466	1850	14.409708511305249	0.0	905515	2924.1296312387162	1.85
3535.405701823556	1850	15.906170878595873	0.0	1060487	2503.5376327093763	1.85
3538.5077741113123	1850	16.804098590839168	0.0	852833	3102.072287756705	1.85
3543.8398284240566	1850	15.472044278095114	0.0	913888	5332.054312744052	1.85
3547.562894077952	1850	15.748978624199445	0.0	939819	3723.06565389567	1.85
3549.746486943333	1850	17.565385758818515	0.0	917428	2183.592865380927	1.85
3551.86619442139	1850	19.445678280761356	0.0	946851	2119.707478057162	1.85
3554.352907093675	1850	20.95896560847624	0.0	1036454	2486.712672285114	1.85
3556.9087968707677	1850	22.40307583138405	0.0	821631	2555.889777092191	1.85
3559.973028753298	1850	23.338843948853615	0.0	923170	3064.2318825304405	1.85
3563.3174545103425	1850	23.99441819180919	0.0	966699	3344.425757044425	1.85
3565.2956549879755	1850	26.016217714175905	0.0	885714	1978.200477633284	1.85
3567.48911949917	1850	27.82275320298095	0.0	987708	2193.4645111949535	1.85
3572.7779499459743	1850	26.53392275617709	0.0	923755	5288.830446803864	1.85
3575.2116148771684	1850	28.100257824982847	0.0	891604	2433.664931194242	1.85
3582.254838732078	1850	25.057033970073046	0.0	955231	7043.223854909802	1.85
3585.3273226373854	1850	25.98455006476602	0.0	968026	3072.483905307027	1.85
3593.477296562676	1850	21.834576139475065	0.0	874175	8149.973925290952	1.85
3596.1896813688372	1850	23.122191333314216	0.0	897976	2712.3848061608523	1.85
3598.5478048858863	1850	24.76406781626523	0.0	905935	2358.1235170489863	1.85
3601.007482694632	1850	26.30439000751941	0.0	1076599	2459.677808745818	1.85
3606.2206075981685	1850	25.091265103982998	0.0	758197	5213.124903536413	1.85
3610.3203755756363	1850	24.991497126515366	0.0	972798	4099.767977467634	1.85
3618.128343985217	1850	21.18352871693451	0.0	975811	7807.968409580855	1.85
3620.757201503611	1850	22.554671198540223	0.0	873429	2628.8575183942867	1.85
3623.3991765269975	1850	23.91269617515355	0.0	954453	2641.9750233866725	1.85
3628.1292726148076	1850	23.18260008734348	0.0	885062	4730.096087810065	1.85
3633.508586739569	1850	21.803285962582212	0.0	1035329	5379.31412476127	1.85
3636.739513053572	1850	22.572359648579468	0.0	1026056	3230.926314002743	1.85
3640.760568022827	1850	22.551304679324033	0.0	943942	4021.054969255437	1.85
3644.3567729397914	1850	22.95509976235954	0.0	728962	3596.2049169644897	1.85
3647.5385622818576	1850	23.773310420293086	0.0	938587	3181.7893420664577	1.85
3649.7030250189123	1850	25.60884768323849	0.0	908665	2164.462737054594	1.85
3651.8574235389397	1850	27.454449163211063	0.0	930577	2154.3985200274296	1.85
3656.4394427339835	1850	26.87242996816732	0.0	858450	4582.019195043741	1.85
3658.72550246522	1850	28.586370236930513	0.0	1025005	2286.0597312368077	1.85
3660.7571891651787	1850	30.554683536972195	0.0	886255	2031.686699958319	1.85
3666.5904187372107	1850	28.72145396493985	0.0	973972	5833.229572032344	1.85
3668.745192327214	1850	30.56668037493644	0.0	958994	2154.773590003411	1.85
3671.4761284099386	1850	31.835744292212205	0.0	982064	2730.9360827242363	1.85
3674.2194887895625	1850	33.092383912587955	0.0	830730	2743.3603796242514	1.85
3676.3405159000486	1850	34.971356802102314	0.0	846370	2121.0271104856347	1.85

