23094.294488043568	300	4.0	2.6049141546423744	181801	2604.9141546423743	-10.901130864962209
23096.35398797646	300	5.940500067108126	0.0	155580	2059.499932891874	0.3
23102.262781222405	300	4.031706821162968	0.0	139857	5908.793245945159	0.3
23103.82116539971	300	6.473322643861854	0.0	155432	1558.3841773011138	0.3
23104.32683381012	300	9.967654233451453	0.0	163442	505.6684104104005	0.3
23104.735740932414	300	13.558747111155354	0.0	126289	408.9071222960993	0.3
23105.214982491947	300	17.079505551618254	0.0	153295	479.24155953709777	0.3
23105.747754897337	300	20.54673314623018	0.0	173849	532.7724053880747	0.3
23106.261996805944	300	24.03249123762336	0.0	150710	514.2419086068176	0.3
23106.79721404696	300	27.49727399660374	0.0	139105	535.2172410196206	0.3
23107.341381499366	300	30.95310654420287	0.0	141840	544.1674524008697	0.3
23107.932371483552	300	34.36211656001301	0.0	156148	590.9899841898689	0.3
23110.473378248225	300	35.82110979534154	0.0	160746	2541.0067646714624	0.3
23111.191619197798	300	39.102868845769954	0.0	179801	718.2409495715914	0.3
23111.76875927615	300	42.52572876741416	0.0	140051	577.1400783557986	0.3
23112.339729962958	300	45.95475808060988	0.0	138313	570.9706868042754	0.3
23112.800637541135	300	49.49385050243385	0.0	143509	460.9075781760246	0.3
23113.203599174965	300	53.0908888686017	0.0	150616	402.96163383214815	0.3
23113.638227413994	300	56.65626062957201	0.0	165384	434.6282390296913	0.3
23114.52031456234	300	59.77417348122186	0.0	140881	382.0871483501545	0.3
23116.35723408241	300	59.85608401019655	0.0	157671	418.08947102531357	0.3
23121.832661578916	300	58.38065651369126	0.0	157812	5475.427496505286	0.3
23125.547939618875	300	58.66537847373163	0.0	163927	3715.2780399596213	0.3
23127.675024052638	300	59.528604033405266	0.0	137654	636.7744403263669	0.3
23131.525332705965	300	59.67829538007568	0.0	146754	2850.3086533295864	0.3
23133.43133021501	750	59.87510592793764	0.0	379700	803.1894521380408	0.3
23135.47719971318	750	59.56157528075617	0.0	425781	813.5306471814683	0.75
23137.31401262814	1200	59.71883828501849	0.0	487160	842.7369957376791	0.75
23139.322846282692	1200	59.922959427853385	0.0	622896	1295.8788571651098	1.2
23143.053717293882	1200	59.623001274201414	0.0	641447	2799.958153651966	1.2
23145.674388694708	1200	59.73912204930952	0.0	570392	1883.87922489189	1.2
23155.374812008853	1200	54.038698735163145	0.0	620283	9700.423314146376	1.2
23158.951167057738	1200	54.462343686280285	0.0	584349	3576.3550488828614	1.2
23162.842612433273	1200	54.57089831074545	0.0	670129	3891.4453755348395	1.2
23164.714337517446	1200	56.69917322657554	0.0	690253	1871.7250841699063	1.2
23167.801265149417	1200	57.61224559460269	0.0	598727	3086.927631972855	1.2
23170.20171722778	1200	59.211793516243155	0.0	487812	2400.4520783595385	1.2
23172.148876604377	1200	59.58827408899345	0.0	575591	1623.5194272497044	1.2
23175.994427124828	1200	59.5353188291931	0.0	605884	3552.9552598003515	1.2
23184.479054260675	1200	55.0506916933476	0.0	587506	8484.627135845498	1.2
23185.703022558104	1200	57.826723395917945	0.0	566904	1223.968297429659	1.2
23196.593692864473	1200	50.93605308954904	0.0	641452	10890.670306368898	1.2
23204.649881079444	1200	46.879864874581166	0.0	599477	8056.1882149678795	1.2
23205.90404832207	750	49.62569763195207	0.0	438281	1254.167242629095	0.3
23207.28972217522	750	52.24002377880017	0.0	398987	1385.673853151902	0.75
23210.64370727947	750	52.88603867455274	0.0	393804	3353.9851042474274	0.75
23211.895674531876	750	55.63407142214641	0.0	331053	1251.9672524063296	0.75
23212.649205298316	750	58.8805406557065	0.0	314107	753.5307664399172	0.75

