8851.404380288828	750	4.0	1.7720678579610256	450283	1772.0678579610255	1	-6.86989178923241
8853.003548180664	750	6.400832108165116	0.0	398865	1599.1678918348834	1	0.75
8853.678408199135	1850	9.725972089694439	0.0	350812	674.8600184706789	3	0.75
8855.34093268119	1850	12.063447607640684	0.0	933276	1662.5244820537537	3	0.75
8862.7067599103	1850	8.697620378532276	0.0	996749	7365.8272291084095	3	1.85
8865.382701329609	1850	10.021678959220742	0.0	801058	2675.941419311534	3	1.85
8868.027311828848	1850	11.37706845998251	0.0	905515	2644.610499238231	3	1.85
8872.691339759363	1850	10.713040529468522	0.0	1060487	4664.027930513989	3	1.85
8876.15527511462	1850	11.24910517421344	0.0	852833	3463.9353552550815	3	1.85
8879.163309316122	1850	12.24107097270975	0.0	913888	3008.0342015036904	3	1.85
8881.51268800009	1850	13.89169228873956	0.0	939819	2349.378683970189	3	1.85
8883.807999190094	1850	15.596381098736588	0.0	917428	2295.3111900029708	3	1.85
8886.283942348511	1850	17.120437940319018	0.0	946851	2475.9431584175686	3	1.85
8904.838505521966	300	4.0	1.434125233134495	1036454	18554.563173453513	0	-4.316738502478328
8905.16999303394	750	7.668512488025585	0.0	140051	331.4875119744147	1	-1.25
8905.90759810431	1850	10.930907417656945	0.0	366214	737.6050703686394	3	0.3
8911.177522585753	1850	9.660982936212967	0.0	966699	5269.924481443976	3	0.75
8913.20936819739	1850	11.629137324577913	0.0	885714	2031.8456116350553	3	1.85
8914.864543701724	1850	13.973961820243115	0.0	987708	1655.175504334797	3	1.85
8918.274437705908	1850	14.564067816058513	0.0	923755	3409.8940041846035	3	1.85
8919.991093628596	1850	16.847411893369422	0.0	891604	1716.6559226890897	3	1.85
8921.116976922629	1850	19.721528599336757	0.0	955231	1125.8832940326633	3	1.85
8924.543729898589	1850	20.294775623377785	0.0	968026	3426.752975958973	3	1.85
8934.655237144494	750	14.183268377472716	0.0	874175	10111.507245905068	1	1.85
8935.37733592472	1850	17.461169597246176	0.0	359903	722.0987802265421	3	-0.3500000000000001
8938.533351438575	1850	18.3051540833915	0.0	905935	3156.015513854675	3	0.75
8941.239815194805	1850	19.598690327159762	0.0	1076599	2706.4637562317353	3	1.85
8945.820808712439	1850	19.017696809527763	0.0	758197	4580.993517631999	3	1.85
8949.314823577028	1850	19.523681944937756	0.0	972798	3494.014864590005	3	1.85
8952.770233364507	1850	20.0682721574596	0.0	975811	3455.409787478157	3	1.85
8955.294200907772	1850	21.544304614193198	0.0	873429	2523.967543266401	3	1.85
8967.653611848293	750	13.184893673672066	0.0	954453	12359.410940521133	1	1.85
8972.627557794014	750	12.210947727951323	0.0	369834	4973.945945720742	1	-0.3500000000000001
8973.482969018138	1850	15.355536503827977	0.0	412837	855.4112241233455	3	0.75
8980.547763657209	1850	12.290741864756171	0.0	1026056	7064.794639071806	3	0.75
8982.267561761599	1850	14.570943760365905	0.0	943942	1719.7981043902678	3	1.85
9001.04473180935	300	4.0	4.206226287385527	728962	18777.17004775143	0	-16.236773035757764
9001.36417582093	750	7.68055598842069	0.0	124011	319.4440115793101	1	-1.25
9002.740925991351	750	10.3038058179998	0.0	378327	1376.750170420889	1	0.3
9009.310455122335	300	7.734276687015067	0.0	390680	6569.5291309847335	0	0.75
9009.664337880648	750	11.380393928702897	0.0	147968	353.88275831216987	1	-0.15000000000000002
9010.456041019062	1850	14.588690790289045	0.0	384505	791.7031384138521	3	0.3
9022.252103130022	750	6.792628679328351	0.0	886255	11796.062110960695	1	0.75
9029.121970455284	300	4.0	0.07723864593245071	438281	6869.867325260801	0	-0.6821261775095382
9032.051848574509	300	5.0701218807755035	0.0	167025	2929.878119224497	0	-0.15000000000000002
9032.4587802766	750	8.663190178682886	0.0	160064	406.93170209261643	1	0.3
9033.214958060316	1850	11.907012394965953	0.0	331053	756.1777837169317	3	0.3
9036.08911384116	1850	13.032856614122268	0.0	846370	2874.1557808436837	3	0.75

