44860.01055675483	300	4.0	1.572248873481639	181801	1572.248873481639	-6.460670155971048
44860.51881335146	300	7.491743403365634	0.0	155580	508.2565966343668	0.3
44861.61463247629	300	10.395924278542024	0.0	139857	1095.8191248236099	0.3
44862.29699020286	300	13.713566551957827	0.0	155432	682.3577265841982	0.3
44863.45135431179	300	16.559202443036796	0.0	163442	1154.3641089210314	0.3
44864.57831745525	300	19.4322392995774	0.0	126289	1126.9631434593975	0.3
44864.9401884266	300	23.07036832822487	0.0	153295	361.87097135252617	0.3
44865.2153356028	300	26.795221152023768	0.0	173849	275.14717620110093	0.3
44865.46450902873	300	30.546047726089377	0.0	150710	249.17342593439085	0.3
44865.70065573044	300	34.30990102438012	0.0	139105	236.14670170926576	0.3
44866.177148581	750	37.83340817381582	0.0	353220	476.49285056429926	0.3
44866.711915396365	750	41.29864135845849	0.0	405134	534.766815357332	0.75
44867.225598113386	750	44.78495864143123	0.0	386351	513.6827170272566	0.75
44869.684880950765	1200	46.32567580405697	0.0	687371	2459.282837374256	0.75
44870.347083625915	1850	49.66347312890792	0.0	821631	662.2026751490548	1.2000000000000002
44871.46947124069	2850	52.54108551412933	0.0	1471065	1122.3876147785857	1.85
44872.60642825366	2850	55.40412850116136	0.0	1491626	1136.9570129679673	2.85
44873.649266288245	2850	58.36129046657502	0.0	1358801	1042.838034586342	2.85
44889.53100500865	4300	46.479551746175396	0.0	2220726	15881.738720399619	2.8499999999999996
44921.85235788817	4300	18.15819886664763	0.0	2156729	32321.352879527767	4.3
44931.99378754468	4300	12.01676921013877	0.0	2039773	10141.42965650886	4.3
44934.075285859064	2850	13.935270895747285	0.0	1468126	2081.498314391486	1.4000000000000001
44939.83647632319	2850	12.17408043162203	0.0	1505760	5761.190464125256	2.85
44952.66607916071	1850	4.0	0.6555224058935255	874175	12829.602837515557	-1.9687463453421596
44957.29441875947	1200	4.0	0.6283395987665744	587236	4628.339598766574	-2.15186027469627
44957.81196493438	750	7.482453825093596	0.0	379700	517.5461749064043	0.3
44958.3826124137	750	10.911806345773543	0.0	425781	570.6474793200518	0.75
44958.78263762705	750	14.511781132420088	0.0	277716	400.02521335345523	0.75
44959.039643895674	300	18.25477486379618	0.0	153605	257.0062686239089	-0.15000000000000002
44959.29263475837	300	22.001784001101267	0.0	149029	252.99086269491013	0.3
44959.579195962695	300	25.715222796772593	0.0	157421	286.5612043286743	0.3
44959.86584508161	300	29.428573677866513	0.0	157488	286.6491189060815	0.3
44960.43112567595	750	32.86329308352592	0.0	369834	565.2805943405958	0.3
44961.05283299524	750	36.24158576422647	0.0	412837	621.7073192994386	0.75
44961.65912377171	750	39.63529498776222	0.0	401088	606.290776464254	0.75
44964.32538008841	750	40.96903867105492	0.0	365161	2666.256316707303	0.75
44965.233840546076	1200	44.06057821338572	0.0	487812	908.4604576691991	0.75
44966.19632395102	1200	47.09809480844478	0.0	575591	962.4834049409425	1.2
44967.03442211228	1200	50.25999664718636	0.0	605884	838.0981612584249	1.2
44968.9823928883	1850	52.312025871166774	0.0	930577	1947.9707760195802	1.2000000000000002
44971.94054300765	2850	53.35387575181466	0.0	1339500	2958.1501193521212	1.85
44973.330828146754	2850	55.96359061270695	0.0	1527299	1390.2851391077074	2.85
44974.708670027605	2850	58.5857487318546	0.0	1343002	1377.8418808523554	2.85
44977.6247092485	2850	59.669709510959564	0.0	1587250	2916.0392208950343	2.85
44989.165138880184	2850	52.12927987927053	0.0	1464921	11540.429631689032	2.85
44992.12912078868	2850	53.16529797076676	0.0	1483527	2963.9819085037702	2.85
44996.01926200383	2850	53.275156755624536	0.0	1231456	3890.1412151422282	2.85
44998.11640838919	2850	55.178010370258896	0.0	1364537	2097.1463853656423	2.85

