36517.190342547394	300	4.0	0.28767060367880365	181801	287.6706036788037	-0.9369835958188555
36517.51917235613	300	7.671170191268149	0.0	155580	328.8298087318509	0.3
36517.75070602661	300	11.43963652079285	0.0	139857	231.53367047529952	0.3
36517.946112292455	300	15.244230254946403	0.0	155432	195.40626584644542	0.3
36518.568918851735	750	18.621423695669677	0.0	411561	622.8065592767277	0.3
36519.15781600341	750	22.032526543988666	0.0	318564	588.8971516810091	0.75
36520.13526153944	1200	25.05508100795815	0.0	561791	977.4455360305176	0.75
36521.90936009953	1850	27.280982447873715	0.0	1060487	1774.098560084436	1.2000000000000002
36529.07998731968	2850	24.11035522773061	0.0	1348011	7170.627220143101	1.85
36543.309999554425	1850	13.880342992984794	0.0	913888	14230.012234745818	0.8500000000000001
36545.176149365136	750	16.014193182273655	0.0	353220	1866.1498107111404	-0.3500000000000001
36547.45321033469	750	17.737132212717434	0.0	405134	2277.060969556218	0.75
36549.62158505999	750	19.56875748741327	0.0	386351	2168.3747253041665	0.75
36554.78616768191	1200	18.404174865497335	0.0	687371	5164.582621915934	0.75
36560.09398686594	1200	17.09635568146703	0.0	526950	5307.8191840303025	1.2
36561.584441727704	750	19.605900819701223	0.0	366214	1490.4548617658074	0.3
36568.17292952872	1200	17.017413018683385	0.0	617242	6588.487801017835	0.75
36569.6579847682	750	19.532357779206365	0.0	372963	1485.0552394770218	0.3
36572.17738138298	1200	21.012961164426635	0.0	639204	2519.396614779733	0.75
36574.79018540819	1200	22.400157139214304	0.0	586839	2612.8040252123287	1.2
36577.91110156611	1850	23.279240981287522	0.0	891604	3120.9161579267834	1.2000000000000002
36583.93309710158	1850	21.257245445818757	0.0	955231	6021.995535468768	1.85
36598.65007651814	1850	10.540266029261161	0.0	968026	14716.979416557595	1.85
36599.6881961525	300	13.50214639490038	0.0	137654	1038.1196343607808	-1.25
36602.85620187845	750	14.334140668949324	0.0	359903	3168.0057259510577	0.3
36606.70790327456	750	14.482439272841715	0.0	379700	3851.7013961076086	0.75
36610.74081962549	750	14.449522921910317	0.0	425781	4032.9163509313994	0.75
36611.989616595994	750	17.200725951411556	0.0	277716	1248.7969704987568	0.75
36613.83430245485	750	19.356040092547943	0.0	400396	1844.6858588636142	0.75
36629.07662505465	1200	8.11371749275155	0.0	641447	15242.322599796395	0.75
36630.38046890632	300	10.80987364108084	0.0	157421	1303.8438516707097	-0.6000000000000001
36631.33276977891	300	13.857572768495402	0.0	157488	952.3008725854373	0.3
36632.91666017335	750	16.273682374052736	0.0	369834	1583.890394442664	0.3
36634.626826992695	750	18.563515554704274	0.0	412837	1710.1668193484659	0.75
36636.27929245097	750	20.911050096433364	0.0	401088	1652.465458270913	0.75
36638.70139150415	1200	22.48895104325472	0.0	598727	2422.0990531786438	0.75
36644.56562797967	1850	20.62471456774182	0.0	728962	5864.236475512897	1.2000000000000002
36651.46001669944	1200	17.7303258479702	0.0	575591	6894.388719771623	0.5499999999999999
36655.68334035862	750	17.507002188786707	0.0	378327	4223.323659183489	0.3
36660.06657040147	1200	17.12377214593998	0.0	587506	4383.230042846729	0.75
36661.61815955791	750	19.572182989495253	0.0	345516	1551.5891564447243	0.3
36664.430171411426	1200	20.76017113597825	0.0	641452	2812.0118535170045	0.75
36666.970776537455	1200	22.219566009946124	0.0	599477	2540.6051260321246	1.2
36671.822867303665	1850	21.36747524374297	0.0	973972	4852.090766203152	1.2000000000000002
36674.01870824547	1200	23.17163430193233	0.0	630203	2195.8409418106407	0.5499999999999999
36681.34322710074	1850	19.84711544666578	0.0	982064	7324.51885526655	1.2000000000000002
36685.44129090488	1200	19.749051642525785	0.0	538612	4098.063804139993	0.5499999999999999
36694.33131060365	1200	14.85903194375358	0.0	550906	8890.019698772205	1.2

