52686.38908813919	750	4.0	1.8094405046712347	450283	1809.4405046712347	0.24885206163869636	-7.030594170086309
52686.781702947424	300	7.6073851917648865	0.0	155580	392.6148082351142	0.39626625572113466	-0.15000000000000002
52688.7691526201	750	9.61993551908968	0.0	350812	1987.4496726752059	0.17651365205529437	0.3
52691.82425003761	1200	10.564838101578657	0.0	617681	3055.097417511024	0.20218045960158687	0.75
52692.99218444434	1200	13.39690369485464	0.0	652874	1167.9344067240158	0.5589988583616364	1.2
52697.3996015186	2850	12.989486620588558	0.0	1224260	4407.417074266083	0.2777726680663328	1.2000000000000002
52703.16555067233	1850	11.223537466862116	0.0	905515	5765.949153726441	0.15704526277599587	0.8500000000000001
52708.792668857546	1850	9.596419281651109	0.0	1060487	5627.118185211006	0.18846005452438064	1.85
52717.8092921155	1200	4.579796023701825	0.0	584846	9016.623257949284	0.06486308491201348	0.5499999999999999
52718.54793851558	300	7.841149623612431	0.0	139105	738.6464000893947	0.1883242103165531	-0.6000000000000001
52719.77452648793	750	10.614561651272933	0.0	353220	1226.5879723394985	0.2879695610631952	0.3
52720.74573446355	1200	13.64335367564877	0.0	594078	971.2079756241617	0.6116897872653966	0.75
52724.59772324709	2850	13.791364892108819	0.0	1422919	3851.988783539951	0.3693985315015241	1.2000000000000002
52732.341400847356	2850	10.047687291846108	0.0	1578343	7743.677600262711	0.2038234391300657	2.85
52733.08705571525	1200	13.30203242394724	0.0	526950	745.6548678988681	0.7066942397692082	-0.44999999999999996
52748.474323074144	2850	4.0	2.0852349349421986	1471065	15387.26735888944	0.09560274515865516	-7.766510220251455
52749.1873654266	300	7.286957647545998	0.0	143509	713.0423524540018	0.20126293972034112	-2.25
52750.91256799158	750	9.561755082561907	0.0	372963	1725.202564984091	0.2161850483936878	0.3
52753.612041767294	1200	10.862281306858078	0.0	639204	2699.4737757038297	0.23678837177565887	0.75
52755.92666251803	1200	12.547660556117739	0.0	586839	2314.6207507403406	0.25353570333813746	1.2
52766.05298691284	1850	6.421336161308587	0.0	891604	10126.324394809151	0.0880481372349719	1.2000000000000002
52769.32541043939	300	7.14891263475082	0.0	157812	3272.423526557767	0.048224809141988116	-1.25
52774.4309888717	750	6.043334202441111	0.0	401853	5105.57843230971	0.07870861359350541	0.3
52775.52815713476	300	8.946165939386207	0.0	137654	1097.1682630549037	0.12546298014191795	-0.15000000000000002
52777.83647655198	750	10.63784652216543	0.0	359903	2308.319417220775	0.15591559699884366	0.3
52780.927516690244	1200	11.546806383897986	0.0	590335	3091.0401382674463	0.19098263807434337	0.75
52786.331655649585	1850	10.142667424558338	0.0	1076599	5404.138959339646	0.19921749016823098	1.2000000000000002
52789.30938150714	1200	11.164941567004615	0.0	487160	2977.7258575537244	0.16360135999900743	0.5499999999999999
52795.89200147666	1850	8.582321597485155	0.0	972798	6582.619969519458	0.14778279841529662	1.2000000000000002
52797.50044008093	750	10.973882993219801	0.0	400508	1608.4386042653546	0.24900421995462477	-0.3500000000000001
52800.719362715055	1200	11.75496035908946	0.0	570392	3218.922634130342	0.17719966113882793	0.75
52803.31181099415	1850	13.162512079996374	0.0	954453	2592.4482790930842	0.3681666506897087	1.2000000000000002
52807.29005439558	2850	13.184268678565655	0.0	1358081	3978.2434014307178	0.3413770508641039	1.85
52812.71690816798	2850	11.757414906165199	0.0	1587293	5426.853772400456	0.29248862537490006	2.85
52814.960352822316	1850	13.513970251830136	0.0	1026056	2243.4446543350628	0.45735739369247513	0.8500000000000001
52818.459285936486	2850	14.01503713766333	0.0	1439896	3498.9331141668085	0.41152429984157574	1.85
52821.51280377703	2850	14.961519297123807	0.0	1139291	3053.517840539521	0.3731076939765646	2.85
52824.49841451141	2850	15.975908562745008	0.0	1499009	2985.610734378799	0.5020778438190775	2.85
52829.68042381537	4300	14.793899258782334	0.0	2133870	5182.009303962673	0.41178428575344966	2.8499999999999996
52832.57936845052	2850	15.894954623627294	0.0	1402287	2898.9446351550405	0.48372327742816773	1.4000000000000001
52836.8886835563	4300	15.585639517847328	0.0	2108491	4309.315105779965	0.4892868003947865	2.8499999999999996
52841.55689839259	4300	14.917424681560519	0.0	2184571	4668.214836286809	0.46796710875835595	4.3
52843.848303033126	2850	16.62602004101984	0.0	1343002	2291.40464054068	0.5861042507459989	1.4000000000000001
52851.50778766758	4300	12.966535406571392	0.0	2219102	7659.484634448445	0.2897194923558713	2.8499999999999996
52854.85381451129	1850	13.6205085628591	0.0	958994	3346.026843712293	0.28660678613565205	-0.6000000000000001
52857.38791536937	2850	15.08640770478324	0.0	1483527	2534.1008580758603	0.5854253966538807	1.85
52864.43113317391	4300	12.043189900247373	0.0	1961140	7043.217804535866	0.2784437531857976	2.8499999999999996
52865.8967952927	1850	14.577527781451877	0.0	846370	1465.6621187954943	0.5774659719632796	-0.6000000000000001

