5174.297985504076	300	4.0	5.428006764582186	450283	5428.0067645821855	0	-22.5904290877034
5181.431664604252	300	4.0	3.1336791001757573	155580	7133.679100175757	0	-13.624820130755754
5186.191207412782	300	4.0	0.759542808530824	139857	4759.542808530824	0	-2.9660340766825435
5186.968964958959	300	7.222242453823201	0.0	155432	777.7575461767988	0	0.3
5187.78268059578	300	10.408526817003057	0.0	163442	813.7156368201421	0	0.3
5189.742343834655	300	12.448863578127524	0.0	126289	1959.663238875533	0	0.3
5192.0518204210475	300	14.13938699173514	0.0	153295	2309.4765863923844	0	0.3
5196.04635107043	300	14.144856342352945	0.0	173849	3994.5306493821945	0	0.3
5201.304553132676	300	12.886654280106125	0.0	150710	5258.202062246821	0	0.3
5202.562787227568	750	15.628420185214535	0.0	139105	1258.234094891588	1	0.3
5209.477565977835	750	12.713641434947473	0.0	353220	6914.778750267063	1	0.3
5212.557252210049	750	13.633955202733741	0.0	405134	3079.6862322137313	1	0.75
5224.231725363555	300	5.9594820492283365	0.0	386351	11674.473153505405	0	0.75
5225.515938584667	300	8.675268828115415	0.0	179801	1284.2132211129206	0	-0.15000000000000002
5226.379320025394	300	11.811887387389765	0.0	140051	863.3814407256505	0	0.3
5227.232979886523	750	14.958227526259984	0.0	138313	853.6598611297806	1	0.3
5230.247323476829	750	15.943883935954771	0.0	360831	3014.3435903052114	1	0.3
5232.301028901617	750	17.890178511166514	0.0	372963	2053.7054247882543	1	0.75
5245.603178807122	300	8.588028605660703	0.0	405596	13302.149905505812	0	0.75
5246.795791162487	300	11.395416250296	0.0	140881	1192.6123553647033	0	-0.15000000000000002
5250.305265870122	300	11.88594154266145	0.0	157671	3509.4747076345498	0	0.3
5252.214199907659	300	13.977007505123389	0.0	157812	1908.9340375380618	0	0.3
5254.65696191189	750	15.534245500893524	0.0	163927	2442.7620042298636	1	0.3
5259.094418760685	750	15.09678865209888	0.0	343800	4437.456848794644	1	0.3
5261.338431198392	300	16.85277621439104	0.0	359903	2244.0124377078387	0	0.75
5262.217496034445	750	19.973711378339008	0.0	153938	879.0648360520291	1	-0.15000000000000002
5265.040072778426	750	21.151134634357074	0.0	425781	2822.576743981935	1	0.3
5266.841915150069	1850	23.349292262713757	0.0	277716	1801.8423716433172	3	0.75
5271.970417979824	1850	22.220789432960192	0.0	972798	5128.502829753565	3	0.75
5278.383944753389	1850	19.807262659394315	0.0	975811	6413.52677356588	3	1.85
5286.5150888441785	1850	15.676118568604904	0.0	873429	8131.144090789408	3	1.85
5296.400481971771	750	9.790725441011984	0.0	954453	9885.39312759292	1	1.85
5300.4579487803785	300	9.73325863240512	0.0	369834	4057.466808606865	0	-0.3500000000000001
5301.690169704732	750	12.501037708050502	0.0	163444	1232.2209243546158	1	-0.15000000000000002
5308.695059479784	300	9.496147932999747	0.0	401088	7004.889775050755	0	0.3
5310.2083961948465	750	11.982811217936245	0.0	159914	1513.3367150635017	1	-0.15000000000000002
5313.901563370866	750	12.289644041916551	0.0	321064	3693.1671760196937	1	0.3
5317.209731335728	750	12.98147607705355	0.0	361565	3308.1679648630025	1	0.75
5319.663140417588	750	14.528066995194436	0.0	378327	2453.4090818591135	1	0.75
5322.034877986893	750	16.156329425889364	0.0	390680	2371.737569305073	1	0.75
5324.269102508786	750	17.922104903996026	0.0	345516	2234.224521893337	1	0.75
5328.139998275616	750	18.051209137166467	0.0	384505	3870.895766829558	1	0.75
5331.484802823121	750	18.70640458966129	0.0	372093	3344.8045475051786	1	0.75
5336.54016607169	750	17.65104134109226	0.0	438281	5055.36324856903	1	0.75
5341.749776136669	750	16.44143127611283	0.0	398987	5209.61006497943	1	0.75
5344.128761390974	750	18.0624460218073	0.0	393804	2378.9852543055295	1	0.75
5346.100950400668	750	20.090257012113785	0.0	331053	1972.189009693519	1	0.75
5348.021441123629	750	22.169766289152903	0.0	314107	1920.4907229608812	1	0.75

