16941.281054133953	750	4.0	6.037696447158927	450283	6037.696447158927	-25.212094722783387
16942.708261839132	300	6.57279229481707	0.0	155580	1427.2077051829299	-0.15000000000000002
16943.938601049755	300	9.342453084194917	0.0	139857	1230.3392106221543	0.3
16945.256605568084	300	12.024448565866008	0.0	155432	1318.0045183289083	0.3
16946.472579266	300	14.808474867950327	0.0	163442	1215.9736979156826	0.3
16947.381679364018	300	17.89937476993331	0.0	126289	909.1000980170132	0.3
16948.19692245525	300	21.08413167870243	0.0	153295	815.243091230882	0.3
16952.947097335997	1200	20.33395679795302	0.0	709534	4750.174880749408	0.29999999999999993
16954.945697587653	1200	22.335356546295227	0.0	584846	1998.6002516577953	1.2
16959.476981810574	2850	21.804072323375795	0.0	1429765	4531.284222919433	1.2000000000000002
16969.88152714801	2850	15.399526985942778	0.0	1354548	10404.545337433019	2.85
16970.625656436787	750	18.655397697166002	0.0	405134	744.1292887767738	-1.35
16973.071008192255	2850	20.21004594169669	0.0	1422919	2445.351755469311	0.75
16975.829192025252	2850	21.451862108699718	0.0	1578343	2758.1838329969733	2.85
16977.998748028116	2850	23.282306105837883	0.0	1231445	2169.5560028618356	2.85
16980.57489905504	2850	24.706155078914275	0.0	1471065	2576.1510269236105	2.85
16984.260332502214	4300	25.020721631740308	0.0	2289689	3685.433447173967	2.8499999999999996
16987.55706546244	4300	25.723988671512387	0.0	2059512	3296.7329602279224	4.3
16991.057601649354	4300	26.223452484598194	0.0	2220726	3500.5361869141916	4.3
16994.298473614177	4300	26.982580519774903	0.0	2156729	3240.871964823291	4.3
16997.366280991457	4300	27.914773142496657	0.0	2039773	3067.8073772782495	4.3
17000.60199993313	4300	28.679054200824087	0.0	2176469	3235.7189416725682	4.3
17004.158923347717	4300	29.122130786240316	0.0	2221506	3556.9234145837722	4.3
17008.78317383372	4300	28.497880300233724	0.0	2044075	4624.250486006592	4.3
17012.4765110947	4300	28.804543039252593	0.0	2186790	3693.3372609811304	4.3
17016.414853483107	4300	28.866200650847297	0.0	2105231	3938.342388405292	4.3
17020.096476340794	4300	29.184577793160024	0.0	2395588	3681.622857687276	4.3
17023.167749799624	4300	30.11330433432983	0.0	1972048	3071.2734588301937	4.3
17028.141596499372	4300	29.139457634581746	0.0	2134614	4973.846699748087	4.3
17032.746465897704	4300	28.534588236249057	0.0	2164140	4604.869398332688	4.3
17038.79194372137	4300	26.489110412580946	0.0	2113193	6045.4778236681095	4.3
17043.723425659016	4300	25.557628474936422	0.0	2147852	4931.481937644527	4.3
17053.88223858954	4300	19.398815544412383	0.0	2191074	10158.812930524038	4.3
17055.34817963215	2850	21.932874501803663	0.0	1587293	1465.941042608718	1.4000000000000001
17057.443218267676	4300	23.837835866278372	0.0	2307787	2095.038635525291	2.8499999999999996
17059.395201276744	4300	25.8858528572064	0.0	2143948	1951.9830090719706	4.3
17066.091616538153	4300	23.18943759580073	0.0	1919781	6696.415261405674	4.3
17078.55947000625	2850	14.721584127703169	0.0	1499009	12467.85346809756	1.4000000000000001
17081.35285846402	300	15.928195669936756	0.0	144254	2793.3884577664144	-2.25
17083.13068883396	300	18.150365299995887	0.0	149991	1777.830369940867	0.3
17084.33922926318	300	20.94182487077749	0.0	147968	1208.540429218396	0.3
17085.50132321889	300	23.779730915068495	0.0	161857	1162.0939557089937	0.3
17089.621354514988	750	23.659699618972308	0.0	372093	4120.031296096187	0.3
17091.7814836389	750	25.49957049505562	0.0	438281	2160.1291239166853	0.75
17096.229282205546	1850	25.05177192841161	0.0	958994	4447.798566644011	0.75
17104.41312421858	1850	20.86792991537689	0.0	982064	8183.842013034719	1.85
17110.789282232945	1850	18.4917719010127	0.0	830730	6376.158014364192	1.85
17117.84807693856	2850	15.432977195396125	0.0	1364537	7058.794705616577	1.85

