32234.987211347496	750	4.0	6.967004710136749	450283	6967.004710136749	0.06463078736617674	-29.208120253588017
32236.739298653836	300	6.2479126936586145	0.0	155580	1752.0873063413856	0.08879694489932342	-0.15000000000000002
32240.470091827377	300	6.517119520116471	0.0	139857	3730.7931735421434	0.037487202719204867	0.3
32244.294156267533	300	6.693055079958793	0.0	155432	3824.064440157678	0.04064575857241335	0.3
32248.849523207366	300	6.137688140128827	0.0	163442	4555.366939829966	0.03587899770947994	0.3
32250.153063242193	300	8.834148105303823	0.0	126289	1303.5400348250018	0.09688156606325796	0.3
32253.776440347894	750	9.21077099960185	0.0	352642	3623.377105701973	0.09732412324542772	0.3
32267.353761057366	1200	4.0	4.366549709869576	709534	13577.320709471427	0.05225876409511598	-18.026163752439174
32272.96860521773	300	4.0	1.6148441603660204	150710	5614.84416036602	0.026841350480184212	-7.543829889573888
32274.48420131604	300	6.484403901693325	0.0	139105	1515.5960983066752	0.09178236876923697	0.3
32275.997712812798	300	8.970892404938477	0.0	141840	1513.5114967548468	0.09371583916218823	0.3
32282.05515045473	750	6.913454763006532	0.0	405134	6057.437641931944	0.06688207521865426	0.3
32283.817249837557	300	9.151355380176986	0.0	160746	1762.0993828295468	0.09122413954988	-0.15000000000000002
32293.189024585616	1200	4.0	0.22041936788193198	687371	9371.774748058917	0.07334480591761644	-0.6478032818923075
32294.96946078713	300	6.219563798485013	0.0	140051	1780.4362015149875	0.07866106063268623	-0.6000000000000001
32296.319944171875	300	8.869080413741207	0.0	138313	1350.483384743806	0.1024174022150141	0.3
32299.95857351348	750	9.230451072139632	0.0	360831	3638.629341601576	0.09916673728607293	0.3
32309.866011483566	1200	4.0	0.6769868979475632	581493	9907.437970087194	0.05869257034519514	-2.1610436611745216
32313.141498048513	300	4.724513435052429	0.0	165384	3275.4865649475714	0.05049142981377095	-0.6000000000000001
32314.777196514264	300	7.088814969303323	0.0	140881	1635.698465749106	0.08612895527506671	0.3
32320.00045375433	750	5.86555772923937	0.0	386472	5223.257240063953	0.07399061203335797	0.3
32326.3332503209	300	4.0	0.46723883733300137	157812	6332.796566572371	0.024919796229206176	-2.159127000531906
32334.092514971362	300	4.0	3.759264650461374	163927	7759.264650461374	0.021126615392639395	-15.864837996983908
32336.45510432377	300	5.637410647590806	0.0	137654	2362.5893524091944	0.058264039774677985	0.3
32338.123098386783	300	7.969416584579726	0.0	146754	1667.9940630110796	0.08798232754802389	0.3
32347.41607382348	750	4.0	1.323558852114983	379700	9292.975436694709	0.04085881885587446	-5.391303064094427
32349.410093864284	300	6.005979959194454	0.0	181901	1994.0200408055466	0.09122325567325562	-0.15000000000000002
32350.659702044755	300	8.756371778724086	0.0	111155	1249.6081804703686	0.0889518824677987	0.3
32359.962368542187	750	4.0	0.5462947187070895	400396	9302.666497431175	0.043040992613307676	-2.0490672904404845
32368.30855499815	300	4.0	4.346186455964164	149029	8346.186455964164	0.017855939450466537	-18.8386017606459
32373.233606897225	300	4.0	0.925051899072967	157421	4925.051899072967	0.031963317996634925	-3.677723166013758
32376.9029731532	300	4.330633744023642	0.0	157488	3669.3662559763575	0.042919673048035664	0.3
32378.517757665006	300	6.715849232220859	0.0	143881	1614.7845118027838	0.08910229132639365	0.3
32380.24395572242	300	8.989651174805411	0.0	163444	1726.1980574154472	0.0946843841573526	0.3
32393.13187520112	750	4.0	3.8982683038942594	401088	12887.91947869967	0.031121237268970574	-16.462553706745314
32397.841539009572	300	4.0	0.709663808450653	159914	4709.663808450653	0.03395444059362853	-3.2015543763378083
32399.899359106472	300	5.942179903097739	0.0	131610	2057.820096902261	0.06395602812807548	0.3
32405.78577236813	300	4.055766641441669	0.0	124011	5886.41326165607	0.02106732818230826	0.3
32408.602278902574	300	5.239260106994943	0.0	144254	2816.506534446726	0.05121734966197663	0.3
32410.28175685584	300	7.559782153732709	0.0	149991	1679.4779532622351	0.08930810893269302	0.3
32417.25524756749	750	4.586291442081564	0.0	345516	6973.490711651144	0.049547065348881876	0.3
32419.210223879294	300	6.631315130276997	0.0	161857	1954.9763118045669	0.08279230751936617	-0.15000000000000002
32420.937699796454	300	8.903839213116356	0.0	145210	1727.4759171606408	0.08405905897586918	0.3
32429.16595303994	750	4.675585969629416	0.0	438281	8228.25324348694	0.053265375655145344	0.3
32434.988879947716	300	4.0	1.1473409381451911	167025	5822.926907774607	0.028684028263688658	-5.083566034024322
32443.35327640383	300	4.0	4.3643964561164434	160064	8364.396456116443	0.019136347833316008	-18.466904761300704
32446.396229363865	300	4.957047039964149	0.0	137507	3042.9529600358514	0.045188670940999334	0.3
32448.465030615578	300	6.888245788251385	0.0	118421	2068.801251712765	0.057241361344865294	0.3

