21893.70280514421	750	4.0	5.131119801618397	450283	5131.119801618397	0.0877553082775376	-21.313815146959108
21895.253821612765	300	6.448983531445412	0.0	155580	1551.0164685545878	0.10030841267919417	-0.15000000000000002
21895.872481227714	300	9.830323916495063	0.0	139857	618.6596149503492	0.22606453794664497	0.3
21905.274501031017	1200	4.4283041131908485	0.0	617681	9402.019803304214	0.06569662826948357	0.29999999999999993
21905.862996442884	300	7.839808701326544	0.0	163442	588.4954118643045	0.27772858837119785	-0.6000000000000001
21906.93410235437	750	10.768702789840267	0.0	318564	1071.1059114862783	0.29741596660404673	0.3
21912.9990766674	1200	8.70372847681223	0.0	561791	6064.974313028037	0.09262875174808724	0.75
21915.37504654743	750	10.327758596782155	0.0	437162	2375.9698800300735	0.1839930731758547	0.3
21917.530642835864	1200	12.172162308345822	0.0	584846	2155.5962884363344	0.2713151823174859	0.75
21921.190095521153	1850	12.512709623055125	0.0	913888	3659.452685290696	0.249733519898592	1.2000000000000002
21928.06017730351	1850	9.642627840698399	0.0	939819	6870.081782356726	0.1367988081908397	1.85
21932.161667147862	1200	9.541137996343691	0.0	594078	4101.489844354708	0.14484444008015507	0.5499999999999999
21936.168605324787	1200	9.53419981942259	0.0	624282	4006.938176921101	0.15580025756217014	1.2
21940.285620481813	1200	9.41718466239865	0.0	687371	4117.015157023938	0.1669585789178583	1.2
21942.426645735603	1200	11.276159408607713	0.0	526950	2141.025253790939	0.24612040379578548	1.2
21945.325193677185	1850	12.377611467027945	0.0	923170	2898.5479415797677	0.3184939558035578	1.2000000000000002
21948.28851828247	1850	13.414286861743388	0.0	966699	2963.324605284556	0.3262210958178751	1.85
21953.118413414908	2850	12.58439172930659	0.0	1358801	4829.8951324368	0.2813313669844529	1.85
21958.74202538629	1850	10.960779757920845	0.0	987708	5623.611971385743	0.17563587335429434	0.8500000000000001
21960.886720261737	1200	12.816084882475419	0.0	586839	2144.6948754454256	0.2736235381166382	0.5499999999999999
21966.25591761496	1850	11.446887529253726	0.0	891604	5369.197353221694	0.16605908506324665	1.2000000000000002
21970.0388374172	1850	11.66396772701225	0.0	955231	3782.919802241475	0.25251156512332135	1.85
21974.16180014325	1850	11.54100500096128	0.0	968026	4122.962726050971	0.2347889283314449	1.85
21977.058234378175	1850	12.644570766037434	0.0	874175	2896.4342349238455	0.3018107538778571	1.85
21980.340763293243	1850	13.362041850965813	0.0	897976	3282.5289150716203	0.27356225131086387	1.85
21988.37324614948	2850	9.329558994729727	0.0	1480464	8032.482856236086	0.1843096370695182	1.85
21991.704482265683	1200	9.998322878529097	0.0	696376	3331.236116200632	0.20904432340095913	-0.44999999999999996
21994.62117858249	1200	11.0816265617213	0.0	487160	2916.696316807795	0.16702458778196583	1.2
22001.8742356793	1850	7.828569464907484	0.0	972798	7253.057096813817	0.134122479254622	1.2000000000000002
22003.8449876493	750	9.85781749491173	0.0	400508	1970.7519699957543	0.20322597977708118	-0.3500000000000001
22007.018931379636	1200	10.68387376457692	0.0	570392	3173.943730334809	0.17971081041812648	0.75
22009.209675919683	1200	12.493129224530215	0.0	620283	2190.7445400467063	0.28313798741078944	1.2
22014.139952948015	1850	11.562852196198262	0.0	885062	4930.2770283319505	0.17951567323985462	1.2000000000000002
22021.362809366652	1850	8.339995777561478	0.0	1035329	7222.856418636784	0.14334065915094077	1.85
22024.411304001384	750	9.291501142829615	0.0	401088	3048.4946347318632	0.13156919990291488	-0.3500000000000001
22026.720372364573	1200	10.982432779639362	0.0	598727	2309.068363190253	0.2592937522095653	0.75
22028.43062670752	1200	13.272178436691211	0.0	487812	1710.254342948153	0.2852277510718698	1.2
22035.022515489472	2850	10.68028965473771	0.0	1499009	6591.888781953501	0.22740204660367008	1.2000000000000002
22038.91408199712	1200	10.788723147087923	0.0	605884	3891.5665076497853	0.15569154447418362	-0.44999999999999996
22043.458506880466	1200	10.244298263744856	0.0	587506	4544.4248833430665	0.12928060537504282	1.2
22046.32108759458	1200	11.38171754962967	0.0	566904	2862.5807141151863	0.19803948136890456	1.2
22051.850822095443	1850	9.851983048765806	0.0	1025005	5529.734500863864	0.18536242559925292	1.2000000000000002
22055.17251435885	1200	10.530290785359401	0.0	599477	3321.6922634064044	0.18047337093931595	0.5499999999999999
22057.293619935863	1200	12.40918520834527	0.0	634861	2121.1055770141297	0.29930664785375316	1.2
22060.50549143486	1850	13.197313709351354	0.0	958994	3211.8714989939153	0.2985779475612255	1.2000000000000002
22065.4298520531	2850	12.272953091108263	0.0	1483527	4924.36061824309	0.30126286740740194	1.85
22069.40545342824	1850	12.297351715970162	0.0	830730	3975.601375138102	0.2089570662680291	0.8500000000000001
22072.142162089713	1850	13.560643054494125	0.0	846370	2736.7086614760374	0.30926565619283436	1.85

