92586.12594406417	750	4.0	6.405731215718365	450283	6405.731215718365	-26.794644227588968
92587.62244713906	300	6.503496925114635	0.0	155580	1496.5030748853649	-0.15000000000000002
92588.57105142556	300	9.554892638602446	0.0	139857	948.6042865121891	0.3
92589.61638674278	300	12.509557321377262	0.0	155432	1045.335317225184	0.3
92598.08789920216	750	8.038044861991038	0.0	411561	8471.512459386224	0.3
92598.81964786343	300	11.306296200719334	0.0	126289	731.7486612717038	-0.15000000000000002
92599.69076831755	300	14.435175746604996	0.0	153295	871.1204541143396	0.3
92602.27551576449	750	15.850428299665973	0.0	437162	2584.7474469390213	0.3
92604.03296471565	750	18.09297934851498	0.0	374758	1757.4489511509935	0.75
92607.50670105153	750	18.619243012633195	0.0	362795	3473.7363358817815	0.75
92608.82604543962	750	21.299898624554825	0.0	353220	1319.3443880783714	0.75
92610.18874392715	750	23.93720013701311	0.0	405134	1362.6984875417165	0.75
92615.04689340321	1850	23.07905066094127	0.0	946851	4858.149476071842	0.75
92620.98975347308	1850	21.136190591072896	0.0	1036454	5942.860069868372	1.85
92630.15504728949	1850	15.970896774664583	0.0	821631	9165.293816408313	1.85
92636.31432855134	1850	13.811615512812331	0.0	923170	6159.28126185225	1.85
92639.38116541663	1850	14.744778647524798	0.0	966699	3066.8368652875347	1.85
92645.99866270761	1850	12.127281356543946	0.0	885714	6617.49729098085	1.85
92647.24752494157	750	14.87841912256996	0.0	405596	1248.8622339739861	-0.3500000000000001
92649.38804585676	1850	16.737898207391925	0.0	923755	2140.5209151780327	0.75
92651.8563720648	1850	18.269571999349804	0.0	891604	2468.3262080421237	1.85
92654.69018560676	1850	19.435758457386047	0.0	955231	2833.813541963754	1.85
92656.82655706117	1850	21.29938700297947	0.0	968026	2136.3714544065806	1.85
92658.80825866178	1850	23.317685402363995	0.0	874175	1981.7016006154688	1.85
92660.85292619116	1850	25.273017872978116	0.0	897976	2044.6675293858832	1.85
92665.03614841288	1850	25.089795651263444	0.0	905935	4183.22222171467	1.85
92667.48852833513	1850	26.63741572900607	0.0	1076599	2452.3799222573775	1.85
92669.04410319425	1850	29.08184086989336	0.0	758197	1555.5748591127076	1.85
92670.966541414	1850	31.159402650136354	0.0	972798	1922.4382197570046	1.85
92672.83913972692	1850	33.28680433721769	0.0	975811	1872.5983129186695	1.85
92676.85930493561	4300	33.26663912851432	0.0	2113193	4020.1652087033754	1.8499999999999996
92683.18682763542	4300	30.93911642871464	0.0	2147852	6327.522699799675	4.3
92688.08556633303	4300	30.040377731105615	0.0	2191074	4898.738697609028	4.3
92694.14760753399	4300	27.978336530135728	0.0	2286761	6062.041200969887	4.3
92699.62070859002	4300	26.505235474092075	0.0	2307787	5473.1010560436525	4.3
92703.99590784567	4300	26.130036218445063	0.0	2143948	4375.199255647011	4.3
92707.39955680406	4300	26.726387260053492	0.0	1919781	3403.6489583915723	4.3
92709.86824037108	4300	28.25770369304258	0.0	2147467	2468.683567010914	4.3
92712.32179964027	4300	29.804144423848882	0.0	2133870	2453.559269193696	4.3
92716.4046006468	4300	29.721343417330228	0.0	2146120	4082.8010065186572	4.3
92721.82267846723	4300	28.303265596892047	0.0	2108491	5418.077820438178	4.3
92727.22841940256	4300	26.897524661571673	0.0	2184571	5405.740935320376	4.3
92732.4814436766	4300	25.644500387513975	0.0	2121928	5253.024274057696	4.3
92737.4192377052	4300	24.706706358920115	0.0	2219102	4937.794028593858	4.3
92739.80247602524	4300	26.323468038885125	0.0	2124950	2383.238320034993	4.3
92744.86125372016	4300	25.26469034397009	0.0	2246506	5058.777694915031	4.3
92747.68800362376	4300	26.43794044036029	0.0	1961140	2826.7499036098034	4.3
92751.67045145952	4300	26.45549260460367	0.0	2155012	3982.447835756619	4.3

