6862.278190747701	750	4.0	1.4235683974812925	450283	1423.5683974812925	0.31630584157156194	-5.3713441091695575
6862.627623478414	300	7.650567269287454	0.0	155580	349.4327307125453	0.4452359104504871	-0.15000000000000002
6864.683498440285	750	9.59469230741568	0.0	350812	2055.8749618717748	0.1706387822733162	0.3
6865.554111898226	1200	12.72407884947466	0.0	617681	870.6134579410215	0.7094778909813774	0.75
6867.63685627006	1850	14.641334477641035	0.0	996749	2082.7443718336244	0.4785748138272358	1.2000000000000002
6871.337520551179	2850	14.94067019652149	0.0	1224260	3700.664281119546	0.33082168686472413	1.85
6878.4708744220125	2850	11.807316325687916	0.0	1388403	7133.353870833574	0.19463537420690963	2.85
6881.4724471189	1850	12.805743628800574	0.0	1060487	3001.5726968873414	0.35331044991838273	0.8500000000000001
6887.086809874255	1850	11.191380873444778	0.0	852833	5614.362755355796	0.15190201224287542	1.85
6888.890757548389	1850	13.387433199310914	0.0	913888	1803.9476741338644	0.5066044947444432	1.85
6892.2741044712275	2850	14.004086276472533	0.0	1354548	3383.34692283838	0.4003574067017737	1.85
6898.785344203706	2850	11.492846543993867	0.0	1519951	6511.239732478668	0.233434962073097	2.85
6900.689274105608	1850	13.588916642091041	0.0	946851	1903.9299019028251	0.49731400250276986	0.8500000000000001
6903.158815091105	2850	15.119375656594551	0.0	1578343	2469.540985496489	0.6391240353043511	1.85
6906.597357235517	4300	15.680833512182481	0.0	2005399	3438.5421444120707	0.5832119880394508	2.8499999999999996
6911.56449362537	4300	14.713697122330373	0.0	2152483	4967.136389852108	0.43334485527668154	4.3
6915.219168143653	2850	15.059022604047001	0.0	1491626	3654.6745182833724	0.40814195423909533	1.4000000000000001
6919.852628763868	4300	14.42556198383247	0.0	2059512	4633.460620214531	0.44448678186988533	2.8499999999999996
6925.399983725937	2850	12.87820702176309	0.0	1537156	5547.35496206938	0.27709710492846856	1.4000000000000001
6926.9424516007975	1850	15.335739146902643	0.0	923755	1542.4678748604479	0.5988811923124008	0.8500000000000001
6936.221260311773	4300	10.056930435927455	0.0	2039773	9278.808710975187	0.21983134511516655	1.8499999999999996
6937.317863021555	1200	12.960327726145453	0.0	616206	1096.6027097820033	0.561922740572561	-1.9000000000000001
6938.797167165022	1850	15.48102358267874	0.0	968026	1479.3041434667134	0.6543792933152033	1.2000000000000002
6941.514196592221	4300	16.763994155479697	0.0	2044075	2717.0294271990433	0.752319787020936	1.8499999999999996
6950.368828843622	4300	11.909361904078057	0.0	2186790	8854.63225140164	0.2469656489295581	4.3
6957.625500791115	1850	8.652689956585983	0.0	905935	7256.671947492076	0.12484166385847076	-0.6000000000000001
6962.510556664556	750	7.767634083144705	0.0	425781	4885.055873441278	0.08715990380270892	-0.3500000000000001
6963.250466124112	750	11.027724623589394	0.0	277716	739.9094595553104	0.3753378152063481	0.75
6967.4530822858105	1850	10.825108461890657	0.0	972798	4202.616161698737	0.23147438704151985	0.75
6975.093747442267	1200	7.1844433054344705	0.0	641447	7640.665156456186	0.0839517223782529	0.5499999999999999
6978.406984683616	750	7.871206064085036	0.0	358218	3313.2372413494354	0.10811722007993088	0.3
6980.195425241423	750	10.082765506277166	0.0	400322	1788.4405578078693	0.2238385828661163	0.75
6983.618505973808	1200	10.659684773892227	0.0	584349	3423.080732384938	0.17070850665940057	0.75
6986.712998210075	1200	11.565192537625295	0.0	670129	3094.4922362669336	0.2165553987003747	1.2
6993.2347285378255	1850	9.043462209874585	0.0	1026056	6521.73032775071	0.1573287990204094	1.2000000000000002
6995.706767235009	1200	10.57142351269169	0.0	598727	2472.0386971828966	0.24219968752200424	0.5499999999999999
6997.0102257795115	1200	13.267964968188751	0.0	487812	1303.4585445029386	0.37424435326865146	1.2
7000.674432566427	2850	13.603758181273868	0.0	1499009	3664.2067869148837	0.409095088561338	1.2000000000000002
7012.971124401133	2850	5.307066346567348	0.0	1427478	12296.69183470652	0.1160863441312766	2.85
7013.249412905067	300	9.028777842634073	0.0	149991	278.28850393327605	0.5389766299364009	-2.25
7014.106233744458	1200	12.171957003242817	0.0	566904	856.8208393912566	0.6616365685068617	0.29999999999999993
7018.142710225656	1850	12.135480522045457	0.0	1025005	4036.47648119736	0.25393558088958507	1.2000000000000002
7022.662043260464	1850	11.616147487236434	0.0	886255	4519.333034809023	0.19610305174985873	1.85
7032.454466935774	1850	5.823723811927435	0.0	973972	9792.423675308999	0.09946179130870442	1.85
7033.737532506233	300	8.540658241467554	0.0	167025	1283.0655704598805	0.1301765115091775	-1.25
7035.346350597837	750	10.931840149863444	0.0	393804	1608.8180916041113	0.2447784507491137	0.3
7036.694900179222	1200	13.58329056847798	0.0	538612	1348.5495813854625	0.3994009619183931	0.75
7039.600806428103	2850	14.677384319597014	0.0	1364537	2905.906248880967	0.46957364867688645	1.2000000000000002

