47895.7512903154	750	4.0	0.7186164744522315	450283	718.6164744522315	0.6265971015251636	-2.3400508401445954
47896.07695506681	300	7.674335248580787	0.0	155580	325.66475141921256	0.4777305475093599	-0.15000000000000002
47896.82434713448	750	10.926943180912438	0.0	350812	747.3920676683491	0.4693814868739961	0.3
47898.17483453046	1200	13.576455784938421	0.0	617681	1350.4873959740164	0.4573763530421607	0.75
47915.26673553397	2850	4.0	3.5154452185815352	1472558	17091.901003519957	0.0861553082771037	-13.916414439900601
47916.441613084	300	6.825122449973723	0.0	126289	1174.877550026277	0.10749120195306774	-2.25
47917.78707394027	300	9.47966159370754	0.0	153295	1345.460856266182	0.11393493856477722	0.3
47924.97496989172	1200	6.291765642254344	0.0	709534	7187.895951453196	0.09871233595925268	0.29999999999999993
47925.366802259014	300	9.899933274963466	0.0	150710	391.8323672908775	0.3846287662298203	-0.6000000000000001
47928.5417992634	1200	10.724936270573224	0.0	560821	3174.997004390243	0.17663670208964669	0.29999999999999993
47930.546663744804	1200	12.720071789170019	0.0	607410	2004.8644814032052	0.30296810863489065	1.2
47932.001743968016	1850	15.264991565958622	0.0	917428	1455.0802232113958	0.6304999445152345	1.2000000000000002
47937.26760242114	4300	13.999133112837491	0.0	2209463	5265.858453121132	0.41958267957058876	1.8499999999999996
47939.90615406484	2850	15.360581469140834	0.0	1578343	2638.551643696658	0.5981853733166705	1.4000000000000001
47948.48788379316	4300	10.778851740823056	0.0	2005399	8581.729728317778	0.23368237680366866	2.8499999999999996
47950.23279978398	1200	13.033935749999252	0.0	587876	1744.9159908238053	0.33690791023266026	-1.9000000000000001
47957.48364609867	2850	9.783089435311139	0.0	1491626	7250.846314688113	0.20571750320764598	1.2000000000000002
47959.00658860879	1200	12.260146925194249	0.0	581493	1522.9425101168893	0.381822029483811	-0.44999999999999996
47965.987436310934	1850	9.279299223057354	0.0	987708	6980.847702136894	0.14148826075917034	1.2000000000000002
47969.07531384574	1200	10.191421688248363	0.0	586839	3087.8775348089903	0.19004607319580782	0.5499999999999999
47970.6606697628	1200	12.606065771186497	0.0	601738	1585.3559170618657	0.3795601943538324	1.2
47977.02417893956	1850	10.24255659442889	0.0	955231	6363.509176757608	0.15011072876093784	1.2000000000000002
47978.69234186593	1200	12.5743936680624	0.0	656471	1668.162926366489	0.3935293067745445	0.5499999999999999
47980.382590887595	1850	14.88414464638765	0.0	874175	1690.2490216747497	0.5171871060359148	1.2000000000000002
47982.511079505086	2850	16.755656028899388	0.0	1383735	2128.4886174882618	0.6501021375594136	1.85
48001.337886201436	4300	4.0	2.0711506674467857	2105231	18826.806696346175	0.11182092820916752	-6.055947870021178
48001.94049415954	300	7.397392041890288	0.0	181901	602.6079581097117	0.3018562857526731	-3.7
48002.943088552835	750	10.394797648601424	0.0	277716	1002.5943932888641	0.2769973599084205	0.3
48013.09204449772	1200	4.245841703724087	0.0	622896	10148.955944877336	0.06137537726867416	0.75
48013.391898133	300	7.945988068431987	0.0	149029	299.85363529210036	0.4970058137024899	-0.6000000000000001
48014.00035587967	750	11.337530321771501	0.0	358218	608.4577466604862	0.5887311024735499	0.3
48020.8616695132	1850	8.476216688233508	0.0	954453	6861.313633537992	0.13910645263825996	0.75
48021.573645630786	750	11.764240570650534	0.0	369834	711.9761175829747	0.5194471989531293	-0.3500000000000001
48025.89416146674	1850	11.443724734694552	0.0	1035329	4320.515835955983	0.23963087726327403	0.75
48027.51389436758	1850	13.823991833861829	0.0	1026056	1619.732900832723	0.6334723456395144	1.85
48030.12212509304	2850	15.215761108391908	0.0	1439896	2608.2307254699203	0.5520585222538457	1.85
48033.040720073106	4300	16.297166128331188	0.0	1919781	2918.5949800607177	0.6577757493299263	2.8499999999999996
48043.057289143624	4300	10.280597057812752	0.0	2147467	10016.569070518437	0.2143914732561068	4.3
48043.99503556173	1200	13.342850639704695	0.0	605884	937.7464181080586	0.6461064401849654	-1.9000000000000001
48049.35265616412	2850	11.985230037321253	0.0	1402287	5357.620602383441	0.26173689853592197	1.2000000000000002
48050.70651038325	1850	14.631375818191561	0.0	858450	1353.8542191296915	0.6340786089597179	0.8500000000000001
48053.35154281587	2850	15.986343385570272	0.0	1527299	2645.0324326212894	0.5774216531955378	1.85
48065.1442129152	4300	8.193673286242667	0.0	2121928	11792.670099327604	0.17993617917972524	2.8499999999999996
48066.10882775204	750	11.229058449402254	0.0	438281	964.6148368404112	0.4543585514769669	-2.8
48068.056756059275	1850	13.281130142168525	0.0	958994	1947.9283072337287	0.4923148333738609	0.75
48070.92678472506	2850	14.411101476377532	0.0	1483527	2870.0286657909955	0.5169031994985778	1.85
48075.42965832972	2850	13.908227871725064	0.0	1231456	4502.873604652466	0.27348224891936407	2.85
48078.39379267392	2850	14.944093527522487	0.0	1364537	2964.134344202578	0.46034924249261466	2.85

