79700.17472347156	750	4.0	5.152224141643488	450283	5152.224141643488	-21.404563809067
79700.82072811763	300	7.353995353917866	0.0	155580	646.0046460821343	-0.15000000000000002
79701.47731033212	300	10.697413139420954	0.0	139857	656.5822144969111	0.3
79703.47997526347	300	12.69474820806659	0.0	155432	2002.6649313543644	0.3
79705.50940447299	300	14.665318998554271	0.0	163442	2029.4292095123187	0.3
79707.37480427769	300	16.79991919385657	0.0	126289	1865.3998046977008	0.3
79708.6490740111	300	19.525649460447223	0.0	153295	1274.269733409344	0.3
79711.44936213086	300	20.725361340680852	0.0	173849	2800.2881197663737	0.3
79715.77455203497	300	20.40017143656574	0.0	150710	4325.189904115114	0.3
79718.07276791638	300	22.10195555515988	0.0	139105	2298.21588140586	0.3
79720.2593115443	300	23.915411927242552	0.0	141840	2186.5436279173264	0.3
79721.25989915969	300	26.914824311854424	0.0	156148	1000.5876153881302	0.3
79723.55952289757	750	28.61520057396397	0.0	386351	2299.623737890452	0.3
79727.88001347634	750	28.294709995198367	0.0	434409	4320.490578765602	0.75
79730.72051864039	750	29.454204831157874	0.0	337059	2840.5051640404963	0.75
79739.85950046006	1200	24.315223011485752	0.0	587876	9138.981819672123	0.75
79745.40366983047	1200	22.771053641075582	0.0	617242	5544.169370410169	1.2
79749.71332753253	1200	22.46139593901264	0.0	581493	4309.657702062941	1.2
79753.11243687289	1200	23.062286598645514	0.0	639204	3399.1093403671257	1.2
79755.9230092197	1200	24.25171425185058	0.0	586839	2810.572346794934	1.2
79761.37192772138	1200	22.80279575015937	0.0	601738	5448.918501691208	1.2
79763.93327892065	1200	24.241444550887824	0.0	616206	2561.351199271546	1.2
79766.64897872265	1200	25.52574474889656	0.0	656471	2715.6998019912653	1.2
79776.99869152787	1200	19.176031943672605	0.0	536667	10349.712805223951	1.2
79778.9608624179	300	21.2138610536588	0.0	146754	1962.1708900138065	-0.6000000000000001
79779.97845147048	300	24.196272001069854	0.0	153938	1017.5890525889442	0.3
79781.53695198518	300	26.63777148636439	0.0	181901	1558.5005147054644	0.3
79782.66246797913	300	29.512255492405817	0.0	111155	1125.5159939585722	0.3
79788.19103151884	300	27.983691952692233	0.0	153605	5528.563539713585	0.3
79788.79100331674	300	31.38372015480083	0.0	149029	599.9717978914014	0.3
79796.15039981467	1200	28.02432365687869	0.0	570392	7359.396497922142	0.29999999999999993
79797.80927387263	300	30.36544959891017	0.0	157488	1658.8740579685173	-0.6000000000000001
79804.45741179585	300	27.717311675680342	0.0	143881	6648.137923229828	0.3
79805.14502564038	300	31.029697831148855	0.0	163444	687.6138445314862	0.3
79806.74407035385	750	33.4306531176829	0.0	401088	1599.044713465953	0.3
79811.33221985096	1200	32.84250362058162	0.0	598727	4588.149497101283	0.75
79814.72123827798	1200	33.453485193555	0.0	487812	3389.0184270266163	1.2
79825.98307233665	1200	26.191651134899036	0.0	575591	11261.83405865596	1.2
79826.64069391512	300	29.534029556436174	0.0	144254	657.6215784628605	-0.6000000000000001
79828.64621716533	750	31.528506306234927	0.0	390680	2005.5232502012425	0.3
79833.31869678189	1200	30.856026689674078	0.0	566904	4672.47961656085	0.75
79835.35032733572	750	32.82439613584033	0.0	384505	2031.6305538337517	0.3
79838.8024878243	1200	33.37223564724856	0.0	599477	3452.1604885917773	0.75
79844.32452553397	1200	31.850197937575242	0.0	634861	5522.0377096733155	1.2
79847.1586068362	1200	33.01611663535607	0.0	630203	2834.0813022191674	1.2
79862.85606940878	4300	21.31865406277925	0.0	2246506	15697.462572576822	1.1999999999999997
79879.33301475883	2850	8.841708712732121	0.0	1231456	16476.945350047128	1.4000000000000001
79882.99648264714	750	9.178240824428403	0.0	314107	3663.4678883037172	-1.35

