32892.05230525009	750	4.0	3.5511366576606562	450283	3551.136657660656	0.12679968230133618	-14.519887627940822
32893.870488291635	300	6.181816958447979	0.0	155580	1818.183041552021	0.08556894242462805	-0.15000000000000002
32896.34118872407	300	7.7111165260084	0.0	139857	2470.700432439579	0.05660621504886559	0.3
32902.960494923675	750	5.09181032640811	0.0	382355	6619.30619960029	0.05776360670897634	0.3
32904.34100420699	300	7.711301043091335	0.0	163442	1380.5092833167753	0.11839253960489027	-0.15000000000000002
32905.55793617045	750	10.494369079627125	0.0	318564	1216.9319634642086	0.2617763437597219	0.3
32909.27859184384	1200	10.773713406242209	0.0	561791	3720.6556733849175	0.1509924726490218	0.75
32913.25049083453	1200	10.801814415549561	0.0	709534	3971.8989906926463	0.17863848040009364	1.2
32917.30150607815	1200	10.750799171934542	0.0	584846	4051.015243615019	0.144370229394175	1.2
32920.28477495921	1200	11.767530290871463	0.0	560821	2983.2688810630816	0.18798875406770327	1.2
32924.80774973282	1850	11.24455551726186	0.0	939819	4522.9747736096015	0.20778780493837884	1.2000000000000002
32930.810996957545	1850	9.241308292531928	0.0	917428	6003.247224729934	0.1528219587926886	1.85
32934.58108433383	1200	9.471220916249498	0.0	624282	3770.0873762824276	0.16558820464675442	0.5499999999999999
32937.48747694798	1200	10.564828302098352	0.0	687371	2906.3926141511456	0.23650314711550308	1.2
32939.094498834755	1200	12.957806415327989	0.0	526950	1607.0218867703636	0.3279046815342465	1.2
32941.9183756214	1850	14.133929628682033	0.0	923170	2823.8767866459543	0.32691582166957456	1.2000000000000002
32963.17928863429	2850	4.0	7.1269833842072385	1491626	21260.913012889272	0.07015813474688094	-28.796028552091123
32968.95435054782	300	4.0	1.7750619135387706	150616	5775.061913538771	0.02608041303365134	-9.882766228216713
32973.71571527152	300	4.0	0.7613647237000177	165384	4761.364723700018	0.03473457917995441	-2.9738683119100764
32975.44233204309	300	6.27338322844003	0.0	140881	1726.6167715599693	0.08159367053565475	0.3
32978.21791463324	300	7.49780063828459	0.0	157671	2775.58259015544	0.056806452295541314	0.3
32983.05623127102	750	6.659484000513355	0.0	399894	4838.316637771236	0.0826514736299298	0.3
32984.06409967934	300	9.651615592186205	0.0	163927	1007.8684083271492	0.16264722521870145	-0.15000000000000002
32993.35228284923	1200	4.363432422298496	0.0	536667	9288.183169887709	0.05777954527639748	0.29999999999999993
32995.20616986652	300	6.509545405008132	0.0	146754	1853.8870172903648	0.07916016382405826	-0.6000000000000001
32996.72767337969	300	8.988041891831626	0.0	153938	1521.503513176505	0.1011749224808672	0.3
32999.038107004104	750	10.677608267417552	0.0	425781	2310.433624414073	0.18428618571891595	0.3
33002.37673107808	1200	11.338984193444386	0.0	487160	3338.6240739731647	0.14591639825452107	0.75
33008.32082830559	1850	9.394886965936626	0.0	972798	5944.09722750776	0.16365782098888623	1.2000000000000002
33011.91207227129	1200	9.803643000231588	0.0	641447	3591.243965705038	0.1786141532364734	0.5499999999999999
33015.04150161089	1200	10.67421366063262	0.0	570392	3129.4293395989685	0.18226709668194485	1.2
33017.998930110436	1200	11.716785161083259	0.0	620283	2957.4284995493626	0.20973727685876953	1.2
33023.92413529082	1850	9.791579980702709	0.0	885062	5925.20518038055	0.14937238003683045	1.2000000000000002
33027.90274968771	1200	9.812965583810248	0.0	670129	3978.61439689246	0.16843275903375093	0.5499999999999999
33030.75219384954	1200	10.96352142198654	0.0	690253	2849.4441618237083	0.24224127963196251	1.2
33032.65213420666	1200	13.06358106486161	0.0	598727	1899.94035712493	0.3151293659060009	1.2
33038.55484806556	2850	11.160867205962616	0.0	1139291	5902.713858898994	0.19301138886859523	1.2000000000000002
33050.920997774556	1850	4.0	1.205282503029397	938587	12366.149708992012	0.07589969570864155	-4.332714763026408
33053.367048084176	300	5.553949690383257	0.0	144254	2446.0503096167427	0.05897425716587257	-1.25
33054.852666972845	300	8.068330801714659	0.0	149991	1485.6188886685973	0.10096196349147192	0.3
33066.782921506856	750	4.0	3.8619237323010456	345516	11930.254534015705	0.028961326769253753	-16.306272048894495
33068.94276657329	300	5.840154933570952	0.0	161857	2159.8450664290476	0.07493917157104431	-0.15000000000000002
33071.42503056856	300	7.357890938303976	0.0	145210	2482.263995266976	0.058499015526502114	0.3
33076.79647932773	750	5.986442179126648	0.0	438281	5371.448759177329	0.08159456035975023	0.3
33077.807230042126	300	8.975691464730415	0.0	167025	1010.7507143962324	0.1652484609914638	-0.15000000000000002
33083.03505409521	750	7.747867411640215	0.0	393804	5227.8240530902	0.07532847242003486	0.3
33089.458623418854	750	5.32429808800508	0.0	331053	6423.569323635134	0.05153723472430048	0.75
33090.573992236175	300	8.208929270680276	0.0	118421	1115.3688173248051	0.10617205552153676	-0.15000000000000002

