23113.319589756884	750	4.0	1.6289468964235032	450283	1628.9468964235032	1	-6.254471654621064
23114.794514709843	750	6.525075047038926	0.0	398865	1474.924952961074	1	0.75
23115.786889896368	750	9.532699860519084	0.0	350812	992.3751865198417	1	0.75
23118.51620894385	750	10.803380813037574	0.0	382355	2729.3190474815096	1	0.75
23120.587351371556	750	12.732238385328184	0.0	411561	2071.1424277093906	1	0.75
23121.943964510057	750	15.37562524682926	0.0	318564	1356.6131384989246	1	0.75
23123.88003105231	750	17.43955870457805	0.0	352642	1936.066542251209	1	0.75
23126.291623218745	750	19.027966538143925	0.0	437162	2411.592166434128	1	0.75
23127.05932939932	1850	22.26026035757162	0.0	374758	767.7061805723046	3	0.75
23130.946663788047	1850	22.37292596884409	0.0	913888	3887.3343887275296	3	0.75
23136.8695130006	1850	20.450076756291804	0.0	939819	5922.849212552288	3	1.85
23139.921216361425	1850	21.398373395465295	0.0	917428	3051.703360826508	3	1.85
23147.530100207037	1850	17.789489549852103	0.0	946851	7608.8838456131925	3	1.85
23152.492809603384	1850	16.826780153509677	0.0	1036454	4962.709396342428	3	1.85
23158.66046780749	1850	14.65912194940255	0.0	821631	6167.658204107128	3	1.85
23161.56164632959	1850	15.757943427303283	0.0	923170	2901.1785220992665	3	1.85
23165.933585924296	1850	15.386003832594891	0.0	966699	4371.939594708392	3	1.85
23168.457691548218	1850	16.861898208675207	0.0	885714	2524.1056239196837	3	1.85
23172.815622230963	1850	16.503967525929344	0.0	987708	4357.930682745864	3	1.85
23174.434033973794	1850	18.88555578309517	0.0	923755	1618.4117428341738	3	1.85
23176.871804021248	1850	20.447785735644388	0.0	891604	2437.7700474507787	3	1.85
23182.023400716047	1850	19.296189040845046	0.0	955231	5151.596694799345	3	1.85
23189.942354115316	1850	15.377235641578267	0.0	968026	7918.953399266779	3	1.85
23209.715572041026	300	4.0	4.3959822841337735	874175	19773.21792571204	0	-17.052723821775224
23210.205477503136	750	7.510094537893243	0.0	146754	489.90546210675683	1	-1.25
23211.346035334347	750	10.36953670667954	0.0	379700	1140.5578312137015	1	0.3
23222.27051508393	300	4.0	0.5549430429011827	425781	10924.479749580723	0	-1.6362550844750854
23222.855100407443	300	7.415414676485248	0.0	111155	584.585323514752	0	-0.15000000000000002
23223.632386437028	750	10.638128646900583	0.0	153605	777.2860295846652	1	0.3
23224.926196377914	1850	13.344318706014658	0.0	400508	1293.809940885926	3	0.3
23227.392216248096	1850	14.878298835832165	0.0	873429	2466.0198701824925	3	0.75
23230.365484771937	1850	15.905030311991048	0.0	954453	2973.2685238411177	3	1.85
23234.45407293383	1850	15.816442150099487	0.0	885062	4088.588161891562	3	1.85
23236.534548684584	1850	17.735966399348072	0.0	1035329	2080.4757507514173	3	1.85
23239.14114694191	1850	19.129368142019338	0.0	1026056	2606.5982573287306	3	1.85
23241.05118026145	1850	21.219334822484452	0.0	943942	1910.0333195348853	3	1.85
23242.345239555285	4300	23.925275528647248	0.0	728962	1294.0592938372029	5	1.85
23248.365736133135	4300	21.90477895079452	0.0	2147467	6020.49657785273	5	1.8499999999999996
23250.183015436873	4300	24.08749964705784	0.0	2133870	1817.2793037366778	5	4.3
23262.907592682663	1850	15.362922401265878	0.0	2146120	12724.577245791963	3	4.3
23263.86579741319	4300	18.404717670741782	0.0	858450	958.2047305240976	5	-0.6000000000000001
23266.249535361363	4300	20.02097972256578	0.0	2184571	2383.7379481760045	5	1.8499999999999996
23269.174134794866	4300	21.09638028906397	0.0	2121928	2924.5994335018077	5	4.3
23281.544279842423	1850	12.726235241507435	0.0	2219102	12370.145047556536	3	4.3
23282.2256212843	4300	16.044893799628678	0.0	958994	681.3414418787554	5	-0.6000000000000001
23283.929641173767	4300	18.340873910162085	0.0	2246506	1704.019889466594	5	1.8499999999999996
23287.752471057815	4300	18.51804402611238	0.0	1961140	3822.829884049707	5	4.3
23289.53186930957	4300	20.738645774359583	0.0	2155012	1779.398251752798	5	4.3

