51720.305605946865	750	4.0	4.02073341147679	450283	4020.73341147679	-16.5391536693502
51721.69374723799	300	6.611858708879634	0.0	155580	1388.1412911203656	-0.15000000000000002
51726.95474084253	300	5.350865104338396	0.0	139857	5260.993604541238	0.3
51732.14287187374	300	4.162734073128889	0.0	155432	5188.1310312095075	0.3
51733.223315074996	300	7.082290871869203	0.0	163442	1080.4432012596849	0.3
51734.055447250954	300	10.250158695905865	0.0	126289	832.1321759633382	0.3
51737.9807239054	750	10.324882041459777	0.0	352642	3925.2766544460906	0.3
51745.30740612693	750	6.998199819928194	0.0	437162	7326.6822215315815	0.75
51745.92151079515	300	10.38409515170641	0.0	150710	614.1046682217844	-0.15000000000000002
51746.49448823443	300	13.811117712432363	0.0	139105	572.9774392740451	0.3
51748.077060038246	750	16.228545908617058	0.0	353220	1582.5718038153072	0.3
51758.06878932125	1850	10.236816625609382	0.0	917428	9991.729283007673	0.75
51763.83336278324	750	8.472243163620151	0.0	386351	5764.573461989232	-0.3500000000000001
51765.73720515168	300	10.568400795183075	0.0	179801	1903.8423684370764	-0.15000000000000002
51766.25251135656	300	14.053094590303422	0.0	140051	515.3062048796529	0.3
51767.47077689206	750	16.834829054792806	0.0	366214	1218.2655355106158	0.3
51773.98431760574	1850	14.321288341115674	0.0	966699	6513.540713677132	0.75
51776.97807334987	1850	15.327532596982975	0.0	885714	2993.755744132697	1.85
51782.53741493903	1850	13.768191007822265	0.0	987708	5559.341589160711	1.85
51789.560726854215	1850	10.744879092641199	0.0	923755	7023.311915181066	1.85
51796.145814950054	750	8.159790996794042	0.0	386472	6585.088095847156	-0.3500000000000001
51796.9214910819	300	11.384114864952942	0.0	157812	775.676131841101	-0.15000000000000002
51797.72412371608	300	14.581482230778633	0.0	163927	802.6326341743097	0.3
51798.97595430748	750	17.329651639378906	0.0	343800	1251.8305913997287	0.3
51802.35671854872	1850	17.948887398134904	0.0	897976	3380.7642412440027	0.75
51809.91189799743	1850	14.393707949422758	0.0	905935	7555.179448712143	1.85
51824.404634210834	1850	4.0	0.09902826397764693	1076599	14492.736213400405	1.4241784648961184
51825.30512348426	300	7.099510726582153	0.0	111155	900.4892734178466	-1.25
51827.06876519353	300	9.335869017303118	0.0	153605	1763.6417092790364	0.3
51828.015676753836	300	12.388957456996538	0.0	149029	946.9115603065798	0.3
51829.16539984745	300	15.239234363383547	0.0	157421	1149.7230936129906	0.3
51831.72635130585	750	16.678282904980485	0.0	400322	2560.9514584030603	0.3
51832.82717713302	750	19.577457077811587	0.0	369834	1100.8258271688983	0.75
51841.78544341445	1850	14.619190796378687	0.0	1035329	8958.266281432901	0.75
51844.91826392248	1850	15.486370288343839	0.0	1026056	3132.8205080348484	1.85
51851.98309434603	1850	12.421539864797843	0.0	943942	7064.8304235459955	1.85
51854.28152513206	750	14.123109078772163	0.0	321064	2298.430786025679	-0.3500000000000001
51856.97547428308	750	15.429159927754306	0.0	361565	2693.9491510178573	0.75
51860.06845066761	750	16.336183543215462	0.0	378327	3092.9763845388434	0.75
51862.13584875073	750	18.268785460095803	0.0	390680	2067.398083119662	0.75
51863.28735407622	750	21.117280134604304	0.0	345516	1151.5053254914974	0.75
51867.12124508311	1850	21.283389127718436	0.0	1025005	3833.8910068858672	0.75
51873.00761877275	1850	19.397015438071374	0.0	886255	5886.373689647061	1.85
51880.107811957976	1850	16.296822252843445	0.0	973972	7100.19318522793	1.85
51890.41395687818	1850	9.99067733263346	0.0	958994	10306.144920209985	1.85
51891.73038843653	750	12.674245774286534	0.0	393804	1316.431558346926	-0.3500000000000001
51893.14882824614	750	15.255805964671874	0.0	331053	1418.4398096146595	0.75
51896.47775377516	750	15.926880435664044	0.0	314107	3328.9255290078286	0.75

