8112.224718831686	300	4.0	4.520710379030134	450283	4520.7103790301335	0	-18.689054629829574
8112.669775769543	750	7.5549430621429625	0.0	155580	445.05693785703716	1	-0.15000000000000002
8114.186115579126	750	10.038603252560657	0.0	350812	1516.3398095823047	1	0.3
8116.708762690622	750	11.515956141064146	0.0	382355	2522.6471114965116	1	0.75
8117.7870428280485	1850	14.437676003637504	0.0	411561	1078.2801374266419	3	0.75
8119.967752487492	1850	16.256966344193557	0.0	801058	2180.7096594439467	3	0.75
8122.172036478982	1850	18.05268235270521	0.0	905515	2204.283991488344	3	1.85
8126.536916962554	1850	17.68780186913318	0.0	1060487	4364.880483572029	3	1.85
8130.12697811143	1850	18.097740720256507	0.0	852833	3590.061148876673	3	1.85
8133.430804920581	1850	18.793913911105427	0.0	913888	3303.8268091510795	3	1.85
8137.606599224848	1850	18.618119606839297	0.0	939819	4175.79430426613	3	1.85
8140.260373113802	1850	19.964345717884505	0.0	917428	2653.7738889547927	3	1.85
8142.67445628854	1850	21.550262543147625	0.0	946851	2414.083174736879	3	1.85
8151.483784579645	1850	16.74093425204255	0.0	1036454	8809.328291105077	3	1.85
8155.532576184549	1850	16.692142647138738	0.0	821631	4048.791604903809	3	1.85
8157.992516982465	1850	18.23220184922187	0.0	923170	2459.9407979168686	3	1.85
8161.368877948693	1850	18.855840882994006	0.0	966699	3376.360966227865	3	1.85
8163.814890499501	1850	20.40982833218517	0.0	885714	2446.012550808835	3	1.85
8166.527992634146	1850	21.696726197539792	0.0	987708	2713.1021346453776	3	1.85
8170.824286849444	1850	21.40043198224138	0.0	923755	4296.294215298415	3	1.85
8173.013823209977	1850	23.210895621709252	0.0	891604	2189.536360532124	3	1.85
8177.252881729509	1850	22.971837102177403	0.0	955231	4239.05851953185	3	1.85
8179.596296718478	1850	24.628422113207993	0.0	968026	2343.414988969412	3	1.85
8183.607719778173	1850	24.616999053512536	0.0	874175	4011.4230596954553	3	1.85
8187.554841444938	1850	24.669877386748645	0.0	897976	3947.121666763893	3	1.85
8194.274333032005	1850	21.95038579968251	0.0	905935	6719.491587066137	3	1.85
8212.415924383562	300	7.808794448124608	0.0	1076599	18141.5913515579	0	1.85
8215.10336170677	300	9.12135712491567	0.0	111155	2687.437323208938	0	-1.25
8218.474418857375	300	9.750299974311394	0.0	153605	3371.057150604277	0	0.3
8218.92265734003	750	13.30206149165537	0.0	149029	448.2384826560222	1	0.3
8219.887784749997	1850	16.33693408168768	0.0	358218	965.1274099676907	3	0.3
8228.491947461449	750	11.732771370236861	0.0	954453	8604.16271145082	1	0.75
8229.4810390968	1850	14.743679734886992	0.0	369834	989.0916353498684	3	-0.3500000000000001
8232.58609280141	1850	15.638626030274802	0.0	1035329	3105.053704612191	3	0.75
8236.603795492352	1850	15.620923339333485	0.0	1026056	4017.7026909413166	3	1.85
8242.14358046468	1850	14.081138367004922	0.0	943942	5539.784972328563	3	1.85
8245.70030200908	1850	14.524416822605984	0.0	728962	3556.721544398937	3	1.85
8250.893410708442	1850	13.331308123243554	0.0	938587	5193.108699362431	3	1.85
8256.170395661453	1850	12.054323170233483	0.0	908665	5276.984953010071	3	1.85
8264.690555013707	750	7.534163817978395	0.0	930577	8520.159352255088	1	1.85
8268.292078755447	300	7.932640076239437	0.0	345516	3601.523741738958	0	-0.3500000000000001
8269.196645476251	750	11.028073355435058	0.0	161857	904.5667208043775	1	-0.15000000000000002
8270.48678310321	750	13.737935728477014	0.0	372093	1290.1376269580458	1	0.3
8273.78542891097	750	14.43928992071607	0.0	438281	3298.645807760945	1	0.75
8274.897461204288	1850	17.327257627399316	0.0	398987	1112.0322933167556	3	0.75
8280.57641635492	1850	15.648302476767212	0.0	982064	5678.955150632102	3	0.75
8285.052829927014	1850	15.17188890467265	0.0	830730	4476.4135720945615	3	1.85
8289.865429813102	1850	14.359289018584477	0.0	846370	4812.599886088174	3	1.85

