48494.96705504581	750	4.0	0.7186164744522315	450283	718.6164744522315	1	-2.3400508401445954
48495.75555025681	1850	7.2115047890107205	0.0	398865	788.4952109892795	3	0.75
48497.63008351002	1850	9.336971535794035	0.0	877771	1874.5332532166863	3	0.75
48502.821281999015	750	8.145773046796272	0.0	933276	5191.198488997764	1	1.85
48514.6978709467	300	4.0	3.7308159008876127	411561	11876.588947683884	0	-16.392508373816735
48515.872748496724	300	6.825122449973723	0.0	126289	1174.877550026277	0	-0.15000000000000002
48517.19662011516	300	9.50125083154055	0.0	153295	1323.8716184331736	0	0.3
48518.6327392014	750	12.065131745307582	0.0	173849	1436.1190862329672	1	0.3
48523.98916267799	300	10.708708268709982	0.0	374758	5356.423476597601	0	0.3
48524.356983270205	750	14.340887676499795	0.0	139105	367.8205922101886	1	-0.15000000000000002
48525.16782680265	1850	17.5300441440568	0.0	353220	810.843532442995	3	0.3
48529.77457137152	1850	16.923299575189365	0.0	917428	4606.744568867434	3	0.75
48531.273752042296	1850	19.424118904414183	0.0	946851	1499.1806707751816	3	1.85
48532.891080156085	1850	21.806790790622003	0.0	1036454	1617.3281137921792	3	1.85
48536.12629973203	1850	22.57157121468063	0.0	821631	3235.2195759413707	3	1.85
48537.50614922524	1850	25.19172172146654	0.0	923170	1379.8494932140914	3	1.85
48539.257285200925	1850	27.44058574578661	0.0	966699	1751.13597567993	3	1.85
48546.33836933099	1850	24.359501615726508	0.0	885714	7081.084130060102	3	1.85
48547.76732682394	1850	26.930544122779963	0.0	987708	1428.9574929465446	3	1.85
48550.1906852653	2850	28.507185681417457	0.0	923755	2423.358441362506	4	1.85
48557.195352588176	4300	25.502518358536157	0.0	1415116	7004.667322881296	5	1.85
48568.68153083565	1850	18.016340111059744	0.0	2176469	11486.178247476415	3	2.8499999999999996
48572.30838053844	1850	18.38949040827192	0.0	968026	3626.849702787822	3	-0.6000000000000001
48577.32580004919	1850	17.37207089751945	0.0	874175	5017.41951075247	3	1.85
48579.27050576349	1850	19.427365183226332	0.0	897976	1944.7057142931194	3	1.85
48580.79765798469	1850	21.900212962020753	0.0	905935	1527.1522212055797	3	1.85
48582.35948638829	4300	24.338384558424224	0.0	1076599	1561.8284035965282	5	1.85
48601.317841594726	1850	9.380029351989934	0.0	1972048	18958.355206434288	3	1.8499999999999996
48612.45619188081	750	4.0	1.7583209340879076	972798	11138.350286077843	1	-8.160780016578002
48613.12703755355	1850	7.3291543272546384	0.0	400508	670.8456727453619	3	-0.3500000000000001
48619.848458460154	1850	4.60773342065925	0.0	873429	6721.420906595388	3	0.75
48622.782090200184	1850	5.6741016806244335	0.0	954453	2933.6317400348166	3	1.85
48625.662791015966	1850	6.793400864843093	0.0	885062	2880.7008157813393	3	1.85
48627.12580408077	1850	9.330387800032044	0.0	1035329	1463.0130648110503	3	1.85
48629.142340029146	1850	11.313851851667147	0.0	1026056	2016.535948364896	3	1.85
48630.649991309016	1850	13.806200571793095	0.0	943942	1507.6512798740507	3	1.85
48631.775569679776	1850	16.68062220103923	0.0	728962	1125.5783707538671	3	1.85
48633.33904236143	1850	19.117149519383894	0.0	938587	1563.472681655339	3	1.85
48641.0912041846	1850	15.364987696216932	0.0	908665	7752.16182316696	3	1.85
48642.89469615498	1850	17.561495725837474	0.0	930577	1803.4919703794592	3	1.85
48645.3436455527	1850	19.11254632812655	0.0	858450	2448.949397710923	3	1.85
48649.02723835121	1850	19.428953529609604	0.0	1025005	3683.5927985169483	3	1.85
48650.47227556032	1850	21.983916320502626	0.0	886255	1445.0372091069762	3	1.85
48652.25741419559	1850	24.198777685231544	0.0	973972	1785.1386352710836	3	1.85
48653.72759249006	4300	26.72859939075995	0.0	958994	1470.178294471594	5	1.85
48666.13277704428	4300	18.323414836544128	0.0	2246506	12405.18455421582	5	1.8499999999999996
48669.9221591134	4300	18.53403276742628	0.0	1961140	3789.3820691178507	5	4.3
48676.75992226711	4300	15.69626961371996	0.0	2155012	6837.763153706316	5	4.3

