75499.18882027837	750	4.0	1.2730900632482312	450283	1273.0900632482312	1	-4.724287271967394
75499.92057428563	1850	7.268245992753625	0.0	398865	731.754007246375	3	0.75
75501.43487101934	1850	9.753949259035055	0.0	877771	1514.296733718571	3	0.75
75507.26444233474	750	7.924377943635501	0.0	933276	5829.571315399554	1	1.85
75508.18266922467	1850	11.006151053715064	0.0	411561	918.2268899204367	3	-0.3500000000000001
75509.45827357368	1850	13.730546704690774	0.0	801058	1275.6043490242898	3	0.75
75512.88669099576	1850	14.302129282618742	0.0	905515	3428.4174220720315	3	1.85
75514.59469536423	1850	16.59412491414937	0.0	1060487	1708.0043684693726	3	1.85
75515.99324424894	1850	19.195576029433777	0.0	852833	1398.54888471559	3	1.85
75517.5275661034	1850	21.661254174981178	0.0	913888	1534.3218544526005	3	1.85
75519.1031534302	1850	24.085666848164557	0.0	939819	1575.5873268166213	3	1.85
75520.57763269979	4300	26.611187578583642	0.0	917428	1474.4792695809163	5	1.85
75523.74306391813	4300	27.44575636023701	0.0	2209463	3165.4312183466304	5	1.8499999999999996
75527.05879601919	4300	28.13002425916604	0.0	2275376	3315.7321010709697	5	4.3
75529.95284477556	4300	29.23597550280774	0.0	2005399	2894.0487563582983	5	4.3
75536.37253305058	4300	26.816287227778687	0.0	2152483	6419.6882750290515	5	4.3
75539.74009833636	4300	27.44872194199491	0.0	2289689	3367.5652857837795	5	4.3
75542.93979244538	4300	28.24902783298957	0.0	2059512	3199.6941090053406	5	4.3
75546.1696327485	4300	29.01918752986475	0.0	2220726	3229.840303124818	5	4.3
75551.24806189262	4300	27.94075838575033	0.0	2156729	5078.429144114424	5	4.3
75554.16888064895	4300	29.01993962940551	0.0	2039773	2920.818756344814	5	4.3
75558.76897633816	4300	28.419843940199762	0.0	2176469	4600.095689205751	5	4.3
75566.38123110976	4300	24.807589168612534	0.0	2221506	7612.254771587229	5	4.3
75572.82628074018	4300	22.36253953819787	0.0	2044075	6445.049630414664	5	4.3
75580.51231607026	1850	18.676504208108813	0.0	2186790	7686.035330089054	3	4.3
75581.80902880187	1850	21.379791476489867	0.0	905935	1296.7127316189474	3	-0.6000000000000001
75583.33495120265	4300	23.85386907571252	0.0	1076599	1525.9224007773487	5	1.85
75586.19241691052	4300	24.996403367847627	0.0	1972048	2857.465707864892	5	1.8499999999999996
75589.32680573905	4300	25.862014539324125	0.0	2134614	3134.3888285235025	5	4.3
75596.0779550328	4300	23.11086524557223	0.0	2164140	6751.1492937518915	5	4.3
75599.38814756862	4300	23.800672709737295	0.0	2113193	3310.1925358349363	5	4.3
75602.45938387456	4300	24.729436403798893	0.0	2147852	3071.236305938403	5	4.3
75626.86611881423	300	4.322701464131576	0.0	2191074	24406.734939667316	0	4.3
75627.20021023267	1850	7.988610045694418	0.0	163444	334.0914184371584	3	-3.7
75629.29734653706	1850	9.89147374130202	0.0	1026056	2097.1363043923993	3	0.30000000000000004
75631.52120408877	1850	11.667616189580253	0.0	943942	2223.8575517217664	3	1.85
75632.87359200534	1850	14.315228273009588	0.0	728962	1352.3879165706644	3	1.85
75634.24835788214	1850	16.940462396211974	0.0	938587	1374.7658767976166	3	1.85
75635.60604593894	4300	19.58277433941831	0.0	908665	1357.6880567936605	5	1.85
75640.77182070559	4300	18.416999572757646	0.0	2146120	5165.7747666606665	5	1.8499999999999996
75646.08154879733	4300	17.10727148102255	0.0	2108491	5309.728091735094	5	4.3
75649.3204202233	4300	17.868400055055893	0.0	2184571	3238.8714259666613	5	4.3
75654.26248012755	4300	16.926340150794264	0.0	2121928	4942.059904261628	5	4.3
75666.48865439084	1850	8.700165887509097	0.0	2219102	12226.174263285167	3	4.3
75668.11418810407	1850	11.074632174281655	0.0	958994	1625.5337132274428	3	-0.6000000000000001
75669.65042241335	1850	13.538397865000773	0.0	982064	1536.23430928088	3	1.85
75670.9485666857	1850	16.240253592646926	0.0	830730	1298.1442723538498	3	1.85
75672.4866401316	1850	18.702180146765212	0.0	846370	1538.0734458817115	3	1.85

