92459.5350221903	750	4.0	7.691665755831057	450283	7691.665755831057	-32.32416275007354
92461.61636551717	300	5.918656673129509	0.0	155580	2081.343326870491	-0.15000000000000002
92462.97868883733	300	8.556333352971222	0.0	139857	1362.3233201582868	0.3
92465.44518566589	300	10.089836524409384	0.0	155432	2466.496828561837	0.3
92467.38003172017	300	12.154990470136738	0.0	163442	1934.8460542726473	0.3
92468.71789899487	300	14.817123195418464	0.0	126289	1337.8672747182736	0.3
92470.86617988093	300	16.668842309359036	0.0	153295	2148.2808860594296	0.3
92475.45531401531	300	16.079708174974154	0.0	173849	4589.134134384881	0.3
92477.64861768625	300	17.88640450402566	0.0	150710	2193.303670948495	0.3
92480.18670726386	300	19.348314926421015	0.0	139105	2538.0895776046477	0.3
92481.99817210785	300	21.53685008243348	0.0	141840	1811.4648439875332	0.3
92484.19007371063	300	23.34494847963719	0.0	156148	2191.9016027962916	0.3
92486.48658240818	300	25.048439782105067	0.0	160746	2296.508697532123	0.3
92492.12205877862	750	23.41296341165443	0.0	434409	5635.476370450638	0.3
92497.12305214258	750	22.41197004770216	0.0	337059	5000.993363952272	0.75
92501.93428220648	750	21.600739983800036	0.0	366214	4811.230063902122	0.75
92504.65606781734	750	22.878954372923783	0.0	360831	2721.785610876255	0.75
92506.61650828911	750	24.918513901153567	0.0	372963	1960.440471770213	0.75
92512.2748668841	1200	23.26015530616916	0.0	639204	5658.358594984409	0.75
92517.1586715699	1200	22.376350620364136	0.0	586839	4883.804685805021	1.2
92521.61827802948	1200	21.91674416078585	0.0	601738	4459.606459578286	1.2
92524.56103498048	1200	22.97398720978274	0.0	616206	2942.7569510031067	1.2
92530.89597338381	1850	20.639048806451385	0.0	968026	6334.938403331357	1.2000000000000002
92536.88832820204	1850	18.646693988228034	0.0	874175	5992.354818223351	1.85
92545.11274190128	1850	14.422280288983048	0.0	897976	8224.413699244988	1.85
92552.83873331884	1200	10.696288871408848	0.0	590335	7725.9914175742	0.5499999999999999
92561.5040558685	1200	6.030966321754857	0.0	696376	8665.32254965399	1.2
92562.9108834091	300	8.62413878115727	0.0	111155	1406.827540597585	-0.6000000000000001
92564.45890721786	300	11.076114972391563	0.0	153605	1548.023808765707	0.3
92565.70230663201	300	13.832715558242395	0.0	149029	1243.3994141491703	0.3
92568.84243620675	750	14.6925859835072	0.0	358218	3140.129574735194	0.3
92571.94986941674	750	15.585152773507126	0.0	400322	3107.4332100000756	0.75
92575.31335875388	750	16.221663436378098	0.0	369834	3363.4893371290286	0.75
92578.34389894272	750	17.191123247525663	0.0	412837	3030.5401888524316	0.75
92581.44002631857	750	18.09499587168414	0.0	401088	3096.127375841522	0.75
92585.00585753538	750	18.529164654868808	0.0	365161	3565.831216815333	0.75
92587.2918669704	750	20.243155219849395	0.0	321064	2286.00943501941	0.75
92592.48040690307	1200	19.05461528718635	0.0	575591	5188.539932663045	0.75
92597.8076021501	1200	17.72742004015406	0.0	605884	5327.195247032293	1.2
92604.65180317455	1200	14.88321901569471	0.0	587506	6844.2010244593475	1.2
92607.18120816075	750	16.353814029503525	0.0	345516	2529.4049861911835	0.3
92613.36122603474	1200	14.173796155495257	0.0	641452	6180.017874008271	0.75
92619.29435547696	1200	12.240666713281968	0.0	599477	5933.129442213289	1.2
92622.75856693281	1200	12.776455257436922	0.0	634861	3464.211455845045	1.2
92627.54633584587	1200	11.988686344378623	0.0	630203	4787.7689130583	1.2
92631.77171192269	1200	11.763310267567332	0.0	638661	4225.376076811289	1.2
92636.89938859927	1850	10.63563359098917	0.0	830730	5127.67667657816	1.2000000000000002
92649.70777842418	2850	4.0	2.1727562339400794	1364537	12808.38982492925	-7.492851805942342

