56608.913960692196	300	4.0	10.033129248618922	450283	10033.129248618921	0	-42.392455769061364
56610.7826067928	300	6.131353899399515	0.0	155580	1868.6461006004859	0	-0.15000000000000002
56611.22685041974	750	9.687110272456822	0.0	139857	444.2436269426915	1	0.3
56612.30265593524	1850	12.611304756968341	0.0	382355	1075.8055154884833	3	0.3
56617.47449022828	1850	11.439470463929977	0.0	996749	5171.8342930383615	3	0.75
56619.81117213313	1850	13.102788559073481	0.0	801058	2336.681904856498	3	1.85
56621.9533300453	1850	14.960630646905473	0.0	905515	2142.157912168008	3	1.85
56634.01748992649	300	6.896470765718428	0.0	1060487	12064.159881187044	0	1.85
56634.70707247332	750	10.206888218886611	0.0	150710	689.5825468318156	1	-1.25
56639.75125394847	300	9.162706743738894	0.0	362795	5044.181475147718	0	0.3
56640.10140720601	1850	12.812553486190145	0.0	141840	350.15325754874823	3	-0.15000000000000002
56641.99674496646	1850	14.91721572573814	0.0	917428	1895.337760452005	3	0.30000000000000004
56644.016438831575	1850	16.89752186062775	0.0	946851	2019.6938651103883	3	1.85
56645.97593622983	1850	18.938024462378536	0.0	1036454	1959.4973982492156	3	1.85
56647.93647277342	1850	20.977487918784743	0.0	821631	1960.536543593794	3	1.85
56649.46186219857	1850	23.452098493636633	0.0	923170	1525.3894251481097	3	1.85
56652.989322698755	1850	23.924637993446584	0.0	966699	3527.4605001900477	3	1.85
56654.798216328025	1850	26.115744364180802	0.0	885714	1808.893629265781	3	1.85
56658.34872827985	1850	26.56523241235355	0.0	987708	3550.5119518272563	3	1.85
56661.35012699054	1850	27.563833701659835	0.0	923755	3001.398710693712	3	1.85
56664.24984734502	1850	28.664113347183424	0.0	891604	2899.7203544764106	3	1.85
56675.07499967379	750	21.838961018418377	0.0	955231	10825.152328765049	1	1.85
56677.33044150165	1850	23.58351919055443	0.0	401853	2255.4418278639464	3	-0.3500000000000001
56682.57253218297	1850	22.341428509235126	0.0	874175	5242.090681319304	3	0.75
56685.2392216111	1850	23.67473908110934	0.0	897976	2666.689428125788	3	1.85
56689.75405468055	1850	23.15990601165798	0.0	905935	4514.833069451356	3	1.85
56696.21042184278	1850	20.70353884943097	0.0	1076599	6456.367162227012	3	1.85
56705.505048997264	750	15.408911694945495	0.0	758197	9294.627154485475	1	1.85
56706.393017066664	1850	18.52094362554107	0.0	400396	887.9680694044242	3	-0.3500000000000001
56724.03303164591	300	4.880929046295448	0.0	975811	17640.01457924562	0	0.75
56724.97045381403	750	7.94350687817157	0.0	157421	937.4221681238786	1	-1.25
56726.09305259153	1850	10.820908100670607	0.0	400322	1122.5987775009626	3	0.3
56730.83191517422	1850	10.082045517990762	0.0	885062	4738.862582679846	3	0.75
56733.882196151026	1850	11.031764541179735	0.0	1035329	3050.2809768110283	3	1.85
56736.354029787915	1850	12.559930904293397	0.0	1026056	2471.833636886338	3	1.85
56748.26423188123	300	4.649728810972614	0.0	943942	11910.202093320782	0	1.85
56748.876559921766	750	8.037400770440897	0.0	131610	612.3280405317182	1	-1.25
56753.77104868797	300	7.142912004231413	0.0	361565	4894.4887662094825	0	0.3
56754.1257997315	1850	10.788160960700413	0.0	144254	354.7510435310006	3	-0.15000000000000002
56756.07188799045	1850	12.8420727017459	0.0	930577	1946.0882589545124	3	0.30000000000000004
56757.898452400346	1850	15.015508291849573	0.0	858450	1826.5644098963303	3	1.85
56759.82651347665	1850	17.087447215552203	0.0	1025005	1928.0610762973688	3	1.85
56761.90256092224	1850	19.01139976996296	0.0	886255	2076.0474455892418	3	1.85
56763.507490056836	1850	21.406470635361153	0.0	973972	1604.9291346018122	3	1.85
56767.0580615268	1850	21.85589916539907	0.0	958994	3550.5714699620803	3	1.85
56769.05502816968	1850	23.858932522519687	0.0	982064	1996.9666428793832	3	1.85
56772.33595691368	1850	24.578003778515857	0.0	830730	3280.928744003831	3	1.85
56775.092623591285	1850	25.82133710091212	0.0	846370	2756.666677603734	3	1.85

