80070.97480765019	750	4.0	1.4547075667491363	450283	1454.7075667491363	-5.505242537021286
80071.82367862016	750	7.151129030013243	0.0	398865	848.8709699867575	0.75
80072.60516070842	750	10.369646941748428	0.0	350812	781.4820882648147	0.75
80074.51247239312	1850	12.462335257055726	0.0	933276	1907.311684692702	0.75
80077.60901625016	1850	13.365791400020134	0.0	996749	3096.5438570355914	1.85
80079.70704321947	1850	15.267764430706	0.0	801058	2098.0269693141336	1.85
80082.20170279466	1850	16.773104855531322	0.0	905515	2494.65957517468	1.85
80085.04208655051	1850	17.932721099674758	0.0	1060487	2840.3837558565615	1.85
80087.65101849375	1850	19.323789156435762	0.0	852833	2608.931943238995	1.85
80090.63670198267	1850	20.338105667513542	0.0	913888	2985.6834889222205	1.85
80092.51550654574	1850	22.459301104453736	0.0	939819	1878.8045630598015	1.85
80094.17679996895	1850	24.798007681252578	0.0	917428	1661.2934232011607	1.85
80096.81331886114	1850	26.161488789046455	0.0	946851	2636.5188922061197	1.85
80099.78912651991	1850	27.185681130263152	0.0	1036454	2975.8076587833057	1.85
80103.01976921484	1850	27.95503843534991	0.0	821631	3230.642694913241	1.85
80106.99839700162	1850	27.97641064856019	0.0	923170	3978.6277867897197	1.85
80110.85428423749	1850	28.12052341269686	0.0	966699	3855.8872358633325	1.85
80113.28874670072	1850	29.686060949464075	0.0	885714	2434.462463232784	1.85
80116.5094830929	1850	30.465324557284816	0.0	987708	3220.7363921792567	1.85
80119.54018388904	1850	31.434623761146767	0.0	923755	3030.7007961380496	1.85
80122.3075234657	1850	32.66728418449027	0.0	891604	2767.339576656496	1.85
80126.04621984583	1850	32.92858780436388	0.0	955231	3738.696380126391	1.85
80129.5502435906	1850	33.42456405960408	0.0	968026	3504.023744759798	1.85
80134.09120698819	1850	32.88360066201225	0.0	874175	4540.963397591837	1.85
80136.89295951164	1850	34.08184813856088	0.0	897976	2801.7525234513723	1.85
80139.73685084908	1850	35.237956801125115	0.0	905935	2843.891337435758	1.85
80143.33524293527	1850	35.6395647149334	0.0	1076599	3598.392086191717	1.85
80146.58663693041	1850	36.3881707197977	0.0	758197	3251.3939951356956	1.85
80150.62532088284	1850	36.34948676736192	0.0	972798	4038.6839524357815	1.85
80155.52719055438	1850	35.44761709582136	0.0	975811	4901.869671540559	1.85
80158.35928924802	1850	36.61551840218945	0.0	873429	2832.0986936319055	1.85
80162.56668711787	1850	36.40812053233836	0.0	954453	4207.3978698510955	1.85
80166.0632417079	1850	36.91156594231001	0.0	885062	3496.5545900283505	1.85
80174.24366530732	4300	32.73114234288168	0.0	2286761	8180.423599428328	1.8499999999999996
80189.14726130545	4300	21.82754634476522	0.0	2307787	14903.595998116463	4.3
80205.77830377941	4300	9.196503870810343	0.0	2143948	16631.04247395488	4.3
80215.90499806986	1850	4.0	0.9301904196506076	728962	10126.69429046095	-4.5998188044976125
80217.34183515508	750	6.563162914778305	0.0	361565	1436.837085221695	-0.3500000000000001
80220.60137361886	750	7.30362445100378	0.0	378327	3259.5384637745246	0.75
80221.79207816714	300	10.112919902719714	0.0	149991	1190.7045482840667	-0.15000000000000002
80222.69623387192	300	13.20876419793697	0.0	147968	904.1557047827425	0.3
80224.16653465682	750	15.738463413030631	0.0	384505	1470.300784906339	0.3
80227.72990278069	1850	16.175095289175463	0.0	886255	3563.3681238551685	0.75
80234.8900768854	1850	13.01492118446984	0.0	973972	7160.174104705622	1.85
80239.34982130735	1850	12.5551767625088	0.0	958994	4459.744421961042	1.85
80245.61274070176	1850	10.292257368091429	0.0	982064	6262.919394417372	1.85
80249.97214761065	1850	9.932850459202655	0.0	830730	4359.406908888774	1.85
80256.71761880109	1850	7.187379268769265	0.0	846370	6745.47119043339	1.85

