24007.608378080342	300	4.0	3.5850997067518704	450283	3585.0997067518706	0	-14.665928739033042
24008.78717720154	300	6.821200878801395	0.0	155580	1178.799121198604	0	-0.15000000000000002
24009.84475777388	300	9.763620306459597	0.0	139857	1057.580572341798	0	0.3
24010.80573809555	750	12.802639984787659	0.0	155432	960.9803216719392	1	0.3
24013.135359957687	750	14.473018122652395	0.0	411561	2329.621862135264	1	0.3
24016.510231841443	750	15.098146238898597	0.0	318564	3374.8718837537986	1	0.75
24019.25184661462	750	16.35653146571822	0.0	352642	2741.614773180376	1	0.75
24022.09152661886	750	17.5168514614801	0.0	437162	2839.680004238116	1	0.75
24023.49742108616	1850	20.11095699418359	0.0	374758	1405.894467296517	3	0.75
24026.06563803331	1850	21.54274004703371	0.0	913888	2568.21694714988	3	0.75
24029.684009311713	1850	21.924368768626902	0.0	939819	3618.371278406808	3	1.85
24033.763853915265	1850	21.84452416507439	0.0	917428	4079.8446035525126	3	1.85
24037.989752720994	1850	21.618625359347977	0.0	946851	4225.89880572641	3	1.85
24041.760852358464	1850	21.847525721876774	0.0	1036454	3771.099637471206	3	1.85
24044.807445669754	1850	22.800932410584405	0.0	821631	3046.593311292366	3	1.85
24050.460871972246	1850	21.147506108094255	0.0	923170	5653.42630249015	3	1.85
24056.66518584985	1850	18.943192230485067	0.0	966699	6204.3138776091855	3	1.85
24062.37207536738	1850	17.236302712959834	0.0	885714	5706.889517525233	3	1.85
24073.632200349435	750	9.976177730903867	0.0	987708	11260.124982055968	1	1.85
24077.22478774727	750	10.3835903330723	0.0	350713	3592.5873978315667	1	-0.3500000000000001
24082.326772215336	300	9.281605865004803	0.0	386472	5101.984468067497	0	0.75
24083.18556058089	750	12.42281749945513	0.0	157812	858.788365549674	1	-0.15000000000000002
24084.60043300054	750	15.007945079797995	0.0	401853	1414.8724196571347	1	0.3
24085.809497294314	1850	17.798880786026245	0.0	343800	1209.064293771751	3	0.75
24087.968625274283	1850	19.639752806058873	0.0	897976	2159.1279799673725	3	0.75
24091.77320846868	1850	19.83516961166214	0.0	905935	3804.5831943967332	3	1.85
24096.97629646659	1850	18.63208161375105	0.0	1076599	5203.087997911088	3	1.85
24099.398563830928	1850	20.209814249412084	0.0	758197	2422.2673643389658	3	1.85
24103.616627099123	1850	19.991750981216974	0.0	972798	4218.063268195108	3	1.85
24106.649770308184	1850	20.958607772156032	0.0	975811	3033.14320906094	3	1.85
24108.88253790492	1850	22.725840175423315	0.0	873429	2232.7675967327164	3	1.85
24113.012737751942	1850	22.595640328398012	0.0	954453	4130.199847025306	3	1.85
24115.290682771716	1850	24.317695308623794	0.0	885062	2277.945019774215	3	1.85
24120.502157259434	1850	23.106220820904905	0.0	1035329	5211.474487718888	3	1.85
24123.36489478322	1850	24.243483297120495	0.0	1026056	2862.7375237844108	3	1.85
24130.102701915952	1850	21.50567616438349	0.0	943942	6737.807132737007	3	1.85
24137.144461084066	1850	18.463916996269145	0.0	728962	7041.759168114344	3	1.85
24141.745981944812	1850	17.86239613552582	0.0	938587	4601.5208607433215	3	1.85
24144.35283097016	1850	19.255547110174938	0.0	908665	2606.8490253508826	3	1.85
24147.79461973419	1850	19.813758346143963	0.0	930577	3441.7887640309737	3	1.85
24151.413999342276	1850	20.194378738056724	0.0	858450	3619.379608087243	3	1.85
24155.85306273731	1850	19.755315343021923	0.0	1025005	4439.063395034799	3	1.85
24159.72221755878	1850	19.886160521551815	0.0	886255	3869.1548214701106	3	1.85
24162.471631282384	1850	21.13674679794777	0.0	973972	2749.4137236040456	3	1.85
24168.242711283714	1850	19.365666796620587	0.0	958994	5771.080001327185	3	1.85
24174.992047788764	1850	16.616330291568037	0.0	982064	6749.33650505255	3	1.85
24180.199510466562	1850	15.408867613773332	0.0	830730	5207.462677794705	3	1.85
24190.637670947915	750	8.970707132417054	0.0	846370	10438.160481356277	1	1.85

