55547.30804573351	750	4.0	1.5083287633519746	450283	1508.3287633519747	1	-5.73581368241349
55548.23196431892	750	7.076081414594206	0.0	398865	923.9185854057934	1	0.75
55548.98379999038	1850	10.324245743123965	0.0	350812	751.8356714702414	3	0.75
55550.78798972547	1850	12.520056008039248	0.0	933276	1804.1897350847169	3	0.75
55552.53117476848	1850	14.776870965022699	0.0	996749	1743.1850430165493	3	1.85
55553.94782791204	1850	17.36021782146424	0.0	801058	1416.6531435584595	3	1.85
55555.48292646254	1850	19.825119270966283	0.0	905515	1535.098550497959	3	1.85
55557.0639420534	1850	22.244103680108022	0.0	1060487	1581.0155908582608	3	1.85
55558.2690680502	1850	25.038977683311558	0.0	852833	1205.1259967964654	3	1.85
55559.924432252905	1850	27.383613480605707	0.0	913888	1655.3642027058538	3	1.85
55564.41697357765	1850	26.89107215585352	0.0	939819	4492.541324752183	3	1.85
55573.65607130453	1850	21.651974428983134	0.0	917428	9239.097726870386	3	1.85
55578.58787491894	1850	20.720170814571098	0.0	946851	4931.803614412039	3	1.85
55580.194764904394	1850	23.11328082912028	0.0	1036454	1606.8899854508168	3	1.85
55581.56344998791	1850	25.744595745605892	0.0	821631	1368.6850835143887	3	1.85
55586.112729359	1850	25.195316374513407	0.0	923170	4549.279371092487	3	1.85
55587.49279970082	1850	27.815246032693786	0.0	966699	1380.0703418196201	3	1.85
55597.845918909836	750	21.462126823676712	0.0	885714	10353.119209017073	1	1.85
55616.405131344705	300	6.902914388800065	0.0	405596	18559.21243487665	0	-0.3500000000000001
55618.42889183014	300	8.879153903367841	0.0	140881	2023.7604854322242	0	-0.15000000000000002
55621.9631017325	300	9.344944001003245	0.0	157671	3534.209902364598	0	0.3
55622.93355098785	750	12.37449474564506	0.0	157812	970.4492553581844	1	0.3
55624.24121013909	1850	15.066835594407618	0.0	401853	1307.6591512374432	3	0.3
55625.87153867579	1850	17.436507057700613	0.0	874175	1630.3285367070055	3	0.75
55628.67456196695	1850	18.633483766536877	0.0	897976	2803.0232911637363	3	1.85
55632.708756337044	1850	18.599289396449215	0.0	905935	4034.1943700876614	3	1.85
55636.071691361976	1850	19.236354371517226	0.0	1076599	3362.935024931989	3	1.85
55637.001274035545	1850	22.306771697951522	0.0	758197	929.5826735657062	3	1.85
55638.199530091704	1850	25.108515641792607	0.0	972798	1198.2560561589137	3	1.85
55643.40711144798	1850	23.900934285513824	0.0	975811	5207.581356278783	3	1.85
55645.57489454828	1850	25.733151185225	0.0	873429	2167.7831002888233	3	1.85
55647.97859254338	1850	27.32945319011496	0.0	954453	2403.69799511004	3	1.85
55649.012980779975	1850	30.295064953522406	0.0	885062	1034.3882365925529	3	1.85
55651.22181312227	1850	32.086232611223515	0.0	1035329	2208.8323422988897	3	1.85
55666.75603955834	750	20.55200617515127	0.0	1026056	15534.226436072246	1	1.85
55668.22149868989	1850	23.086547043606007	0.0	365161	1465.4591315452635	3	-0.3500000000000001
55670.3904620876	1850	24.917583645895913	0.0	728962	2168.963397710093	3	0.75
55671.70362260231	1850	27.604423131182223	0.0	938587	1313.160514713692	3	1.85
55678.39101248974	1850	24.917033243757874	0.0	908665	6687.38988742435	3	1.85
55687.84041524669	1850	19.467630486808886	0.0	930577	9449.402756948986	3	1.85
55701.680500943796	300	9.627544789701544	0.0	858450	13840.08569710734	0	1.85
55702.31270346451	750	12.995342268991122	0.0	161857	632.2025207104211	1	-1.25
55702.867960853204	1850	16.440084880294457	0.0	372093	555.2573886966666	3	0.3
55704.19197078992	1850	19.11607494357522	0.0	973972	1324.0099367192333	3	0.75
55706.19609424753	1850	21.11195148597009	0.0	958994	2004.1234576051334	3	1.85
55721.09934481851	300	10.208700914984544	0.0	982064	14903.250570985547	0	1.85
55721.90356060105	750	13.404485132446519	0.0	137507	804.2157825380253	1	-1.25
55722.95864077179	1850	16.349404961707087	0.0	314107	1055.080170739431	3	0.3

