32371.137040273105	300	4.0	1.5425139308330742	181801	1542.5139308330743	-6.332809902582219
32372.636273624008	300	6.500766649098896	0.0	155580	1499.233350901104	0.3
32373.611131597198	300	9.525908675908022	0.0	139857	974.857973190874	0.3
32374.413189486804	300	12.723850786301544	0.0	155432	802.0578896064785	0.3
32375.25245775584	300	15.884582517263881	0.0	163442	839.2682690376631	0.3
32377.023760864948	750	18.113279408159546	0.0	318564	1771.3031091043367	0.3
32378.536576552902	750	20.600463720206	0.0	352642	1512.8156879535463	0.75
32380.97098531996	1200	22.166054953146904	0.0	709534	2434.4087670590975	0.75
32384.266431440654	1850	22.870608832453424	0.0	852833	3295.4461206934793	1.2000000000000002
32387.90218077991	1850	23.234859493197746	0.0	913888	3635.74933925568	1.85
32391.680131354566	1850	23.456908918542982	0.0	939819	3777.9505746547634	1.85
32396.20039991973	1850	22.936640353380838	0.0	917428	4520.268565162148	1.85
32400.83965346109	1850	22.297386812018008	0.0	946851	4639.253541362828	1.85
32405.184099936814	1850	21.952940336296844	0.0	1036454	4344.446475721166	1.85
32407.072668749865	1200	24.064371523245065	0.0	526950	1888.5688130517824	0.5499999999999999
32416.061121855837	1850	19.075918417273485	0.0	923170	8988.453105971577	1.2000000000000002
32419.089376904638	750	20.047663368474247	0.0	360831	3028.2550487992357	-0.3500000000000001
32423.094599260123	1200	20.04244101299106	0.0	581493	4005.2223554831908	0.75
32427.1488975215	1200	19.988142751613793	0.0	639204	4054.2982613772633	1.2
32430.238809199316	1200	20.898231073797533	0.0	586839	3089.911677816262	1.2
32432.906295655328	1200	22.2307446177827	0.0	601738	2667.4864560148308	1.2
32438.601721898332	1850	20.53531837477772	0.0	955231	5695.426243004983	1.2000000000000002
32440.570021031537	1200	22.567019241574766	0.0	656471	1968.2991332029528	0.5499999999999999
32442.41661184944	1200	24.720428423673333	0.0	536667	1846.5908179014327	1.2
32445.359545593783	1850	25.777494679327354	0.0	897976	2942.9337443459754	1.2000000000000002
32449.94241736234	1850	25.194622910772466	0.0	905935	4582.871768554889	1.85
32455.34387681808	2850	23.793163455031586	0.0	1547572	5401.459455740876	1.85
32459.9852786021	1850	23.15176167101073	0.0	758197	4641.401784020859	0.8500000000000001
32462.808640411335	1850	24.32839986177387	0.0	972798	2823.3618092368547	1.85
32467.58514463737	1850	23.551895635736756	0.0	975811	4776.504226037115	1.85
32474.43609733858	1850	20.700942934528182	0.0	873429	6850.952701208576	1.85
32479.74411642244	1200	19.392923850668208	0.0	620283	5308.019083859973	0.5499999999999999
32481.57147600725	1200	21.56556426585483	0.0	584349	1827.3595848133755	1.2
32485.659296799116	1200	21.47774347399258	0.0	670129	4087.820791862254	1.2
32488.894664071137	1850	22.242376201971933	0.0	1026056	3235.367272020646	1.2000000000000002
32490.845598926393	1200	24.291441346714425	0.0	598727	1950.9348552575084	0.5499999999999999
32493.018265106763	1850	26.118775166342587	0.0	728962	2172.666180371836	1.2000000000000002
32509.788602651133	2850	13.348437621970985	0.0	1499009	16770.337544371603	1.85
32512.632233876455	750	14.504806396647917	0.0	378327	2843.631225323069	-1.35
32513.601641568792	750	17.535398704311767	0.0	390680	969.4076923361494	0.75
32514.892495516568	750	20.244544756534026	0.0	345516	1290.8539477777404	0.75
32534.272447521853	1200	4.864592751248205	0.0	641452	19379.95200528582	0.75
32540.053503832394	300	4.0	0.9164635592886061	145210	5781.056310536811	-4.5407933049410065
32541.223425930642	300	6.830077901748983	0.0	172312	1169.9220982510171	0.3
32543.45549034946	300	8.598013482931531	0.0	167025	2232.064418817453	0.3
32547.119960460877	300	8.933543371514839	0.0	160064	3664.470111416691	0.3
32547.769675446463	300	12.283828385930224	0.0	137507	649.714985584614	0.3
32548.34031387438	300	15.713189958010805	0.0	118421	570.6384279194193	0.3

