68548.46594751338	750	4.0	1.2960892071847716	450283	1296.0892071847716	-4.8231835908945175
68549.1193204438	750	7.346627069580753	0.0	398865	653.3729304192464	0.75
68549.58245934827	750	10.883488165127225	0.0	350812	463.13890445352615	0.75
68551.11870809186	1850	13.347239421528469	0.0	933276	1536.2487435987562	0.75
68555.17866481136	1850	13.287282702019997	0.0	996749	4059.956719508473	1.85
68556.07397143087	1850	16.391976082510467	0.0	801058	895.30661950953	1.85
68557.07559305322	1850	19.390354460149574	0.0	905515	1001.6216223608927	1.85
68558.38886083441	1850	22.077086678956025	0.0	1060487	1313.2677811935505	1.85
68559.51934841315	1850	24.946599100229854	0.0	852833	1130.4875787261687	1.85
68561.10382563023	1850	27.362121883140986	0.0	913888	1584.4772170888689	1.85
68562.40140193516	1850	30.064545578215288	0.0	939819	1297.576304925698	1.85
68563.57062001518	1850	32.895327498195186	0.0	917428	1169.218080020106	1.85
68566.15618329767	4300	34.30976421569317	0.0	2209463	2585.56328250202	1.8499999999999996
68568.69057489219	4300	35.7753726211934	0.0	2275376	2534.391594499769	4.3
68571.27224852068	4300	37.19369899269549	0.0	2005399	2581.6736284979133	4.3
68577.46980736217	4300	34.99614015119563	0.0	2152483	6197.558841499848	4.3
68581.96995522943	4300	34.49599228393881	0.0	2289689	4500.147867256827	4.3
68584.59539437802	4300	35.87055313534173	0.0	2059512	2625.4391485970777	4.3
68587.64939029062	4300	36.81655722273991	0.0	2220726	3053.995912601823	4.3
68590.62706117184	4300	37.83888634152751	0.0	2156729	2977.6708812123966	4.3
68593.19947707228	4300	39.26647044107583	0.0	2039773	2572.4159004516787	4.3
68600.8855316952	4300	35.58041581815061	0.0	2176469	7686.054622925222	4.3
68607.32022976641	4300	33.14571774693177	0.0	2221506	6434.698071218836	4.3
68614.35724606291	4300	30.10870145043416	0.0	2044075	7037.016296497616	4.3
68618.42601398565	4300	30.039933527694874	0.0	2186790	4068.767922739287	4.3
68624.00914824077	4300	28.456799272562467	0.0	2105231	5583.134255132404	4.3
68628.81791128105	4300	27.64803623228086	0.0	2395588	4808.7630402816085	4.3
68632.62769205926	4300	27.838255454072044	0.0	1972048	3809.780778208811	4.3
68635.68892975152	4300	28.777017761815838	0.0	2134614	3061.2376922562084	4.3
68638.91516220891	4300	29.550785304421627	0.0	2164140	3226.2324573942083	4.3
68642.33461910082	4300	30.131328412510054	0.0	2113193	3419.456891911572	4.3
68650.2528439773	4300	26.213103536031564	0.0	2147852	7918.224876478488	4.3
68654.32606515638	4300	26.13988235696667	0.0	2191074	4073.2211790648958	4.3
68659.28409690264	4300	25.18185061070211	0.0	2286761	4958.0317462645635	4.3
68662.48816090301	4300	25.97778661033498	0.0	2307787	3204.0640003671274	4.3
68669.78128992462	4300	22.684657588727386	0.0	2143948	7293.129021607592	4.3
68674.43343297591	4300	22.03251453742848	0.0	1919781	4652.143051298907	4.3
68680.12845393128	4300	20.33749358207753	0.0	2147467	5695.020955350948	4.3
68683.87533045	4300	20.590617063348194	0.0	2133870	3746.876518729338	4.3
68693.55558544172	4300	14.91036207162094	0.0	2146120	9680.254991727254	4.3
68705.4001282777	4300	7.065819235645701	0.0	2108491	11844.542835975239	4.3
68706.8813729644	1850	9.584574548957331	0.0	1025005	1481.24468668837	-0.6000000000000001
68707.97279400473	1850	12.493153508629641	0.0	886255	1091.42104032769	1.85
68712.50849466676	1850	11.957452846586941	0.0	973972	4535.700662042699	1.85
68714.70740230592	1850	13.758545207428924	0.0	958994	2198.9076391580174	1.85
68717.067924695	1850	15.398022818358237	0.0	982064	2360.522389070687	1.85
68718.30166553498	1850	18.16428197838222	0.0	830730	1233.7408399760168	1.85
68723.42269019122	1850	17.04325732213071	0.0	846370	5121.024656251508	1.85

