41519.39146870352	750	4.0	4.213071092622336	450283	4213.0710926223355	1	-17.366205698276044
41521.64547327947	300	5.745995424051893	0.0	398865	2254.0045759481072	0	0.75
41522.96373632302	300	8.42773238050054	0.0	139857	1318.263043551352	0	-0.15000000000000002
41524.273714989016	300	11.117753714510254	0.0	155432	1309.9786659902868	0	0.3
41524.9199954349	750	14.471473268625296	0.0	163442	646.2804458849588	1	0.3
41526.10372987258	1850	17.28773883094773	0.0	318564	1183.7344376775616	3	0.3
41529.32108402852	1850	18.07038467500545	0.0	905515	3217.3541559422815	3	0.75
41533.07537246855	1850	18.31609623497656	0.0	1060487	3754.288440028892	3	1.85
41536.11019834871	1850	19.281270354814744	0.0	852833	3034.825880161813	3	1.85
41539.35656258879	1850	20.034906114723988	0.0	913888	3246.364240090755	3	1.85
41542.69277043238	1850	20.698698271139374	0.0	939819	3336.207843584611	3	1.85
41547.36848713694	1850	20.02298156658159	0.0	917428	4675.716704557789	3	1.85
41553.13486741696	1850	18.25660128656708	0.0	946851	5766.380280014511	3	1.85
41556.79872945859	1850	18.59273924492721	0.0	1036454	3663.8620416398676	3	1.85
41559.658492792405	1850	19.732975911112955	0.0	821631	2859.7633338142505	3	1.85
41561.9067273009	1850	21.484741402618052	0.0	923170	2248.2345084949047	3	1.85
41565.617576866796	1850	21.773891836715546	0.0	966699	3710.8495659025066	3	1.85
41574.16584431638	1850	17.225624387125187	0.0	885714	8548.267449590361	3	1.85
41580.7171226264	1850	14.674346077109432	0.0	987708	6551.278310015753	3	1.85
41583.81043323875	1850	15.58103546475658	0.0	923755	3093.310612352853	3	1.85
41589.23016666679	1850	14.16130203671545	0.0	891604	5419.733428041131	3	1.85
41595.550460250364	1850	11.84100845314187	0.0	955231	6320.29358357358	3	1.85
41605.923996921534	300	5.467471781969907	0.0	968026	10373.536671171962	0	1.85
41607.28995292161	300	8.101515781896204	0.0	137654	1365.9560000737029	0	-1.25
41608.40630260206	300	10.985166101445564	0.0	146754	1116.3496804506394	0	0.3
41609.57338436548	750	13.818084338023711	0.0	153938	1167.0817634218522	1	0.3
41612.66017125574	750	14.731297447772315	0.0	425781	3086.7868902513974	1	0.3
41614.70135042534	750	16.690118278168555	0.0	277716	2041.1791696037567	1	0.75
41617.60887312764	750	17.78259557586597	0.0	400396	2907.522702302589	1	0.75
41620.73178999422	750	18.65967870929024	0.0	400508	3122.9168665757284	1	0.75
41624.74530595532	750	18.64616274818403	0.0	358218	4013.515961106212	1	0.75
41633.301323111606	750	14.090145591896343	0.0	400322	8556.017156287686	1	0.75
41638.49585743394	750	12.89561126956778	0.0	369834	5194.534322328563	1	0.75
41643.619747610006	750	11.771721093501645	0.0	412837	5123.890176066136	1	0.75
41649.35187001882	300	10.039598684682016	0.0	401088	5732.122408819628	0	0.75
41651.00889414631	750	12.38257455720069	0.0	159914	1657.024127481328	1	-0.15000000000000002
41654.72804284818	750	12.663425855325393	0.0	321064	3719.1487018752955	1	0.3
41657.7582578267	750	13.633210876811082	0.0	361565	3030.21497851431	1	0.75
41662.06720956139	750	13.324259142117302	0.0	378327	4308.951734693782	1	0.75
41667.76438525036	750	11.627083453153329	0.0	390680	5697.175688963973	1	0.75
41671.44001510233	750	11.951453601183163	0.0	345516	3675.6298519701677	1	0.75
41678.74103874488	300	8.65042995862676	0.0	384505	7301.0236425564035	0	0.75
41681.69924976818	300	9.69221893533276	0.0	145210	2958.2110232939995	0	-0.15000000000000002
41686.335917192555	300	9.055551510950202	0.0	172312	4636.667424382556	0	0.3
41692.642172860375	300	6.749295843132197	0.0	167025	6306.255667818006	0	0.3
41696.90026617113	300	6.491202532381547	0.0	160064	4258.09331075065	0	0.3
41702.04621246347	300	5.345256240036515	0.0	137507	5145.946292345032	0	0.3
41706.690744994914	300	4.700723708594123	0.0	118421	4644.532531442392	0	0.3

