54344.700929051214	750	4.0	1.2392740666174362	450283	1239.2740666174361	-4.578878486454975
54346.29012541391	750	6.410803637305348	0.0	398865	1589.196362694653	0.75
54347.004306356146	750	9.696622695071294	0.0	350812	714.1809422340534	0.75
54348.03856022159	750	12.662368829630648	0.0	382355	1034.2538654406458	0.75
54358.178625563516	1850	6.522303487702824	0.0	996749	10140.065341927824	0.75
54358.487529450795	300	10.213399600421527	0.0	126289	308.9038872812979	-1.25
54359.20670724632	750	13.494221804899734	0.0	352642	719.177795521791	0.3
54363.637489145665	750	13.06343990555278	0.0	437162	4430.781899346955	0.75
54363.98415610134	300	16.71677294988337	0.0	150710	346.66695566940547	-0.15000000000000002
54364.70608721528	750	19.994841835942147	0.0	362795	721.9311139412245	0.3
54365.411076280914	750	23.28985277030916	0.0	353220	704.9890656329864	0.75
54368.2424554654	750	24.458473585827303	0.0	405134	2831.3791844818597	0.75
54369.113683283416	750	27.587245767805797	0.0	386351	871.2278180215034	0.75
54370.847196940835	1200	29.853732110395924	0.0	687371	1733.5136574098742	0.75
54372.90174132703	1850	31.799187724201083	0.0	821631	2054.5443861948443	1.2000000000000002
54374.674279146006	1850	34.02664990521565	0.0	923170	1772.5378189854298	1.85
54377.489022927526	2850	35.211906123699826	0.0	1491626	2814.7437815158214	1.85
54381.13862337485	4300	35.562305676371246	0.0	2059512	3649.600447328581	2.8499999999999996
54385.461402209236	4300	35.23952684198638	0.0	2220726	4322.778834384857	4.3
54390.70577265501	4300	33.995156396211996	0.0	2156729	5244.370445774385	4.3
54394.37381963718	4300	34.32710941403925	0.0	2039773	3668.0469821727443	4.3
54398.28232066511	4300	34.4186083861099	0.0	2176469	3908.5010279293483	4.3
54402.27004368095	4300	34.430885370274986	0.0	2221506	3987.723015834921	4.3
54426.72240704791	4300	13.978522003305356	0.0	2044075	24452.36336696963	4.3
54427.459889762154	300	17.24103928906052	0.0	146754	737.4827142448348	-3.7
54428.13162999389	300	20.56929905732542	0.0	153938	671.7402317351009	0.3
54428.91086046261	300	23.79006858861174	0.0	181901	779.2304687136808	0.3
54429.41814213093	300	27.282786920287382	0.0	111155	507.2816683243588	0.3
54430.59540616501	300	30.10552288620665	0.0	153605	1177.264034080732	0.3
54437.47576010113	1200	27.22516895008388	0.0	641447	6880.353936122771	0.29999999999999993
54446.3024092317	1200	22.398519819517645	0.0	570392	8826.649130566235	1.2
54447.714544887924	1200	24.986384163296346	0.0	620283	1412.1356562213002	1.2
54450.13367489343	1850	26.56725415778857	0.0	885062	2419.1300055077736	1.2000000000000002
54453.990125474855	2850	26.710803576367724	0.0	1587293	3856.450581420848	1.85
54457.59042456179	2850	27.110504489435325	0.0	1492672	3600.2990869324026	2.85
54461.078269593476	2850	27.62265945774643	0.0	1439896	3487.8450316888916	2.85
54463.96393022413	2850	28.736998827096393	0.0	1139291	2885.660630650041	2.85
54468.754124710984	4300	27.946804340236582	0.0	2147467	4790.194486859808	2.8499999999999996
54475.83306448827	4300	24.867864562944245	0.0	2133870	7078.93977729234	4.3
54483.80665726222	4300	20.89427178900047	0.0	2146120	7973.592773943771	4.3
54496.45298316487	4300	12.247945886349875	0.0	2108491	12646.325902650597	4.3
54498.152853417654	1200	14.548075633561218	0.0	641452	1699.870252788656	-1.9000000000000001
54504.284990783905	2850	12.415938267308425	0.0	1343002	6132.137366252792	1.2000000000000002
54508.939697771246	1850	11.761231279975856	0.0	973972	4654.706987332569	0.8500000000000001
54511.63242281102	1850	13.068506240203162	0.0	958994	2692.7250397726943	1.85
54522.817109873715	2850	5.883819177505773	0.0	1483527	11184.687062697389	1.85
54524.03854545298	300	8.662383598237149	0.0	137507	1221.4355792686235	-2.25
54525.4645038651	750	11.236425186121187	0.0	314107	1425.9584121159628	0.3

