44867.51386345124	300	4.0	2.449160651051174	450283	2449.1606510511738	0	-9.781390799520047
44868.77635761573	300	6.737505835512452	0.0	155580	1262.4941644875478	0	-0.15000000000000002
44869.17971736928	1850	10.334146081963372	0.0	139857	403.3597535490808	3	0.3
44872.18041512003	1850	11.33344833121597	0.0	933276	3000.6977507474026	3	0.30000000000000004
44875.25562906169	1850	12.258234389553396	0.0	996749	3075.2139416625732	3	1.85
44879.25100999898	1850	12.26285345225975	0.0	801058	3995.3809372936466	3	1.85
44882.44602842992	1850	13.067835021326546	0.0	905515	3195.0184309332035	3	1.85
44888.159555002436	1850	11.35430844880961	0.0	1060487	5713.526572516936	3	1.85
44891.587514848776	1850	11.926348602468703	0.0	852833	3427.959846340907	3	1.85
44894.329518227896	1850	13.184345223347904	0.0	913888	2742.003379120798	3	1.85
44896.07948601045	1850	15.434377440796775	0.0	939819	1749.9677825511305	3	1.85
44897.844438141234	1850	17.669425310009437	0.0	917428	1764.9521307873404	3	1.85
44901.16921118992	1850	18.344652261324356	0.0	946851	3324.773048685081	3	1.85
44903.12744115569	1850	20.386422295557953	0.0	1036454	1958.2299657664023	3	1.85
44905.20559805792	1850	22.308265393327257	0.0	821631	2078.156902230699	3	1.85
44906.78115982261	1850	24.73270362862974	0.0	923170	1575.5617646975143	3	1.85
44908.50237107267	1850	27.011492378578275	0.0	966699	1721.2112500514652	3	1.85
44910.63798942268	1850	28.87587402856196	0.0	885714	2135.6183500163133	3	1.85
44912.88330207039	1850	30.630561380856438	0.0	987708	2245.3126477055234	3	1.85
44916.41828827257	1850	31.09557517866579	0.0	923755	3534.9862021906492	3	1.85
44917.970449564185	1850	33.54341388704833	0.0	891604	1552.1612916174643	3	1.85
44919.66414497092	4300	35.84971848031081	0.0	955231	1693.6954067375152	5	1.85
44923.23260660955	4300	36.28125684168756	0.0	2221506	3568.4616386232565	5	1.8499999999999996
44926.97928330472	4300	36.534580146511594	0.0	2044075	3746.676695175968	5	4.3
44932.28951832189	4300	35.22434512933507	0.0	2186790	5310.235017176521	5	4.3
44942.303091633	4300	29.21077181823069	0.0	2105231	10013.573311104385	5	4.3
44956.54775298573	4300	18.966110465500883	0.0	2395588	14244.661352729805	5	4.3
44962.16346143147	4300	17.350402019762058	0.0	1972048	5615.708445738823	5	4.3
44966.76147369289	4300	16.75238975834421	0.0	2134614	4598.012261417846	5	4.3
44977.55217821007	4300	9.961685241156452	0.0	2164140	10790.70451718776	5	4.3
44983.229250081364	1850	8.284613369867154	0.0	2113193	5677.0718712892985	3	4.3
44986.88595850748	1850	8.627904943743893	0.0	954453	3656.7084261232612	3	-0.6000000000000001
44988.63572351099	1850	10.878139940239457	0.0	885062	1749.7650035044362	3	1.85
44991.191786034346	1850	12.322077416882607	0.0	1035329	2556.0625233568494	3	1.85
44994.32327268854	1850	13.1905907626906	0.0	1026056	3131.4866541920064	3	1.85
44997.78539078236	1850	13.728472668874252	0.0	943942	3462.118093816348	3	1.85
45000.345827079924	1850	15.168036371312166	0.0	728962	2560.4362975620857	3	1.85
45006.100058394266	1850	13.41380505696447	0.0	938587	5754.231314347695	3	1.85
45024.36442819973	300	4.0	4.850564748501647	908665	18264.369805466118	0	-19.00742841855708
45024.87966308561	750	7.484765114120901	0.0	149991	515.2348858790995	1	-1.25
45025.962260686996	750	10.402167512735465	0.0	345516	1082.5976013854358	1	0.3
45027.53470625497	750	12.829721944758825	0.0	384505	1572.4455679766388	1	0.75
45030.17473432201	750	14.189693877711543	0.0	372093	2640.0280670472816	1	0.75
45037.330436534736	750	11.033991664991442	0.0	438281	7155.702212720103	1	0.75
45038.21504173881	1850	14.149386460914213	0.0	398987	884.6052040772279	3	0.75
45039.95920534763	1850	16.405222852096916	0.0	982064	1744.1636088172995	3	0.75
45041.36164971516	1850	19.002778484558156	0.0	830730	1402.444367538761	3	1.85
45042.77154746229	1850	21.592880737427283	0.0	846370	1409.8977471308726	3	1.85

