94810.58963147264	750	4.0	2.7999400645219827	450283	2799.9400645219825	0.16081879955415196	-11.289742277444525
94811.04213847795	300	7.547492994693068	0.0	155580	452.50700530693194	0.3438178816579233	-0.15000000000000002
94811.9620917338	750	10.627539738839259	0.0	350812	919.9532558538076	0.3813367665886586	0.3
94813.52101254332	1200	13.068618929320099	0.0	617681	1558.920809519161	0.39622346191563107	0.75
94817.12677530666	2850	13.46285616597799	0.0	1472558	3605.762763342107	0.40839015116876864	1.2000000000000002
94825.18890931163	2850	9.40072216100308	0.0	1224260	8062.134004974912	0.1518530948809018	2.85
94835.87402252054	1200	4.0	1.284391047907311	561791	10685.11320891039	0.05257698154583132	-5.972881506001437
94837.80861483398	300	6.065407686558314	0.0	173849	1934.5923134416864	0.0898633778249219	-0.6000000000000001
94839.4024279328	300	8.471594587741755	0.0	150710	1593.813098816558	0.09455939351477634	0.3
94843.79827114544	750	8.075751375111048	0.0	362795	4395.843212630707	0.08253137849811622	0.3
94847.50038414278	750	8.37363837775628	0.0	353220	3702.112997354771	0.09541037787133519	0.75
94850.21347086328	750	9.660551657264184	0.0	405134	2713.086720492094	0.1493258571279718	0.75
94855.33546134952	1200	8.538561171026176	0.0	624282	5121.990486238008	0.12188269417472536	0.75
94858.9468247151	750	8.927197805449044	0.0	434409	3611.3633655771314	0.12028947409189249	0.3
94861.01394283846	750	10.860079682080338	0.0	337059	2067.1181233687075	0.16305744514043888	0.75
94864.80908107919	1200	11.06494144136285	0.0	587876	3795.1382407174874	0.1549023942508243	0.75
94872.32375109463	1850	7.550271425913843	0.0	966699	7514.670015449006	0.12864157681077354	1.2000000000000002
94876.93864619899	750	6.935376321562435	0.0	372963	4614.895104351408	0.08081722153301628	-0.3500000000000001
94879.03012896024	300	8.843893560320177	0.0	165384	2091.482761242258	0.07907500031306422	-0.15000000000000002
94884.87472745075	750	6.9992950698191025	0.0	350713	5844.598490501075	0.06000634612796684	0.3
94886.8404253143	300	9.033597206270386	0.0	157671	1965.6978635487167	0.08021120789913927	-0.15000000000000002
94907.62691675317	1200	4.0	11.752894232615787	616206	20786.491438886173	0.029644541110350028	-50.23744520024788
94911.89686387754	300	4.0	0.26994712435493695	163927	4269.947124354937	0.03839087352276395	-1.7607726347262287
94913.73541989832	300	6.161443979223825	0.0	137654	1838.556020776176	0.07487071290973617	0.3
94914.71130564611	300	9.185558231426418	0.0	146754	975.8857477974071	0.15038030869005578	0.3
94920.95154518652	1200	6.945318691007214	0.0	590335	6240.239540419203	0.0946013364032405	0.29999999999999993
94924.45885466784	300	7.438009209686149	0.0	181901	3507.3094813210655	0.05186340155288636	-0.6000000000000001
94926.91282839682	750	8.984035480713084	0.0	277716	2453.973728973065	0.11316991568455712	0.3
94929.6098180502	750	10.287045827319746	0.0	400396	2696.989653393339	0.14846033965915434	0.75
94937.87836146822	1200	6.018502409315913	0.0	641447	8268.543418003832	0.07757678318569636	0.75
94940.05678115015	300	7.840082727373256	0.0	157421	2178.4196819426584	0.0722638531523072	-0.6000000000000001
94943.4425345517	750	8.454329325824393	0.0	400322	3385.753401548864	0.11823719938282176	0.3
94946.46572168166	750	9.431142195863542	0.0	369834	3023.1871299608506	0.12233248690920076	0.75
94948.43195252154	1200	11.464911355988399	0.0	670129	1966.2308398751436	0.34081908716402465	0.75
94951.90697506888	1850	11.98988880863165	0.0	1026056	3475.0225473567493	0.2952659978509958	1.2000000000000002
94957.40133729929	1850	10.495526578231871	0.0	943942	5494.362230399778	0.1718019235749073	1.85
94959.66939817635	1200	12.22746570116895	0.0	487812	2268.060877062922	0.21507888299352151	0.5499999999999999
94972.83255681768	1850	4.0	0.9356929401575343	938587	13163.158641326483	0.07130408631962033	-2.8234796426773974
94974.01576036887	300	6.8167964488154995	0.0	144254	1183.203551184501	0.12191816011335312	-1.25
94980.89246428758	300	4.0	0.05990746988873434	149991	6876.703918704234	0.021811466913972146	0.04239787947844231
94981.39281211612	300	7.4996521714613085	0.0	147968	500.3478285386924	0.2957302731424915	0.3
94982.56511478839	750	10.327349499178991	0.0	384505	1172.3026722823172	0.327991233911819	0.3
94995.37766251643	1200	4.0	2.4851982288460492	599477	12812.547728025042	0.04678827448882447	-9.936352384038011
94996.12008199752	300	7.257580518919351	0.0	172312	742.4194810806489	0.23209520276756015	-0.6000000000000001
94997.73390878554	750	9.643753730895737	0.0	398987	1613.8267880236133	0.2472303737680689	0.3
95013.4617272873	1200	4.0	6.084064770867659	638661	15727.818501763395	0.04060709372557889	-25.411478514730934
95014.43648731065	300	7.025239976656087	0.0	137507	974.760023343914	0.1410675414532105	-0.6000000000000001
95016.13923455037	750	9.322492736930828	0.0	314107	1702.747239725259	0.18447071454403394	0.3

