17481.50547517607	750	4.0	1.1308570384459322	450283	1130.8570384459322	-4.112685265317508
17485.006368664966	2850	4.499106511103448	0.0	1431809	3500.893488896552	0.75
17487.91476126638	2850	5.590713909686602	0.0	1300868	2908.392601416846	2.85
17492.709226313338	2850	4.796248862730919	0.0	1520281	4794.465046955682	2.85
17497.321586522765	1850	4.183888653304193	0.0	996749	4612.360209426727	0.8500000000000001
17498.568103523332	1200	6.937371652735258	0.0	520315	1246.5170005689354	0.5499999999999999
17499.88656897728	1200	9.61890619879189	0.0	561791	1318.465453943367	1.2
17505.135029299796	2850	8.370445876274964	0.0	1638769	5248.460322516926	1.2000000000000002
17507.403373951645	1850	10.102101224425187	0.0	852833	2268.3446518497776	0.8500000000000001
17509.899331178716	1850	11.606143997353154	0.0	913888	2495.957227072033	1.85
17512.934479131916	1850	12.570996044155589	0.0	939819	3035.1479531975665	1.85
17515.34404020768	1850	14.161434968389417	0.0	917428	2409.561075766172	1.85
17517.41228603039	1850	16.093189145681656	0.0	946851	2068.2458227077605	1.85
17524.091443553356	4300	13.414031622718202	0.0	2275376	6679.157522963455	1.8499999999999996
17528.958355843624	2850	12.54711933244745	0.0	1231445	4866.912290270751	1.4000000000000001
17536.613121126	2850	8.892354050072102	0.0	1471065	7654.765282375347	2.85
17539.30206850053	1850	10.203406675540922	0.0	966699	2688.9473745311816	0.8500000000000001
17541.00153046145	1850	12.503944714622577	0.0	885714	1699.4619609183446	1.85
17550.9782277631	2850	6.527247412972936	0.0	1537156	9976.697301649641	1.85
17551.527501715	300	9.977973461071135	0.0	140881	549.2739519018016	-2.25
17553.220789001738	750	12.28468617433509	0.0	386472	1693.2872867360456	0.3
17558.09080681034	750	11.414668365728685	0.0	399894	4870.017808606403	0.75
17558.86420137582	300	14.641273800247742	0.0	163927	773.3945654809427	-0.15000000000000002
17559.754922215685	750	17.75055296038764	0.0	343800	890.7208398600993	0.3
17561.95948624847	1850	19.545988927602192	0.0	897976	2204.5640327854467	0.75
17564.61390692178	1850	20.891568254293457	0.0	905935	2654.4206733087367	1.85
17574.605428428615	1850	14.900046747456487	0.0	1076599	9991.521506836969	1.85
17575.608994324455	750	17.896480851616325	0.0	277716	1003.5658958401608	-0.3500000000000001
17576.873106056744	750	20.63236911932584	0.0	400396	1264.1117322904827	0.75
17588.605268004405	750	12.90020717166433	0.0	400508	11732.16194766151	0.75
17591.288324296296	300	14.217150879776597	0.0	157421	2683.056291887734	-0.15000000000000002
17592.252931578143	300	17.252543597927982	0.0	157488	964.6072818486135	0.3
17593.141108584136	300	20.364366591936033	0.0	143881	888.1770059919509	0.3
17594.0581479393	300	23.447327236767944	0.0	163444	917.0393551680904	0.3
17595.034324755914	300	26.471150420154505	0.0	179328	976.1768166134385	0.3
17602.076643678265	1850	23.42883149780261	0.0	943942	7042.318922351892	0.30000000000000004
17603.63072563636	1200	25.874749539706052	0.0	487812	1554.0819580965572	0.5499999999999999
17606.42111893378	1850	27.084356242288536	0.0	938587	2790.393297417513	1.2000000000000002
17611.448867592306	1850	26.056607583763906	0.0	908665	5027.74865852463	1.85
17617.74290770342	1850	23.762567472647433	0.0	930577	6294.0401111164765	1.85
17622.90690447809	1200	22.598570697977912	0.0	566904	5163.996774669519	0.5499999999999999
17626.357949187455	1200	23.147525988617296	0.0	641452	3451.044709360616	1.2
17628.522623741792	1200	24.982851434281425	0.0	599477	2164.6745543358716	1.2
17633.09453324061	1850	24.41094193545877	0.0	973972	4571.909498822658	1.2000000000000002
17639.583140013983	2850	21.922335162091127	0.0	1464921	6488.606773367642	1.85
17661.415963922864	2850	4.0895112532089986	0.0	1483527	21832.82390888213	2.85
17662.57655649353	300	6.9289186825442	0.0	137507	1160.5925706647988	-2.25
17662.913884784786	300	10.591590391284585	0.0	118421	337.32829125961484	0.3

