87928.72758725152	750	4.0	3.56893503648618	450283	3568.9350364861803	1	-14.596420656890574
87934.9174105998	300	4.0	2.18982334827955	398865	6189.82334827955	0	-8.666240397602065
87935.87100750186	300	7.046403097943754	0.0	139857	953.5969020562464	0	-0.15000000000000002
87936.92189143102	300	9.995519168784638	0.0	155432	1050.8839291591162	0	0.3
87938.34904366345	750	12.56836693636154	0.0	163442	1427.152232423097	1	0.3
87940.78799799542	750	14.12941260438081	0.0	318564	2438.95433198073	1	0.3
87943.45157490419	750	15.465835695616086	0.0	352642	2663.576908764723	1	0.75
87947.378147178	750	15.53926342180541	0.0	437162	3926.5722738106765	1	0.75
87950.2922507274	750	16.62515987239936	0.0	374758	2914.103549406047	1	0.75
87952.74815878423	750	18.169251815552666	0.0	362795	2455.908056846696	1	0.75
87955.3905010402	750	19.52690955960295	0.0	353220	2642.3422559497185	1	0.75
87958.16435563375	750	20.753054966039823	0.0	405134	2773.854593563124	1	0.75
87960.79818392944	750	22.119226670341916	0.0	386351	2633.8282956979083	1	0.75
87963.73227659949	750	23.185134000285743	0.0	434409	2934.0926700561718	1	0.75
87966.08251121739	750	24.834899382396067	0.0	337059	2350.2346178896764	1	0.75
87972.885067399	750	22.032343200791352	0.0	366214	6802.556181604715	1	0.75
87979.13599013082	750	19.7814204689778	0.0	360831	6250.922731813551	1	0.75
87982.5212395417	750	20.39617105808009	0.0	372963	3385.249410897709	1	0.75
87988.18066344726	750	18.736747152526167	0.0	405596	5659.423905553922	1	0.75
87990.5641524388	750	20.35325816098726	0.0	350713	2383.4889915389094	1	0.75
87995.05931749642	750	19.85809310336684	0.0	386472	4495.165057620416	1	0.75
87999.2944496831	750	19.622960916686846	0.0	399894	4235.1321866799935	1	0.75
88004.38577079482	750	18.531639804957415	0.0	401853	5091.32111172943	1	0.75
88007.3239833266	750	19.593427273188187	0.0	343800	2938.2125317692276	1	0.75
88009.68780620582	750	21.229604393968348	0.0	359903	2363.8228792198397	1	0.75
88012.43910725148	750	22.478303348312483	0.0	379700	2751.301045655866	1	0.75
88015.32859305174	750	23.588817548039426	0.0	425781	2889.485800273054	1	0.75
88017.1925694567	750	25.724841143092405	0.0	277716	1863.9764049470214	1	0.75
88021.66029527927	750	25.257115320510326	0.0	400396	4467.725822582079	1	0.75
88024.76482543748	750	26.152585162303843	0.0	400508	3104.530158206482	1	0.75
88029.35807688888	750	25.55933371090967	0.0	358218	4593.251451394174	1	0.75
88033.52910417819	750	25.388306421596788	0.0	400322	4171.027289312882	1	0.75
88036.02887121434	1850	26.888539385460984	0.0	369834	2499.7670361358046	3	0.75
88046.41641621193	1850	20.500994387861034	0.0	1035329	10387.544997599949	3	0.75
88054.58821230123	1850	16.329198298573896	0.0	1026056	8171.796089287138	3	1.85
88064.24426321835	750	10.67314738143357	0.0	943942	9656.050917140328	1	1.85
88071.17700253832	300	7.7404080614859385	0.0	321064	6932.739319947631	0	-0.3500000000000001
88072.05719989206	300	10.860210707734543	0.0	124011	880.197353751397	0	-0.15000000000000002
88073.06801787649	750	13.849392723297242	0.0	144254	1010.8179844373	1	0.3
88077.67693571349	750	13.240474886308952	0.0	390680	4608.917836988291	1	0.3
88080.25808176976	750	14.659328830024464	0.0	345516	2581.1460562844886	1	0.75
88084.54397370611	750	14.37343689368321	0.0	384505	4285.891936341254	1	0.75
88087.54280729097	750	15.374603308828611	0.0	372093	2998.8335848545994	1	0.75
88090.53187691829	750	16.38553368151069	0.0	438281	2989.0696273179224	1	0.75
88093.17147450247	750	17.74593609733187	0.0	398987	2639.5975841788168	1	0.75
88095.76495536002	750	19.152455239770042	0.0	393804	2593.48085756183	1	0.75
88098.01429532695	750	20.90311527284923	0.0	331053	2249.33996692081	1	0.75
88100.18473579384	750	22.732674805957796	0.0	314107	2170.4404668914344	1	0.75

