40159.56420779099	300	4.0	2.4401605237286854	181801	2440.1605237286853	-10.192690252033346
40161.49188184457	300	6.072325946416635	0.0	155580	1927.6740535833649	0.3
40162.679144938615	300	8.88506285237011	0.0	139857	1187.2630940465244	0.3
40164.76148361277	300	10.802724178222881	0.0	155432	2082.3386741472295	0.3
40168.51272567133	300	11.051482119659305	0.0	163442	3751.2420585635778	0.3
40169.55030470371	300	14.01390308727275	0.0	126289	1037.5790323865535	0.3
40179.36515373803	300	8.199054052954429	0.0	153295	9814.849034318322	0.3
40181.99051137305	300	9.573696417935619	0.0	173849	2625.35763501881	0.3
40182.313452407936	300	13.250755383052308	0.0	150710	322.9410348833105	0.3
40182.61768645118	300	16.946521339807383	0.0	139105	304.2340432449268	0.3
40182.926329251175	300	20.637878539808387	0.0	141840	308.64279999899657	0.3
40183.25803621631	300	24.30617157467695	0.0	156148	331.706965131439	0.3
40183.59715505111	300	27.96705273987267	0.0	160746	339.11883480427736	0.3
40183.96699010528	300	31.597217685708685	0.0	179801	369.83505416398464	0.3
40184.27274907865	300	35.291458712339676	0.0	140051	305.75897336900357	0.3
40184.57570643621	300	38.98850135478003	0.0	138313	302.95735755965325	0.3
40184.88703962562	300	42.677168165376074	0.0	143509	311.3331894039481	0.3
40187.085757894674	300	44.478449896318715	0.0	150616	2198.7182690573636	0.3
40187.56414473374	750	48.00006305725007	0.0	405596	478.3868390686508	0.3
40188.22055311611	1200	51.343654674888775	0.0	586839	656.4083823612857	0.75
40189.176309532	1850	54.38789825899472	0.0	891604	955.7564158940555	1.2000000000000002
40194.57923336043	1850	52.98497443056141	0.0	955231	5402.923828433312	1.85
40200.08830408568	1850	51.47590370531729	0.0	968026	5509.070725244115	1.85
40201.158443502514	1850	54.405764288480015	0.0	874175	1070.1394168372758	1.85
40220.19771258008	2850	39.36649521091848	0.0	1383735	19039.269077561537	1.85
40223.4941810419	2850	40.07002674909679	0.0	1480464	3296.46846182169	2.85
40227.22075993849	2850	40.3434478524987	0.0	1547572	3726.5788965980887	2.85
40230.78311558061	2850	40.78109221037751	0.0	1141971	3562.3556421211915	2.85
40236.82517996968	2850	38.739027821302145	0.0	1498470	6042.064389075365	2.85
40238.7943187716	2850	40.769889019385964	0.0	1561263	1969.1388019161807	2.85
40251.967260241705	2850	31.596947549283716	0.0	1341201	13172.941470102245	2.85
40271.304906369376	1850	16.25930142161562	0.0	954453	19337.646127668093	0.8500000000000001
40271.99706121784	1200	19.567146573149216	0.0	584349	692.1548484664048	0.5499999999999999
40272.779077849074	1200	22.785129941910107	0.0	670129	782.016631239111	1.2
40282.20878573701	1200	17.355422053967427	0.0	690253	9429.707887942675	1.2
40293.06265724454	750	10.501550546438315	0.0	365161	10853.871507529113	0.3
40293.343258405956	300	14.22094938502717	0.0	131610	280.60116141114446	-0.15000000000000002
40293.612277102315	300	17.95193068866855	0.0	124011	269.01869635861584	0.3
40293.91215036376	300	21.65205742722791	0.0	144254	299.87326144064457	0.3
40294.22076801288	300	25.34343977810384	0.0	149991	308.61764912407085	0.3
40294.52630218697	300	29.037905604016125	0.0	147968	305.53417408771537	0.3
40294.85300610143	300	32.71120168955276	0.0	161857	326.70391446336606	0.3
40295.50015364305	750	36.0640541479301	0.0	372093	647.14754162265	0.3
40298.09147312455	1200	37.47273466643248	0.0	634861	2591.3194814976223	0.75
40299.0345285405	1200	40.5296792504791	0.0	630203	943.0554159533774	1.2
40300.177272784276	1200	43.386935006699424	0.0	638661	1142.7442437796765	1.2
40301.74038872465	1200	45.82381906632907	0.0	538612	1563.1159403703473	1.2
40308.872524423554	1200	42.69168336741857	0.0	550906	7132.1356989105025	1.2

