51189.675847998966	300	4.0	5.722219901247372	450283	5722.219901247372	0	-23.8555455753637
51190.29921472214	300	7.376633276837409	0.0	155580	623.3667231625914	0	-0.15000000000000002
51191.74438188646	300	9.93146611250825	0.0	139857	1445.1671643291602	0	0.3
51192.229308271104	750	13.4465397278642	0.0	155432	484.926384644049	1	0.3
51193.268851968474	1850	16.406996030493925	0.0	411561	1039.5436973702738	3	0.3
51201.294147802204	1850	12.381700196764951	0.0	801058	8025.295833728976	3	0.75
51205.40293652329	1850	12.272911475675103	0.0	905515	4108.788721089849	3	1.85
51216.56948411987	750	5.106363879103093	0.0	1060487	11166.54759657201	1	1.85
51217.65605630143	750	8.019791697546633	0.0	374758	1086.5721815564598	1	-0.3500000000000001
51218.45594897185	1850	11.219899027125589	0.0	362795	799.8926704210458	3	0.75
51222.01567955391	1850	11.660168445069823	0.0	939819	3559.7305820557654	3	0.75
51226.55940437191	1850	11.116443627068422	0.0	917428	4543.724818001401	3	1.85
51239.51406243624	300	4.0	1.8382144372622806	946851	12954.658064330702	0	-6.054322080227806
51240.10869214623	750	7.405370290009617	0.0	179801	594.6297099903833	1	-1.25
51241.15342857939	750	10.36063385684379	0.0	337059	1044.7364331658257	1	0.3
51245.93241986053	300	9.581642575696915	0.0	366214	4778.991281146878	0	0.75
51246.24399322063	1850	13.270069215593121	0.0	143509	311.5733601037941	3	-0.15000000000000002
51248.07996257802	1850	15.434099858209542	0.0	885714	1835.969357383579	3	0.30000000000000004
51252.40396249865	1850	15.110099937577237	0.0	987708	4323.999920632304	3	1.85
51259.3084482642	1850	12.205614172024125	0.0	923755	6904.485765553112	3	1.85
51277.83484337055	300	4.0	6.320780934322808	891604	18526.395106346932	0	-25.32935801758807
51280.13397299499	300	5.7008703755592895	0.0	157812	2299.1296244407104	0	-1.25
51284.684433288625	300	5.150410081925124	0.0	163927	4550.460293634165	0	0.3
51285.129506207355	750	8.705337163198413	0.0	137654	445.0729187267103	1	0.3
51286.16400690234	1850	11.670836468205902	0.0	359903	1034.5006949925119	3	0.3
51289.89985574408	1850	11.934987626472248	0.0	905935	3735.848841733653	3	0.75
51292.11068000763	1850	13.72416336291844	0.0	1076599	2210.824263553807	3	1.85
51294.25998784858	1850	15.574855521968962	0.0	758197	2149.3078409494783	3	1.85
51296.34164246135	1850	17.49320090919717	0.0	972798	2081.654612771793	3	1.85
51302.15725755543	1850	15.677585815117105	0.0	975811	5815.615094080065	3	1.85
51305.26106634142	1850	16.573777029124624	0.0	873429	3103.808785992482	3	1.85
51306.99848424327	1850	18.83635912728328	0.0	954453	1737.4179018413417	3	1.85
51308.684638809806	1850	21.15020456074359	0.0	885062	1686.154566539693	3	1.85
51311.89622693259	1850	21.93861643795804	0.0	1035329	3211.5881227855493	3	1.85
51319.41485561479	1850	18.419987755762815	0.0	1026056	7518.628682195228	3	1.85
51321.55267820369	1850	20.282165166866935	0.0	943942	2137.8225888958764	3	1.85
51323.71592621272	1850	22.118917157836464	0.0	728962	2163.2480090304725	3	1.85
51330.67283737541	1850	19.162005995149684	0.0	938587	6956.911162686777	3	1.85
51332.11732878591	1850	21.717514584646235	0.0	908665	1444.491410503448	3	1.85
51333.50634771547	1850	24.328495655089128	0.0	930577	1389.0189295571085	3	1.85
51335.08294439042	1850	26.751898980134325	0.0	858450	1576.596674954806	3	1.85
51344.19573315249	1850	21.639110218072695	0.0	1025005	9112.788762061627	3	1.85
51345.868514841386	1850	23.96632852917178	0.0	886255	1672.7816889009164	3	1.85
51350.23167258872	1850	23.603170781836234	0.0	973972	4363.157747335547	3	1.85
51356.431941134644	1850	21.402902235913867	0.0	958994	6200.268545922366	3	1.85
51365.50654962078	1850	16.3282937497743	0.0	982064	9074.608486139568	3	1.85
51372.10623040489	1850	13.728612965669276	0.0	830730	6599.680784105026	3	1.85
51376.97914149223	1850	12.855701878325727	0.0	846370	4872.91108734355	3	1.85

