22624.855374819035	750	4.0	4.137490511157565	450283	4137.4905111575645	0.10882997768471553	-17.04120919797753
22625.33634750253	300	7.5190273165056825	0.0	155580	480.97268349431727	0.3234695136316161	-0.15000000000000002
22626.320487038727	750	10.534887780305603	0.0	350812	984.13953620008	0.35646571151337053	0.3
22632.775060392523	1200	8.080314426507933	0.0	617681	6454.57335379767	0.09569664269700734	0.75
22645.26376582472	750	4.0	4.408391005688958	411561	12488.70543219689	0.03295465668835158	-18.656081324462516
22645.886343443803	300	7.377422380918637	0.0	126289	622.5776190813631	0.20284860253464335	-0.15000000000000002
22650.970356396836	750	6.2934094278875605	0.0	352642	5084.012953031076	0.06936292319824947	0.3
22651.208733487387	300	10.055032337336089	0.0	173849	238.37709055147226	0.7293024660960914	-0.15000000000000002
22651.821530385274	1200	13.442235439449611	0.0	584846	612.7968978864781	0.9543879905677067	0.29999999999999993
22655.140196107302	2850	14.123569717422637	0.0	1429765	3318.6657220269735	0.4308252532064991	1.2000000000000002
22657.80503219874	2850	15.458733625986639	0.0	1354548	2664.836091435999	0.5083044335646457	2.85
22660.14814915317	4300	17.115616671556054	0.0	2102452	2343.116954430585	0.8972885438025135	2.8499999999999996
22682.217400769507	4300	4.0	4.953634944781985	2209463	22069.25161633804	0.10011499431019752	-17.000630262562535
22682.472337427225	300	7.745063342278943	0.0	179801	254.9366577210569	0.7052771524004688	-3.7
22682.880277621745	750	11.337123147759437	0.0	337059	407.940194519506	0.826246112857318	0.3
22685.191691694585	1850	13.025709074921654	0.0	923170	2311.4140728377847	0.399396201160357	0.75
22712.527700365223	2850	4.0	14.310299595718242	1491626	27336.008670639894	0.054566342071806315	-59.684288261588435
22712.912567528878	300	7.615132836346548	0.0	150616	384.86716365345245	0.39134541531222916	-2.25
22713.81354871354	750	10.714151651683657	0.0	405596	900.9811846628891	0.45017144298274964	0.3
22715.037863359405	1200	13.489837005818199	0.0	586839	1224.3146458654594	0.47932041161295397	0.75
22717.877081130202	2850	14.650619235016867	0.0	1415116	2839.217770801332	0.4984175622430689	1.2000000000000002
22720.81965872029	2850	15.708041644928512	0.0	1468126	2942.577590088357	0.4989251617171177	2.85
22724.067261211414	4300	16.460439153807265	0.0	2221506	3247.602491121249	0.6840449242397937	2.8499999999999996
22731.18284768642	4300	13.344852678799631	0.0	2044075	7115.586475007632	0.2872672557883302	4.3
22734.97985929478	2850	13.547841070440418	0.0	1383735	3797.0116083592134	0.36442738203740904	1.4000000000000001
22738.072668700544	2850	14.455031664674024	0.0	1480464	3092.809405766394	0.47867935128486944	2.85
22740.116954203484	2850	16.410746161737325	0.0	1547572	2044.2855029367001	0.757023418586518	2.85
22743.428735540474	4300	17.09896482474555	0.0	1972048	3311.7813369917744	0.5954644341921714	2.8499999999999996
22751.831448559224	4300	12.696251805996113	0.0	2134614	8402.713018749439	0.2540386652783354	4.3
22770.36176017201	1850	4.0	5.834059806790147	975811	18530.31161278626	0.052660258520783446	-25.686457169197627
22771.118090742155	300	7.243669429852107	0.0	157421	756.330570147893	0.20813782519622057	-1.25
22776.524676432706	750	5.837083739300932	0.0	400322	5406.585690551175	0.07404340241931671	0.3
22776.735752562945	300	9.626007609063564	0.0	143881	211.0761302373691	0.681654528336275	-0.15000000000000002
22777.426242593454	1200	12.935517578553364	0.0	670129	690.4900305101988	0.9705122020441712	0.29999999999999993
22778.440983454904	1850	15.920776717099567	0.0	1026056	1014.7408614537985	1.0111507666400568	1.2000000000000002
22783.65762298725	4300	14.704137184754138	0.0	2143948	5216.63953234543	0.41098258499683404	1.8499999999999996
22784.48528691278	2850	17.87647325922633	0.0	1139291	827.663925527806	1.3765140232171744	1.4000000000000001
22807.20121940458	4300	4.0	4.839459232572103	2147467	22715.932491798434	0.09453571852158572	-17.959674700060038
22807.421570752027	300	7.779648652549801	0.0	144254	220.35134745019963	0.654654494602544	-3.7
22807.88168128222	750	11.31953812236108	0.0	390680	460.1105301887225	0.84910032343697	0.3
22808.79690674715	1850	14.40431265742684	0.0	858450	915.22546493424	0.9379655974297881	0.75
22834.60858327939	2850	4.0	11.407363874812242	1527299	25811.676532239082	0.05917085618566411	-47.20166466169264
22835.32349143925	300	7.285091840141944	0.0	145210	714.9081598580563	0.2031169990126161	-2.25
22838.179764469383	750	8.428818810005023	0.0	438281	2856.2730301369206	0.15344506473143088	0.3
22839.067368143795	750	11.541215135597257	0.0	398987	887.6036744077657	0.44951030680017795	0.75
22841.07743294739	1850	13.531150332001761	0.0	982064	2010.0648035954948	0.4885733028324944	0.75
22843.55854725827	2850	15.050036021118467	0.0	1231456	2481.114310883295	0.4963318274366781	1.85
22847.793685936802	4300	14.814897342591637	0.0	2155012	4235.138678526829	0.5088409527004225	2.8499999999999996

