87503.0718561496	750	4.0	3.2763127901992055	450283	3276.3127901992057	-13.338144997856583
87504.24794202951	750	6.823914120100037	0.0	398865	1176.0858798999632	0.75
87505.15366387049	750	9.91819227912711	0.0	350812	905.7218409729254	0.75
87509.24910636245	750	9.82274978716138	0.0	382355	4095.4424919657304	0.75
87516.4050823287	1850	6.666773820917275	0.0	996749	7155.975966244105	0.75
87517.28948979803	750	9.782366351581674	0.0	318564	884.4074693356014	-0.3500000000000001
87524.90008425142	750	6.171771898180665	0.0	352642	7610.594453401009	0.75
87528.67924912465	300	6.392607024956875	0.0	173849	3779.16487322379	-0.15000000000000002
87536.49606409147	300	4.0	1.4242079418544253	150710	7816.8149668113	-5.824094149974029
87538.74419136361	300	5.751872727836536	0.0	139105	2248.127272163464	0.3
87540.58401059256	300	7.912053498889594	0.0	141840	1839.8192289469418	0.3
87545.00835950025	300	7.487704591206315	0.0	156148	4424.348907683279	0.3
87552.66123443193	300	4.0	0.16517034047829385	160746	7652.874931684609	-0.4102324640566635
87553.71502865404	300	6.946205777876769	0.0	179801	1053.7942221232306	0.3
87554.55353864343	300	10.107695788485273	0.0	140051	838.5099893914971	0.3
87556.32514100648	750	12.33609342543117	0.0	366214	1771.6023630541044	0.3
87561.17908176656	750	11.482152665360355	0.0	360831	4853.940760070814	0.75
87562.80684641628	750	13.854388015636111	0.0	372963	1627.7646497242422	0.75
87574.26048873371	750	6.400745698213299	0.0	405596	11453.642317422813	0.75
87575.26815837115	300	9.393076060767607	0.0	140881	1007.6696374456914	-0.15000000000000002
87576.17155085709	300	12.48968357481611	0.0	157671	903.3924859514966	0.3
87579.67814213908	750	12.98309229283404	0.0	399894	3506.591281982069	0.3
87583.60309561653	750	13.05813881537708	0.0	401853	3924.9534774569615	0.75
87592.04129241382	750	8.619942018091036	0.0	343800	8438.196797286042	0.75
87592.51225790709	300	12.14897652481726	0.0	146754	470.96549327377863	-0.15000000000000002
87593.60190528835	750	15.05932914355873	0.0	379700	1089.6473812585298	0.3
87597.09075548554	1850	15.57047894637552	0.0	1076599	3488.8501971832084	0.75
87602.9721666954	1850	13.689067736505562	0.0	758197	5881.411209869959	1.85
87620.40659341775	1850	4.0	3.745358985842546	972798	17434.426722348107	-14.255043639122947
87624.0521031549	300	4.354490262856449	0.0	149029	3645.509737143552	-1.25
87624.56632496459	300	7.840268453175732	0.0	157421	514.2218096807169	0.3
87625.75055212167	750	10.656041296093742	0.0	400322	1184.2271570819898	0.3
87636.20057531088	1850	4.20601810688383	0.0	885062	10450.023189209911	0.75
87642.05159529478	750	4.0	1.645001877005967	412837	5851.019983889797	-7.423508071125658
87645.06948407112	300	4.982111223652468	0.0	179328	3017.8887763475327	-0.15000000000000002
87645.83771744056	300	8.2138778542069	0.0	159914	768.2333694455656	0.3
87646.48413685196	300	11.567458442818712	0.0	131610	646.4194113881891	0.3
87648.32611838898	750	13.725476905787305	0.0	361565	1841.981537031407	0.3
87655.28719288044	750	10.764402414336017	0.0	378327	6961.074491451289	0.75
87655.83392602556	300	14.217669269212449	0.0	149991	546.7331451235684	-0.15000000000000002
87656.98908233074	750	17.062512964030706	0.0	345516	1155.1563051817432	0.3
87666.16990678429	1850	11.88168851047958	0.0	1025005	9180.824453551126	0.75
87669.02770650429	750	13.023888790480594	0.0	372093	2857.799719998986	-0.3500000000000001
87672.53064913467	750	13.520946160101904	0.0	438281	3502.9426303786904	0.75
87679.1008862257	750	10.950709069060922	0.0	398987	6570.23709104098	0.75
87681.61878396015	750	12.432811334611975	0.0	393804	2517.8977344489476	0.75
87682.14461539697	750	15.906979897785977	0.0	331053	525.8314368259978	0.75
87683.36442791397	1850	18.687167380798005	0.0	846370	1219.8125169879743	0.75

