18369.181749073014	300	4.0	1.6588101385832674	181801	1658.8101385832674	-6.83288359590805
18370.880775641213	300	6.300973431800074	0.0	155580	1699.0265681999267	0.3
18375.19608276615	300	5.985666306865182	0.0	139857	4315.307124934891	0.3
18376.45403179603	300	8.727717276983196	0.0	155432	1257.9490298819862	0.3
18377.392097603224	300	11.789651469790234	0.0	163442	938.0658071929623	0.3
18378.48755676261	300	14.694192310403134	0.0	126289	1095.4591593871014	0.3
18380.602666523166	750	16.579082549845893	0.0	352642	2115.1097605572404	0.3
18383.88807664047	750	17.293672432545485	0.0	437162	3285.4101173004087	0.75
18388.237545153588	750	16.94420391942478	0.0	374758	4349.468513120705	0.75
18394.8049451796	750	14.376803893411804	0.0	362795	6567.400026012978	0.75
18398.30714170504	750	14.874607367971915	0.0	353220	3502.1965254398874	0.75
18400.771155206232	750	16.410593866777162	0.0	405134	2464.0135011947527	0.75
18409.87924664283	750	11.302502430177611	0.0	386351	9108.09143659955	0.75
18411.74498127972	300	13.436767793288418	0.0	179801	1865.734636889194	-0.15000000000000002
18414.817216000713	750	14.364533072292796	0.0	337059	3072.234720995623	0.3
18418.525778800366	750	14.65597027264051	0.0	366214	3708.5627996522876	0.75
18421.70297170964	750	15.478777363361981	0.0	360831	3177.192909278527	0.75
18424.11082600929	750	17.070923063712804	0.0	372963	2407.8542996491738	0.75
18427.50899903598	750	17.672750037023956	0.0	405596	3398.173026688849	0.75
18430.51036424255	750	18.67138483045457	0.0	350713	3001.365206569386	0.75
18434.484411834597	1200	18.697337238406703	0.0	601738	3974.047592047866	0.75
18438.615676790287	1200	18.56607228271888	0.0	616206	4131.264955687826	1.2
18441.293661281332	750	19.888087791672977	0.0	401853	2677.984491045903	0.3
18444.586708837964	1200	20.595040235041658	0.0	536667	3293.0475566313194	0.75
18447.07420938171	1200	22.107539691296033	0.0	587236	2487.500543745628	1.2
18451.52338373527	1850	21.658365337732544	0.0	905935	4449.174353563489	1.2000000000000002
18457.513296353736	1200	19.668452719271198	0.0	696376	5989.912618461345	0.5499999999999999
18458.531992141165	750	22.64975693183991	0.0	277716	1018.695787431285	0.3
18464.374523828796	1850	20.807225244206833	0.0	972798	5842.531687633076	0.75
18468.633201144272	1200	20.548547928734237	0.0	641447	4258.677315472596	0.5499999999999999
18475.9242219462	1200	17.257527126805975	0.0	570392	7291.020801928262	1.2
18478.20697237954	750	18.974776693466584	0.0	400322	2282.7504333393895	0.3
18481.963928986366	1200	19.21782008663832	0.0	584349	3756.9566068282675	0.75
18492.82789744058	1200	12.353851632426395	0.0	670129	10863.968454211925	1.2
18496.420019996847	750	12.761729076156309	0.0	401088	3592.1225562700865	0.3
18500.30038390784	750	12.88136516516646	0.0	365161	3880.3639109898486	0.75
18507.953431714777	750	9.228317358230884	0.0	321064	7653.047806935577	0.75
18509.26507524321	300	11.916673829800756	0.0	124011	1311.6435284301303	-0.15000000000000002
18510.755700586426	300	14.426048486582063	0.0	144254	1490.6253432186913	0.3
18513.936249688293	750	15.245499384716926	0.0	390680	3180.549101865137	0.3
18517.798799895954	750	15.382949177058324	0.0	345516	3862.5502076586035	0.75
18520.53412482938	750	16.647624243630975	0.0	384505	2735.324933427348	0.75
18522.66149020582	750	18.52025886719366	0.0	372093	2127.3653764373134	0.75
18528.613008080676	1200	16.56874099233806	0.0	634861	5951.517874855599	0.75
18531.216959028716	750	17.96479004429782	0.0	398987	2603.9509480402403	0.3
18534.13659371343	750	19.045155359585436	0.0	393804	2919.634684712384	0.75
18537.390046432276	1200	19.791702640739175	0.0	538612	3253.45271884626	0.75
18540.85084397342	1200	20.330905099593053	0.0	550906	3460.797541146121	1.2

