74710.76959333367	750	4.0	1.2429590023869639	450283	1242.959002386964	0.3622669767347771	-4.594723710263945
74711.05730391477	300	7.712289418887828	0.0	155580	287.71058111217184	0.5407517492008501	-0.15000000000000002
74711.6543159403	750	11.115277393366538	0.0	350812	597.0120255212913	0.5876129541841012	0.3
74720.54987737445	1850	6.219715959210547	0.0	933276	8895.56143415599	0.10491479451949276	0.75
74721.10156899077	300	9.668024342878814	0.0	163442	551.6916163317328	0.29625608793323066	-1.25
74722.33409280666	1200	12.435500526974531	0.0	520315	1232.5238159042844	0.4221541144162416	0.29999999999999993
74724.77013290898	1850	13.999460424676453	0.0	905515	2436.0401022980777	0.3717159660654879	1.2000000000000002
74736.07080431424	2850	6.69878901940741	0.0	1638769	11300.671405269044	0.14501518902991098	1.85
74736.73766479296	300	10.031928540682038	0.0	150710	666.8604787253706	0.22599929791620782	-2.25
74740.56984165387	1200	10.199751679783985	0.0	560821	3832.1768608980524	0.1463452811174728	0.29999999999999993
74745.12231506895	1200	9.647278264707795	0.0	607410	4552.47341507619	0.13342417288774755	1.2
74746.2739891397	1200	12.495604193949273	0.0	594078	1151.6740707585209	0.5158386518233632	1.2
74750.28250506453	1850	12.487088269121212	0.0	946851	4008.515924828062	0.23620986363940003	1.2000000000000002
74756.44447430916	1850	10.325119024498667	0.0	1036454	6161.969244622545	0.16820174831357643	1.85
74759.65916695395	1200	11.110426379709843	0.0	526950	3214.6926447888227	0.163919247724728	0.5499999999999999
74766.20304383969	1850	8.566549493973923	0.0	923170	6543.876885735919	0.14107386433450317	1.2000000000000002
74777.89767162649	750	4.0	3.128078292830105	360831	11694.627786804029	0.030854423636052283	-13.80073665916945
74783.31418317939	300	4.0	1.4165115529066916	150616	5416.511552906692	0.027806827056276493	-6.240999677498774
74784.6773409529	300	6.636842226492178	0.0	165384	1363.1577735078224	0.12132418067383083	0.3
74788.02172208567	300	7.2924610937294965	0.0	140881	3344.3811327626804	0.04212468448045063	0.3
74795.03430769722	750	4.279875482180584	0.0	386472	7012.585611548912	0.05511119883706312	0.3
74802.33446897559	300	4.0	3.0202857961887304	157812	7300.1612783693145	0.02161760459561402	-13.137228923611538
74803.36675589024	300	6.967713085358993	0.0	163927	1032.2869146410076	0.15879984302330127	0.3
74803.65200071604	300	10.68246825955147	0.0	137654	285.2448258075232	0.48258193504581154	0.3
74804.6075811607	1200	13.726887814901065	0.0	587236	955.580444650404	0.6145332957444921	0.29999999999999993
74815.00128573811	2850	7.333183237491725	0.0	1480464	10393.70457740934	0.14243852987872874	1.2000000000000002
74821.81558015755	750	4.518888818046638	0.0	425781	6814.2944194450865	0.06248350508381364	-1.35
74823.13246802504	300	7.202000950547368	0.0	111155	1316.8878674992704	0.084407338501098	-0.15000000000000002
74830.58051594967	750	4.0	0.2460469740764047	400396	7448.047924623773	0.0537585155267681	-0.7580019885285401
74831.07407078076	300	7.506445168905014	0.0	149029	493.554831094986	0.3019502406031944	-0.15000000000000002
74831.65754217096	750	10.922973778699108	0.0	358218	583.4713902059059	0.6139426988418156	0.3
74834.80309265206	1200	11.777423297608715	0.0	620283	3145.5504810903935	0.19719378332309617	0.75
74842.03762872967	1850	8.542887219993329	0.0	885062	7234.5360776153875	0.12233845964753691	1.2000000000000002
74842.84823502402	750	11.732280925646679	0.0	412837	810.6062943466496	0.5092940961342368	-0.3500000000000001
74850.29896238151	1850	8.281553568156253	0.0	1026056	7450.727357490424	0.1377121924839294	0.75
74850.91643360096	750	11.66408234871022	0.0	365161	617.4712194460326	0.5913814093677209	-0.3500000000000001
74852.06937429034	1850	14.511141659343561	0.0	728962	1152.9406893666599	0.6322632263073634	0.75
74865.12097045666	2850	5.4595454930089256	0.0	1499009	13051.596166334635	0.11485254224050793	1.85
74865.46119431852	300	9.119321631153749	0.0	144254	340.2238618551767	0.4239973034619326	-2.25
74866.601012973	1200	11.979502976675624	0.0	587506	1139.818654478125	0.5154381336818832	0.29999999999999993
74870.43455123616	1850	12.145964713509885	0.0	858450	3833.538263165737	0.22393150689230154	1.2000000000000002
74876.1889528181	1850	10.391563131572054	0.0	1025005	5754.401581937831	0.17812538548184242	1.85
74879.93716875861	1200	10.643347191064825	0.0	599477	3748.2159405072302	0.15993662305349338	0.5499999999999999
74881.92849876083	1200	12.652017188856886	0.0	634861	1991.330002207939	0.3188125520612261	1.2
74904.77622638056	1850	4.0	10.195710430879227	958994	22847.727619736113	0.04197327699108294	-42.64155485278067
74908.31716234739	300	4.459064033167822	0.0	160064	3540.935966832177	0.04520386742356085	-1.25
74910.17194790785	300	6.604278472714623	0.0	137507	1854.7855604531999	0.07413633302515113	0.3
74913.95842430496	300	6.817802075608564	0.0	118421	3786.4763971060584	0.031274722877054566	0.3

