23056.473460148463	300	4.0	2.7314460020891	181801	2731.4460020891	-11.445217808983129
23056.971346801143	300	7.502113347322652	0.0	155580	497.88665267734825	0.3
23058.784941705286	300	9.688518443178175	0.0	139857	1813.5949041444785	0.3
23077.542743863487	300	4.0	9.069283715021516	155432	18757.80215819969	-38.69791997459252
23091.131125703425	300	4.0	9.588381839937036	163442	13588.381839937036	-40.930041911729255
23092.12340336597	300	7.007722337454228	0.0	126289	992.2776625457724	0.3
23093.034904340628	300	10.096221362795358	0.0	153295	911.5009746588694	0.3
23113.474360323096	300	4.0	10.34323461967423	173849	20439.45598246959	-44.175908864599194
23125.250404045913	300	4.0	7.776043722816868	150710	11776.043722816868	-33.13698800811253
23129.238854519197	300	4.011549526718426	0.0	139105	3988.4504732815744	0.3
23130.003611085045	300	7.246792960869881	0.0	141840	764.7565658485448	0.3
23130.83744193843	300	10.41296210748495	0.0	156148	833.8308533849307	0.3
23131.42040554409	300	13.829998501823658	0.0	160746	582.9636056612915	0.3
23132.276424284	750	16.973979761913135	0.0	434409	856.0187399105223	0.3
23132.95853911232	750	20.29186493359351	0.0	337059	682.1148283196267	0.75
23137.54046168688	1200	19.70994235903401	0.0	587876	4581.922574559501	0.75
23143.980608256385	1200	17.26979578952731	0.0	617242	6440.146569506698	1.2
23145.68839066837	750	19.562013377540755	0.0	372963	1707.7824119865554	0.3
23173.76982884623	1200	4.0	8.51942480031956	639204	28081.438177860317	-35.88352664137411
23178.795437762474	300	4.0	1.0256089162417612	140881	5025.608916241761	-5.010118339839574
23192.318958105963	300	4.0	9.523520343491155	157671	13523.520343491155	-40.651137477011964
23199.3491552457	300	4.0	3.030197139739147	157812	7030.197139739147	-12.72984770087833
23204.33865255308	300	4.0	0.989497307377108	163927	4989.497307377108	-3.954838421721564
23204.851476457945	300	7.487176095137055	0.0	137654	512.823904862945	0.3
23205.392913389194	300	10.94573916388728	0.0	146754	541.4369312497756	0.3
23205.956938889845	300	14.381713663234978	0.0	153938	564.0255006523023	0.3
23230.609088262183	750	4.0	10.270435709099308	425781	24652.149372334286	-43.86287354912702
23230.967302511777	300	7.641785750405144	0.0	111155	358.21424959485626	-0.15000000000000002
23231.431766546764	300	11.177321715417802	0.0	153605	464.46403498734105	0.3
23231.88477713021	300	14.724311131972415	0.0	149029	453.0105834453855	0.3
23238.093100826376	750	12.51598743580783	0.0	358218	6208.323696164585	0.3
23244.431535793574	300	10.177552468609596	0.0	157488	6338.434967198235	-0.15000000000000002
23246.3791327123	300	12.229955549881444	0.0	143881	1947.596918728151	0.3
23247.269340063845	300	15.33974819833682	0.0	163444	890.2073515446245	0.3
23257.52468722076	750	9.084401041422678	0.0	401088	10255.347156914142	0.3
23265.14728014325	300	5.461808118930756	0.0	159914	7622.592922491921	-0.15000000000000002
23265.6538755	300	8.955212762178599	0.0	131610	506.59535675215756	0.3
23266.13583976401	300	12.473248498169847	0.0	124011	481.9642640087517	0.3
23266.683418873446	300	15.92566938873344	0.0	144254	547.5791094364085	0.3
23267.760581921255	750	18.84850634092751	0.0	390680	1077.1630478059287	0.3
23268.48182344841	750	22.127264813771102	0.0	345516	721.2415271564057	0.75
23276.693297584057	1200	17.915790678122946	0.0	641452	8211.474135648157	0.75
23288.794141896324	750	9.814946365858868	0.0	372093	12100.844312264078	0.3
23289.499543122885	300	13.109545139297644	0.0	172312	705.4012265612233	-0.15000000000000002
23305.60723122856	750	4.0	2.998142966380159	398987	16107.688105677804	-12.592014755434683
23311.933663634012	300	4.0	2.326432405452767	160064	6326.432405452767	-10.153659343446897
23320.984063852648	300	4.0	5.050400218634764	137507	9050.400218634764	-21.416720940129483
23332.174399303924	300	4.0	7.190335451276517	118421	11190.335451276516	-30.61844244048902

