51563.70816883872	300	4.0	1.927613559668803	450283	1927.6135596688032	0	-7.538738306575853
51564.2679078449	750	7.4402609938182955	0.0	155580	559.7390061817044	1	-0.15000000000000002
51565.434249147664	750	10.273919691061163	0.0	350812	1166.3413027571335	1	0.3
51566.53359435445	1850	13.174574484272497	0.0	382355	1099.345206788665	3	0.75
51570.17513306577	1850	13.533035772947029	0.0	996749	3641.538711325469	3	0.75
51571.894557593194	1850	15.81361124552688	0.0	801058	1719.4245274201467	3	1.85
51573.77834972461	1850	17.929819114110497	0.0	905515	1883.7921314163823	3	1.85
51579.73113114344	1850	15.977037695288258	0.0	1060487	5952.78141882224	3	1.85
51581.33602454587	1850	18.372144292853292	0.0	852833	1604.8934024349674	3	1.85
51582.843575026905	1850	20.864593811815066	0.0	913888	1507.5504810382267	3	1.85
51584.38568848758	1850	23.322480351143096	0.0	939819	1542.1134606719725	3	1.85
51585.786820098976	1850	25.921348739754357	0.0	917428	1401.131611388735	3	1.85
51587.19183222518	1850	28.516336613545857	0.0	946851	1405.0121262085017	3	1.85
51588.67241174127	1850	31.035757097463254	0.0	1036454	1480.5795160826033	3	1.85
51589.74622506039	1850	33.96194377833017	0.0	821631	1073.8133191330799	3	1.85
51590.94285605633	4300	36.765312782391504	0.0	923170	1196.6309959386701	5	1.85
51593.70226264798	4300	38.00590619074545	0.0	2289689	2759.4065916460513	5	1.8499999999999996
51596.14367100096	4300	39.56449783776466	0.0	2059512	2441.4083529807867	5	4.3
51598.730248887055	4300	40.97791995166887	0.0	2220726	2586.577886095788	5	4.3
51601.00480762353	4300	42.703361215186185	0.0	2156729	2274.558736482692	5	4.3
51603.171708863425	4300	44.536459975302485	0.0	2039773	2166.9012398837012	5	4.3
51605.450367343175	4300	46.257801495552144	0.0	2176469	2278.658479750338	5	4.3
51610.976079766195	4300	44.732089072530826	0.0	2221506	5525.712423021318	5	4.3
51613.24150613225	4300	46.466662706473414	0.0	2044075	2265.4263660574143	5	4.3
51616.10095823593	4300	47.607210602792264	0.0	2186790	2859.4521036811516	5	4.3
51618.23751622281	4300	49.470652615914524	0.0	2105231	2136.557986877743	5	4.3
51621.128398435896	4300	50.57977040282756	0.0	2395588	2890.8822130869557	5	4.3
51624.39504505064	4300	51.313123788091495	0.0	1972048	3266.6466147360675	5	4.3
51626.88216801311	4300	52.82600082561626	0.0	2134614	2487.1229624752336	5	4.3
51629.565120942265	4300	54.14304789646484	0.0	2164140	2682.9529291514204	5	4.3
51631.625030122246	4300	56.0831387164878	0.0	2113193	2059.9091799770376	5	4.3
51633.68838372583	4300	58.01978511289829	0.0	2147852	2063.353603589512	5	4.3
51636.1962387282	4300	59.51193011053307	0.0	2191074	2007.8550023652106	5	4.3
51639.855637248	4300	59.852531590724986	0.0	2286761	3159.398519808086	5	4.3
51643.50991161298	4300	59.71143533455908	0.0	2307787	2141.0962561659135	5	4.3
51646.91324946482	4300	59.723855524993205	0.0	2143948	1987.5798095658738	5	4.3
51649.9265827109	4300	59.890568001293296	0.0	1919781	1833.287523699908	5	4.3
51653.104083118305	4300	59.84934060157568	0.0	2147467	2041.2273997176087	5	4.3
51656.22297544613	4300	59.820530998710815	0.0	2133870	2028.80960286487	5	4.3
51659.30505247293	4300	59.78053378008908	0.0	2146120	2039.997218621732	5	4.3
51672.17049428534	4300	50.91509196768639	0.0	2108491	12865.44181240269	5	4.3
51677.98318163139	4300	49.10240462163656	0.0	2184571	5812.6873460498255	5	4.3
51691.74752307135	4300	39.33806318166583	0.0	2121928	13764.34143997073	5	4.3
51708.75425054844	1850	26.33133570458153	0.0	2219102	17006.727477084296	3	4.3
51710.1099212011	1850	28.975665051915197	0.0	958994	1355.6706526663374	3	-0.6000000000000001
51714.880260656755	1850	28.20532559626431	0.0	982064	4770.339455650886	3	1.85
51715.90406853863	1850	31.18151771438975	0.0	830730	1023.8078818745583	3	1.85
51725.15250408068	750	25.933082172333457	0.0	846370	9248.435542056293	1	1.85

