1034.824638447139	750	4.0	1.2282902478288817	450283	1228.2902478288818	0.36659332010159446	-4.531648065664191
1035.399388739533	300	7.4252497076061355	0.0	155580	574.7502923938641	0.2706914673361912	-0.15000000000000002
1036.7269700054098	750	10.097668441729207	0.0	350812	1327.5812658769278	0.2642489834837137	0.3
1038.5339624720311	1200	12.29067597510783	0.0	617681	1806.992466621378	0.34182820980704376	0.75
1041.6155106071806	1850	13.20912783995843	0.0	996749	3081.5481351493995	0.3234572222418572	1.2000000000000002
1044.9324594468505	2850	13.892179000288547	0.0	1224260	3316.9488396698825	0.3690922167258521	1.85
1049.6442694253483	2850	13.180369021790648	0.0	1388403	4711.809978497898	0.29466447211069746	2.85
1054.735542114335	2850	12.089096332804132	0.0	1638769	5091.272688986516	0.32187806470177854	2.85
1057.6405111715328	1850	13.184127275606134	0.0	852833	2904.9690571979986	0.2935773095024303	0.8500000000000001
1061.7739649832383	2850	13.050673463900607	0.0	1429765	4133.453811705526	0.34590080478244345	1.85
1065.598417058006	2850	13.226221389133089	0.0	1354548	3824.4520747675174	0.35418093193973177	2.85
1071.3823458083864	2850	11.442292638752605	0.0	1519951	5783.928750380484	0.2627886797360727	2.85
1074.6850515995643	1850	12.139586847574673	0.0	946851	3302.7057911779298	0.28668947822394436	0.8500000000000001
1077.415852780591	1850	13.408785666547928	0.0	1036454	2730.801181026746	0.3795420945329703	1.85
1080.9102371858019	2850	13.914401261337181	0.0	1231445	3494.3844052107465	0.3524068497340182	1.85
1086.8138776575681	2850	12.010760789570845	0.0	1471065	5903.6404717663345	0.24917929996503768	2.85
1089.3015830653144	1850	13.523055381824593	0.0	966699	2487.705407746253	0.38859062531675925	0.8500000000000001
1092.832820238502	2850	13.991818208637152	0.0	1358801	3531.2371731874405	0.3847946012568423	1.85
1097.6591024456184	2850	13.165536001520682	0.0	1537156	4826.28220711647	0.31849691626681637	2.85
1101.4995391494317	2850	13.325099297707428	0.0	1336050	3840.4367038132555	0.3478901237125992	2.85
1105.0813512656582	2850	13.74328718148104	0.0	1415116	3581.812116226387	0.39508381625859634	2.85
1108.9274130647166	2850	13.897225382422693	0.0	1468126	3846.061799058348	0.381721895461859	2.85
1113.3434916596536	2850	13.481146787485683	0.0	1505760	4416.078594937011	0.3409721923260918	2.85
1116.9803681443866	2850	13.844270302752546	0.0	1323990	3636.8764847331363	0.3640459074037403	2.85
1121.6036786045354	2850	13.220959842604003	0.0	1383735	4623.310460148542	0.2992952802818139	2.85
1126.0429072241636	2850	12.78173122297568	0.0	1480464	4439.228619628324	0.3334957774992793	2.85
1128.8622001552137	1850	13.962438291925523	0.0	1076599	2819.2929310501568	0.38186844231151895	0.8500000000000001
1132.235975903128	2850	14.588662544011198	0.0	1141971	3373.7757479143233	0.33848456012702366	1.85
1136.4399729857685	2850	14.384665461370801	0.0	1498470	4203.997082640397	0.3564393529642648	2.85
1140.0017865276106	2850	14.822851919528535	0.0	1561263	3561.8135418422657	0.43833372568752516	2.85
1145.544951831743	2850	13.27968661539624	0.0	1341201	5543.165304132295	0.24195580077688955	2.85
1151.0619490827908	2850	11.762689364348235	0.0	1497683	5516.997251048006	0.2714670556914816	2.85
1154.1609031475755	1850	12.663735299563749	0.0	885062	3098.954064784486	0.28560023204524354	0.8500000000000001
1156.78297005392	1850	14.041668393219174	0.0	1035329	2622.0669063445757	0.39485224327984536	1.85
1160.6965029436406	2850	14.128135503498747	0.0	1492672	3913.5328897204276	0.3814129182153449	1.85
1164.9366946099863	2850	13.887943837153161	0.0	1439896	4240.191666345584	0.33958276259737497	2.85
1167.9759145061794	2850	14.848723940960113	0.0	1139291	3039.2198961930485	0.37486297106276684	2.85
1171.807481933915	2850	15.017156513224462	0.0	1499009	3831.567427735651	0.39122605259380033	2.85
1178.4759222053915	4300	12.348716241747784	0.0	2133870	6668.440271476676	0.3199953682013666	2.8499999999999996
1181.0705824651393	1850	13.754055982000045	0.0	930577	2594.6602597477404	0.3586508085226052	-0.6000000000000001
1185.6071324732982	2850	13.217505973841254	0.0	1339500	4536.550008158791	0.29526843032501937	1.85
1190.4959698586597	2850	12.328668588479726	0.0	1527299	4888.837385361529	0.31240535931367586	2.85
1192.8106840780995	1850	14.013954369039926	0.0	886255	2314.7142194397993	0.3828787988413054	0.8500000000000001
1197.1785819295508	2850	13.646056517588606	0.0	1587250	4367.89785145132	0.3633899083680734	1.85
1203.1534691556449	2850	11.671169291494545	0.0	1464921	5974.887226094062	0.24517969035503567	2.85
1205.8713090356982	1850	12.953329411441093	0.0	982064	2717.839880053453	0.36133990350479567	0.8500000000000001
1208.307072631865	1850	14.517565815274391	0.0	830730	2435.7635961667015	0.3410552655058014	1.85
1212.1170050368617	2850	14.707633410277664	0.0	1364537	3809.932404996727	0.35815254837865607	1.85

