4513.879179393985	300	4.0	9.642111234931873	450283	9642.111234931874	0	-40.71107831020705
4515.170939192076	300	6.708240201909207	0.0	155580	1291.759798090793	0	-0.15000000000000002
4515.582360338682	750	10.29681905530364	0.0	139857	411.4211466055656	1	0.3
4516.568432487451	1200	13.310746906534748	0.0	382355	986.0721487688926	2	0.3
4518.212734817658	1850	15.666444576326711	0.0	652874	1644.3023302080373	3	0.75
4520.207676908034	1850	17.671502485951198	0.0	801058	1994.9420903755104	3	1.2000000000000002
4526.64206227007	1850	15.237117123915489	0.0	905515	6434.3853620357095	3	1.85
4532.986234187159	1850	12.892945206825196	0.0	1060487	6344.1719170902925	3	1.85
4543.073964904648	300	6.805214489336277	0.0	852833	10087.73071748892	0	1.85
4544.24873311058	300	9.630446283403934	0.0	139105	1174.768205932341	0	-1.25
4545.360196741856	750	12.518982652127823	0.0	141840	1111.4636312761131	1	0.3
4552.601445029614	300	9.277734364370378	0.0	405134	7241.248287757443	0	0.3
4553.265784288709	750	12.613395105276014	0.0	160746	664.3392590943639	1	-0.15000000000000002
4560.168620922791	750	9.710558471194691	0.0	434409	6902.836634081325	1	0.3
4563.582817109156	750	10.296362284829055	0.0	337059	3414.196186365636	1	0.75
4564.842955991421	750	13.036223402564161	0.0	366214	1260.1388822648928	1	0.75
4565.644140855515	1850	16.235038538470246	0.0	360831	801.1848640939155	3	0.75
4567.724965789013	1850	18.1542136049708	0.0	885714	2080.824933499447	3	0.75
4570.228058780734	1850	19.65112061325042	0.0	987708	2503.0929917203803	3	1.85
4572.583576270455	1850	21.295603123529332	0.0	923755	2355.517489721085	3	1.85
4574.486789628172	1850	23.39238976581128	0.0	891604	1903.2133577180552	3	1.85
4580.640593749959	1850	21.23858564402452	0.0	955231	6153.804121786757	3	1.85
4592.263823404551	750	13.615355989433452	0.0	968026	11623.22965459107	1	1.85
4593.140670091687	1850	16.73850930229723	0.0	343800	876.8466871362206	3	-0.3500000000000001
4597.522578381594	1850	16.356601012389714	0.0	897976	4381.908289907517	3	0.75
4600.017601275363	1850	17.86157811862112	0.0	905935	2495.022893768594	3	1.85
4604.37504294136	1850	17.504136452622955	0.0	1076599	4357.441665998165	3	1.85
4606.38035719143	1850	19.49882220255296	0.0	758197	2005.3142500699958	3	1.85
4608.591599529145	1850	21.287579864838122	0.0	972798	2211.242337714841	3	1.85
4610.699907928778	1850	23.179271465205247	0.0	975811	2108.308399632877	3	1.85
4612.799296465369	1850	25.079882928614452	0.0	873429	2099.388536590792	3	1.85
4615.224132570178	1850	26.655046823804962	0.0	954453	2424.8361048094935	3	1.85
4617.466515985622	1850	28.412663408361052	0.0	885062	2242.3834154439096	3	1.85
4620.239343792259	1850	29.639835601724002	0.0	1035329	2772.8278066370503	3	1.85
4623.108415087731	1850	30.77076430625115	0.0	1026056	2869.0712954728524	3	1.85
4625.398728437048	1850	32.48045095693538	0.0	943942	2290.3133493157707	3	1.85
4627.1856494552285	4300	34.69352993875426	0.0	728962	1786.92101818112	5	1.85
4638.058538450405	4300	27.820640943578024	0.0	2147467	10872.88899517624	5	1.8499999999999996
4644.580509593375	4300	25.298669800607552	0.0	2133870	6521.9711429704685	5	4.3
4652.80600815769	4300	21.073171236293636	0.0	2146120	8225.498564313919	5	4.3
4659.824869931109	4300	18.054309462873952	0.0	2108491	7018.8617734196805	5	4.3
4664.779664197511	4300	17.099515196472197	0.0	2184571	4954.794266401759	5	4.3
4670.017130200371	4300	15.862049193612526	0.0	2121928	5237.466002859669	5	4.3
4675.375033143519	4300	14.504146250464666	0.0	2219102	5357.902943147858	5	4.3
4680.563243807232	4300	13.315935586752108	0.0	2124950	5188.210663712557	5	4.3
4686.007259917132	4300	11.871919476852046	0.0	2246506	5444.0161099000625	5	4.3
4690.987382647458	4300	10.891796746525682	0.0	1961140	4980.122730326366	5	4.3
4696.228811351346	1850	9.650368042637457	0.0	2155012	5241.428703888225	3	4.3

