6498.038150798701	750	4.0	0.9654542004088151	450283	965.4542004088152	0.4663949877781159	-3.4014530617579046
6498.410551190637	300	7.627599608064771	0.0	155580	372.400391935229	0.4177761446262382	-0.15000000000000002
6499.399239897448	750	10.638910901253745	0.0	350812	988.6887068110268	0.3548255356648395	0.3
6503.024813480594	1200	11.013337318107093	0.0	617681	3625.5735831466527	0.17036780135183788	0.75
6509.514367917676	1850	8.52378288102524	0.0	996749	6489.554437081853	0.15359282515676168	1.2000000000000002
6512.852581831033	750	9.185568967669667	0.0	318564	3338.2139133555715	0.0954294746437563	-0.3500000000000001
6518.455916795712	1200	7.582234002990135	0.0	561791	5603.334964679532	0.1002601135825779	0.75
6519.5491376285245	750	10.489013170177932	0.0	437162	1093.2208328122038	0.3998844395193636	0.3
6520.722427153645	1200	13.315723645057027	0.0	584846	1173.2895251209043	0.4984669064864729	0.75
6527.497908253248	2850	10.540242545453934	0.0	1429765	6775.481099603094	0.2110204395793762	1.2000000000000002
6528.572137981475	1200	13.466012817226387	0.0	607410	1074.2297282275467	0.5654377122873073	-0.44999999999999996
6537.583866538378	2850	8.454284260323629	0.0	1519951	9011.728556902757	0.16866364653601953	1.2000000000000002
6538.907437318629	750	11.130713480073501	0.0	386351	1323.570780250129	0.2919005207466028	-1.35
6540.857227931363	1850	13.18092286733981	0.0	1036454	1949.79061273369	0.5315719509731597	0.75
6542.767969758243	2850	15.270181040458658	0.0	1231445	1910.7418268811527	0.6444852897840475	1.85
6553.924895125388	4300	8.113255673314383	0.0	2152483	11156.925367144275	0.1929279733589317	2.8499999999999996
6554.622890475664	750	11.415260323038705	0.0	360831	697.9953502756784	0.5169533004159514	-2.8
6556.672069827253	1850	13.366080971449396	0.0	885714	2049.1793515893105	0.43222863792427657	0.75
6562.387325512988	2850	11.650825285713792	0.0	1537156	5715.255685735603	0.26895664595312935	1.85
6564.17391203606	1850	13.864238762643199	0.0	923755	1786.5865230705922	0.5170502452981396	0.8500000000000001
6567.177596413703	2850	14.860554384999453	0.0	1415116	3003.6843776437454	0.4711267304023782	1.85
6578.902162990682	2850	7.13598780802111	0.0	1468126	11724.566576978345	0.12521793367464212	2.85
6579.930302602931	750	10.107848195772053	0.0	401853	1028.1396122490546	0.39085450576205977	-1.35
6580.72972837618	1200	13.308422422523394	0.0	536667	799.4257732486602	0.6713156092267625	0.75
6584.27643725198	2850	13.761713546724	0.0	1383735	3546.708875799393	0.3901462027069024	1.2000000000000002
6588.127877035322	2850	13.910273763382177	0.0	1480464	3851.4397833418234	0.3843923528035608	2.85
6590.356944411247	2850	15.68120638745675	0.0	1547572	2229.0673759254273	0.6942688304150091	2.85
6595.206088834114	4300	14.832061964590787	0.0	1972048	4849.144422865965	0.40667957644257385	2.8499999999999996
6599.035438511288	2850	15.002712287416522	0.0	1498470	3829.349677174265	0.3913118744239998	1.4000000000000001
6603.429842773676	4300	14.608308025028593	0.0	2164140	4394.4042623879295	0.49247631095824607	2.8499999999999996
6606.052467490621	2850	15.98568330808344	0.0	1341201	2622.6247169451535	0.5113964614663731	1.4000000000000001
6617.743634082593	4300	8.294516716111254	0.0	2147852	11691.166591972187	0.1837157980004182	2.8499999999999996
6624.87709787953	750	5.161052919174591	0.0	369834	7133.463796936662	0.05184493964332146	-2.8
6625.421581227363	300	8.616569571341607	0.0	163444	544.4833478329854	0.300181815753408	-0.15000000000000002
6626.641413200489	750	11.396737598215418	0.0	401088	1219.8319731261868	0.32880594117572703	0.3
6628.496346420403	1850	13.541804378302018	0.0	943942	1854.9332199133996	0.5088819316331341	0.75
6632.049557335603	2850	13.988593463101575	0.0	1139291	3553.2109152004437	0.3206370314596792	1.85
6637.897316169292	2850	12.14083462941333	0.0	1499009	5847.758833688245	0.25633905956661324	2.85
6645.4773317288455	1850	8.560819069859495	0.0	908665	7580.015559553835	0.1198764030048356	0.8500000000000001
6646.814836517052	750	11.22331428165364	0.0	390680	1337.5047882058552	0.292096150567104	-0.3500000000000001
6648.314665250584	1850	13.723485548121829	0.0	858450	1499.8287335318107	0.5723653513281574	0.75
6650.6652418183185	2850	15.372908980387372	0.0	1527299	2350.5765677344566	0.6497550520007302	1.85
6661.820659899036	4300	8.217490899668734	0.0	2121928	11155.418080718639	0.19021501342631025	2.8499999999999996
6662.651303885042	750	11.386846913663721	0.0	438281	830.6439860050124	0.5276400086972463	-2.8
6667.133097041502	1850	10.905053757203506	0.0	958994	4481.793156460215	0.21397551527287068	0.75
6668.866475242533	1200	13.1716755561724	0.0	638661	1733.3782010311077	0.36844873185787713	0.5499999999999999
6671.283984441845	2850	14.75416635686077	0.0	1231456	2417.5091993116284	0.5093904090833036	1.2000000000000002
6674.049539942371	2850	15.988610856334835	0.0	1364537	2765.5555005259343	0.49340430873309243	2.85

