82466.44527589985	300	4.0	5.72994223320573	450283	5729.942233205729	0	-23.888751602784637
82469.9734356008	300	4.471840299061012	0.0	155580	3528.159700938988	0	-0.15000000000000002
82473.05614036915	300	5.38913553071327	0.0	139857	3082.704768347742	0	0.3
82474.56391099405	300	7.881364905812903	0.0	155432	1507.7706249003668	0	0.3
82475.48412702804	750	10.961148871815775	0.0	163442	920.2160339971286	1	0.3
82481.4148817988	300	9.030394101055434	0.0	318564	5930.754770760341	0	0.3
82484.17269591053	300	10.272579989331414	0.0	153295	2757.8141117240193	0	-0.15000000000000002
82488.2233538898	300	10.221922010067436	0.0	173849	4050.6579792639786	0	0.3
82492.07563925495	300	10.369636644897989	0.0	150710	3852.285365169447	0	0.3
82498.12065829831	300	8.32461760153552	0.0	139105	6045.019043362469	0	0.3
82501.11410937524	300	9.331166524608491	0.0	141840	2993.4510769270273	0	0.3
82503.83948258813	300	10.605793311726378	0.0	156148	2725.373212882113	0	0.3
82505.70337122369	300	12.741904676164598	0.0	160746	1863.88863556178	0	0.3
82508.72338721533	750	13.721888684524918	0.0	179801	3020.0159916396806	1	0.3
82512.97013685504	750	13.475139044800912	0.0	337059	4246.7496397240075	1	0.3
82515.38382397247	750	15.061451927369212	0.0	366214	2413.6871174316984	1	0.75
82518.44923712112	750	15.99603877873176	0.0	360831	3065.4131486374545	1	0.75
82519.7179757254	1850	18.727300174443393	0.0	372963	1268.7386042883684	3	0.75
82522.99386160813	1850	19.451414291729343	0.0	987708	3275.8858827140484	3	0.75
82529.9766361213	1850	16.46863977855977	0.0	923755	6982.774513169573	3	1.85
82542.79962287632	300	7.645653023546836	0.0	891604	12822.986755012933	0	1.85
82543.35728953408	750	11.087986365784031	0.0	157812	557.6666577628059	1	-1.25
82545.21119215281	750	13.234083747046782	0.0	401853	1853.90261873725	1	0.3
82548.7021463546	750	13.743129545264818	0.0	343800	3490.9542017819645	1	0.75
82549.38281681675	1850	17.062459083117922	0.0	359903	680.6704621468942	3	0.75
82575.54499712899	300	4.0	9.09972122913002	905935	26162.180312247943	0	-38.37880128525909
82582.24471546702	300	4.0	2.6997183380276093	181901	6699.718338027609	0	-12.85878885351872
82584.10632804931	300	6.1383874177091835	0.0	111155	1861.612582290816	0	0.3
82584.6955349125	1200	9.54918055451363	0.0	153605	589.2068631955536	2	0.3
82586.18035995372	1850	12.064355513302763	0.0	641447	1484.8250412108691	3	0.29999999999999993
82587.10667280435	1850	15.138042662667697	0.0	873429	926.3128506350655	3	1.2000000000000002
82588.20063314842	4300	18.0440823186111	0.0	954453	1093.9603440565968	5	1.85
82595.38012085391	4300	14.864594613132336	0.0	2191074	7179.487705478765	5	1.8499999999999996
82597.34544779838	4300	16.899267668660027	0.0	2286761	1965.3269444723087	5	4.3
82599.2354817246	4300	19.00923374244061	0.0	2307787	1890.0339262194177	5	4.3
82601.03810181914	4300	21.206613647885032	0.0	2143948	1802.620094555581	5	4.3
82602.88510430632	4300	23.359611160700442	0.0	1919781	1847.0024871845903	5	4.3
82607.16022445423	4300	23.084491012797304	0.0	2147467	4275.120147903137	5	4.3
82610.68053326651	4300	23.56418220050272	0.0	2133870	3520.308812294585	5	4.3
82612.4318652876	4300	25.81285017941161	0.0	2146120	1751.3320210911127	5	4.3
82619.91192645716	4300	22.33278900985085	0.0	2108491	7480.0611695607595	5	4.3
82624.38755279605	4300	21.85716267097339	0.0	2184571	4475.62633887746	5	4.3
82633.20116953309	4300	17.043545933940006	0.0	2121928	8813.616737033382	5	4.3
82637.84587190962	4300	16.39884355741231	0.0	2219102	4644.702376527696	5	4.3
82643.79223736117	1850	14.45247810587334	0.0	2124950	5946.365451538971	3	4.3
82647.51882469567	1850	14.725890771378733	0.0	982064	3726.587334494605	3	-0.6000000000000001
82648.50911855494	1850	17.73559691210514	0.0	830730	990.2938592735914	3	1.85
82649.51655034827	4300	20.72816511877471	0.0	846370	1007.4317933304317	5	1.85

