43312.63804614577	750	4.0	9.191958863326393	450283	9191.958863326394	0.04898662044675984	-38.775423112303486
43313.29846201859	300	7.3395841271802205	0.0	155580	660.4158728197805	0.23557883207094857	-0.15000000000000002
43315.66247639858	750	8.97556974718343	0.0	350812	2364.0143799967905	0.14839672844988205	0.3
43320.802033622575	750	7.836012523187649	0.0	382355	5139.557223995781	0.07439454087890002	0.75
43327.31778008864	750	5.3202660571260685	0.0	411561	6515.746466061581	0.06316405988840855	0.75
43328.15402396839	300	8.484022177376755	0.0	126289	836.243879749313	0.15101934143644624	-0.15000000000000002
43342.050994439116	750	4.0	5.412948293349029	352642	13896.970470725784	0.02537545868308828	-22.975677661400823
43346.29581092868	300	4.0	0.24481648956155913	173849	4244.816489561559	0.04095559853470994	-1.202710905114704
43347.39782692923	300	6.897983999455784	0.0	150710	1102.0160005442156	0.13675844990052224	0.3
43351.67649831903	300	6.619312609649994	0.0	139105	4278.67138980579	0.03251126046543949	0.3
43358.46404887602	300	4.0	0.16823794734075637	141840	6787.550556990751	0.020897081916231727	-0.42342317356525233
43366.61042834219	300	4.0	4.146379466167742	156148	8146.379466167742	0.01916777884561961	-17.52943170452129
43367.997652080216	300	6.612776261972361	0.0	160746	1387.2237380276388	0.11587604478896059	0.3
43371.97842216881	300	6.632006173378528	0.0	179801	3980.7700885938343	0.045167391232964385	0.3
43372.8123789162	300	9.798049425988236	0.0	140051	833.9567473902913	0.1679355679275489	0.3
43382.43043434363	1200	4.179993998557822	0.0	587876	9618.055427430414	0.06112212644599602	0.29999999999999993
43385.18823223001	300	5.422196112182293	0.0	143509	2757.797886375529	0.052037533536806256	-0.6000000000000001
43386.91528446307	300	7.695143879122299	0.0	150616	1727.0522330599938	0.08720986957825726	0.3
43393.32253172132	750	5.2878966208669524	0.0	405596	6407.247258255346	0.06330269203789729	0.3
43394.01132088503	300	8.599107457155041	0.0	140881	688.7891637119099	0.20453428628404544	-0.15000000000000002
43395.640906936926	750	10.969521405262117	0.0	386472	1629.5860518929235	0.23715961458498924	0.3
43403.66608984482	1200	6.9443384973751	0.0	616206	8025.182907887018	0.07678404431061664	0.75
43406.32342277883	300	8.287005563358532	0.0	163927	2657.3329340165665	0.06168854414197315	-0.6000000000000001
43409.355738651735	750	9.25468969045178	0.0	343800	3032.3158729067527	0.11337868955928929	0.3
43412.59740966784	1200	10.013018674349583	0.0	587236	3241.671016102197	0.18115225051618464	0.75
43416.49977029065	1200	10.110658051544506	0.0	590335	3902.3606228050767	0.15127638295398188	1.2
43422.06970679211	1200	8.540721550088692	0.0	696376	5569.936501455814	0.12502404647126375	1.2
43423.61460829789	750	10.995820044302727	0.0	277716	1544.9015057859651	0.1797629162505817	0.3
43427.48412846193	1200	11.126299880257669	0.0	622896	3869.5201640450587	0.16097499782733957	0.75
43431.057695540476	1850	11.552732801718632	0.0	975811	3573.567078539037	0.27306357444924073	1.2000000000000002
43434.22272389835	1850	12.387704443850554	0.0	873429	3165.028357868077	0.27596245633272326	1.85
43439.88047769291	1850	10.729950649282102	0.0	954453	5657.753794568452	0.1686982210000535	1.85
43446.05065816329	1200	8.559770178906493	0.0	584349	6170.180470375608	0.09470533362931408	0.5499999999999999
43447.49967074069	750	11.11075760150492	0.0	412837	1449.0125774015733	0.28490919018820093	0.3
43454.63278496663	1850	7.9776433755668466	0.0	1026056	7133.114225938073	0.14384404448045465	0.75
43456.3142848885	750	10.296143453687778	0.0	365161	1681.4999218790688	0.21716385189714085	-0.3500000000000001
43459.029028865094	1200	11.581399477100375	0.0	487812	2714.7439765874033	0.17968987285983742	0.75
43472.13166526148	1850	4.0	1.5212369192870683	938587	13102.636396387443	0.07163344624741169	-5.341318752934393
43473.159154313515	300	6.972510947965218	0.0	144254	1027.4890520347813	0.1403946832468215	-1.25
43474.40500666442	300	9.726658597062633	0.0	149991	1245.8523509025842	0.1203922759316831	0.3
43480.277297544686	1200	7.854367716793402	0.0	566904	5872.290880269231	0.09653881450334571	0.29999999999999993
43482.84795633249	750	9.283708928991265	0.0	384505	2570.658787802137	0.14957449888895766	0.3
43485.68943616883	1200	10.44222909264775	0.0	599477	2841.479836343515	0.21097351891520774	0.75
43490.857989855846	1200	9.273675405633124	0.0	634861	5168.553687014626	0.12283146087753959	1.2
43509.92562799592	1200	4.0	9.793962734438074	630203	19067.638140071198	0.03305092090433634	-40.91403975808371
43515.640386147345	300	4.0	1.714758151415742	160064	5714.758151415742	0.028008884323538107	-7.973460051087691
43518.91732514689	300	4.723061000448566	0.0	137507	3276.938999551434	0.04196202615270615	0.3
43521.18622440797	300	6.4541617393701385	0.0	118421	2268.8992610784285	0.05219315023431821	0.3

