22012.190436832036	300	4.0	2.564826405239432	181801	2564.826405239432	-10.728753542529557
22013.257808264396	300	6.932628567641488	0.0	155580	1067.3714323585123	0.3
22014.58295302581	300	9.60748380622742	0.0	139857	1325.1447614140693	0.3
22020.297357324816	300	7.8930795072228905	0.0	155432	5714.404299004529	0.3
22027.352239529948	300	4.838197302089562	0.0	163442	7054.882205133328	0.3
22027.95721373411	300	8.233223097931052	0.0	126289	604.9742041585104	0.3
22031.212396087107	300	8.978040744932409	0.0	153295	3255.182352998643	0.3
22033.158616910183	300	11.031819921855059	0.0	173849	1946.2208230773501	0.3
22034.02128103738	300	14.169155794653312	0.0	150710	862.6641272017459	0.3
22034.823678313038	300	17.366758518995432	0.0	139105	802.3972756578786	0.3
22051.040550076454	300	5.149886755578347	0.0	141840	16216.871763417086	0.3
22052.51611050191	300	7.674326330121355	0.0	156148	1475.5604254569926	0.3
22056.09491020998	300	8.095526622053978	0.0	160746	3578.7997080673763	0.3
22058.73511717479	300	9.455319657243619	0.0	179801	2640.2069648103593	0.3
22061.540785279998	300	10.649651552038081	0.0	140051	2805.6681052055364	0.3
22061.946588977986	300	14.24384785404845	0.0	138313	405.8036979896321	0.3
22062.364632132965	300	17.825804699068122	0.0	143509	418.04315498032804	0.3
22062.799416208043	300	21.391020623989085	0.0	150616	434.784075079034	0.3
22063.268987100066	300	24.921449731966522	0.0	165384	469.570892022567	0.3
22063.68083985994	300	28.509596972092343	0.0	140881	411.8527598741793	0.3
22064.466343278393	300	31.72409355363826	0.0	157671	785.5034184540837	0.3
22065.30422404017	300	34.88621279186153	0.0	157812	837.8807617767314	0.3
22069.756950183597	300	34.43348664843483	0.0	163927	4452.726143426702	0.3
22071.09580245039	300	37.09463438164399	0.0	137654	1338.852266790841	0.3
22074.180892968154	300	38.00954386387566	0.0	146754	3085.0905177683294	0.3
22074.63268632502	300	41.557750507008876	0.0	153938	451.7933568667852	0.3
22075.152016337153	300	45.03842049487785	0.0	181901	519.3300121310208	0.3
22075.500479553397	300	48.68995727863152	0.0	111155	348.4632162463297	0.3
22075.951468643692	300	52.238968188338525	0.0	153605	450.9890902929916	0.3
22076.391405710438	300	55.799031121594126	0.0	149029	439.9370667444044	0.3
22081.591995269075	750	54.59844156295473	0.0	358218	5200.589558639394	0.3
22083.500938784302	750	56.689498047727334	0.0	400322	1908.9435152273975	0.75
22084.51892519182	750	59.67151164021012	0.0	369834	1017.9864075172142	0.75
22103.696131064647	750	44.494305767384866	0.0	412837	19177.205872825256	0.75
22106.280655676506	300	45.90978115552261	0.0	179328	2584.5246118622617	-0.15000000000000002
22111.78989469344	300	44.400542138586125	0.0	159914	5509.239016936477	0.3
22112.53262554071	300	47.65781129132224	0.0	131610	742.7308472638858	0.3
22113.23709112159	300	50.95334571043901	0.0	124011	704.4655808832289	0.3
22114.852906460907	300	53.337530371123705	0.0	144254	1615.8153393153068	0.3
22119.27121153473	300	52.919225297300585	0.0	149991	4418.305073823127	0.3
22121.06703669405	300	55.12340013798358	0.0	147968	1795.8251593169957	0.3
22123.46580261907	300	56.72463421296542	0.0	161857	2398.7659250181628	0.3
22126.610195677764	300	57.58024115427084	0.0	145210	3144.393058694585	0.3
22128.19238430302	300	59.99805252901646	0.0	172312	582.188625254376	0.3
22130.289718387747	300	59.93127241426466	0.0	167025	566.7801147518	0.3
22133.95940263821	750	59.57520713951925	0.0	393804	2356.0652747454187	0.3
22137.69228937862	750	59.573573402174624	0.0	331053	2501.633737344624	0.75
22141.292461811172	750	59.97340096962073	0.0	314107	3100.172432553893	0.75

