47538.93459448937	750	4.0	2.10667812502649	450283	2106.6781250264903	0.2137407678234367	-8.308715937613908
47539.19085359215	300	7.743740897225096	0.0	155580	256.2591027749044	0.607119896679963	-0.15000000000000002
47539.57536338426	750	11.359231105116393	0.0	350812	384.50979210870406	0.9123616802477232	0.3
47540.46546019035	1850	14.469134299020698	0.0	933276	890.0968060956947	1.048510671657958	0.75
47543.51468822302	2850	15.419906266356968	0.0	1472558	3049.2280326637297	0.4829281327030206	1.85
47546.82540638846	4300	16.109188100913517	0.0	1941625	3310.718165443449	0.5864664109033069	2.8499999999999996
47551.57160159792	4300	15.362992891451482	0.0	2157535	4746.195209462036	0.4545820188134548	4.3
47558.87218985097	4300	12.062404638401095	0.0	2290172	7300.588253050389	0.31369691326491433	4.3
47561.949701565994	1850	12.98489292337426	0.0	852833	3077.511715026836	0.2771177103358527	-0.6000000000000001
47563.141114676044	1850	15.793479813326536	0.0	913888	1191.4131100477227	0.7670622324807167	1.85
47566.66831497894	4300	16.266279510427953	0.0	2173522	3527.200302898584	0.61621734331726	1.8499999999999996
47578.26192944291	4300	8.67266504645825	0.0	2102452	11593.614463969701	0.18134568874391496	4.3
47579.7333221152	750	11.201272374169797	0.0	386351	1471.3926722884532	0.2625750469445449	-2.8
47586.31479366395	1850	8.619800825420887	0.0	1036454	6581.471548748909	0.1574805865714063	0.75
47586.855287148	750	12.07930734137315	0.0	337059	540.4934840477356	0.6236134383633595	-0.3500000000000001
47588.244572252195	1850	14.69002223717975	0.0	923170	1389.2851041934	0.6644928367931936	0.75
47590.9215559321	2850	16.01303855726649	0.0	1491626	2676.983679913259	0.5572039946273907	1.85
47595.16899242784	4300	15.765602061530332	0.0	2059512	4247.43649573616	0.4848835296460502	2.8499999999999996
47602.16971226886	4300	12.764882220513053	0.0	2220726	7000.719841017279	0.31721395091241145	4.3
47605.09509572065	1850	13.83949876872698	0.0	923755	2925.3834517860723	0.3157722791642948	-0.6000000000000001
47610.076925498775	2850	12.857668990601876	0.0	1415116	4981.829778125104	0.2840554701836028	1.85
47614.49808307112	1850	12.436511418259393	0.0	955231	4421.157572342483	0.21605902625494647	0.8500000000000001
47618.021340274216	1850	12.913254215164011	0.0	968026	3523.2572030953816	0.27475314579632	1.85
47621.26537769854	1850	13.669216790839382	0.0	874175	3244.037424324629	0.269471305554372	1.85
47627.637175367745	2850	11.297419121635022	0.0	1383735	6371.797669204361	0.21716555858133288	1.85
47629.60075593322	1850	13.333838556161279	0.0	905935	1963.580565473741	0.46136889717149476	0.8500000000000001
47636.96109417666	2850	9.973500312720757	0.0	1547572	7360.338243440523	0.21025827194547536	1.85
47637.4639559668	1200	13.470638522577671	0.0	487160	502.86179014308595	0.9687751377200122	-0.44999999999999996
47639.516548639345	2850	15.418045850035451	0.0	1498470	2052.5926725422196	0.730037683581947	1.2000000000000002
47643.60733195314	4300	15.327262536229505	0.0	2164140	4090.7833138059464	0.5290282652459894	2.8499999999999996
47648.19936247325	4300	14.73523201612397	0.0	2113193	4592.030520105535	0.4601870546695395	4.3
47651.12911187885	2850	15.80548261052527	0.0	1497683	2929.7494055986995	0.5111983288188247	1.4000000000000001
47659.54547118876	4300	11.389123300610693	0.0	2191074	8416.359309914576	0.26033513058536933	2.8499999999999996
47660.88457320543	1850	14.050021283938412	0.0	1035329	1339.1020166722822	0.7731516995044416	-0.6000000000000001
47663.818294009325	2850	15.116300480046544	0.0	1492672	2933.7208038918666	0.5087982462475042	1.85
47670.045467940145	4300	12.889126549229474	0.0	2143948	6227.173930817072	0.34428908262703545	2.8499999999999996
47676.32341442329	1850	10.611180066080898	0.0	728962	6277.946483148575	0.11611472030809733	-0.6000000000000001
47678.66231262809	1200	12.272281861282861	0.0	575591	2338.8982047980367	0.24609493428111898	0.5499999999999999
47684.33975105994	1850	10.594843429430869	0.0	908665	5677.438431851994	0.16004841107604778	1.2000000000000002
47685.22240781985	1200	13.71218666951955	0.0	587506	882.6567599113179	0.6656109449147909	0.5499999999999999
47687.406937759	2850	15.527656730372108	0.0	1339500	2184.529939147442	0.613175391188627	1.2000000000000002
47691.619954231515	4300	15.314640257851934	0.0	2184571	4213.016472520173	0.5185289481418089	2.8499999999999996
47697.354629600624	4300	13.579964888745822	0.0	2121928	5734.675369106111	0.3700171088029267	4.3
47702.85122096887	2850	12.083373520495888	0.0	1587250	5496.591368249934	0.2887698745750798	1.4000000000000001
47706.63349485213	1850	12.30109963723717	0.0	958994	3782.2738832587174	0.2535495920178455	0.8500000000000001
47710.9053220113	1850	12.029272478069146	0.0	982064	4271.827159168025	0.22989319637905606	1.85
47714.583211367884	1850	12.351383121482279	0.0	830730	3677.8893565868675	0.2258713951011645	1.85
47716.68513329882	1850	14.249461190544126	0.0	846370	2101.9219309381524	0.4026648123996875	1.85

