70000.53659639657	750	4.0	3.3015876768989574	450283	3301.5876768989574	-13.446827010665515
70002.83196188585	750	5.704634510730208	0.0	398865	2295.3654892697928	0.75
70005.22952698225	750	7.307069414339408	0.0	350812	2397.565096390799	0.75
70006.22102330124	750	10.315573095350144	0.0	382355	991.4963189892643	0.75
70007.66488817956	750	12.871708217044938	0.0	411561	1443.8648783052063	0.75
70011.83921702766	750	12.697379368936826	0.0	318564	4174.328848108112	0.75
70014.03427602572	750	14.50232037089593	0.0	352642	2195.0589980408945	0.75
70015.73536534386	750	16.801231052735467	0.0	437162	1701.0893181604622	0.75
70021.2354439682	1850	15.3011524284115	0.0	852833	5500.078624323967	0.75
70027.31792902808	1850	13.218667368527191	0.0	913888	6082.4850598843095	1.85
70034.05460570907	1850	10.481990687528226	0.0	939819	6736.676680998964	1.85
70039.72564065739	750	8.810955739228262	0.0	405134	5671.0349482999645	-0.3500000000000001
70040.2071098464	300	12.329486550210897	0.0	160746	481.4691890173654	-0.15000000000000002
70041.3720626846	750	15.164533711995048	0.0	434409	1164.9528382158478	0.3
70045.52288625206	1850	15.013710144547177	0.0	821631	4150.823567447871	0.75
70051.74543417229	1850	12.791162224318104	0.0	923170	6222.547920229075	1.85
70057.07523107783	1850	11.461365318772094	0.0	966699	5329.796905546009	1.85
70060.40491773144	1850	12.131678665155318	0.0	885714	3329.686653616776	1.85
70070.67406557308	1850	5.8625308235289975	0.0	987708	10269.14784162632	1.85
70072.96956727379	750	7.567029122829465	0.0	350713	2295.501700699533	-0.3500000000000001
70074.32647063314	750	10.210125763477478	0.0	386472	1356.9033593519864	0.75
70079.203119406	750	9.333476990609153	0.0	399894	4876.648772868325	0.75
70080.07602740904	300	12.460568987560084	0.0	163927	872.9080030490694	-0.15000000000000002
70080.80676911456	300	15.72982728205239	0.0	137654	730.741705507693	0.3
70083.86948442186	750	16.667111974755535	0.0	359903	3062.715307296857	0.3
70085.77681583057	750	18.759780566033957	0.0	379700	1907.3314087215758	0.75
70088.43876917128	750	20.097827225319822	0.0	425781	2661.9533407141375	0.75
70089.81145557835	750	22.725140818248395	0.0	277716	1372.6864070714296	0.75
70097.09196410431	1850	19.444632292296465	0.0	972798	7280.508525951928	0.75
70101.00656829783	1850	19.53002809877791	0.0	975811	3914.6041935185563	1.85
70104.41123632067	1850	20.125360075955243	0.0	873429	3404.6680228226655	1.85
70111.48638608262	1850	17.05021031398803	0.0	954453	7075.149761967215	1.85
70116.67201878056	1850	15.86457761604898	0.0	885062	5185.632697939047	1.85
70120.17161428044	1850	16.36498211617668	0.0	1035329	3499.595499872299	1.85
70124.11871416985	1850	16.417882226761233	0.0	1026056	3947.0998894154454	1.85
70126.85851557982	1850	17.67808081678802	0.0	943942	2739.801409973214	1.85
70130.56514494674	1850	17.971451449866063	0.0	728962	3706.62936692196	1.85
70133.60406641933	1850	18.932529977267016	0.0	938587	3038.9214725990464	1.85
70139.093244954	1850	17.443351442593112	0.0	908665	5489.178534673901	1.85
70143.05137632179	1850	17.485220074810744	0.0	930577	3958.131367782373	1.85
70145.58456945037	1850	18.952026946244843	0.0	858450	2533.193128565903	1.85
70154.46050800715	1850	14.07608838944831	0.0	1025005	8875.938556796531	1.85
70158.33528841988	1850	14.201307976714345	0.0	886255	3874.7804127339664	1.85
70161.52290525752	1850	15.01369113907936	0.0	973972	3187.6168376349847	1.85
70170.87096000861	1850	9.66563638797779	0.0	958994	9348.05475110157	1.85
70173.42635997898	750	11.11023641760784	0.0	393804	2555.3999703699487	-0.3500000000000001
70176.56626699537	750	11.970329401232934	0.0	331053	3139.9070163749066	0.75
70178.1275156151	750	14.40908078150949	0.0	314107	1561.2486197234457	0.75

