42423.56840284357	300	4.0	4.229630093782792	181801	4229.630093782793	-17.887409403266005
42425.971606308354	300	5.59679653521792	0.0	155580	2403.2034647820806	0.3
42430.620822119825	300	4.947580723746114	0.0	139857	4649.215811471806	0.3
42433.794774121816	300	5.773628721758277	0.0	155432	3173.9520019878373	0.3
42436.42789126427	300	7.140511579306256	0.0	163442	2633.117142452021	0.3
42439.280968807376	300	8.287434036200136	0.0	126289	2853.077543106121	0.3
42440.97257781702	300	10.595825026559865	0.0	153295	1691.60900964027	0.3
42442.683796837984	300	12.88460600559133	0.0	173849	1711.2190209685361	0.3
42447.4643991297	750	12.104003713879626	0.0	374758	4780.6022917117025	0.3
42449.29804630142	300	14.270356542159425	0.0	139105	1833.6471717202016	-0.15000000000000002
42451.61749796002	750	15.950904883557998	0.0	353220	2319.4516586014265	0.3
42453.48803589496	750	18.080366948616653	0.0	405134	1870.5379349413436	0.75
42456.13365457435	750	19.434748269228717	0.0	386351	2645.6186793879406	0.75
42461.270913086424	1200	18.29748975715605	0.0	687371	5137.258512072666	0.75
42464.69511402801	1200	18.87328881557394	0.0	526950	3424.200941582112	1.2
42468.33900782962	1200	19.229395013960865	0.0	587876	3643.893801613072	1.2
42471.7668634415	750	19.801539402080422	0.0	360831	3427.8556118804395	0.3
42475.237879888184	1200	20.330522955400586	0.0	581493	3471.0164466798383	0.75
42476.79501497554	1200	22.773387868041954	0.0	639204	1557.135087358631	1.2
42479.14014712259	1850	24.428255720994187	0.0	923755	2345.132147047765	1.2000000000000002
42481.51832550085	1850	26.050077342734223	0.0	891604	2378.1783782599628	1.85
42488.21450929838	2850	23.353893545209818	0.0	1468126	6696.183797524405	1.85
42491.76394151983	1850	23.80446132375822	0.0	968026	3549.4322214516	0.8500000000000001
42497.74974009329	1850	21.818662750294383	0.0	874175	5985.798573463838	1.85
42501.33223457485	1850	22.2361682687329	0.0	897976	3582.494481561478	1.85
42504.49101784856	1850	23.077384995031213	0.0	905935	3158.7832737016856	1.85
42507.29212726675	1850	24.276275576841915	0.0	1076599	2801.1094181893004	1.85
42509.1765995246	1850	26.391803318985698	0.0	758197	1884.4722578562175	1.85
42513.60297273235	2850	25.965430111240394	0.0	1498470	4426.373207745301	1.85
42519.95703677775	2850	23.61136606584287	0.0	1561263	6354.064045397523	2.85
42523.015319800375	1850	24.553083043214432	0.0	873429	3058.2830226284373	0.8500000000000001
42525.144860287706	1850	26.423542555886222	0.0	954453	2129.540487328209	1.85
42527.11490276096	2850	28.45350008262878	0.0	1358081	1970.0424732574422	1.85
42531.88850434438	4300	27.67989849920909	0.0	2286761	4773.601583419687	2.8499999999999996
42537.059199903844	2850	26.509202939744867	0.0	1492672	5170.695559464225	1.4000000000000001
42540.301432653316	2850	27.26697019027504	0.0	1439896	3242.2327494698307	2.85
42544.85882941697	2850	26.709573426622605	0.0	1139291	4557.396763652434	2.85
42555.73742712751	2850	19.830975716079898	0.0	1499009	10878.597710542708	2.85
42557.4497163112	1200	22.118686532392296	0.0	605884	1712.2891836876001	-0.44999999999999996
42558.843834285835	1200	24.724568557761252	0.0	587506	1394.1179746310438	1.2
42567.61272415547	1850	19.955678688126625	0.0	858450	8768.889869634628	1.2000000000000002
42571.66273277671	1200	19.90567006688429	0.0	641452	4050.008621242335	0.5499999999999999
42574.74982404935	1200	20.818578794250687	0.0	599477	3087.091272633603	1.2
42578.34421044318	1200	21.22419240042313	0.0	634861	3594.3863938275535	1.2
42580.97832172922	1200	22.59008111438549	0.0	630203	2634.1112860376425	1.2
42584.44597292407	1850	23.122429919537968	0.0	982064	3467.651194847523	1.2000000000000002
42587.41454205699	1850	24.153860786613443	0.0	830730	2968.5691329245233	1.85
42589.76204739051	1850	25.8063554530905	0.0	846370	2347.505333522945	1.85

