61197.424278098224	750	4.0	3.036275246597065	450283	3036.275246597065	-12.305983560367379
61198.05553261065	300	7.368745487580131	0.0	155580	631.2545124198693	-0.15000000000000002
61199.65318353978	1200	9.771094558448267	0.0	571051	1597.650929131864	0.29999999999999993
61202.03677911815	1850	11.387498980073557	0.0	933276	2383.5955783747113	1.2000000000000002
61205.16720652462	1850	12.257071573608734	0.0	996749	3130.427406464824	1.85
61208.97263762255	1850	12.451640475678493	0.0	801058	3805.43109793024	1.85
61210.980699513835	1850	14.443578584393828	0.0	905515	2008.0618912846653	1.85
61213.85564147447	1850	15.568636623758394	0.0	1060487	2874.941960635435	1.85
61219.83214253208	2850	13.59213556614986	0.0	1348011	5976.501057608532	1.85
61224.62997355598	1850	12.79430454224622	0.0	913888	4797.831023903641	0.8500000000000001
61229.222083412795	1850	12.202194685429133	0.0	939819	4592.109856817087	1.85
61231.7467296172	1850	13.677548481025406	0.0	917428	2524.6462044037266	1.85
61236.031069755096	1850	13.393208343132498	0.0	946851	4284.3401378929075	1.85
61239.75208169515	1850	13.672196403069501	0.0	1036454	3721.011940062996	1.85
61243.39189941628	1850	14.032378681940134	0.0	821631	3639.817721129368	1.85
61247.92771346741	1850	13.496564630813241	0.0	923170	4535.814051126893	1.85
61267.25011378124	1850	4.0	5.825835683016834	966699	19322.400313830076	-23.201093436972382
61267.96666744179	300	7.283446339453779	0.0	150616	716.5536605462205	-1.25
61268.74563561646	300	10.504478164785908	0.0	165384	778.9681746678714	0.3
61269.42104590654	300	13.82906787470111	0.0	140881	675.410290084799	0.3
61270.162046616155	300	17.088067165093555	0.0	157671	741.0007096075534	0.3
61271.657837293555	300	19.592276487686227	0.0	157812	1495.7906774073283	0.3
61277.32846431052	750	17.921649470721064	0.0	401853	5670.627016965163	0.3
61278.59586867283	750	20.654245108410795	0.0	343800	1267.4043623102689	0.75
61282.05783000996	1850	21.19228377128654	0.0	897976	3461.9613371242544	0.75
61287.10881833768	1850	20.14129544357041	0.0	905935	5050.98832771613	1.85
61290.4580786653	1850	20.792035115951712	0.0	1076599	3349.2603276186974	1.85
61293.94451617085	1850	21.30559761040316	0.0	758197	3486.437505548552	1.85
61300.73449930641	1850	18.515614474841	0.0	972798	6789.983135562162	1.85
61304.27500171403	1200	18.975112067225712	0.0	641447	3540.502407615287	0.5499999999999999
61309.502344442866	1850	17.747769338387588	0.0	873429	5227.342728838123	1.2000000000000002
61313.75504256087	1850	17.495071220386084	0.0	954453	4252.698118001506	1.85
61328.06369612394	1850	7.186417657308055	0.0	885062	14308.653563078027	1.85
61328.69346476254	300	10.55664901871127	0.0	163444	629.7686385967856	-1.25
61330.261223163354	750	12.988890617898479	0.0	401088	1567.7584008127906	0.3
61331.99907609121	750	15.251037690034094	0.0	365161	1737.852927864384	0.75
61334.21582482823	750	17.03428895302274	0.0	321064	2216.748737011355	0.75
61341.198976305954	750	14.051137475295466	0.0	361565	6983.151477727276	0.75
61345.47901539434	300	13.771098386913785	0.0	144254	4280.03908838168	-0.15000000000000002
61347.79656446641	300	15.453549314839174	0.0	149991	2317.5490720746116	0.3
61349.017744229546	300	18.232369551699666	0.0	147968	1221.1797631395073	0.3
61350.56802414011	300	20.682089641138045	0.0	161857	1550.279910561622	0.3
61353.96898415229	300	21.281129628953202	0.0	145210	3400.960012184843	0.3
61356.91150068995	300	22.338613091292284	0.0	172312	2942.516537660919	0.3
61357.93289399009	300	25.31721979116346	0.0	167025	1021.3933001288234	0.3
61361.0579715778	1200	26.192142203447418	0.0	638661	3125.077587716043	0.29999999999999993
61369.56122860758	2850	21.68888517366477	0.0	1231456	8503.257029782646	1.2000000000000002
61377.40041390454	2850	17.849699876702942	0.0	1364537	7839.185296961826	2.85

