26288.754319544405	300	4.0	5.837159838007956	450283	5837.159838007956	0	-24.349787303434212
26291.201605556867	300	5.552713987536709	0.0	155580	2447.2860124632907	0	-0.15000000000000002
26292.6044324202	300	8.149887124204586	0.0	139857	1402.826863332124	0	0.3
26293.213793794945	300	11.540525749462985	0.0	155432	609.3613747416	0	0.3
26293.850435167446	1850	14.903884376962363	0.0	163442	636.6413725006213	3	0.3
26299.576245885895	1850	13.178073658514142	0.0	801058	5725.810718448222	3	0.30000000000000004
26304.623122755624	1850	12.131196788783484	0.0	905515	5046.876869730659	3	1.85
26312.137991452582	750	8.61632809182386	0.0	1060487	7514.868696959624	1	1.85
26313.07295152747	1850	11.681368016936887	0.0	374758	934.9600748869723	3	-0.3500000000000001
26323.49640361204	300	5.257915932366592	0.0	913888	10423.452084570295	0	0.75
26325.08086264356	300	7.673456900845512	0.0	141840	1584.4590315210799	0	-1.25
26326.095929005714	750	10.658390538690615	0.0	156148	1015.0663621548975	1	0.3
26327.304277291565	750	13.450042252842062	0.0	386351	1208.3482858485536	1	0.3
26328.302980605928	1850	16.451338938483378	0.0	434409	998.7033143586822	3	0.75
26333.820714624253	1850	14.933604920157224	0.0	821631	5517.734018326154	3	0.75
26347.976043196115	300	4.778276348293015	0.0	923170	14155.32857186421	0	1.85
26348.993078253443	300	7.761241290965827	0.0	143509	1017.0350573271883	0	-1.25
26349.989612689755	300	10.764706854652403	0.0	150616	996.5344363134236	0	0.3
26351.076013943377	750	13.678305601032207	0.0	165384	1086.401253620195	1	0.3
26352.717965432483	750	16.036354111927974	0.0	350713	1641.951489104234	1	0.3
26353.75915373131	1850	18.99516581310233	0.0	386472	1041.1882988256448	3	0.75
26356.21987739764	1850	20.5344421467714	0.0	955231	2460.7236663309263	3	0.75
26359.965792952386	1850	20.788526592029758	0.0	968026	3745.915554741645	3	1.85
26362.593698753728	1850	22.160620790686856	0.0	874175	2627.905801342902	3	1.85
26370.56319585001	1850	18.191123694409065	0.0	897976	7969.497096277791	3	1.85
26373.787450791635	1850	18.966868752781032	0.0	905935	3224.254941628029	3	1.85
26378.48532170546	1850	18.268997838954196	0.0	1076599	4697.870913826839	3	1.85
26380.124154269477	1850	20.63016527494007	0.0	758197	1638.8325640141263	3	1.85
26387.17744148559	1850	17.57687805882484	0.0	972798	7053.28721611523	3	1.85
26397.546460299905	750	11.207859244509262	0.0	975811	10369.018814315576	1	1.85
26402.46343718015	300	10.290882364265196	0.0	358218	4916.976880244068	0	-0.3500000000000001
26403.282560828913	750	13.471758715501576	0.0	157488	819.1236487636203	1	-0.15000000000000002
26410.804013792294	300	9.950305752117933	0.0	369834	7521.452963383642	0	0.3
26412.12612568612	750	12.62819385829371	0.0	163444	1322.111893824223	1	-0.15000000000000002
26413.330735757674	1850	15.423583786739737	0.0	401088	1204.6100715539717	3	0.3
26415.73431867422	1850	17.020000870198302	0.0	943942	2403.582916541433	3	0.75
26419.226379906282	1850	17.527939638135052	0.0	728962	3492.061232063251	3	1.85
26421.663340116058	1850	19.09097942836087	0.0	938587	2436.9602097741795	3	1.85
26423.821429482672	1850	20.932890061744793	0.0	908665	2158.0893666160755	3	1.85
26426.136709683484	1850	22.617609860933253	0.0	930577	2315.2802008115405	3	1.85
26428.176236847594	1850	24.578082696825888	0.0	858450	2039.5271641073666	3	1.85
26430.46172721965	1850	26.292592324773178	0.0	1025005	2285.4903720527104	3	1.85
26437.30991687958	1850	23.444402664838076	0.0	886255	6848.189659935102	3	1.85
26439.386178832567	1850	25.368140711854455	0.0	973972	2076.2619529836193	3	1.85
26441.689784138212	1850	27.064535406210283	0.0	958994	2303.605305644173	3	1.85
26444.06713968955	1850	28.687179854874834	0.0	982064	2377.3555513354486	3	1.85
26446.1230989531	1850	30.631220591328116	0.0	830730	2055.959263546717	3	1.85
26448.834420440595	1850	31.9198991038303	0.0	846370	2711.321487497817	3	1.85

