67360.37664130484	750	4.0	1.8213279836367473	450283	1821.3279836367474	0.24722784915482096	-7.081710329638013
67360.58741723177	300	7.789224073078047	0.0	155580	210.77592692195307	0.7381298342367569	-0.15000000000000002
67360.96229937905	750	11.414341925788266	0.0	350812	374.8821472897815	0.9357927619018479	0.3
67361.82678346423	1850	14.549857840597285	0.0	933276	864.4840851909802	1.079575686802635	0.75
67363.14457198072	2850	17.232069324101996	0.0	1472558	1317.788516495291	1.1174463744124317	1.85
67365.20297726714	4300	19.17366403770003	0.0	1941625	2058.405286401967	0.9432666214115223	2.8499999999999996
67368.9819797046	4300	19.394661600243175	0.0	2157535	3779.0024374568525	0.5709271257977678	4.3
67370.16337156548	4300	22.213269739358385	0.0	2290172	1181.3918608847935	1.9385371406611815	4.3
67373.76423679582	4300	22.612404509014475	0.0	2055469	3600.86523034391	0.5708264176839762	4.3
67376.17125591234	4300	24.205385392497416	0.0	2169201	2407.019116517058	0.9011980773708272	4.3
67377.84024132031	4300	26.536399984514375	0.0	2173522	1668.9854079830448	1.3023013799903043	4.3
67379.17699544133	4300	29.19964586349032	0.0	2102452	1336.754121024053	1.5728038290163384	4.3
67380.47968425938	4300	31.89695704544385	0.0	2209463	1302.6888180464728	1.696078886524363	4.3
67383.75736800142	4300	32.61927330341724	0.0	2275376	3277.683742026611	0.6942024243599297	4.3
67384.85776673842	4300	35.51887456640936	0.0	2005399	1100.3987370078808	1.8224293908705549	4.3
67387.96245432574	4300	36.41418697910001	0.0	2152483	3104.6875873093536	0.6933009971110903	4.3
67389.2417604015	4300	39.13488090332807	0.0	2289689	1279.3060757719347	1.7897898269719381	4.3
67390.34008646864	4300	42.03655483619371	0.0	2059512	1098.3260671343628	1.8751371397143135	4.3
67391.51235345061	4300	44.8642878542256	0.0	2220726	1172.2669819681137	1.8943858644484153	4.3
67392.6938317991	4300	47.68280950573808	0.0	2156729	1181.4783484875225	1.8254494487867265	4.3
67393.86561418083	4300	50.51102712400483	0.0	2039773	1171.7823817332485	1.7407438717271533	4.3
67395.40420691852	4300	52.97243438631351	0.0	2176469	1538.5927376913214	1.4145842149663468	4.3
67396.7763968509	4300	55.600244453941876	0.0	2221506	1372.1899323716275	1.6189493506634722	4.3
67398.17648276391	4300	58.200158540925734	0.0	2044075	1400.085913016147	1.459963978636521	4.3
67402.82566764101	4300	57.550973663829964	0.0	2186790	4649.184877095762	0.47035987120521583	4.3
67404.65054445401	4300	59.72609685083233	0.0	2105231	1324.876812997638	1.5890013164595653	4.3
67406.52051459748	4300	59.79272738460077	0.0	2395588	1433.3694662315597	1.6712983333586615	4.3
67408.19459194511	4300	59.88498897690313	0.0	1972048	1407.7384076976386	1.4008625389608371	4.3
67409.75345940811	4300	59.693224875620224	0.0	2134614	1191.7641012829022	1.7911380261430472	4.3
67412.91786541707	4300	59.50757345374613	0.0	2164140	2685.651421874093	0.8058156700357735	4.3
67415.69469448592	4300	59.82103615086496	0.0	2113193	2686.537302881163	0.7865861373797851	4.3
67422.53442006664	4300	56.981310570138916	0.0	2147852	6839.72558072605	0.31402604894742014	4.3
67443.17021021851	4300	40.34552041828133	0.0	2191074	20635.790151857578	0.10617834276642736	4.3
67445.01438591741	4300	42.50134471938183	0.0	2286761	1844.175698899503	1.2399908541060412	4.3
67448.39285988941	4300	43.12287074737414	0.0	2307787	3378.4739720076896	0.6830856236043684	4.3
67449.87059763772	4300	45.64513299906431	0.0	2143948	1477.7377483098307	1.4508311792482464	4.3
67452.90542842408	4300	46.6103022127056	0.0	1919781	3034.830786358708	0.6325825507732566	4.3
67454.03344505979	4300	49.48228557699763	0.0	2147467	1128.0166357079645	1.903754724904575	4.3
67456.27195675492	4300	51.24377388187126	0.0	2133870	2238.511695126372	0.9532538984030348	4.3
67457.53392945178	4300	53.98180118501538	0.0	2146120	1261.9726968558805	1.7006073153142796	4.3
67463.79497566866	4300	51.72075496813857	0.0	2108491	6261.046216876807	0.3367633662113066	4.3
67470.09581824206	4300	49.41991239474012	0.0	2184571	6300.8425733984495	0.346710931839981	4.3
67473.96277677538	4300	49.55295386140112	0.0	2121928	3866.9585333390078	0.5487330628724834	4.3
67475.58396818499	4300	51.931762451800786	0.0	2219102	1621.191409600334	1.3688093749195638	4.3
67476.77340573906	4300	54.74232489773116	0.0	2124950	1189.4375540696299	1.7865166546402866	4.3
67496.54743758283	4300	38.96829305397162	0.0	2246506	19774.031843759538	0.11360889967965598	4.3
67510.11418813787	4300	29.401542498933136	0.0	1961140	13566.75055503848	0.14455488011251622	4.3
67518.20504116772	4300	25.310689469088313	0.0	2155012	8090.853029844824	0.2663516432755338	4.3

