89744.80878116412	300	4.0	4.271052191572359	450283	4271.052191572359	0	-17.615524423761144
89745.71749075751	300	7.091290406596756	0.0	155580	908.7095934032437	0	-0.15000000000000002
89746.42198844296	750	10.386792721145241	0.0	139857	704.4976854515147	1	0.3
89748.12373139661	750	12.68504976748648	0.0	382355	1701.7429536587606	1	0.3
89750.15492542705	750	14.653855737053695	0.0	411561	2031.1940304327848	1	0.75
89751.37797823777	1850	17.430802926340327	0.0	318564	1223.052810713368	3	0.75
89753.89676455184	1850	18.912016612258107	0.0	905515	2518.786314082219	3	0.75
89758.59603639846	1850	18.212744765633232	0.0	1060487	4699.271846624873	3	1.85
89763.26695716866	1850	17.541823995452425	0.0	852833	4670.92077018081	3	1.85
89765.04715523623	1850	19.761625927869456	0.0	913888	1780.19806758297	3	1.85
89766.9166910839	1850	21.89209008021064	0.0	939819	1869.535847658815	3	1.85
89770.72617944147	1850	22.082601722639815	0.0	917428	3809.4883575708254	3	1.85
89772.49590000178	1850	24.31288116232498	0.0	946851	1769.720560314833	3	1.85
89774.42552326205	4300	26.383257902043745	0.0	1036454	1929.6232602812368	5	1.85
89781.08567808181	4300	23.723103082285885	0.0	2005399	6660.154819757859	5	1.8499999999999996
89785.99539347418	4300	22.813387689918503	0.0	2152483	4909.715392367383	5	4.3
89791.7729522327	4300	21.035828931397635	0.0	2289689	5777.558758520866	5	4.3
89795.37913732616	4300	21.42964383793443	0.0	2059512	3606.1850934632002	5	4.3
89797.93271144583	4300	22.876069718283475	0.0	2220726	2553.574119650958	5	4.3
89800.40112814437	4300	24.407653019744636	0.0	2156729	2468.416698538836	5	4.3
89802.78401541352	4300	26.024765750584415	0.0	2039773	2382.8872691602232	5	4.3
89805.32123136443	4300	27.48754979968111	0.0	2176469	2537.2159509033027	5	4.3
89807.90929372518	4300	28.899487438936532	0.0	2221506	2588.062360744578	5	4.3
89810.29703791764	4300	30.511743246465763	0.0	2044075	2387.7441924707714	5	4.3
89812.84590619433	4300	31.9628749697865	0.0	2186790	2548.86827667926	5	4.3
89815.30269501767	4300	33.50608614645104	0.0	2105231	2456.788823335462	5	4.3
89818.08729455268	4300	34.721486611427785	0.0	2395588	2784.5995350232597	5	4.3
89826.26970917669	4300	30.539071987421295	0.0	1972048	8182.4146240064865	5	4.3
89828.63605233797	4300	32.172728826137615	0.0	2134614	2366.3431612836785	5	4.3
89840.04854230423	4300	24.760238859882048	0.0	2164140	11412.48996625557	5	4.3
89847.22236048455	4300	21.586420679563485	0.0	2113193	7173.818180318563	5	4.3
89859.10366476036	1850	13.705116403748601	0.0	2147852	11881.304275814884	3	4.3
89860.98496285835	1850	15.823818305764519	0.0	885062	1881.298097984083	3	-0.6000000000000001
89863.32508426285	1850	17.483696901269933	0.0	1035329	2340.121404494587	3	1.85
89868.90602843756	1850	15.902752726566964	0.0	1026056	5580.944174702969	3	1.85
89870.6313041885	1850	18.177476975613228	0.0	943942	1725.2757509537391	3	1.85
89871.98187325097	1850	20.826907913142502	0.0	728962	1350.5690624707233	3	1.85
89873.6978153229	1850	23.11096584121391	0.0	938587	1715.9420719285902	3	1.85
89875.36160382924	4300	25.44717733488579	0.0	908665	1663.7885063281212	5	1.85
89881.06561621957	4300	23.743164944548777	0.0	2146120	5704.012390337013	5	1.8499999999999996
89888.37849417048	1850	20.430286993622495	0.0	2108491	7312.87795092628	3	4.3
89889.83780964278	4300	22.97097152133936	0.0	1025005	1459.3154722831357	5	-0.6000000000000001
89894.28678920968	4300	22.521991954443482	0.0	2121928	4448.979566895879	5	1.8499999999999996
89900.90671823324	4300	19.90206293087435	0.0	2219102	6619.929023569128	5	4.3
89920.30365988273	300	4.505121281392345	0.0	2124950	19396.941649482007	0	4.3
89921.34550893513	750	7.4632722289850575	0.0	160064	1041.8490524072872	1	-3.7
89922.47117869998	750	10.337602464138923	0.0	331053	1125.6697648461343	1	0.3
89922.85838787854	1850	13.950393285586566	0.0	314107	387.2091785523577	3	0.75

