47216.85947178435	300	4.0	6.472892667910572	450283	6472.892667910572	0	-27.08343847201546
47217.64704950433	300	7.212422280022871	0.0	155580	787.5777199771293	0	-0.15000000000000002
47218.363119032445	750	10.496352751916165	0.0	139857	716.0695281067062	1	0.3
47223.43808493618	300	9.421386848182246	0.0	382355	5074.965903733919	0	0.3
47224.48111282757	750	12.378358956789947	0.0	163442	1043.0278913922998	1	-0.15000000000000002
47228.677280420794	750	12.182191363567139	0.0	318564	4196.167593222808	1	0.3
47229.73874921177	1850	15.120722572590319	0.0	352642	1061.4687909768195	3	0.75
47234.382648055034	1850	14.476823729329064	0.0	1060487	4643.898843261255	3	0.75
47238.776541154744	1850	14.082930629615243	0.0	852833	4393.893099713821	3	1.85
47244.535862302124	1850	12.32360948223458	0.0	913888	5759.321147380663	3	1.85
47250.00557877016	1850	10.85389301420775	0.0	939819	5469.716468026828	3	1.85
47253.817313715575	1850	11.04215806878612	0.0	917428	3811.73494542163	3	1.85
47267.745127176866	300	4.0	2.8856553925009867	946851	13927.813461287107	0	-10.558318187754242
47272.10458103362	300	4.0	0.3594538567558366	179801	4359.453856755837	0	-2.7956515840500975
47273.463463916174	300	6.641117117452351	0.0	140051	1358.8828825476483	0	0.3
47274.93214672998	300	9.172434303640465	0.0	138313	1468.682813811887	0	0.3
47277.213156308266	300	10.891424725361986	0.0	143509	2281.0095782784765	0	0.3
47283.02275087656	300	9.081830157062896	0.0	150616	5809.594568299091	0	0.3
47286.606516250074	300	9.498064783551882	0.0	165384	3583.7653735110116	0	0.3
47287.9645481576	750	12.14003287602015	0.0	140881	1358.0319075317334	1	0.3
47290.08008456895	300	14.024496464669253	0.0	386472	2115.536411350896	0	0.3
47292.17026859684	750	15.93431243678259	0.0	157812	2090.184027886661	1	-0.15000000000000002
47295.10825721076	750	16.996323822865463	0.0	401853	2937.9886139171276	1	0.3
47296.1503514027	1850	19.954229630926726	0.0	343800	1042.0941919387358	3	0.75
47302.96808691519	1850	17.136494118430214	0.0	897976	6817.735512496512	3	0.75
47305.49470267727	1850	18.60987835635598	0.0	905935	2526.615762074234	3	1.85
47308.29927948166	1850	19.805301551974303	0.0	1076599	2804.5768043816784	3	1.85
47310.16902500699	1850	21.93555602664205	0.0	758197	1869.745525332253	3	1.85
47313.883483654485	1850	22.221097379147828	0.0	972798	3714.458647494223	3	1.85
47320.52552191897	1850	19.579059114656875	0.0	975811	6642.03826449095	3	1.85
47322.39691884478	1850	21.70766218884641	0.0	873429	1871.3969258104655	3	1.85
47324.32374638674	1850	23.78083464688293	0.0	954453	1926.8275419634795	3	1.85
47326.44958734814	1850	25.65499368548845	0.0	885062	2125.8409613944796	3	1.85
47332.062790197626	1850	24.04179083599996	0.0	1035329	5613.20284948849	3	1.85
47337.8110500655	1850	22.293530968124994	0.0	1026056	5748.259867874967	3	1.85
47339.556708693635	1850	24.547872339992615	0.0	943942	1745.658628132376	3	1.85
47340.977519197906	1850	27.12706183573054	0.0	728962	1420.8105042620775	3	1.85
47342.736471507254	1850	29.368109526384934	0.0	938587	1758.952309345605	3	1.85
47344.44969689931	1850	31.654884134328753	0.0	908665	1713.2253920561802	3	1.85
47346.34973899531	1850	33.75484203832537	0.0	930577	1900.0420960033857	3	1.85
47349.918421614	1850	34.18615941964093	0.0	858450	3568.6826186844373	3	1.85
47351.67252582664	4300	36.43205520699872	0.0	1025005	1754.1042126422099	5	1.85
47355.218195363595	4300	36.88638567004674	0.0	2121928	3545.669536951975	5	1.8499999999999996
47360.6403215665	4300	35.464259467140934	0.0	2219102	5422.126202905809	5	4.3
47363.79753183934	4300	36.30704919430759	0.0	2124950	3157.210272833336	5	4.3
47367.0903653159	4300	37.014215717742104	0.0	2246506	3292.833476565489	5	4.3
47369.95023663819	4300	38.15434439544476	0.0	1961140	2859.871322297348	5	4.3
47376.233122019265	4300	35.87145901437653	0.0	2155012	6282.8853810682285	5	4.3

