24697.312711375904	300	4.0	0.7524405465209504	181801	752.4405465209504	-2.9354943500400865
24697.795056729028	300	7.517654646872361	0.0	155580	482.345353127639	0.3
24698.42448173633	300	10.888229639575183	0.0	139857	629.4250072971771	0.3
24698.802521820657	300	14.5101895552453	0.0	155432	378.0400843298829	0.3
24700.528833707027	750	16.78387766887658	0.0	411561	1726.3118863687184	0.3
24701.146825340293	750	20.165886035611543	0.0	318564	617.9916332650391	0.75
24702.752808096622	1200	22.559903279282427	0.0	561791	1605.9827563291196	0.75
24704.671511921097	1850	24.64119945480702	0.0	1060487	1918.7038244754076	1.2000000000000002
24706.1002669447	1850	27.21244443120638	0.0	852833	1428.7550236006384	1.85
24708.337019825052	2850	28.97569155085157	0.0	1429765	2236.75288035481	1.85
24710.293428307337	2850	31.019283068570036	0.0	1354548	1956.408482281534	2.85
24715.973015907784	4300	29.339695468122617	0.0	2102452	5679.587600447419	2.8499999999999996
24727.916960173283	4300	21.39575120262331	0.0	2209463	11943.944265499307	4.3
24734.16099770733	1200	19.15171366857609	0.0	687371	6244.037534047221	-1.9000000000000001
24737.13756238451	1200	20.17514899139725	0.0	526950	2976.564677178837	1.2
24739.61510269484	1200	21.697608681066953	0.0	587876	2477.5403103302997	1.2
24744.191770494515	1200	21.120940881388385	0.0	617242	4576.667799678566	1.2
24756.727276461872	1200	12.585434914030275	0.0	581493	12535.50596735811	1.2
24758.223857470024	300	15.088853905878846	0.0	165384	1496.5810081514287	-0.6000000000000001
24762.14912683016	750	15.163584545742523	0.0	350713	3925.269360136323	0.3
24767.047087372925	750	14.265624002979433	0.0	386472	4897.960542763092	0.75
24770.180459908297	750	15.13225146761023	0.0	399894	3133.3725353692016	0.75
24772.042297880886	750	17.270413495020875	0.0	401853	1861.8379725893553	0.75
24773.40493422252	750	19.907777153386	0.0	343800	1362.6363416348734	0.75
24775.83934589402	1200	21.473365481884542	0.0	587236	2434.411671501458	0.75
24780.93837558525	1200	20.374335790653994	0.0	590335	5099.029691230549	1.2
24784.02692347118	1200	21.285787904723428	0.0	696376	3088.5478859305654	1.2
24786.12997792892	1200	23.182733446987562	0.0	487160	2103.054457735864	1.2
24791.10705157425	1850	22.20565980165811	0.0	972798	4977.073645329454	1.2000000000000002
24794.665216236903	1850	22.64749513900136	0.0	975811	3558.164662656752	1.85
24798.667793900353	1850	22.644917475555356	0.0	873429	4002.5776634460026	1.85
24803.49794659463	1850	21.814764781279628	0.0	954453	4830.15269427573	1.85
24806.915415864933	1850	22.397295510976733	0.0	885062	3417.4692703028954	1.85
24812.462367311433	1850	20.850344064475543	0.0	1035329	5546.951446501188	1.85
24815.11962288656	1200	22.19308848934682	0.0	690253	2657.255575128723	0.5499999999999999
24816.44370497945	1200	24.869006396457124	0.0	598727	1324.0820928896987	1.2
24818.2062540184	1850	27.106457357505775	0.0	728962	1762.5490389513468	1.2000000000000002
24820.661539959878	2850	28.651171416028586	0.0	1499009	2455.2859414771915	1.85
24823.909293481465	4300	29.403417894442637	0.0	2133870	3247.7535215859507	2.8499999999999996
24827.394879536812	4300	29.917831839098117	0.0	2146120	3485.586055344517	4.3
24835.924433529643	4300	25.388277846267375	0.0	2108491	8529.553992830746	4.3
24849.614586243024	2850	15.698125132886556	0.0	1527299	13690.152713380818	1.4000000000000001
24851.49189577948	750	17.820815596430563	0.0	372093	1877.3095364559929	-1.35
24854.161055464443	1200	19.15165591146876	0.0	634861	2669.1596849618018	0.75
24859.052738088354	1200	18.259973287555347	0.0	630203	4891.682623913415	1.2
24868.64972967176	750	12.662981704149932	0.0	393804	9596.991583405414	0.3
24872.739474589933	750	12.573236785978203	0.0	331053	4089.7449181717284	0.75
24875.21513684299	300	14.097574532917326	0.0	118421	2475.662253060877	-0.15000000000000002

