4846.144768067052	300	4.0	11.711074509069048	450283	11711.074509069049	0	-49.60762038899691
4849.966273264557	300	4.178494802495701	0.0	155580	3821.505197504299	0	-0.15000000000000002
4851.682403442821	300	6.462364624230942	0.0	139857	1716.1301782647595	0	0.3
4853.692028077589	300	8.452739989462374	0.0	155432	2009.6246347685662	0	0.3
4856.087984204163	300	10.056783862889315	0.0	163442	2395.9561265730595	0	0.3
4858.37788100323	300	11.766887063822173	0.0	126289	2289.8967990671426	0	0.3
4864.494632025488	300	9.650136041564169	0.0	153295	6116.751022258005	0	0.3
4869.182572996511	300	8.962195070541036	0.0	173849	4687.940971023132	0	0.3
4871.364490802904	300	10.780277264148122	0.0	150710	2181.9178063929135	0	0.3
4878.382093596167	300	7.762674470884467	0.0	139105	7017.602793263655	0	0.3
4880.675684389194	300	9.469083677856622	0.0	141840	2293.5907930278445	0	0.3
4882.6445914318365	300	11.500176635214212	0.0	156148	1968.907042642411	0	0.3
4885.08950470704	300	13.055263360010233	0.0	160746	2444.913275203979	0	0.3
4888.818074520431	300	13.326693546619593	0.0	179801	3728.56981339064	0	0.3
4890.699553413187	750	15.445214653863772	0.0	140051	1881.478892755822	1	0.3
4894.9416138814695	750	15.203154185579862	0.0	366214	4242.060468283909	1	0.3
4905.209482460105	300	8.935285606943417	0.0	360831	10267.868578636446	0	0.75
4907.791333944187	300	10.353434122862346	0.0	150616	2581.8514840810703	0	-0.15000000000000002
4910.799116794845	300	11.345651272203801	0.0	165384	3007.7828506585447	0	0.3
4912.890496320229	300	13.254271746819784	0.0	140881	2091.3795253840153	0	0.3
4914.802039002733	750	15.342729064315703	0.0	157671	1911.5426825040804	1	0.3
4920.07727214711	750	14.06749591993858	0.0	399894	5275.233144377124	1	0.3
4925.442206977203	750	12.702561089847094	0.0	401853	5364.9348300914835	1	0.75
4929.691334566539	750	12.453433500510378	0.0	343800	4249.1275893367165	1	0.75
4934.103951140007	750	12.04081692704211	0.0	359903	4412.61657346827	1	0.75
4940.086857102418	300	10.057910964630373	0.0	379700	5982.905962411737	0	0.75
4943.241383672998	300	10.90338439405085	0.0	181901	3154.5265705795223	0	-0.15000000000000002
4945.838241574429	300	12.306526492620236	0.0	111155	2596.8579014306133	0	0.3
4951.441034631174	300	10.703733435875012	0.0	153605	5602.793056745224	0	0.3
4954.9927101785925	300	11.152057888457	0.0	149029	3551.675547418012	0	0.3
4957.262369112602	300	12.882398954447712	0.0	157421	2269.658934009289	0	0.3
4963.419617988332	300	10.725150078717117	0.0	157488	6157.248875730594	0	0.3
4965.135689408335	300	13.009078658714595	0.0	143881	1716.0714200025238	0	0.3
4967.053238924461	750	15.091529142589245	0.0	163444	1917.549516125349	1	0.3
4972.541983736097	750	13.602784330953103	0.0	401088	5488.744811636141	1	0.3
4979.5016504147225	750	10.643117652328005	0.0	365161	6959.6666786251	1	0.75
4985.954036091486	300	8.190731975564237	0.0	321064	6452.385676763768	0	0.75
4990.610122996056	300	7.534645070994943	0.0	124011	4656.086904569294	0	-0.15000000000000002
4992.701512302907	300	9.443255764143352	0.0	144254	2091.389306851589	0	0.3
4994.788899815554	300	11.355868251496892	0.0	149991	2087.3875126464604	0	0.3
4999.332890316785	300	10.811877750265623	0.0	147968	4543.990501231269	0	0.3
5006.822017359229	300	7.322750707821909	0.0	161857	7489.127042443714	0	0.3
5008.542562122108	300	9.602205944942044	0.0	145210	1720.5447628798645	0	0.3
5011.598304817065	300	10.546463249986001	0.0	172312	3055.7426949560427	0	0.3
5017.993249625041	300	8.151518442009614	0.0	167025	6394.944807976388	0	0.3
5020.476156255549	300	9.668611811501991	0.0	160064	2482.906630507623	0	0.3
5023.348970995326	300	10.795797071724104	0.0	137507	2872.8147397778857	0	0.3
5026.471621698064	300	11.67314636898714	0.0	118421	3122.650702736964	0	0.3

