53052.25324348081	750	4.0	1.7255197794646058	450283	1725.5197794646058	0.26095499185741805	-6.6697350516978045
53052.5626340076	300	7.690609473216599	0.0	155580	309.3905267834014	0.5028596111765202	-0.15000000000000002
53053.060843743035	750	11.192399737775085	0.0	350812	498.20973544151235	0.7041452124357048	0.3
53055.654012881816	1850	12.59923059899271	0.0	933276	2593.169138782376	0.35989785087378456	0.75
53056.84752991269	1850	15.405713568120845	0.0	996749	1193.517030871865	0.8351359672445345	1.85
53062.90416127419	4300	13.349082206616062	0.0	1941625	6056.631361504784	0.32057836842122067	1.8499999999999996
53068.81864880572	2850	11.434594675095871	0.0	1388403	5914.487531520189	0.2347461200316609	1.4000000000000001
53070.0366710615	1850	14.216572419311596	0.0	1060487	1218.0222557842746	0.8706630728329025	0.8500000000000001
53073.388194960644	2850	14.865048520162883	0.0	1348011	3351.523899148713	0.4022083805943901	1.85
53077.141058981484	2850	15.112184499324101	0.0	1429765	3752.8640208387824	0.38097969765513673	2.85
53079.88803156724	4300	16.36521191356556	0.0	2173522	2746.9725857585427	0.791242697968101	2.8499999999999996
53083.91397438167	4300	16.339269099141443	0.0	2102452	4025.9428144241156	0.5222259969683007	4.3
53091.30959389207	4300	12.94364958874432	0.0	2209463	7395.619510397124	0.2987529302844513	4.3
53092.97394620148	1850	15.279297279341815	0.0	1036454	1664.352309402504	0.6227371417365851	-0.6000000000000001
53112.949794763364	4300	4.0	4.696551282551642	2005399	19975.848561893457	0.10039117956798896	-18.345170514972057
53115.19317522129	300	5.756619542068598	0.0	138313	2243.3804579314024	0.061653831168493364	-3.7
53115.436361473556	300	9.513433289813015	0.0	143509	243.1862522555833	0.5901197072981545	0.3
53116.17758594995	1200	12.77220881341881	0.0	581493	741.2244763942045	0.7845032355498542	0.29999999999999993
53117.38072364057	1850	15.569071122801095	0.0	987708	1203.1376906177152	0.8209434445469751	1.2000000000000002
53129.52412308218	4300	7.425671681196369	0.0	2156729	12143.399441604726	0.17760504464761248	1.8499999999999996
53130.30764869717	750	10.642146066207403	0.0	386472	783.5256149889665	0.493247435191308	-2.8
53131.509377322036	1200	13.440417441339648	0.0	616206	1201.7286248677551	0.5127663494474975	0.75
53134.18569030845	2850	14.764104454924318	0.0	1505760	2676.312986415329	0.5626247780596189	1.2000000000000002
53136.13555266094	2850	16.81424210243449	0.0	1323990	1949.862352489826	0.6790171615495655	2.85
53140.9778389451	4300	15.971955818268023	0.0	2186790	4842.286284166467	0.45160279084499144	2.8499999999999996
53143.47762313779	4300	17.472171625578643	0.0	2105231	2499.7841926893807	0.842165098153972	4.3
53148.90847969595	4300	16.04131506742191	0.0	2395588	5430.856558156732	0.44110684462877403	4.3
53151.584532767454	4300	17.365261995922353	0.0	1972048	2676.05307149956	0.7369240995265233	4.3
53154.99648965483	4300	17.953305108545532	0.0	2134614	3411.956887376819	0.6256274831306952	4.3
53157.356407487496	4300	19.59338727587875	0.0	2164140	2359.9178326667825	0.9170404028662527	4.3
53159.73689398505	4300	21.212900778325817	0.0	2113193	2380.486497552934	0.8877147600594655	4.3
53163.98326116456	4300	20.966533598816014	0.0	2147852	4246.3671795098	0.5058092975011991	4.3
53166.37491818629	4300	22.57487657709542	0.0	2191074	2391.6570217205935	0.9161321962560119	4.3
53171.90043517991	4300	21.049359583471837	0.0	2286761	5525.516993623585	0.4138546678326949	4.3
53177.06007367459	4300	19.889721088791017	0.0	2307787	5159.638494680817	0.4472768784826975	4.3
53180.723113060005	4300	20.226681703375434	0.0	2143948	3663.039385415586	0.5852920961036189	4.3
53182.745259076924	4300	22.204535686460968	0.0	1919781	2022.1460169144682	0.94937802905516	4.3
53185.511275859826	4300	23.438518903559327	0.0	2147467	2766.0167829016373	0.7763752603652827	4.3
53188.00783697653	4300	24.941957786852132	0.0	2133870	2496.5611167071947	0.8547237180455806	4.3
53190.63927866593	4300	26.310516097454997	0.0	2146120	2631.441689397135	0.8155681384266878	4.3
53197.26841708414	4300	23.681377679253043	0.0	2108491	6629.138418201955	0.3180641083327829	4.3
53202.422843271546	4300	22.526951491843747	0.0	2184571	5154.426187409298	0.42382428626803215	4.3
53206.65732138729	4300	22.292473376096634	0.0	2121928	4234.478115747111	0.5011073246804624	4.3
53213.80041752108	4300	19.14937724230253	0.0	2219102	7143.0961337941	0.3106638855805669	4.3
53223.79315945738	4300	13.156635305999137	0.0	2124950	9992.741936303397	0.21264934224710702	4.3
53225.58240224421	2850	15.36739251917702	0.0	1483527	1789.2427868221164	0.829136778377014	1.4000000000000001
53227.91807450568	4300	17.031720257706738	0.0	1961140	2335.6722614702835	0.8396469112346614	2.8499999999999996
53230.16754141626	4300	18.782253347131373	0.0	2155012	2249.466910575366	0.9580100911325669	4.3

