71837.3412421749	300	4.0	5.6188229301684816	450283	5618.822930168481	0	-23.41093859972447
71838.0341654331	750	7.307076741794628	0.0	155580	692.9232582053721	1	-0.15000000000000002
71839.48970274406	750	9.851539430814976	0.0	350812	1455.5373109796533	1	0.3
71840.97952462824	750	12.361717546630734	0.0	382355	1489.821884184241	1	0.75
71846.30130128041	750	11.039940894469545	0.0	411561	5321.776652161188	1	0.75
71857.15546274466	300	4.185779430218216	0.0	318564	10854.16146425133	0	0.75
71858.11948891127	300	7.221753263602948	0.0	153295	964.0261666152669	0	-0.15000000000000002
71858.9271760651	750	10.414066109767125	0.0	173849	807.6871538358223	1	0.3
71862.95242523891	750	10.388816935964622	0.0	374758	4025.249173802504	1	0.3
71868.26557510837	300	9.0756670665151	0.0	362795	5313.149869449523	0	0.75
71868.88129113922	750	12.459951035668936	0.0	141840	615.7160308461621	1	-0.15000000000000002
71870.89902812286	750	14.442214052027197	0.0	405134	2017.7369836417397	1	0.3
71874.3808390927	750	14.960403082179102	0.0	386351	3481.8109698480957	1	0.75
71877.77600741827	750	15.56523475660354	0.0	434409	3395.1683255755643	1	0.75
71881.24776782075	750	16.09347435412943	0.0	337059	3471.760402474109	1	0.75
71882.52253014478	750	18.818712030091532	0.0	366214	1274.762324037896	1	0.75
71885.150043681	750	20.191198493878716	0.0	360831	2627.5135362128176	1	0.75
71887.42270745891	750	21.91853471595374	0.0	372963	2272.6637779249772	1	0.75
71889.07111478748	1850	24.270127387377066	0.0	405596	1648.4073285766756	3	0.75
71893.52367087592	1850	23.81757129894726	0.0	923755	4452.556088429807	3	0.75
71901.8280182112	1850	19.5132239636751	0.0	891604	8304.34733527216	3	1.85
71910.04814672125	750	15.293095453619637	0.0	955231	8220.128510055463	1	1.85
71911.114244784	1850	18.22699739087469	0.0	401853	1066.098062744944	3	-0.3500000000000001
71920.2487713574	1850	13.092470817482589	0.0	874175	9134.526573392102	3	0.75
71928.70653633842	750	8.634705836458217	0.0	897976	8457.764981024371	1	1.85
71934.48312825667	300	6.858113918200057	0.0	379700	5776.59191825816	0	-0.3500000000000001
71935.72159789239	750	9.619644282484183	0.0	181901	1238.469635715874	1	-0.15000000000000002
71936.51817847499	1850	12.823063699873485	0.0	277716	796.5805826106982	3	0.3
71940.79342037308	1850	12.547821801787679	0.0	972798	4275.241898085805	3	0.75
71943.62288071305	1850	13.718361461815102	0.0	975811	2829.4603399725765	3	1.85
71945.94324381625	1850	15.397998358632867	0.0	873429	2320.3631031822347	3	1.85
71948.44667419823	1850	16.894567976643465	0.0	954453	2503.4303819894008	3	1.85
71955.51813097608	1850	13.82311119878925	0.0	885062	7071.456777854214	3	1.85
71958.61617126795	1850	14.725070906922467	0.0	1035329	3098.040291866784	3	1.85
71961.39471382374	1850	15.946528351123952	0.0	1026056	2778.5425557985145	3	1.85
71963.77415476028	1850	17.567087414595722	0.0	943942	2379.4409365282327	3	1.85
71965.54374145952	1850	19.79750071534874	0.0	728962	1769.58669924698	3	1.85
71967.85320141725	1850	21.48804075761239	0.0	938587	2309.459957736351	3	1.85
71970.03580486594	1850	23.305437308924542	0.0	908665	2182.6034486878443	3	1.85
71972.50758301122	1850	24.83365916363576	0.0	930577	2471.7781452887784	3	1.85
71976.3754090814	1850	24.965833093466138	0.0	858450	3867.826070169624	3	1.85
71980.44462939599	1850	24.89661277888032	0.0	1025005	4069.2203145858193	3	1.85
71984.81940269009	1850	24.521839484794537	0.0	886255	4374.773294085783	3	1.85
71988.65641230157	1850	24.68482987330015	0.0	973972	3837.0096114943885	3	1.85
71990.90983063659	1850	26.431411538277448	0.0	958994	2253.4183350227036	3	1.85
71993.38181081045	1850	27.959431364417163	0.0	982064	2471.9801738602823	3	1.85
71995.59526405574	1850	29.745978119119975	0.0	830730	2213.4532452971857	3	1.85
71997.863179473	1850	31.478062701868023	0.0	846370	2267.91541725195	3	1.85

