79895.00286521557	750	4.0	8.650339124083791	450283	8650.339124083792	-36.4464582335603
79895.77181924773	300	7.231045967826283	0.0	155580	768.9540321737172	-0.15000000000000002
79896.47114720813	300	10.53171800743472	0.0	139857	699.3279603915643	0.3
79902.00678531338	750	8.996079902183459	0.0	382355	5535.638105251261	0.3
79902.82234786326	300	12.180517352315038	0.0	163442	815.5625498684224	-0.15000000000000002
79903.4592560305	300	15.543609185066856	0.0	126289	636.9081672481803	0.3
79905.20823715586	750	17.794628059693242	0.0	352642	1748.9811253736164	0.3
79914.97811534841	750	12.024749867152652	0.0	437162	9769.87819254059	0.75
79920.24910654432	750	10.753758671256179	0.0	374758	5270.991195896472	0.75
79923.99863527833	750	11.004229937249715	0.0	362795	3749.5287340064633	0.75
79925.54194121958	750	13.460923996000208	0.0	353220	1543.3059412495068	0.75
79937.49086085502	750	5.512004360563222	0.0	405134	11948.919635436987	0.75
79938.79324780362	300	8.20961741195033	0.0	160746	1302.3869486128913	-0.15000000000000002
79940.0529663775	300	10.949898838085987	0.0	179801	1259.718573864342	0.3
79942.14031828249	750	12.8625469330993	0.0	337059	2087.351904986689	0.3
79944.53324751309	750	14.469617702504237	0.0	366214	2392.9292305950617	0.75
79948.62742291662	750	14.375442298965261	0.0	360831	4094.175403538977	0.75
79951.08107363895	750	15.921791576622477	0.0	372963	2453.6507223427843	0.75
79953.61820353045	750	17.384661685141	0.0	405596	2537.1298914814756	0.75
79955.63596860069	750	19.366896614903578	0.0	350713	2017.7650702374253	0.75
79959.9871029681	750	19.015762247494834	0.0	386472	4351.134367408744	0.75
79963.72477182971	750	19.278093385881444	0.0	399894	3737.668861613385	0.75
79965.76895864547	750	21.23390657012919	0.0	401853	2044.1868157522558	0.75
79985.34801722891	1850	5.654847986670637	0.0	874175	19579.058583458554	0.75
79986.08024202846	300	8.922623187131936	0.0	146754	732.2247995386997	-1.25
79988.39124952944	300	10.611615686148657	0.0	153938	2311.007500983281	0.3
79989.37513681348	300	13.627728402111899	0.0	181901	983.8872840367563	0.3
79990.82829667733	750	16.174568538262854	0.0	277716	1453.159863849046	0.3
79992.85685257232	750	18.14601264326729	0.0	400396	2028.5558949955612	0.75
79994.88595352336	750	20.116911692226616	0.0	400508	2029.1009510406757	0.75
79999.21655849146	1850	19.786306724119843	0.0	873429	4330.60496810677	0.75
80014.37486809975	1850	8.62799711583216	0.0	954453	15158.309608287684	1.85
80016.04388215633	300	10.95898305925534	0.0	143881	1669.0140565768202	-1.25
80017.7255171359	300	13.277348079677092	0.0	163444	1681.6349795782498	0.3
80024.60439638152	750	10.398468834072055	0.0	401088	6878.879245605036	0.3
80026.24404017015	300	12.758825045435835	0.0	159914	1639.6437886362198	-0.15000000000000002
80027.91750567869	300	15.085359536889367	0.0	131610	1673.4655085464667	0.3
80032.03204510508	750	14.970820110509136	0.0	361565	4114.539426380232	0.3
80034.91326359975	750	16.08960161584697	0.0	378327	2881.218494662165	0.75
80037.83871993085	750	17.164145284763517	0.0	390680	2925.456331083456	0.75
80043.87284639635	750	15.130018819258305	0.0	345516	6034.12646550521	0.75
80049.36735919408	750	13.63550602153223	0.0	384505	5494.512797726075	0.75
80054.48336939709	750	12.519495818519331	0.0	372093	5116.010203012898	0.75
80060.85491970893	750	10.14794550667008	0.0	438281	6371.550311849253	0.75
80062.00178089426	300	13.00108432134275	0.0	167025	1146.8611853273292	-0.15000000000000002
80066.58017654483	300	12.422688670775273	0.0	160064	4578.395650567478	0.3
80067.5204741426	300	15.482391073010556	0.0	137507	940.2975977647164	0.3
80069.52010008342	750	17.482765132180415	0.0	314107	1999.6259408301405	0.3

