88633.05023206104	750	4.0	2.7999400645219827	450283	2799.9400645219825	-11.289742277444525
88634.08523917425	750	6.9649928867994	0.0	398865	1035.0071132006005	0.75
88636.26689649881	1850	8.783335562237946	0.0	877771	2181.6573245614536	0.75
88638.58145009108	1850	10.46878196997138	0.0	933276	2314.553592266565	1.85
88641.04797782622	1850	12.002254234833964	0.0	996749	2466.5277351374157	1.85
88652.44068798615	1850	4.609544074911406	0.0	801058	11392.710159922559	1.85
88656.09515688276	300	4.955075178299114	0.0	153295	3654.468896612292	-1.25
88657.87335041522	300	7.176881645845157	0.0	173849	1778.1935324539568	0.3
88659.6062943797	300	9.443937681368924	0.0	150710	1732.943964476234	0.3
88661.12795323675	300	11.922278824322378	0.0	139105	1521.658857046545	0.3
88662.60822064892	300	14.44201141214297	0.0	141840	1480.2674121794091	0.3
88664.73595059689	300	16.314281464170428	0.0	156148	2127.7299479725425	0.3
88666.64614224799	300	18.40408981307746	0.0	160746	1910.1916510929684	0.3
88670.94050428593	750	18.109727775132566	0.0	434409	4294.362037944893	0.3
88673.07055991903	750	19.97967214203706	0.0	337059	2130.0556330955064	0.75
88676.55890433115	750	20.491327729912307	0.0	366214	3488.344412124754	0.75
88678.82989646168	750	22.220335599375584	0.0	360831	2270.9921305367225	0.75
88682.12717881429	750	22.92305324675798	0.0	372963	3297.282352617604	0.75
88684.62252808225	750	24.42770397879625	0.0	405596	2495.349267961731	0.75
88690.00710684339	1200	23.04312521764972	0.0	586839	5384.5787611465275	0.75
88693.98530253908	1200	23.06492952196743	0.0	601738	3978.1956956822937	1.2
88699.83420133064	1200	21.216030730409155	0.0	616206	5848.898791558274	1.2
88709.42125285469	1200	15.628979206357686	0.0	656471	9587.051524051469	1.2
88728.20534670677	1200	4.0	3.155114645730373	536667	18784.09385208806	-12.366992976640605
88731.09209672594	300	5.113249980831593	0.0	146754	2886.7500191684067	-0.6000000000000001
88735.39175329798	300	4.813593408785887	0.0	153938	4299.6565720457065	0.3
88737.10055206982	300	7.104794636943861	0.0	181901	1708.7987718420256	0.3
88737.70548975327	300	10.499856953517991	0.0	111155	604.9376834258707	0.3
88742.4538101534	750	9.751536553383078	0.0	400396	4748.320400134912	0.3
88743.93149792265	300	12.273848784135815	0.0	149029	1477.687769247263	-0.15000000000000002
88747.21289135715	300	12.992455349631097	0.0	157421	3281.3934345047187	0.3
88748.59050157436	300	15.614845132417253	0.0	157488	1377.6102172138433	0.3
88750.00205064555	300	18.20329606123263	0.0	143881	1411.5490711846212	0.3
88751.8473705153	300	20.357976191476773	0.0	163444	1845.319869755859	0.3
88752.44338947798	300	23.761957228798536	0.0	179328	596.0189626782383	0.3
88760.37398424634	1200	19.831362460439223	0.0	598727	7930.594768359312	0.29999999999999993
88761.44472808526	300	22.760618621521	0.0	131610	1070.7438389182257	-0.6000000000000001
88763.79534156124	300	24.41000514553777	0.0	124011	2350.613475983233	0.3
88765.61770979862	300	26.587636908157624	0.0	144254	1822.3682373801473	0.3
88766.2309951571	300	29.974351549683472	0.0	149991	613.2853584741506	0.3
88768.63319230573	750	31.572154401044354	0.0	345516	2402.197148639121	0.3
88770.40686583555	750	33.79848087122208	0.0	384505	1773.673529822267	0.75
88773.22897542008	1850	34.97637128669661	0.0	886255	2822.109584525476	0.75
88780.76742329451	2850	31.43792341225718	0.0	1587250	7538.447874439427	1.85
88796.95667451074	2850	19.24867219601715	0.0	1464921	16189.251216240033	2.85
88804.52580586982	750	15.679540836939356	0.0	393804	7569.131359077792	-1.35
88805.54626197979	750	18.659084726961392	0.0	331053	1020.4561099779664	0.75
88838.38614803097	4300	4.0	14.180801324218814	2155012	32839.886051180205	-60.2274456941409

