78429.02052626808	750	4.0	1.3073001164027915	450283	1307.3001164027914	0.34443735937162845	-4.871390500532003
78429.42761738342	300	7.592908884652801	0.0	155580	407.0911153471988	0.3821748845275322	-0.15000000000000002
78430.3738506145	750	10.646675653564737	0.0	350812	946.2332310880635	0.3707458039669618	0.3
78431.82280005417	1200	13.197726213894732	0.0	617681	1448.9494396700052	0.4262957582154664	0.75
78434.30135933979	2850	14.719166928279915	0.0	1472558	2478.5592856148173	0.5941185302875358	1.2000000000000002
78436.19796129568	2850	16.822564972396663	0.0	1224260	1896.6019558832506	0.6455018124400594	2.85
78439.94412048352	4300	17.076405784557714	0.0	2157535	3746.159187838949	0.5759325463274345	2.8499999999999996
78446.20508662587	4300	14.81543964222106	0.0	2290172	6260.966142336656	0.3657857186790799	4.3
78449.51114109765	2850	15.509385170426649	0.0	1348011	3306.0544717944103	0.40774010576672287	1.4000000000000001
78455.0143283171	4300	14.00619795097714	0.0	2169201	5503.187219449508	0.39417176147188904	2.8499999999999996
78457.63785221787	2850	15.382674050222011	0.0	1354548	2623.5239007551304	0.5163086181948331	1.4000000000000001
78461.50066368372	4300	15.519862584362146	0.0	2102452	3862.8114658598643	0.5442802525004913	2.8499999999999996
78470.37187125409	4300	10.64865501400888	0.0	2209463	8871.207570353268	0.249060004793915	4.3
78471.81017668865	1200	13.21034957943278	0.0	687371	1438.3054345760995	0.47790336007635503	-1.9000000000000001
78473.77416895374	2850	15.246357314355041	0.0	1231445	1963.9922650777369	0.6270111251946596	1.2000000000000002
78477.06349413762	4300	15.957032130465537	0.0	2152483	3289.3251838895053	0.6543843735920231	2.8499999999999996
78481.76290947905	4300	15.257616789027768	0.0	2289689	4699.415341437769	0.48722848134114444	4.3
78486.29274344342	4300	14.72778282465681	0.0	2059512	4529.833964370959	0.4546550748214889	4.3
78488.58257977481	2850	16.437946493274154	0.0	1537156	2289.8363313826567	0.6712951397149984	1.4000000000000001
78492.00457061898	4300	17.01595564910181	0.0	2156729	3421.990844172344	0.6302556313594214	2.8499999999999996
78497.0175121967	4300	16.00301407138355	0.0	2039773	5012.941577718258	0.4069014107538122	4.3
78499.85466293091	4300	17.16586333718595	0.0	2176469	2837.150734197599	0.7671319587521132	4.3
78502.34219359558	4300	18.678332672501018	0.0	2221506	2487.5306646849294	0.8930567295263376	4.3
78504.42629131996	4300	20.594234948118434	0.0	2044075	2084.0977243825864	0.9807961383411408	4.3
78506.55084812247	4300	22.469678145615887	0.0	2186790	2124.556802502546	1.0292923198966244	4.3
78508.58073611649	4300	24.43979015158118	0.0	2105231	2029.8879940347042	1.0371168291978219	4.3
78511.1141642447	4300	25.906362023380904	0.0	2395588	2533.4281282002776	0.9455914589934715	4.3
78516.35262248374	4300	24.66790378432672	0.0	1972048	5238.458239054184	0.37645580245306265	4.3
78520.44628922208	4300	24.574237045991428	0.0	2134614	4093.6667383352933	0.5214430329685434	4.3
78522.53167945916	4300	26.48884680889234	0.0	2164140	2085.390237099086	1.0377626026534297	4.3
78524.6264052249	4300	28.394121043157437	0.0	2113193	2094.7257657349055	1.0088160629745324	4.3
78526.80310347797	4300	30.217422790095533	0.0	2147852	2176.698253061902	0.9867477023876301	4.3
78529.23030121985	4300	31.790225048211934	0.0	2191074	2427.1977418835977	0.9027175504454957	4.3
78531.45863342664	4300	33.56189284142278	0.0	2286761	2228.3322067891468	1.0262208628645388	4.3
78534.26734764983	4300	34.75317861823141	0.0	2307787	2808.7142231913726	0.8216524774734115	4.3
78537.96386837318	4300	35.05665789489042	0.0	2143948	3696.5207233409938	0.5799907968762188	4.3
78541.97197851812	4300	35.04854774993693	0.0	1919781	4008.110144953487	0.4789741126294019	4.3
78547.44326442757	4300	33.57726184048617	0.0	2147467	5471.285909450756	0.39249767523400675	4.3
78550.26712134849	4300	34.75340491956968	0.0	2133870	2823.8569209164943	0.7556579740971593	4.3
78554.12428444735	4300	34.89624182070825	0.0	2146120	3857.163098861436	0.5563985615836404	4.3
78559.77153180455	4300	33.24899446350116	0.0	2108491	5647.247357207081	0.37336614931682066	4.3
78568.65877566156	4300	28.36175060649371	0.0	2184571	8887.243857007454	0.24580972854452507	4.3
78587.20260459032	4300	13.817921677743044	0.0	2121928	18543.828928750667	0.11442771652784861	4.3
78591.60800096228	2850	13.412525305768337	0.0	1587250	4405.396371974709	0.360296751070442	1.4000000000000001
78595.13242754451	2850	13.888098723553481	0.0	1464921	3524.4265822148564	0.4156480397101645	2.85
78598.38902420655	2850	14.631502061513475	0.0	1483527	3256.5966620400077	0.4555452068389348	2.85
78602.25664206615	2850	14.763884201918524	0.0	1231456	3867.617859594952	0.31840167377057466	2.85
78604.88137255397	2850	16.13915371411536	0.0	1364537	2624.7304878031628	0.5198769955013877	2.85

