59190.41260020577	750	4.0	2.961815758748153	450283	2961.815758748153	-11.985807762617057
59191.575710337915	750	6.836889867849783	0.0	398865	1163.1101321502165	0.75
59192.39572280201	750	10.016877403755934	0.0	350812	820.012464093849	0.75
59193.27367685454	750	13.138923351226655	0.0	382355	877.9540525292795	0.75
59197.18989940232	1850	13.222700803440516	0.0	996749	3916.2225477861384	0.75
59198.750231547405	1850	15.662368658352882	0.0	801058	1560.3321450876342	1.85
59200.20298859473	1850	18.20961161103502	0.0	905515	1452.7570473178616	1.85
59203.43072764429	1850	18.981872561467203	0.0	1060487	3227.7390495678146	1.85
59205.48175810329	1850	20.930842102475154	0.0	852833	2051.0304589920497	1.85
59207.78438041072	1850	22.628219795049358	0.0	913888	2302.6223074257987	1.85
59213.93322235451	1850	20.479377851248856	0.0	939819	6148.841943800502	1.85
59217.82864274513	1850	20.58395746063862	0.0	917428	3895.4203906102375	1.85
59219.868126931666	1850	22.54447327410269	0.0	946851	2039.4841865359303	1.85
59226.91905473176	1850	19.493545474008968	0.0	1036454	7050.927800093717	1.85
59229.30098255283	1850	21.111617652944854	0.0	821631	2381.9278210641173	1.85
59230.684815000466	1850	23.727785205307836	0.0	923170	1383.8324476370178	1.85
59232.19854467048	1850	26.214055535296538	0.0	966699	1513.7296700112968	1.85
59233.601448884314	1850	28.811151321454755	0.0	885714	1402.9042138417824	1.85
59235.145400570305	1850	31.26719963547096	0.0	987708	1543.9516859837954	1.85
59237.217810797185	1850	33.19478940859256	0.0	923755	2072.410226878391	1.85
59242.71568988768	4300	31.696910318095775	0.0	2039773	5497.879090496792	1.8499999999999996
59259.26331678991	4300	19.149283415868403	0.0	2176469	16547.626902227374	4.3
59264.011560750834	1850	18.401039454943714	0.0	968026	4748.243960924688	-0.6000000000000001
59275.48267805837	1850	10.929922147407881	0.0	874175	11471.117307535835	1.85
59280.648043651214	750	9.764556554560178	0.0	359903	5165.365592847703	-0.3500000000000001
59281.33664144719	300	13.075958758586356	0.0	153938	688.5977959738237	-0.15000000000000002
59282.90646212305	750	15.506138082720028	0.0	425781	1569.820675866328	0.3
59288.95190880183	1850	13.460691403942285	0.0	758197	6045.446678777744	0.75
59292.18108283176	1850	14.231517374008368	0.0	972798	3229.1740299339162	1.85
59297.09941208396	1850	13.313188121808373	0.0	975811	4918.3292521999965	1.85
59303.90589725906	1850	10.506702946713862	0.0	873429	6806.485175094511	1.85
59305.08722943357	750	13.32537077219635	0.0	400322	1181.3321745175115	-0.3500000000000001
59307.73325635617	1850	14.679343849596115	0.0	885062	2646.0269226002342	0.75
59313.40229134635	1850	13.010308859422889	0.0	1035329	5669.034990173228	1.85
59322.319444967776	1850	8.093155237995399	0.0	1026056	8917.15362142749	1.85
59328.94888473061	750	5.463715475154659	0.0	365161	6629.43976284074	-0.3500000000000001
59329.32299504914	300	9.089605156633475	0.0	131610	374.11031852118447	-0.15000000000000002
59330.210988342325	750	12.201611863448216	0.0	361565	887.99329318526	0.3
59332.57258221777	1850	13.840017988005034	0.0	908665	2361.593875443181	0.75
59334.80699225173	1850	15.605607954040753	0.0	930577	2234.4100339642814	1.85
59337.41405525094	1850	16.99854495482862	0.0	858450	2607.062999212134	1.85
59339.545607069136	1850	18.86699313663852	0.0	1025005	2131.551818190099	1.85
59341.67517449973	1850	20.73742570604205	0.0	886255	2129.5674305964703	1.85
59343.61444937863	1850	22.798150827148646	0.0	973972	1939.2748788934057	1.85
59345.52514124892	1850	24.887458956850278	0.0	958994	1910.6918702983667	1.85
59347.483923116684	1850	26.928677089094293	0.0	982064	1958.781867755983	1.85
59349.74105988807	1850	28.67154031771425	0.0	830730	2257.136771380044	1.85
59351.537945132004	1850	30.87465507377463	0.0	846370	1796.8852439396205	1.85

