75581.8868635711	300	4.0	2.9905982129606805	181801	2990.5982129606805	-12.559572315730925
75585.53932174943	300	4.347541821651934	0.0	155580	3652.458178348066	0.3
75590.64139438134	300	4.0	0.7545308102659164	139857	5102.07263191785	-2.9444824841434407
75592.80900581165	300	5.832388569692132	0.0	155432	2167.611430307869	0.3
75595.13758210078	300	7.503812280554002	0.0	163442	2328.5762891381287	0.3
75598.30956565934	300	8.331828721998667	0.0	126289	3171.9835585553355	0.3
75601.35414861451	300	9.287245766811214	0.0	153295	3044.582955187452	0.3
75610.93529646128	300	4.0	0.2939020799671616	173849	9581.147846778376	-0.9637789438587949
75617.22961770905	300	4.0	2.294321247757475	150710	6294.321247757475	-9.565581365357142
75620.40429427051	300	4.8253234385310035	0.0	139105	3174.6765614689966	0.3
75624.69892175507	300	4.53069595397468	0.0	141840	4294.627484556323	0.3
75628.35105096395	300	4.878566745107224	0.0	156148	3652.129208867457	0.3
75631.00299268696	300	6.2266250220887125	0.0	160746	2651.9417230185118	0.3
75633.14803125434	300	8.081586454715126	0.0	179801	2145.038567373587	0.3
75636.35388917345	300	8.87572853560145	0.0	140051	3205.8579191136764	0.3
75639.23039105386	300	9.999226655200436	0.0	138313	2876.501880401013	0.3
75640.3564179521	300	12.873199756957211	0.0	143509	1126.026898243227	0.3
75643.52394869852	750	13.705669010546098	0.0	372963	3167.530746411111	0.3
75647.09575621343	750	14.133861495638188	0.0	405596	3571.8075149079104	0.75
75651.59458678024	750	13.6350309288292	0.0	350713	4498.830566808987	0.75
75655.99557298834	750	13.234044720733484	0.0	386472	4400.986208095717	0.75
75660.26062939205	750	12.968988317009503	0.0	399894	4265.056403723983	0.75
75665.60230996257	750	11.627307746503602	0.0	401853	5341.6805705059	0.75
75668.41904236397	300	12.810575345103883	0.0	137654	2816.7324013997186	-0.15000000000000002
75679.28652712525	750	5.943090583819525	0.0	359903	10867.484761284359	0.3
75683.90795840492	300	5.321659304164759	0.0	153938	4621.4312796547665	-0.15000000000000002
75688.93703363441	300	4.29258407466939	0.0	181901	5029.075229495368	0.3
75691.69273531176	300	5.536882397311121	0.0	111155	2755.701677358269	0.3
75697.70482378516	300	4.0	0.47520607608633963	153605	6012.088473397461	-1.7433861271712605
75701.34721748716	300	4.357606298001028	0.0	149029	3642.393701998971	0.3
75705.97708373581	300	4.0	0.27225995064923064	157421	4629.866248650259	-0.8707177877916916
75708.72628495205	300	5.250798783762206	0.0	157488	2749.201216237794	0.3
75711.1275209177	300	6.849562818114332	0.0	143881	2401.235965647874	0.3
75713.57359410943	300	8.403489626380782	0.0	163444	2446.07319173355	0.3
75720.07464480256	300	5.902438933251213	0.0	179328	6501.050693129569	0.3
75723.37600630346	300	6.601077432352533	0.0	159914	3301.36150089868	0.3
75726.05908236212	300	7.918001373698802	0.0	131610	2683.0760586537313	0.3
75729.47145376762	300	8.505629968204838	0.0	124011	3412.3714054939646	0.3
75730.72171121153	300	11.255372524283484	0.0	144254	1250.257443921353	0.3
75732.03165548273	300	13.945428253098072	0.0	149991	1309.944271185411	0.3
75735.55049309495	750	14.426590640875864	0.0	345516	3518.8376122222094	0.3
75741.10325898291	750	12.873824752918829	0.0	384505	5552.765887957035	0.75
75742.87140570153	300	15.105678034301565	0.0	145210	1768.1467186172629	-0.15000000000000002
75750.7856600456	750	11.191423690238175	0.0	438281	7914.25434406339	0.3
75752.96436385752	300	13.012719878304184	0.0	167025	2178.7038119339904	-0.15000000000000002
75758.24697827241	750	11.730105463425602	0.0	393804	5282.6144148785825	0.3
75761.59119932982	300	12.38588440600822	0.0	137507	3344.221057417382	-0.15000000000000002
75762.58389827775	300	15.393185458084877	0.0	118421	992.6989479233423	0.3

