65378.10867525244	300	4.0	2.0437027251255517	450283	2043.7027251255515	0	-8.037921718039872
65378.6198559059	750	7.488819346546897	0.0	155580	511.18065345310293	1	-0.15000000000000002
65379.28095561708	1850	10.827719635362987	0.0	350812	661.0997111839084	3	0.3
65382.6731568541	1850	11.43551839834894	0.0	933276	3392.2012370140474	3	0.75
65385.23018758553	1850	12.878487666922439	0.0	996749	2557.0307314265015	3	1.85
65386.99762033358	1850	15.111054918867596	0.0	801058	1767.4327480548436	3	1.85
65388.4558369922	1850	17.652838260248384	0.0	905515	1458.2166586192134	3	1.85
65390.350355314346	1850	19.75831993810468	0.0	1060487	1894.5183221437023	3	1.85
65393.09794392884	1850	21.01073132360111	0.0	852833	2747.5886145035697	3	1.85
65397.733957063996	1850	20.37471818844795	0.0	913888	4636.01313515316	3	1.85
65402.49513239719	1850	19.613542855255638	0.0	939819	4761.175333192315	3	1.85
65404.86763923449	1850	21.24103601795347	0.0	917428	2372.506837302169	3	1.85
65407.263093422465	1850	22.84558182998105	0.0	946851	2395.454187972419	3	1.85
65410.55336995849	1850	23.555305293956494	0.0	1036454	3290.2765360245558	3	1.85
65413.2465669703	1850	24.862108282144014	0.0	821631	2693.1970118124796	3	1.85
65418.30735858371	1850	23.80131666873594	0.0	923170	5060.791613408072	3	1.85
65424.61017720627	1850	21.498498046174397	0.0	966699	6302.818622561544	3	1.85
65428.109408573895	1850	21.999266678550278	0.0	885714	3499.231367624121	3	1.85
65430.384860230944	1850	23.72381502150213	0.0	987708	2275.451657048145	3	1.85
65441.629212919455	1850	16.479462332990412	0.0	923755	11244.352688511715	3	1.85
65443.139599610535	1850	18.969075641912017	0.0	891604	1510.386691078399	3	1.85
65446.55205427226	1850	19.556620980193504	0.0	955231	3412.4546617185115	3	1.85
65453.2692005535	1850	16.839474698951985	0.0	968026	6717.14628124152	3	1.85
65458.670975154324	1850	15.437700098127593	0.0	874175	5401.774600824392	3	1.85
65463.65016756394	1850	14.458507688518006	0.0	897976	4979.192409609586	3	1.85
65478.57336340682	300	4.0	0.46468815436016847	905935	14923.195842878175	0	-0.14815906374872423
65479.21376216731	750	7.359601239501895	0.0	181901	640.3987604981045	1	-1.25
65482.105810086265	300	8.467553320552135	0.0	277716	2892.047918949761	0	0.3
65482.56201737831	750	12.011346028509575	0.0	153605	456.2072920425594	1	-0.15000000000000002
65483.6229361643	1850	14.950427242523563	0.0	400508	1060.9187859860122	3	0.3
65494.99248157915	750	7.580881827663005	0.0	873429	11369.545414860559	1	0.75
65495.881525579614	1850	10.691837827197672	0.0	400322	889.0440004653314	3	-0.3500000000000001
65498.65807461765	1850	11.915288789166867	0.0	885062	2776.5490380308056	3	0.75
65502.710154979235	1850	11.86320842757563	0.0	1035329	4052.080361591237	3	1.85
65507.49396067349	1850	11.07940273332168	0.0	1026056	4783.805694253949	3	1.85
65514.96292830455	750	7.610435102260002	0.0	943942	7468.967631061678	1	1.85
65528.0462178125	300	4.0	5.472854405685576	321064	13083.289507945577	0	-23.883273944447975
65531.16272654898	300	4.883491263522641	0.0	124011	3116.508736477359	0	-0.15000000000000002
65532.73474736791	300	7.311470444591413	0.0	144254	1572.0208189312282	0	0.3
65536.59041372998	300	7.45580408252685	0.0	149991	3855.666362064563	0	0.3
65538.88890279032	300	9.157315022184083	0.0	147968	2298.489060342768	0	0.3
65542.26732395988	300	9.778893852612272	0.0	161857	3378.4211695718095	0	0.3
65543.93955323147	300	12.106664581027124	0.0	145210	1672.2292715851493	0	0.3
65545.32044026253	750	14.725777549969477	0.0	172312	1380.8870310576474	1	0.3
65550.39588931514	750	13.650328497353257	0.0	398987	5075.449052616218	1	0.3
65551.42778624072	1850	16.6184315717808	0.0	393804	1031.896925572457	3	0.75
65558.55099539849	1850	13.49522241401229	0.0	830730	7123.2091577685105	3	0.75
65566.48863866476	750	9.557579147745123	0.0	846370	7937.643266267165	1	1.85

