11272.224683459573	750	4.0	1.4902496268091137	450283	1490.2496268091136	1	-5.658073395279189
11273.192275371563	750	7.0324080880125655	0.0	398865	967.5919119874345	1	0.75
11273.86372685378	1850	10.360956605795163	0.0	350812	671.451482217403	3	0.75
11275.478703428646	1850	12.74598003093103	0.0	933276	1614.976574864132	3	0.75
11277.164208298418	1850	15.060475161156452	0.0	996749	1685.5048697745788	3	1.85
11278.534505574835	1850	17.690177884738937	0.0	801058	1370.2972764175179	3	1.85
11283.754180823407	1850	16.470502636165886	0.0	905515	5219.67524857305	3	1.85
11289.579030215204	1850	14.645653244370118	0.0	1060487	5824.849391795768	3	1.85
11293.057313054645	1850	15.167370404928622	0.0	852833	3478.282839441495	3	1.85
11294.73800553532	1850	17.48667792425357	0.0	913888	1680.6924806750499	3	1.85
11297.539184256457	1850	18.685499203118432	0.0	939819	2801.1787211351366	3	1.85
11299.101081446535	1850	21.12360201303923	0.0	917428	1561.897190079204	3	1.85
11300.731145414056	1850	23.493538045519653	0.0	946851	1630.0639675195728	3	1.85
11302.70635737297	1850	25.518326086606045	0.0	1036454	1975.2119589136084	3	1.85
11304.227226783074	1850	27.997456676501216	0.0	821631	1520.8694101048281	3	1.85
11305.824892026094	1850	30.399791433480964	0.0	923170	1597.6652430202505	3	1.85
11307.489437227898	1850	32.73524623167816	0.0	966699	1664.5452018028052	3	1.85
11309.03770263534	4300	35.186980824235256	0.0	885714	1548.2654074429026	5	1.85
11313.31378375854	4300	34.91089970103603	0.0	2220726	4276.081123199231	5	1.8499999999999996
11317.371187042503	4300	34.85349641707224	0.0	2156729	4057.4032839637894	5	4.3
11324.287364682248	4300	31.93731877732744	0.0	2039773	6916.177639744804	5	4.3
11328.250402100097	4300	31.97428135947725	0.0	2176469	3963.0374178501906	5	4.3
11333.370283721322	4300	30.854399738251868	0.0	2221506	5119.88162122538	5	4.3
11337.399729600002	4300	30.824953859572634	0.0	2044075	4029.4458786792334	5	4.3
11348.940804149865	4300	23.28387930970941	0.0	2186790	11541.074549863222	5	4.3
11357.153673431101	4300	19.071010028474188	0.0	2105231	8212.86928123522	5	4.3
11361.456880828004	4300	18.76780263156926	0.0	2395588	4303.207396904926	5	4.3
11366.024253596537	4300	18.200429863036984	0.0	1972048	4567.372768532277	5	4.3
11369.756789431856	4300	18.46789402771641	0.0	2134614	3732.535835320573	5	4.3
11377.31852867975	4300	14.906154779821685	0.0	2164140	7561.739247894727	5	4.3
11381.051591765303	4300	15.173091694269766	0.0	2113193	3733.0630855519184	5	4.3
11385.552373495828	4300	14.672309963743672	0.0	2147852	4500.781730526094	5	4.3
11391.144884310304	4300	13.079799149266872	0.0	2191074	5592.5108144768	5	4.3
11399.435300906325	1850	8.789382553246794	0.0	2286761	8290.416596020077	3	4.3
11401.205327582962	1850	11.019355876608254	0.0	1026056	1770.0266766385414	3	-0.6000000000000001
11402.782040750912	1850	13.442642708660326	0.0	943942	1576.7131679479278	3	1.85
11406.036703426736	1850	14.187980032834654	0.0	728962	3254.6626758256725	3	1.85
11407.94559186648	1850	16.279091593090957	0.0	938587	1908.8884397436984	3	1.85
11411.670534072131	1850	16.554149387439473	0.0	908665	3724.9422056514845	3	1.85
11413.276008102803	1850	18.948675356767627	0.0	930577	1605.474030671847	3	1.85
11414.743568333904	1850	21.481115125665013	0.0	858450	1467.5602311026146	3	1.85
11422.119096806598	1850	18.105586652970725	0.0	1025005	7375.528472694289	3	1.85
11429.3684847202	1850	14.856198739369972	0.0	886255	7249.387913600751	3	1.85
11434.155822626324	1850	14.068860833246088	0.0	973972	4787.337906123885	3	1.85
11436.258150997692	1850	15.966532461879085	0.0	958994	2102.3283713670025	3	1.85
11439.110325051253	1850	17.114358408315415	0.0	982064	2852.1740535636723	3	1.85
11440.56347954278	1850	19.661203916790083	0.0	830730	1453.154491525328	3	1.85
11442.06516730815	1850	22.1595161514194	0.0	846370	1501.6877653706822	3	1.85

