54630.81774673307	300	4.0	5.475117107958013	181801	5475.117107958014	-23.243003564219457
54634.23185784073	300	4.585888892340231	0.0	155580	3414.111107659769	0.3
54635.75228262376	300	7.0654641093136314	0.0	139857	1520.4247830265997	0.3
54637.654827953054	300	9.162918780015213	0.0	155432	1902.5453292984193	0.3
54640.36235348843	300	10.455393244641135	0.0	163442	2707.5255353740786	0.3
54641.61359392432	300	13.204152808749644	0.0	126289	1251.240435891491	0.3
54643.77933503281	300	15.038411700267428	0.0	153295	2165.741108482215	0.3
54647.229755849636	300	15.587990883438247	0.0	173849	3450.420816829183	0.3
54649.03657836544	300	17.781168367630798	0.0	150710	1806.8225158074483	0.3
54650.927648704426	300	19.890098028650215	0.0	139105	1891.070338980583	0.3
54655.37797181922	300	19.439774913852357	0.0	141840	4450.323114797857	0.3
54659.44588151803	300	19.371865215035953	0.0	156148	4067.9096988164047	0.3
54662.884793915386	300	19.932952817689866	0.0	160746	3438.9123973460864	0.3
54672.06000580895	300	14.757740924123743	0.0	179801	9175.211893566124	0.3
54677.440562397715	300	13.377184335359951	0.0	140051	5380.556588763792	0.3
54678.86936667759	300	15.94838005547865	0.0	138313	1428.804279881301	0.3
54681.848456898704	300	16.96928983436382	0.0	143509	2979.090221114831	0.3
54684.51539631021	300	18.302350422855536	0.0	150616	2666.9394115082832	0.3
54686.459647253236	300	20.358099479825963	0.0	165384	1944.2509430295736	0.3
54687.695331001814	300	23.122415731249657	0.0	140881	1235.6837485763047	0.3
54688.95506759981	300	25.862679133253373	0.0	157671	1259.7365979962865	0.3
54691.11038441087	300	27.70736232219456	0.0	157812	2155.316811058813	0.3
54693.265452289816	300	29.552294443257594	0.0	163927	2155.0678789369654	0.3
54694.716097631725	300	32.10164910134689	0.0	137654	1450.6453419107097	0.3
54696.46865311557	300	34.34909361750256	0.0	146754	1752.5554838443197	0.3
54699.69490051558	300	35.1228462174914	0.0	153938	3226.2474000111642	0.3
54704.250338474856	300	34.567408258213554	0.0	181901	4555.437959277851	0.3
54709.63466949988	300	33.18307723318784	0.0	111155	5384.331025025711	0.3
54712.014770738606	300	34.80297599446144	0.0	153605	2380.1012387263977	0.3
54713.59020451149	300	37.22754222157984	0.0	149029	1575.4337728816038	0.3
54715.2376644391	300	39.58008229397869	0.0	157421	1647.4599276011527	0.3
54719.133072320394	300	39.68467441268055	0.0	157488	3895.4078812981356	0.3
54721.432007297226	300	41.38573943584875	0.0	143881	2298.9349768317957	0.3
54724.03264315848	300	42.78510357459329	0.0	163444	2600.6358612554545	0.3
54726.18934091326	300	44.62840581981717	0.0	179328	2156.6977547761308	0.3
54728.34209869472	300	46.47564803835344	0.0	159914	2152.7577814637266	0.3
54729.73248028129	300	49.085266451787795	0.0	131610	1390.3815865656502	0.3
54730.93206546663	300	51.885681266445445	0.0	124011	1199.5851853423412	0.3
54733.64927344085	300	53.168473292217975	0.0	144254	2717.20797422747	0.3
54735.26641188668	300	55.551334846386446	0.0	149991	1617.1384458315267	0.3
54738.96614265424	300	55.851604078833226	0.0	147968	3699.7307675532206	0.3
54742.5197478187	300	56.297998914379065	0.0	161857	3553.605164454158	0.3
54746.18865140189	300	56.629095331180714	0.0	145210	3668.9035831983524	0.3
54749.26436381036	300	57.55338292270948	0.0	172312	3075.7124084712314	0.3
54752.41217966794	300	58.405567065131045	0.0	167025	3147.8158575784373	0.3
54756.40692598535	300	58.41082074772476	0.0	160064	3994.746317406283	0.3
54760.847466916064	300	57.97027981701754	0.0	137507	4440.5409307072205	0.3
54764.742510068994	300	58.07523666408048	0.0	118421	3895.0431529370667	0.3

