53815.57769345035	750	4.0	11.656779885669105	450283	11656.779885669104	-49.37415350837715
53818.40528164566	300	5.172411804692515	0.0	155580	2827.588195307485	-0.15000000000000002
53823.11976554743	300	4.457927902920466	0.0	139857	4714.483901772049	0.3
53825.92678315964	300	5.650910290717608	0.0	155432	2807.0176122028583	0.3
53827.72985273592	300	7.847840714429147	0.0	163442	1803.069576288461	0.3
53828.424250520584	300	11.153442929762035	0.0	126289	694.397784667111	0.3
53830.967325275655	750	12.610368174696031	0.0	352642	2543.074755066004	0.3
53841.287559474826	750	6.29013397551894	0.0	437162	10320.234199177092	0.75
53842.093757241484	300	9.483936208859898	0.0	150710	806.1977666590416	-0.15000000000000002
53842.59489494527	300	12.982798505073076	0.0	139105	501.1377037868221	0.3
53843.7442616807	750	15.833431769646015	0.0	353220	1149.3667354270608	0.3
53845.03478670482	750	18.542906745527667	0.0	405134	1290.5250241183498	0.75
53848.60622837945	1200	18.97146507089036	0.0	624282	3571.4416746373067	0.75
53855.74286566701	1200	15.834827783330711	0.0	687371	7136.63728755965	1.2
53862.40943855804	1200	13.168254892293527	0.0	526950	6666.572891037184	1.2
53864.240522439075	750	15.337171011254377	0.0	366214	1831.0838810391513	0.3
53867.124822343394	750	16.45287110693828	0.0	360831	2884.2999043161003	0.75
53871.155590545575	750	16.422102904761957	0.0	372963	4030.7682021763203	0.75
53882.1497215788	750	9.427971871536938	0.0	405596	10994.131033225018	0.75
53883.51775085042	300	12.059942599918966	0.0	140881	1368.0292716179713	-0.15000000000000002
53884.64922456189	300	14.928468888449789	0.0	157671	1131.4737114691777	0.3
53885.260128186026	300	18.31756526431173	0.0	157812	610.9036241380569	0.3
53886.61782616568	750	20.959867284653598	0.0	401853	1357.6979796581331	0.3
53888.912747943024	1200	22.664945507316492	0.0	536667	2294.9217773371065	0.75
53897.52736886071	1200	18.050324589626214	0.0	587236	8614.620917690276	1.2
53897.88372976206	300	21.693963688281038	0.0	153938	356.36090134517866	-0.6000000000000001
53902.11345116166	1850	21.46424228868646	0.0	1076599	4229.721399594579	0.30000000000000004
53907.556276841584	1850	20.021416608762284	0.0	758197	5442.825679924175	1.85
53910.926554191254	1200	20.651139259092385	0.0	622896	3370.2773496698956	0.5499999999999999
53913.21533510402	750	22.362358346327078	0.0	400508	2288.780912765311	0.3
53914.99112301793	750	24.586570432419432	0.0	358218	1775.7879139076458	0.75
53920.09638429524	1200	23.481309155106235	0.0	620283	5105.261277313194	0.75
53928.036500409704	1200	19.541193040639207	0.0	584349	7940.1161144670305	1.2
53929.62836042504	750	21.949333025304067	0.0	412837	1591.8600153351415	0.3
53941.49456862065	1200	14.083124829695466	0.0	690253	11866.2081956086	0.75
53942.722207311155	300	16.855486139190806	0.0	159914	1227.6386905046627	-0.6000000000000001
53944.2457352971	300	19.331958153241363	0.0	131610	1523.5279859494437	0.3
53945.179279795135	300	22.398413655211353	0.0	124011	933.54449803001	0.3
53946.25215307265	300	25.325540377689027	0.0	144254	1072.8732775223252	0.3
53950.08512350189	750	25.492569948456026	0.0	390680	3832.9704292330043	0.3
53953.06398992222	750	26.513703528117077	0.0	345516	2978.866420338948	0.75
53955.17259135007	1200	28.40510210026933	0.0	641452	2108.6014278477496	0.75
53958.05538588254	1850	29.522307567806713	0.0	886255	2882.794532462611	1.2000000000000002
53967.63966420611	2850	23.93802924423333	0.0	1587250	9584.278323573386	1.85
53971.87661231324	1850	23.70108113709932	0.0	958994	4236.9481071340115	0.8500000000000001
53981.74934093357	2850	17.828352516766778	0.0	1483527	9872.728620332544	1.85
53988.28372240985	1850	15.293971040502136	0.0	830730	6534.381476264641	0.8500000000000001
53995.63126324093	2850	11.946430209415066	0.0	1364537	7347.540831087071	1.85

