5479.461401074199	300	4.0	2.0043564642844554	450283	2004.3564642844556	0	-7.868732796423158
5479.736356485554	750	7.725044588644903	0.0	155580	274.9554113550962	1	-0.15000000000000002
5480.930541394724	750	10.530859679474068	0.0	350812	1194.1849091708357	1	0.3
5481.4945344207645	1850	13.966866653434893	0.0	382355	563.9930260391742	3	0.75
5484.533997135929	1850	14.927403938270563	0.0	996749	3039.4627151643317	3	0.75
5485.743843957653	1850	17.717557116546995	0.0	801058	1209.8468217235657	3	1.85
5490.895973932356	1850	16.565427141842797	0.0	905515	5152.1299747042	3	1.85
5492.052854664653	1850	19.408546409546798	0.0	1060487	1156.880732295998	3	1.85
5493.988372715055	1850	21.473028359144646	0.0	852833	1935.5180504021503	3	1.85
5498.781794608864	1850	20.679606465335695	0.0	913888	4793.421893808949	3	1.85
5499.795201905798	4300	23.666199168401835	0.0	939819	1013.407296933858	5	1.85
5502.612378472201	4300	24.849022601998577	0.0	2102452	2817.1765664032573	5	1.8499999999999996
5506.168466446861	4300	25.292934627338493	0.0	2209463	3556.087974660082	5	4.3
5509.828253549625	4300	25.63314752457635	0.0	2275376	3659.787102762146	5	4.3
5513.063293189706	4300	26.39810788449396	0.0	2005399	3235.0396400823884	5	4.3
5516.52973608192	4300	26.931664992279764	0.0	2152483	3466.4428922141983	5	4.3
5520.212041437843	4300	27.24935963635777	0.0	2289689	3682.3053559219907	5	4.3
5523.532215587339	4300	27.92918548686166	0.0	2059512	3320.174149496115	5	4.3
5527.106023333211	4300	28.355377740990836	0.0	2220726	3573.8077458708226	5	4.3
5530.9655105999755	4300	28.49589047422548	0.0	2156729	3859.4872667653585	5	4.3
5534.656916747337	4300	28.804484326863996	0.0	2039773	3691.4061473614815	5	4.3
5538.769898917397	4300	28.691502156804898	0.0	2176469	4112.9821700590965	5	4.3
5542.214613307648	4300	29.246787766553783	0.0	2221506	3444.7143902511148	5	4.3
5544.958671903642	4300	30.502729170558407	0.0	2044075	2744.0585959953737	5	4.3
5547.888732051699	4300	31.572669022502822	0.0	2186790	2930.060148055587	5	4.3
5552.515047559847	4300	30.9463535143552	0.0	2105231	4626.31550814762	5	4.3
5555.492908143283	4300	31.968492930918895	0.0	2395588	2977.8605834363043	5	4.3
5557.868567957339	4300	33.59283311686245	0.0	1972048	2375.659814056446	5	4.3
5560.081129820455	4300	35.38027125374602	0.0	2134614	2212.561863116429	5	4.3
5568.61637586997	4300	30.845025204230275	0.0	2164140	8535.246049515745	5	4.3
5577.319083800482	1850	26.14231727371966	0.0	2113193	8702.707930510614	3	4.3
5581.207293340873	1850	26.254107733328475	0.0	954453	3888.2095403911844	3	-0.6000000000000001
5582.26328898967	4300	29.19811208453057	0.0	885062	1055.9956487979023	5	1.85
5584.864997961291	4300	30.59640311290967	0.0	2286761	2601.708971620903	5	1.8499999999999996
5589.305253391589	4300	30.15614768261148	0.0	2307787	4440.255430298191	5	4.3
5591.711564836951	4300	31.749836237249262	0.0	2143948	2406.311445362216	5	4.3
5594.101508486684	4300	33.35989258751615	0.0	1919781	2389.943649733113	5	4.3
5596.619745350122	4300	34.84165572407926	0.0	2147467	2518.2368634368854	5	4.3
5598.818207860078	4300	36.643193214122974	0.0	2133870	2198.4625099562836	5	4.3
5601.025408405477	4300	38.43599266872379	0.0	2146120	2207.2005453991856	5	4.3
5603.195311675177	4300	40.266089399023464	0.0	2108491	2169.903269700331	5	4.3
5605.440624249807	4300	42.02077682439425	0.0	2184571	2245.3125746292117	5	4.3
5607.623846063545	4300	43.83755501065699	0.0	2121928	2183.2218137372574	5	4.3
5609.903385224774	4300	45.558015849428166	0.0	2219102	2279.539161228833	5	4.3
5614.333865060639	4300	45.12753601356204	0.0	2124950	4430.479835866125	5	4.3
5619.127314426649	4300	44.33408664755358	0.0	2246506	4793.449366008465	5	4.3
5625.995073632365	4300	41.46632744183649	0.0	1961140	6867.759205717089	5	4.3
5628.049255230628	4300	43.41214584357371	0.0	2155012	2054.181598262783	5	4.3

