31191.818216036336	300	4.0	2.1222334292571094	450283	2122.2334292571095	0	-8.37560374580557
31192.331580474158	750	7.4866355621788	0.0	155580	513.3644378212003	1	-0.15000000000000002
31193.388759064983	1850	10.429456971351375	0.0	350812	1057.178590827426	3	0.3
31196.540888394004	1850	11.277327642334892	0.0	933276	3152.1293290164817	3	0.75
31199.218879023443	1850	12.599337012894555	0.0	996749	2677.9906294403368	3	1.85
31205.118608442473	750	10.699607593864567	0.0	801058	5899.729419029988	1	1.85
31206.651857707773	750	13.166358328565993	0.0	352642	1533.2492652985725	1	-0.3500000000000001
31208.520237633664	750	15.297978402672818	0.0	437162	1868.3799258931765	1	0.75
31209.660455728037	1850	18.15776030830131	0.0	374758	1140.2180943715064	3	0.75
31211.377983126793	1850	20.440232909543305	0.0	913888	1717.5273987580047	3	0.75
31212.950675935805	1850	22.86754010053212	0.0	939819	1572.692809011184	3	1.85
31214.61829420537	1850	25.19992183096581	0.0	917428	1667.618269566313	3	1.85
31216.11837241364	1850	27.69984362269887	0.0	946851	1500.0782082669375	3	1.85
31217.709414183522	1850	30.10880185281334	0.0	1036454	1591.0417698855317	3	1.85
31218.973258644677	1850	32.84495739165747	0.0	821631	1263.8444611558666	3	1.85
31220.383405256973	4300	35.43481077936404	0.0	923170	1410.1466122934282	5	1.85
31230.263043960484	4300	29.555172075853974	0.0	2289689	9879.63870351007	5	1.8499999999999996
31233.580225990987	4300	30.237990045347026	0.0	2059512	3317.182030506947	5	4.3
31239.372568893385	4300	28.445647142950133	0.0	2220726	5792.342902396895	5	4.3
31245.45656080169	4300	26.36165523464521	0.0	2156729	6083.991908304925	5	4.3
31248.632858355224	4300	27.185357681111082	0.0	2039773	3176.297553534126	5	4.3
31263.723148206584	1850	16.095067829750366	0.0	2176469	15090.289851360716	3	4.3
31270.72847094805	1850	13.089745088285312	0.0	968026	7005.322741465056	3	-0.6000000000000001
31277.598666676447	750	10.219549359887479	0.0	874175	6870.195728397833	1	1.85
31278.681168034367	1850	13.137048001967672	0.0	359903	1082.5013579198062	3	-0.3500000000000001
31282.055231155144	1850	13.762984881191775	0.0	905935	3374.0631207758984	3	0.75
31284.28836013119	1850	15.52985590513994	0.0	1076599	2233.1289760518366	3	1.85
31290.20307404746	1850	13.615141988875324	0.0	758197	5914.713916264614	3	1.85
31294.266883106335	1850	13.551332929996743	0.0	972798	4063.8090588785817	3	1.85
31296.64569507461	1850	15.172520961723079	0.0	975811	2378.811968273664	3	1.85
31298.039944721746	1850	17.77827131458726	0.0	873429	1394.249647135818	3	1.85
31299.765634634063	1850	20.05258140227332	0.0	954453	1725.6899123139451	3	1.85
31301.251174846268	1850	22.567041190066078	0.0	885062	1485.5402122072405	3	1.85
31302.867603403913	1850	24.950612632424196	0.0	1035329	1616.4285576418813	3	1.85
31304.425992988086	1850	27.392223048248642	0.0	1026056	1558.3895841755534	3	1.85
31305.86606887173	1850	29.95214716460697	0.0	943942	1440.0758836416728	3	1.85
31309.275236581438	1850	30.542979454900447	0.0	728962	3409.1677097065212	3	1.85
31312.74274450262	1850	31.075471533719966	0.0	938587	3467.5079211804814	3	1.85
31316.330806924198	1850	31.48740911213989	0.0	908665	3588.06242158008	3	1.85
31317.898496535265	1850	33.919719501072265	0.0	930577	1567.689611067626	3	1.85
31319.303593631343	4300	36.514622404995464	0.0	858450	1405.097096076804	5	1.85
31324.982069193946	4300	34.83614684239358	0.0	2184571	5678.475562601883	5	1.8499999999999996
31330.79891429147	4300	33.01930174486519	0.0	2121928	5816.845097528394	5	4.3
31334.526321729492	4300	33.29189430684235	0.0	2219102	3727.4074380228367	5	4.3
31343.201732139984	4300	28.616483896352133	0.0	2124950	8675.410410490222	5	4.3
31364.25574744706	750	11.562468589275396	0.0	2246506	21054.015307076737	1	4.3
31365.25788780722	1850	14.56032822911328	0.0	331053	1002.1403601621148	3	-2.8
31368.29789132401	1850	15.52032471232537	0.0	846370	3040.0035167879087	3	0.75

