66979.8341612274	750	4.0	2.6392503984011575	450283	2639.2503984011573	0.1706101854802329	-10.598776713124977
66980.51498668174	300	7.319174545650007	0.0	155580	680.8254543499927	0.22851672041042814	-0.15000000000000002
66982.47446323629	750	9.359697991116985	0.0	350812	1959.4765545330226	0.1790335276982197	0.3
66985.1678789452	1200	10.666282282191531	0.0	617681	2693.4157089254527	0.2293299908933946	0.75
66987.76280059299	1200	12.071360634414857	0.0	652874	2594.921647776672	0.25159680661625455	1.2
66991.95428247306	1850	11.879878754334005	0.0	801058	4191.481880080854	0.19111570153908133	1.2000000000000002
66996.9710009593	1850	10.863160268106501	0.0	905515	5016.7184862275035	0.18049946443794448	1.85
67000.27557020502	1200	11.558591022376328	0.0	709534	3304.569245730174	0.2147130071239352	0.5499999999999999
67004.63794541542	1850	11.196215811978448	0.0	852833	4362.37521039788	0.19549739737362376	1.2000000000000002
67008.43435513633	1850	11.39980609107376	0.0	913888	3796.409720904687	0.24072428088247014	1.85
67012.57345924288	1850	11.26070198452283	0.0	939819	4139.104106550931	0.22705855562138558	1.85
67016.44572442965	1850	11.388436797757898	0.0	917428	3872.265186764933	0.2369228231412687	1.85
67021.25653991387	1850	10.577621313536348	0.0	946851	4810.815484221551	0.19681715150071113	1.85
67024.32973285264	1200	11.504428374757156	0.0	687371	3073.192938779192	0.22366672502932866	0.5499999999999999
67029.87304906506	1850	9.961112162345085	0.0	821631	5543.316212412069	0.1482201210460052	1.2000000000000002
67032.2678531023	1200	11.566308125103998	0.0	587876	2394.804037241088	0.24547979327663785	0.5499999999999999
67037.47463482193	1850	10.359526405469307	0.0	966699	5206.781719634692	0.18566151839140735	1.2000000000000002
67040.38010175493	1200	11.45405947247989	0.0	581493	2905.466932989417	0.20013753844436477	0.5499999999999999
67044.9457429722	1850	10.888418255211182	0.0	987708	4565.641217268708	0.21633500159061428	1.2000000000000002
67047.31941938782	1200	12.514741839594407	0.0	586839	2373.676415616773	0.24722788503904672	0.5499999999999999
67052.3074614001	1850	11.526699827315635	0.0	891604	4988.042012278774	0.1787482939809228	1.2000000000000002
67056.50031826353	1850	11.333842963883848	0.0	955231	4192.856863431787	0.22782342233790412	1.85
67060.34017021353	1850	11.493991013880736	0.0	968026	3839.851950003113	0.25209982379638757	1.85
67065.83482034983	1850	9.999340877579568	0.0	874175	5494.650136301167	0.15909566183743745	1.85
67068.66692431521	1200	11.167236912189306	0.0	587236	2832.1039653902617	0.20734973262857578	0.5499999999999999
67073.37354545236	1850	10.460615775045225	0.0	905935	4706.62113714408	0.1924809695963143	1.2000000000000002
67076.06101010759	1200	11.773151119810871	0.0	696376	2687.4646552343547	0.25912005899079404	0.5499999999999999
67079.25284286091	1850	12.581318366484268	0.0	758197	3191.832753326603	0.23754283466443826	1.2000000000000002
67083.3576745455	1850	12.476486681887005	0.0	972798	4104.831684597264	0.23698852346376872	1.85
67087.24116790268	1850	12.592993324712005	0.0	975811	3883.493357175001	0.2512714482173961	1.85
67092.72913501864	1850	11.105026208757183	0.0	873429	5487.967115954822	0.15915346822336723	1.85
67096.57551206312	1850	11.258649164282458	0.0	954453	3846.3770444747247	0.24814337985171278	1.85
67100.91209989948	1850	10.922061327921787	0.0	885062	4336.587836360671	0.2040917959920206	1.85
67104.50766193225	1200	11.32649929515163	0.0	670129	3595.562032770158	0.18637670380663882	0.5499999999999999
67109.31723859768	1850	10.516922629721728	0.0	1026056	4809.5766654299	0.21333603170837218	1.2000000000000002
67111.76732216823	1200	12.06683905916372	0.0	598727	2450.083570558008	0.24437003177962605	0.5499999999999999
67115.13798123512	1850	12.696179992281017	0.0	728962	3370.6590668827034	0.21626690375249613	1.2000000000000002
67121.10642606483	1850	10.72773516256052	0.0	938587	5968.444829720496	0.15725821830943426	1.85
67123.72229425391	1200	12.111866973473134	0.0	605884	2615.8681890873863	0.23161870407980242	0.5499999999999999
67127.54100433827	1850	12.293156889104543	0.0	930577	3818.710084368591	0.24368883194594942	1.2000000000000002
67131.0418483116	1850	12.792312915796922	0.0	858450	3500.8439733076207	0.2452122992470672	1.85
67135.09367128956	1850	12.740489937817758	0.0	1025005	4051.822977979163	0.25297378626131856	1.85
67138.69666537974	1850	13.137495847627145	0.0	886255	3602.994090190614	0.24597736710501053	1.85
67145.4202926402	2850	10.413868587159236	0.0	1587250	6723.627260467908	0.236070492683668	1.85
67148.58352549153	1200	11.25063573583482	0.0	630203	3163.2328513244156	0.1992275085712201	-0.44999999999999996
67152.47491570505	1850	11.359245522322059	0.0	982064	3891.3902135127605	0.252368420054562	1.2000000000000002
67155.99658396386	1850	11.837577263526335	0.0	830730	3521.6682587957243	0.23589104337842368	1.85
67160.17219051362	1850	11.66197071375826	0.0	846370	4175.606549768075	0.2026939056427646	1.85

