76127.45691807297	750	4.0	1.538631711025889	450283	1538.631711025889	1	-5.866116357411322
76128.7329218105	750	6.723996262458404	0.0	398865	1276.0037375415957	1	0.75
76129.93202929624	750	9.524888776725595	0.0	350812	1199.1074857328106	1	0.75
76131.31138868732	750	12.145529385642554	0.0	382355	1379.359391083041	1	0.75
76132.92834990342	750	14.52856816953559	0.0	411561	1616.9612161069642	1	0.75
76134.16742482371	1850	17.289493249245833	0.0	318564	1239.07492028976	3	0.75
76136.52448151127	1850	18.932436561703554	0.0	905515	2357.0566875422764	3	0.75
76138.99691470225	1850	20.460003370723395	0.0	1060487	2472.433190980158	3	1.85
76141.19116144974	1850	22.265756623249978	0.0	852833	2194.24674747342	3	1.85
76143.40100435424	1850	24.055913718744517	0.0	913888	2209.842904505463	3	1.85
76145.47950917236	1850	25.97740890062332	0.0	939819	2078.504818121197	3	1.85
76147.59951567026	1850	27.857402402730315	0.0	917428	2120.006497893004	3	1.85
76150.036973085	1850	29.419944987990696	0.0	946851	2437.4574147396215	3	1.85
76152.2853640595	1850	31.171554013503155	0.0	1036454	2248.3909744875436	3	1.85
76154.2256504574	1850	33.23126761559758	0.0	821631	1940.286397905572	3	1.85
76156.09933073318	4300	35.357587339817215	0.0	923170	1873.680275780362	5	1.85
76162.54785564999	4300	32.909062423009395	0.0	2289689	6448.524916807811	5	1.8499999999999996
76170.54775258673	4300	28.909165486270414	0.0	2059512	7999.896936738983	5	4.3
76177.32188104972	4300	26.13503702328365	0.0	2220726	6774.128462986763	5	4.3
76184.31284227045	4300	23.144075802552663	0.0	2156729	6990.961220730988	5	4.3
76190.76170564763	4300	20.695212425368236	0.0	2039773	6448.863377184425	5	4.3
76198.555508212	4300	16.901409861000698	0.0	2176469	7793.802564367537	5	4.3
76204.52141017196	4300	14.935507901050462	0.0	2221506	5965.901959950237	5	4.3
76209.54472153347	4300	13.912196539526892	0.0	2044075	5023.31136152357	5	4.3
76215.67946368536	4300	11.77745438763862	0.0	2186790	6134.742151888273	5	4.3
76220.85341256208	4300	10.603505510930225	0.0	2105231	5173.948876708395	5	4.3
76227.58508543516	1850	7.871832637844363	0.0	2395588	6731.672873085862	3	4.3
76229.39110539865	1850	10.065812674346468	0.0	758197	1806.019963497895	3	-0.6000000000000001
76231.6766026009	1850	11.780315472096913	0.0	972798	2285.4972022495544	3	1.85
76234.24871604118	1850	13.208202031819253	0.0	975811	2572.1134402776593	3	1.85
76236.33226935158	1850	15.124648721403032	0.0	873429	2083.553310416223	3	1.85
76238.78266327162	1850	16.674254801362984	0.0	954453	2450.393920040044	3	1.85
76241.0860576058	1850	18.370860467177373	0.0	885062	2303.3943341856148	3	1.85
76243.57787652448	1850	19.879041548501576	0.0	1035329	2491.8189186757945	3	1.85
76246.51912209809	1850	20.93779597489191	0.0	1026056	2941.245573609666	3	1.85
76249.36166515527	1850	22.095252917703547	0.0	943942	2842.543057188362	3	1.85
76250.97824118084	1850	24.478676892142357	0.0	728962	1616.576025561189	3	1.85
76254.34233626783	1850	25.11458180515007	0.0	938587	3364.0950869922867	3	1.85
76258.72352331829	1850	24.73339475468354	0.0	908665	4381.187050466531	3	1.85
76260.9468856382	1850	26.510032434764742	0.0	930577	2223.362319918796	3	1.85
76263.6618004527	1850	27.79511762027655	0.0	858450	2714.9148144881956	3	1.85
76267.60216701265	1850	27.85475106032381	0.0	1025005	3940.366559952736	3	1.85
76269.78333746773	1850	29.673580605244474	0.0	886255	2181.170455079336	3	1.85
76272.3603736009	1850	31.096544472078456	0.0	973972	2577.03613316602	3	1.85
76275.22662332942	1850	32.23029474355623	0.0	958994	2866.2497285222266	3	1.85
76278.31581897187	1850	33.141099101094035	0.0	982064	3089.1956424621917	3	1.85
76280.47493148663	1850	34.98198658632737	0.0	830730	2159.1125147666617	3	1.85
76282.80001818351	4300	36.65689988944321	0.0	846370	2325.086696884167	5	1.85

