24027.922335185052	750	4.0	0.6942694318046229	450283	694.2694318046229	1	-2.2353585567598784
24028.599062980305	750	7.323272204746176	0.0	398865	676.7277952538244	1	0.75
24029.18566452796	1850	10.736670657091945	0.0	350812	586.6015476542295	3	0.75
24030.527087265677	1850	13.3952479193755	0.0	933276	1341.4227377164452	3	0.75
24031.96106396106	1850	15.961271223993075	0.0	996749	1433.976695382424	3	1.85
24033.12545029313	1850	18.796884891919863	0.0	801058	1164.3863320732119	3	1.85
24035.049450314764	1850	20.872884870287873	0.0	905515	1924.0000216319943	3	1.85
24037.81109814338	1850	22.111237041671195	0.0	1060487	2761.647828616675	3	1.85
24039.120494148567	1850	24.801841036482397	0.0	852833	1309.3960051888005	3	1.85
24040.99769445269	1850	26.92464073236106	0.0	913888	1877.2003041213397	3	1.85
24042.774334772745	1850	29.148000412305112	0.0	939819	1776.6403200559457	3	1.85
24044.229390198045	1850	31.692944987005053	0.0	917428	1455.0554253000596	3	1.85
24045.615996198016	1850	34.30633898703207	0.0	946851	1386.6059999729875	3	1.85
24048.128829724028	4300	35.79350546102041	0.0	1036454	2512.833526011659	5	1.85
24059.802894655197	4300	28.119440529850994	0.0	2005399	11674.064931169416	5	1.8499999999999996
24064.54927991849	4300	27.37305526655751	0.0	2152483	4746.385263293483	5	4.3
24071.22473040294	4300	24.697604782110137	0.0	2289689	6675.450484447376	5	4.3
24100.217657697736	300	4.0	4.295322512688083	2059512	28992.92729479822	0	-14.169886804558754
24100.864389442206	750	7.353268255531393	0.0	165384	646.7317444686064	1	-3.7
24102.03842362658	750	10.179234071154902	0.0	350713	1174.0341843764913	1	0.3
24102.92903028719	1850	13.288627410551735	0.0	386472	890.606660603168	3	0.75
24104.32398185404	1850	15.893675843700372	0.0	955231	1394.9515668513632	3	0.75
24109.53846273973	1850	14.67919495801282	0.0	968026	5214.4808856875525	3	1.85
24110.811401902483	1850	17.406255795257593	0.0	874175	1272.9391627552295	3	1.85
24118.260990842173	1850	13.95666685556673	0.0	897976	7449.58893969086	3	1.85
24120.074555952575	1850	16.143101745164092	0.0	905935	1813.5651104026394	3	1.85
24122.34611014609	1850	17.871547551650153	0.0	1076599	2271.5541935139363	3	1.85
24125.208019546237	1850	19.009638151504944	0.0	758197	2861.90940014521	3	1.85
24126.64072973737	1850	21.576927960369055	0.0	972798	1432.7101911358889	3	1.85
24128.24164463589	1850	23.97601306185059	0.0	975811	1600.914898518464	3	1.85
24129.796608236964	1850	26.421049460774256	0.0	873429	1554.9636010763359	3	1.85
24131.45962259358	1850	28.758035104162893	0.0	954453	1663.0143566113625	3	1.85
24136.06695545323	1850	28.15070224451396	0.0	885062	4607.332859648933	3	1.85
24138.507550960538	1850	29.71010673720505	0.0	1035329	2440.5955073089085	3	1.85
24140.904456041622	1850	31.313201656118185	0.0	1026056	2396.905081086866	3	1.85
24144.45944149475	1850	31.758216202994785	0.0	943942	3554.985453123401	3	1.85
24146.059446615734	1850	34.158211082008606	0.0	728962	1600.0051209861774	3	1.85
24147.454418861238	4300	36.763238836506716	0.0	938587	1394.9722455018957	5	1.85
24152.39469302366	4300	35.82296467408403	0.0	2133870	4940.274162422687	5	1.8499999999999996
24157.324981121037	4300	34.89267657670796	0.0	2146120	4930.288097376065	5	4.3
24163.396684880856	4300	32.82097281688832	0.0	2108491	6071.703759819642	5	4.3
24166.563745679123	4300	33.653912018621575	0.0	2184571	3167.0607982667534	5	4.3
24171.07734579738	4300	33.14031190035991	0.0	2121928	4513.600118261658	5	4.3
24177.151104247474	4300	31.066553450269716	0.0	2219102	6073.758450090197	5	4.3
24184.57848918432	4300	27.639168513424075	0.0	2124950	7427.384936845641	5	4.3
24189.308815539884	4300	26.90884215785874	0.0	2246506	4730.326355565336	5	4.3
24192.027891465226	4300	28.1897662325167	0.0	1961140	2719.0759253420406	5	4.3
24197.484919865197	4300	26.732737832547173	0.0	2155012	5457.028399969529	5	4.3

