12219.321347925126	300	4.0	2.9537631706770124	450283	2953.7631706770126	0	-11.951181633911153
12220.014309412383	750	7.3070385127437785	0.0	155580	692.9614872562217	1	-0.15000000000000002
12220.728743668364	1850	10.592604256762609	0.0	350812	714.4342559811705	3	0.3
12222.494736847057	1850	12.826611078070998	0.0	933276	1765.9931786916102	3	0.75
12224.370230439581	1850	14.951117485545348	0.0	996749	1875.4935925256502	3	1.85
12226.665553540395	1850	16.655794384731067	0.0	801058	2295.323100814281	3	1.85
12231.30646325054	1850	16.01488467458698	0.0	905515	4640.9097101440875	3	1.85
12233.723467996459	1850	17.59787992866768	0.0	1060487	2417.0047459192983	3	1.85
12236.058367621054	1850	19.26298030407424	0.0	852833	2334.8996245934377	3	1.85
12238.55469732232	1850	20.766650602807466	0.0	913888	2496.3297012667754	3	1.85
12240.709402563261	1850	22.611945361866542	0.0	939819	2154.705240940922	3	1.85
12242.414567225596	1850	24.906780699532153	0.0	917428	1705.164662334392	3	1.85
12244.084738437805	4300	27.236609487323225	0.0	946851	1670.1712122089261	5	1.85
12248.200336120632	4300	27.121011804496572	0.0	2275376	4115.597682826652	5	1.8499999999999996
12253.171806986287	4300	26.149540938841792	0.0	2005399	4971.470865654781	5	4.3
12256.924630847825	4300	26.39671707730483	0.0	2152483	3752.823861536959	5	4.3
12261.163300146038	4300	26.15804777909119	0.0	2289689	4238.66929821364	5	4.3
12268.915538065048	4300	22.40580986008031	0.0	2059512	7752.2379190108795	5	4.3
12273.037881991248	4300	22.283465933881278	0.0	2220726	4122.34392619903	5	4.3
12276.40104525116	4300	22.920302673968543	0.0	2156729	3363.1632599127365	5	4.3
12280.43299936382	4300	22.888348561305786	0.0	2039773	4031.9541126627546	5	4.3
12284.638820582764	4300	22.682527342362643	0.0	2176469	4205.821218943145	5	4.3
12289.426564247646	4300	21.894783677481406	0.0	2221506	4787.743664881238	5	4.3
12295.20827563954	4300	20.11307228558715	0.0	2044075	5781.711391894257	5	4.3
12299.962294435158	4300	19.3590534899686	0.0	2186790	4754.018795618551	5	4.3
12315.930847578398	1850	7.390500346728372	0.0	2105231	15968.553143240228	3	4.3
12319.396044563355	1850	7.92530336177151	0.0	1076599	3465.196984956861	3	-0.6000000000000001
12321.672622541544	1850	9.648725383582185	0.0	758197	2276.577978189325	3	1.85
12325.451140737528	1850	9.870207187599927	0.0	972798	3778.518195982257	3	1.85
12329.43468099234	1850	9.886666932787833	0.0	975811	3983.540254812094	3	1.85
12332.139197325274	1850	11.182150599854294	0.0	873429	2704.516332933539	3	1.85
12334.635032699036	1850	12.686315226092239	0.0	954453	2495.835373762056	3	1.85
12336.837369529938	1850	14.483978395189895	0.0	885062	2202.336830902342	3	1.85
12341.08216839878	1850	14.239179526348883	0.0	1035329	4244.798868841013	3	1.85
12343.795268861182	1850	15.526079063944985	0.0	1026056	2713.1004624038965	3	1.85
12346.179533227529	1850	17.1418146975973	0.0	943942	2384.264366347688	3	1.85
12349.679151826616	1850	17.64219609851101	0.0	728962	3499.6185990862864	3	1.85
12356.430861170204	1850	14.890486754923051	0.0	938587	6751.7093435879615	3	1.85
12358.810611484167	1850	16.51073644096068	0.0	908665	2379.750313962369	3	1.85
12361.302432977718	1850	18.01891494740984	0.0	930577	2491.821493550841	3	1.85
12364.843988474347	1850	18.477359450780153	0.0	858450	3541.5554966296854	3	1.85
12368.444641325881	1850	18.87670659924579	0.0	1025005	3600.6528515343625	3	1.85
12373.761426350335	1850	17.559921574793517	0.0	886255	5316.785024452275	3	1.85
12376.011960387375	1850	19.309387537753345	0.0	973972	2250.534037040171	3	1.85
12383.29976590589	1850	16.02158201923945	0.0	958994	7287.805518513896	3	1.85
12391.379509810875	750	11.941838114254843	0.0	982064	8079.743904984606	1	1.85
12395.743531343376	750	11.577816581753483	0.0	331053	4364.02153250136	1	-0.3500000000000001
12402.90774120942	300	8.413606715709545	0.0	314107	7164.209866043939	0	0.75

