12570.911548985216	750	4.0	1.4505485174121782	450283	1450.5485174121782	1	-5.487358624872366
12573.123602190222	750	5.78794679499313	0.0	398865	2212.053205006871	1	0.75
12574.700527634855	750	8.211021350360568	0.0	350812	1576.9254446325613	1	0.75
12578.86735150948	750	8.044197475735631	0.0	382355	4166.823874624937	1	0.75
12586.389002568918	300	4.522546416297872	0.0	411561	7521.65105943776	0	0.75
12587.548118977698	300	7.363430007518198	0.0	126289	1159.1164087796735	0	-0.15000000000000002
12588.829817362926	300	10.081731622289379	0.0	153295	1281.6983852288188	0	0.3
12591.345224580196	300	11.566324405018863	0.0	173849	2515.407217270516	0	0.3
12594.073386661023	300	12.838162324192927	0.0	150710	2728.1620808259363	0	0.3
12594.77727115998	750	16.13427782523692	0.0	139105	703.8844989560065	1	0.3
12595.945990002368	1850	18.965558982847117	0.0	353220	1168.7188423898037	3	0.3
12597.413157141767	1850	21.498391843446623	0.0	917428	1467.1671394004957	3	0.75
12600.885750185556	1850	22.025798799657714	0.0	946851	3472.5930437889074	3	1.85
12602.560980008346	1850	24.350568976868928	0.0	1036454	1675.2298227887868	3	1.85
12603.98683796723	1850	26.924711017983675	0.0	821631	1425.8579588852508	3	1.85
12607.534162616215	1850	27.377386368998256	0.0	923170	3547.3246489854187	3	1.85
12609.157052275548	1850	29.75449670966549	0.0	966699	1622.8896593327688	3	1.85
12610.650958627033	4300	32.26059035817993	0.0	885714	1493.9063514855504	5	1.85
12614.018829683626	4300	32.89271930158783	0.0	2220726	3367.8710565921087	5	1.8499999999999996
12617.402083489003	4300	33.509465496210794	0.0	2156729	3383.253805377034	5	4.3
12626.12619916753	4300	28.78534981768382	0.0	2039773	8724.115678526976	5	4.3
12629.974044380344	4300	28.937504604868888	0.0	2176469	3847.8452128149306	5	4.3
12636.678308177346	4300	26.233240807866533	0.0	2221506	6704.263797002359	5	4.3
12639.753608970732	4300	27.15794001448153	0.0	2044075	3075.300793385003	5	4.3
12643.01126440951	4300	27.900284575702486	0.0	2186790	3257.655438779044	5	4.3
12646.258433758672	4300	28.653115226540667	0.0	2105231	3247.169349161817	5	4.3
12650.134815718558	4300	28.776733266654876	0.0	2395588	3876.381959885791	5	4.3
12655.26073169569	4300	27.65081728952283	0.0	1972048	5125.915977132045	5	4.3
12658.65291981354	4300	28.25862917167241	0.0	2134614	3392.188117850418	5	4.3
12665.739001140475	4300	25.172547844737178	0.0	2164140	7086.081326935233	5	4.3
12670.941746001641	4300	23.969802983572258	0.0	2113193	5202.74486116492	5	4.3
12674.330702755813	4300	24.58084622940056	0.0	2147852	3388.9567541717024	5	4.3
12677.654261653108	4300	25.2572873321039	0.0	2191074	3323.5588972966584	5	4.3
12683.23846887058	4300	23.673080114631922	0.0	2286761	5584.207217471979	5	4.3
12686.629315418159	4300	24.28223356705391	0.0	2307787	3390.8465475780094	5	4.3
12689.658313943235	4300	25.25323504197613	0.0	2143948	3028.9985250777822	5	4.3
12694.44831605273	4300	24.463232932479716	0.0	1919781	4790.00210949641	5	4.3
12697.83233112408	4300	25.07921786113062	0.0	2147467	3384.0150713491	5	4.3
12704.502132599631	4300	22.409416385579526	0.0	2133870	6669.80147555109	5	4.3
12707.981286893686	4300	22.9302620915238	0.0	2146120	3479.1542940557283	5	4.3
12717.272750176175	4300	17.63879880903525	0.0	2108491	9291.46328248855	5	4.3
12720.63838317396	4300	18.273165811249545	0.0	2184571	3365.6329977857063	5	4.3
12725.345306623069	4300	17.566242362142788	0.0	2121928	4706.923449106758	5	4.3
12731.722091242294	4300	15.189457742916183	0.0	2219102	6376.784619226604	5	4.3
12742.68815327026	1850	8.22339571495119	0.0	2124950	10966.062027964994	3	4.3
12744.321821750522	1850	10.589727234688583	0.0	982064	1633.6684802626066	3	-0.6000000000000001
12747.648813958811	1850	11.262735026400136	0.0	830730	3326.992208288448	3	1.85
12749.02939872845	1850	13.882150256762122	0.0	846370	1380.584769638014	3	1.85

