55939.73231491763	300	4.0	2.4401605237286854	181801	2440.1605237286853	-10.192690252033346
55941.659988971216	300	6.072325946416635	0.0	155580	1927.6740535833649	0.3
55942.847252065265	300	8.88506285237011	0.0	139857	1187.2630940465244	0.3
55944.92959073941	300	10.802724178222881	0.0	155432	2082.3386741472295	0.3
55948.680832797974	300	11.051482119659305	0.0	163442	3751.2420585635778	0.3
55949.718411830356	300	14.01390308727275	0.0	126289	1037.5790323865535	0.3
55962.11972068606	750	5.612594231568059	0.0	352642	12401.308855704692	0.3
55962.47996125387	300	9.252353663766131	0.0	173849	360.24056780192865	-0.15000000000000002
55962.80290228875	300	12.92941262888282	0.0	150710	322.9410348833105	0.3
55963.107136332	300	16.62517858563789	0.0	139105	304.2340432449268	0.3
55963.75651880391	750	19.97579611372838	0.0	353220	649.3824719095146	0.3
55966.710630309164	1200	21.021684608476626	0.0	594078	2954.111505251754	0.75
55967.403816170634	1200	24.328498747009906	0.0	624282	693.1858614667194	1.2
55968.50184798776	1850	27.230466929881388	0.0	1036454	1098.0318171285205	1.2000000000000002
55974.09473116409	2850	25.637583753553614	0.0	1231445	5592.883176327775	1.85
55979.632615504925	1850	24.099699412714493	0.0	923170	5537.884340839119	0.8500000000000001
55980.80755277048	1850	26.924762147158766	0.0	966699	1174.937265555727	1.85
55999.82355377617	2850	11.908761141463595	0.0	1358801	19016.001005695172	1.85
56000.163888530544	300	15.568426387094023	0.0	165384	340.3347543695711	-2.25
56000.795953922054	750	18.93636099558568	0.0	350713	632.0653915083404	0.3
56002.020044693905	1200	21.712270223742614	0.0	601738	1224.0907718430697	0.75
56004.56154447377	1200	23.170770443881143	0.0	616206	2541.4997798614695	1.2
56006.72304189891	1850	25.009273018733342	0.0	968026	2161.497425147798	1.2000000000000002
56010.35793240047	2850	25.374382517181452	0.0	1323990	3634.8905015518917	1.85
56016.39938509565	2850	23.332929821995556	0.0	1383735	6041.452695185897	2.85
56017.48228870854	1850	26.250026209103332	0.0	905935	1082.9036128922241	0.8500000000000001
56021.29828542225	2850	26.434029495390256	0.0	1547572	3815.996713713077	1.85
56050.619941835284	2850	4.0	2.8876269176458007	1141971	29321.656413036057	-9.566795745876943
56050.86085602441	300	7.759085810878974	0.0	153605	240.91418912102546	-2.25
56051.09697646769	300	11.522965367595765	0.0	149029	236.12044328320886	0.3
56051.341888238574	300	15.27805359671838	0.0	157421	244.91177087738646	0.3
56051.8412592878	750	18.778682547486213	0.0	400322	499.3710492321678	0.3
56052.53341413627	1200	22.086527699019808	0.0	584349	692.1548484664048	0.75
56062.467997569416	1850	16.15194426586605	0.0	1035329	9934.583433153759	1.2000000000000002
56073.245864350414	750	9.374077484873391	0.0	401088	10777.866780992657	-0.3500000000000001
56073.569606726574	300	13.050335108717311	0.0	159914	323.74237615608047	-0.15000000000000002
56074.13897540135	750	16.48096643394102	0.0	321064	569.3686747762911	0.3
56074.77007606943	750	19.84986576586397	0.0	361565	631.1006680770491	0.75
56077.230662262475	1200	21.38927957281749	0.0	605884	2460.586193046481	0.75
56078.25686458947	1200	24.36307724581984	0.0	587506	1026.202326997649	1.2
56079.512501522055	1850	27.107440313235934	0.0	858450	1255.6369325839084	1.2000000000000002
56090.14707754426	2850	20.47286429103398	0.0	1527299	10634.576022201953	1.85
56103.74729435255	1200	10.87264748274796	0.0	599477	13600.21680828602	-0.44999999999999996
56104.05904265403	300	14.56089918126536	0.0	172312	311.7483014826017	-0.6000000000000001
56104.67565391479	750	17.9442879205079	0.0	398987	616.6112607574561	0.3
56105.285294381596	750	21.33464745369738	0.0	393804	609.6404668105209	0.75
56108.28277442393	1200	22.337167411358656	0.0	538612	2997.4800423387246	0.75
56140.585149998646	1850	4.0	9.965208163352766	846370	32302.375574711423	-41.650395102416894

