13098.81696277643	750	4.0	1.1032800685720816	450283	1103.2800685720815	0.40813118339278803	-3.9941042948599508
13099.142119757298	300	7.674843019130943	0.0	155580	325.1569808690562	0.4784765794791702	-0.15000000000000002
13099.830157254893	750	10.98680552153539	0.0	350812	688.0374975955544	0.509873373509384	0.3
13104.075200606676	1200	10.741762169752324	0.0	617681	4245.043351783063	0.14550640566263073	0.75
13106.826367986228	1200	11.990594790199049	0.0	652874	2751.167379553275	0.23730798963820637	1.2
13109.087499549292	1850	13.729463227135769	0.0	801058	2261.1315630632794	0.3542730609247534	1.2000000000000002
13114.197249461615	2850	12.61971331481219	0.0	1388403	5109.749912323579	0.27171642914489436	1.85
13116.182287276319	1850	14.634675500109429	0.0	1060487	1985.0378147027604	0.5342402004360794	0.8500000000000001
13118.909310433375	2850	15.907652343052629	0.0	1348011	2727.0231570568008	0.49431593439597715	1.85
13125.289189112937	4300	13.527773663489958	0.0	2169201	6379.878679562671	0.34000662221819783	2.8499999999999996
13126.95473997795	2850	15.862222798477301	0.0	1354548	1665.5508650126549	0.813273270996565	1.4000000000000001
13129.142432174982	4300	17.674530601444733	0.0	2102452	2187.6921970325675	0.9610364761787837	2.8499999999999996
13132.278308733257	4300	18.538654043170503	0.0	2209463	3135.876558274231	0.7045758845864568	4.3
13135.88655778788	4300	18.930404988545895	0.0	2275376	3608.2490546246104	0.6306039205036866	4.3
13139.110751381368	4300	19.70621139505901	0.0	2005399	3224.193593486886	0.6219846736408934	4.3
13141.825155810504	4300	20.99180696592353	0.0	2152483	2714.404429135479	0.7929853697908799	4.3
13147.086944204524	4300	19.730018571902452	0.0	2289689	5261.788394021076	0.43515413934200653	4.3
13150.17102017604	4300	20.645942600386373	0.0	2059512	3084.0759715160775	0.667788997100347	4.3
13155.321165035142	4300	19.495797741285376	0.0	2220726	5150.1448591009985	0.4311968033434397	4.3
13158.013966979714	4300	20.802995796712953	0.0	2156729	2692.801944572423	0.800923738319142	4.3
13160.488706536747	4300	22.328256239680474	0.0	2039773	2474.739557032476	0.8242374411495423	4.3
13163.225914790726	4300	23.591047985701877	0.0	2176469	2737.2082539786	0.795141910315537	4.3
13166.652940950298	4300	24.164021826128973	0.0	2221506	3427.026159572902	0.648231410138071	4.3
13172.33190253709	4300	22.485060239338083	0.0	2044075	5678.961586790891	0.3599381627715994	4.3
13178.722317701504	4300	20.09464507492348	0.0	2186790	6390.415164414602	0.3421984243179171	4.3
13182.963769667864	4300	19.853193108563886	0.0	2105231	4241.451966359594	0.4963467738635984	4.3
13193.379772779166	4300	13.437189997261966	0.0	2395588	10416.003111301921	0.2299910987354313	4.3
13196.520586992707	2850	14.296375783721714	0.0	1141971	3140.814213540251	0.36359075142900527	1.4000000000000001
13203.124386479732	2850	11.69257629669666	0.0	1498470	6603.799487025052	0.22691028141362396	2.85
13205.57070661506	1850	13.246256161367445	0.0	975811	2446.3201353292175	0.3988893301034285	0.8500000000000001
13209.573781678311	2850	13.243181098116565	0.0	1341201	4003.075063250879	0.335042680641321	1.85
13221.1033086931	2850	5.713654083328822	0.0	1497683	11529.527014787744	0.1298997780289751	2.85
13221.819685422364	300	8.99727735406376	0.0	143881	716.3767292650597	0.20084544084452524	-2.25
13224.845290009245	750	9.971672767182428	0.0	412837	3025.6045868813326	0.1364477704026537	0.3
13226.401057887297	1200	12.415904889130282	0.0	690253	1555.7678780521476	0.44367351308487646	0.75
13229.184675743234	1850	13.632287033193382	0.0	943942	2783.6178559368977	0.3391061736390149	1.2000000000000002
13231.96251047008	2850	14.854452306344765	0.0	1139291	2777.8347268486173	0.4101363515217108	1.85
13237.310219317445	2850	13.506743458979704	0.0	1499009	5347.70884736506	0.2803086410993741	2.85
13243.803478275786	2850	11.01348450063986	0.0	1427478	6493.258958339844	0.21983999239188956	2.85
13246.63273853582	1850	12.184224240605259	0.0	930577	2829.2602600346017	0.3289117700287562	0.8500000000000001
13250.843278728256	1850	11.973684048168048	0.0	858450	4210.540192437211	0.20388120306793664	1.85
13253.416422595636	1850	13.400540180789413	0.0	1025005	2573.143867378635	0.39834733416760476	1.85
13257.119817139941	2850	13.697145636484821	0.0	1343002	3703.39454430459	0.36264081073008764	1.85
13263.557147995949	2850	11.259814780476175	0.0	1587250	6437.330856008645	0.24656958536136928	2.85
13267.876687839427	1850	10.940274936997547	0.0	958994	4319.539843478628	0.2220130001689484	0.8500000000000001
13270.26439751907	1200	12.552565257357017	0.0	638661	2387.709679640529	0.26747849851500827	0.5499999999999999
13274.791590066818	1850	12.025372709607542	0.0	830730	4527.192547749475	0.18349782812152896	1.2000000000000002
13277.477198381854	1850	13.339764394570949	0.0	846370	2685.608315036592	0.3151502008916248	1.85

