22540.990939710045	750	4.0	2.0187411650889273	450283	2018.7411650889273	-7.930587009882387
22542.60205115024	300	6.388888559807578	0.0	155580	1611.1114401924226	-0.15000000000000002
22543.32468446866	300	9.666255241391497	0.0	139857	722.6333184160802	0.3
22544.118883843363	300	12.872055866686988	0.0	155432	794.1993747045065	0.3
22546.0083974466	300	14.982542263450194	0.0	163442	1889.513603236796	0.3
22547.490353315425	300	17.500586394626268	0.0	126289	1481.955868823923	0.3
22548.801428605497	300	20.189511104554644	0.0	153295	1311.0752900716234	0.3
22549.37121695447	300	23.619722755579986	0.0	173849	569.7883489746564	0.3
22555.92217530122	1850	21.068764408828628	0.0	852833	6550.958346751358	0.30000000000000004
22559.952136936754	750	21.038802773294897	0.0	362795	4029.9616355337316	-0.3500000000000001
22561.092676322754	750	23.898263387292765	0.0	353220	1140.5393860021309	0.75
22562.389086955245	750	26.601852754801435	0.0	405134	1296.410632491329	0.75
22564.432894669695	1850	28.55804504035092	0.0	946851	2043.8077144505135	0.75
22580.28365452088	2850	16.70728518916572	0.0	1578343	15850.759851185201	1.85
22581.115143377425	300	19.87579633262156	0.0	140051	831.4888565441559	-2.25
22581.6755283158	300	23.315411394242595	0.0	138313	560.3849383789691	0.3
22582.976921896105	750	26.014017813941457	0.0	360831	1301.3935803011354	0.3
22584.29859045626	750	28.692349253786468	0.0	372963	1321.668560154991	0.75
22587.837239807046	750	29.153699902998436	0.0	405596	3538.64935078803	0.75
22588.67659235146	750	32.31434735858103	0.0	350713	839.3525444174054	0.75
22590.801997170624	1850	34.18894253941897	0.0	891604	2125.404819162064	0.75
22594.804245626958	1850	34.18669408308643	0.0	955231	4002.2484563325397	1.85
22598.731005668495	1850	34.259934041547524	0.0	968026	3926.760041538904	1.85
22601.97687094335	1850	35.01406876669358	0.0	874175	3245.865274853935	1.85
22609.675023759355	2850	31.315915950687078	0.0	1383735	7698.152816006508	1.85
22613.94233741432	1850	31.04860229571873	0.0	905935	4267.313654968347	0.8500000000000001
22617.09990566539	1850	31.89103404464877	0.0	1076599	3157.5682510699608	1.85
22622.23373916204	4300	30.757200547999478	0.0	1972048	5133.833496649289	1.8499999999999996
22632.26008039576	4300	24.730859314276778	0.0	2134614	10026.3412337227	4.3
22634.191212684487	1850	26.799727025553715	0.0	975811	1931.1322887230633	-0.6000000000000001
22648.228405637587	4300	16.762534072449803	0.0	2113193	14037.192953103911	1.8499999999999996
22656.66318314714	1200	12.327756562898198	0.0	620283	8434.777509551604	-1.9000000000000001
22657.263576599726	300	15.727363110314133	0.0	143881	600.3934525840627	-0.6000000000000001
22657.934726143198	300	19.056213566843144	0.0	163444	671.1495434709904	0.3
22661.71859654139	750	19.27234316865093	0.0	401088	3783.8703981922117	0.3
22663.260053015154	750	21.730886694885903	0.0	365161	1541.456473765028	0.75
22664.213885124944	750	24.77705458509609	0.0	321064	953.832109789815	0.75
22665.191533504025	750	27.799406206015213	0.0	361565	977.6483790808738	0.75
22666.991458599132	1850	29.999481110909485	0.0	908665	1799.9250951057309	0.75
22670.688332192232	2850	30.302607517810976	0.0	1402287	3696.87359309851	1.85
22679.595902649944	4300	25.39503706009985	0.0	2108491	8907.570457711125	2.8499999999999996
22687.089285508668	4300	21.901654201375266	0.0	2184571	7493.3828587245835	4.3
22692.40258377377	4300	20.58835593626927	0.0	2121928	5313.298265105996	4.3
22697.943585601723	4300	19.04735410832166	0.0	2219102	5541.001827947609	4.3
22702.22089725289	4300	18.770042457151977	0.0	2124950	4277.311651169681	4.3
22705.47371045814	4300	19.517229251902855	0.0	2246506	3252.8132052491205	4.3
22709.42618133747	4300	19.564758372573635	0.0	1961140	3952.470879329219	4.3
22714.891031053223	4300	18.099908656819046	0.0	2155012	5464.849715754588	4.3

