12579.040532158697	750	4.0	2.2111954431290775	450283	2211.1954431290774	-8.758140405455032
12580.118425167135	750	6.922106991562512	0.0	398865	1077.8930084374879	0.75
12580.918484505106	750	10.12204765359085	0.0	350812	800.0593379716631	0.75
12581.611853637756	750	13.42867852094067	0.0	382355	693.3691326501787	0.75
12583.329796855194	1850	15.710735303502455	0.0	996749	1717.943217438215	0.75
12584.881367099617	1850	18.15916505907943	0.0	801058	1551.570244423025	1.85
12586.655033879539	1850	20.385498279157215	0.0	905515	1773.666779922216	1.85
12588.246602407848	1850	22.793929750848566	0.0	1060487	1591.5685283086482	1.85
12589.56145707628	1850	25.47907508241786	0.0	852833	1314.8546684307037	1.85
12592.092786267256	1850	26.947745891440295	0.0	913888	2531.329190977564	1.85
12593.354811139601	1850	29.685721019095464	0.0	939819	1262.02487234483	1.85
12594.499931403288	1850	32.54060075540795	0.0	917428	1145.1202636875125	1.85
12608.251882474273	4300	22.788649684423486	0.0	2209463	13751.951070984467	1.8499999999999996
12624.329647662104	4300	10.710884496592998	0.0	2275376	16077.765187830488	4.3
12625.605873730181	1850	13.434658428514966	0.0	821631	1276.2260680780332	-0.6000000000000001
12629.063883858586	1850	13.97664830010937	0.0	923170	3458.0101284055963	1.85
12632.698798157913	1850	14.3417340007807	0.0	966699	3634.914299328669	1.85
12633.721059292106	1850	17.31947286658902	0.0	885714	1022.2611341916773	1.85
12634.987662150135	1850	20.05287000855936	0.0	987708	1266.6028580296613	1.85
12636.234457552828	1850	22.806074605867273	0.0	923755	1246.7954026920863	1.85
12637.231716164006	1850	25.808815994688672	0.0	891604	997.2586111785995	1.85
12638.294432549772	1850	28.74609960892241	0.0	955231	1062.7163857662647	1.85
12644.35759920411	1850	26.682932954584384	0.0	968026	6063.166654338028	1.85
12646.616980759265	1850	28.42355139942969	0.0	874175	2259.38155515469	1.85
12648.350275622874	1850	30.69025653581934	0.0	897976	1733.2948636103508	1.85
12654.726966458016	1850	28.31356570067685	0.0	905935	6376.6908351424945	1.85
12656.11806130215	1850	30.922470856544063	0.0	1076599	1391.094844132785	1.85
12656.99581070246	1850	34.04472145623452	0.0	758197	877.7494003095461	1.85
12691.035918202006	4300	4.004613956689005	0.0	2134614	34040.10749954551	1.8499999999999996
12691.473737231603	300	7.566794927091666	0.0	149029	437.81902959733907	-3.7
12692.127135614717	750	10.913396543977447	0.0	358218	653.3983831142182	0.3
12695.588491384588	1850	11.452040774107415	0.0	954453	3461.355769870034	0.75
12696.50226468014	1850	14.538267478554634	0.0	885062	913.7732955527816	1.85
12697.557597111441	1850	17.48293504725449	0.0	1035329	1055.3324313001417	1.85
12725.75413071071	1850	4.0	10.713598552013508	1026056	28196.533599267997	-44.21847377365808
12726.66589162561	300	7.088239085101483	0.0	159914	911.760914898517	-1.25
12727.430434905182	300	10.3236958055275	0.0	131610	764.5432795739823	0.3
12730.223744069142	750	11.530386641566933	0.0	361565	2793.309163960567	0.3
12730.72672406837	750	15.02740664233865	0.0	378327	502.97999922828154	0.75
12731.847134767955	1850	17.90699594275375	0.0	930577	1120.4106995849002	0.75
12741.618878185476	1850	12.135252525231007	0.0	858450	9771.743417522744	1.85
12752.948586996243	750	4.8055437144665465	0.0	384505	11329.70881076446	-0.3500000000000001
12753.48567911084	300	8.268451599868193	0.0	145210	537.0921145983539	-0.15000000000000002
12756.66877234524	750	9.085358365469522	0.0	438281	3183.093234398669	0.3
12757.40196667189	750	12.352164038818989	0.0	398987	733.1943266505339	0.75
12759.73009427963	1850	14.024036431079407	0.0	982064	2328.1276077395823	0.75
12768.951583020822	1850	8.802547689888083	0.0	830730	9221.488741191324	1.85
12775.919475148445	750	5.834655562263757	0.0	314107	6967.892127624325	-0.3500000000000001

