38402.70847200063	750	4.0	4.587741282959535	450283	4587.741282959535	0.09814917019678235	-18.977287516726
38405.085574914105	300	5.622897086524845	0.0	155580	2377.1029134751557	0.06544941706901242	-0.15000000000000002
38407.88063780708	300	6.82783419354825	0.0	139857	2795.0628929765953	0.050037156713514816	0.3
38410.47040276754	300	8.238069233089103	0.0	155432	2589.764960459145	0.0600178017592929	0.3
38415.09647301211	750	7.6119989885194865	0.0	411561	4626.070244569617	0.08896557515163483	0.3
38416.98529026803	750	9.723181732604775	0.0	318564	1888.8172559147106	0.16865792548349354	0.75
38424.324531276594	1200	6.383940724037219	0.0	561791	7339.2410085675565	0.07654619862519654	0.75
38426.08657590738	300	8.621896093248258	0.0	173849	1762.0446307889588	0.09866322167002023	-0.6000000000000001
38429.860742996076	750	8.847729004553877	0.0	374758	3774.1670886943834	0.0992955508309628	0.3
38437.29844321661	750	5.410028784015027	0.0	362795	7437.700220538849	0.04877784654430669	0.75
38440.25504349854	300	6.453428502089339	0.0	141840	2956.6002819256887	0.04797401964245805	-0.15000000000000002
38443.501818603036	300	7.206653397590379	0.0	156148	3246.7751044989595	0.04809326022724222	0.3
38451.41724863351	750	4.0	0.70877663288249	386351	7915.430030472869	0.04880985600436409	-2.747739521394707
38455.14372076613	300	4.273527867382116	0.0	179801	3726.472132617884	0.04824965640456514	-0.15000000000000002
38457.20659513811	300	6.210653495402394	0.0	140051	2062.874371979721	0.06789119197093635	0.3
38458.16952521697	300	9.247723416549004	0.0	138313	962.9300788533905	0.14363763583405378	0.3
38462.006657560225	1200	9.410591073295425	0.0	617242	3837.1323432535787	0.16086023227351826	0.29999999999999993
38465.724137587145	1200	9.69311104637244	0.0	581493	3717.480026922986	0.15642128425403015	1.2
38472.71005741929	1200	6.707191214232328	0.0	639204	6985.919832140112	0.09149890284443504	1.2
38474.04805663255	300	9.369192000971237	0.0	140881	1337.9992132610905	0.10529228911624867	-0.6000000000000001
38478.92112843682	1200	8.496120196697614	0.0	601738	4873.071804273624	0.12348227651238036	0.29999999999999993
38486.51477179744	750	4.902476836078945	0.0	399894	7593.643360618668	0.05266167780197408	0.3
38488.14447121085	300	7.272777422669311	0.0	163927	1629.699413409634	0.10058726084771316	-0.15000000000000002
38491.23322705396	750	8.184021579560312	0.0	343800	3088.755843108999	0.1113069525281567	0.3
38495.41993725635	750	7.997311377174077	0.0	359903	4186.710202386235	0.08596319845468922	0.75
38501.98488367996	750	5.432364953569275	0.0	379700	6564.946423604802	0.05783748647738504	0.75
38503.399833830365	300	8.017414803161163	0.0	181901	1414.9501504081131	0.1285564724294594	-0.15000000000000002
38505.517959052166	750	9.899289581360625	0.0	277716	2118.125221800537	0.1311140612186867	0.3
38514.71945177164	1200	4.697796861888846	0.0	622896	9201.492719471778	0.06769510328273759	0.75
38516.10756432719	300	7.309684306341209	0.0	149029	1388.1125555476378	0.10736089044393458	-0.6000000000000001
38520.69302407261	750	6.724224560918962	0.0	358218	4585.459745422247	0.07812041101388273	0.3
38522.78198751724	300	8.635261116281294	0.0	157488	2088.9634446376685	0.07539050068313491	-0.15000000000000002
38533.9536163993	750	4.0	2.53636776577867	369834	11171.628882059964	0.03310475167984683	-10.60638139284828
38535.56163788616	300	6.39197851314673	0.0	163444	1608.0214868532696	0.10164292040639511	-0.15000000000000002
38537.092180644206	300	8.861435755098853	0.0	179328	1530.5427580478774	0.11716627912357244	0.3
38539.86027655489	750	10.093339844412752	0.0	365161	2768.095910686101	0.13191775566385308	0.3
38555.8599014046	1200	4.0	5.906285005291306	487812	15999.624849704058	0.030488964871512154	-24.647025522752614
38557.016640243266	300	6.843261161329142	0.0	124011	1156.7388386708578	0.10720743166408583	-0.6000000000000001
38563.11385840165	300	4.74604300294656	0.0	144254	6097.218158382582	0.023658986156117213	0.3
38564.25569667079	300	7.604204733804316	0.0	149991	1141.8382691422435	0.13135923366158872	0.3
38569.45217175325	750	6.407729651349035	0.0	345516	5196.475082455281	0.06649045641853578	0.3
38570.65162160393	300	9.208279800671722	0.0	161857	1199.4498506773123	0.13494269886198382	-0.15000000000000002
38577.0382829523	1200	6.821618452300294	0.0	599477	6386.661348371428	0.09386390905991346	0.29999999999999993
38578.91085388987	300	8.949047514729301	0.0	172312	1872.5709375709926	0.09201894387163495	-0.6000000000000001
38581.94247374044	750	9.917427664163922	0.0	398987	3031.6198505653792	0.1316085194275236	0.3
38590.15947423463	1200	5.700427169981229	0.0	638661	8217.000494182694	0.07772434727880889	0.75
38591.23585826931	300	8.624043135298685	0.0	137507	1076.3840346825436	0.12774901482123407	-0.6000000000000001
38593.162907031474	750	10.696994373134714	0.0	314107	1927.0487621639718	0.16299898900704243	0.3

