39209.40755630941	750	4.0	5.610041431732407	450283	5610.041431732407	0.0802637566013395	-23.37317815644935
39212.78443645531	300	4.6231198541025025	0.0	155580	3376.880145897497	0.04607211191342132	-0.15000000000000002
39213.79354541109	300	7.614010898319954	0.0	139857	1009.1089557825482	0.13859454838704022	0.3
39217.29867976088	750	8.108876548535688	0.0	382355	3505.1343497842654	0.10908426378108253	0.3
39224.38024594283	750	5.02731036658323	0.0	411561	7081.5661819524585	0.05811722850926298	0.75
39224.78076246352	300	8.626793845894511	0.0	126289	400.5165206887182	0.3153153327678883	-0.15000000000000002
39225.75575400584	750	11.651802303569282	0.0	352642	974.9915423252298	0.361687240033892	0.3
39229.22242517689	1850	12.185131132517938	0.0	1060487	3466.6711710513446	0.3059093140577229	0.75
39234.22134957049	1850	11.18620673892209	0.0	852833	4998.9243935958475	0.17060330040049607	1.85
39240.65229161145	1850	8.75526469796536	0.0	913888	6430.94204095673	0.14210795155355513	1.85
39245.19541071661	750	8.212145592807191	0.0	353220	4543.119105158169	0.07774834685688976	-0.3500000000000001
39251.68779565811	750	5.719760651301429	0.0	405134	6492.384941505763	0.0624014139103154	0.75
39252.69151050588	300	8.716045803538583	0.0	160746	1003.7148477628474	0.1601510631812236	-0.15000000000000002
39253.899228950475	750	11.508327358938761	0.0	434409	1207.7184445998214	0.35969393523996546	0.3
39258.40681235338	1850	11.000743956035395	0.0	821631	4507.583402903367	0.1822774925186701	0.75
39262.59002842591	1850	10.817527883504408	0.0	923170	4183.216072530985	0.2206842735334614	1.85
39264.49257871616	1200	12.914977593244306	0.0	617242	1902.5502902601022	0.32442874343974126	0.5499999999999999
39276.14869375863	1850	5.258862550784826	0.0	885714	11656.11504245948	0.07598706745546253	1.2000000000000002
39276.8723015331	300	8.535254776318986	0.0	165384	723.6077744658401	0.22855475830408925	-1.25
39279.648133257186	750	9.75942305222422	0.0	350713	2775.831724094767	0.12634519483142365	0.3
39282.07431042317	1200	11.333245886242079	0.0	601738	2426.177165982141	0.248018985767847	0.75
39285.29563013747	1850	12.111926171938817	0.0	955231	3221.3197143032608	0.2965340558276771	1.2000000000000002
39290.43412743174	1850	10.973428877668441	0.0	968026	5138.497294270378	0.18838698252880004	1.85
39292.7760410781	1200	12.631515231310201	0.0	536667	2341.913646358241	0.22915746737055667	0.5499999999999999
39295.94752926314	1850	13.460027046267221	0.0	897976	3171.4881850429792	0.2831402633738113	1.2000000000000002
39300.90636374664	2850	12.501192562772959	0.0	1480464	4958.834483494263	0.29855079957352904	1.85
39305.157648006476	1850	12.249908302929569	0.0	1076599	4251.284259843389	0.25324088774051073	0.8500000000000001
39308.037659741676	1850	13.369896567730176	0.0	758197	2880.011735199392	0.26326177450367494	1.85
39316.61794044885	2850	8.78961586055681	0.0	1498470	8580.280707173368	0.17464113950808569	1.85
39317.818545286376	750	11.589011023029636	0.0	400508	1200.6048375271732	0.33358852761655255	-1.35
39323.09494956963	1850	10.312606739773262	0.0	873429	5276.404283256373	0.16553488950262105	0.75
39324.7565223856	1200	12.651033923812797	0.0	620283	1661.5728159604666	0.37331075354735355	0.5499999999999999
39329.8401458989	1850	11.567410410506785	0.0	885062	5083.623513306011	0.17410061891550688	1.2000000000000002
39339.59932870469	1850	5.808227604722592	0.0	1035329	9759.182805784194	0.10608767358946984	1.85
39341.948327082275	300	7.459229227134511	0.0	179328	2348.9983775880805	0.07634232603605778	-1.25
39344.64663817546	750	8.760918133953757	0.0	365161	2698.311093180754	0.13532946624384598	0.3
39347.07930592363	750	10.328250385777812	0.0	321064	2432.6677481759452	0.13198020989127643	0.75
39349.65802450617	1200	11.749531803236948	0.0	575591	2578.7185825408637	0.22320814837920722	0.75
39352.1743743411	1850	13.23318196830914	0.0	908665	2516.3498349278093	0.36110440106038294	1.2000000000000002
39358.093949585294	2850	11.313606724113793	0.0	1402287	5919.575244195346	0.2368898007293789	1.85
39362.50558279744	1850	10.90197351196353	0.0	858450	4411.633212150264	0.19458779973722812	0.8500000000000001
39365.93579794703	1200	11.471758362378448	0.0	641452	3430.215149585081	0.1870005151360812	0.5499999999999999
39368.87716117117	1850	12.530395138240024	0.0	886255	2941.3632241384244	0.3013075681122651	1.2000000000000002
39386.67649739048	1850	4.0	5.268941081073235	973972	17799.33621931326	0.054719568640047754	-20.80644664861491
39388.97377681809	300	5.702720572383347	0.0	167025	2297.279427616653	0.07270556554510332	-1.25
39390.07220829431	300	8.604289096172382	0.0	160064	1098.4314762109643	0.14572051463068067	0.3
39392.964714665824	750	9.711782724658406	0.0	331053	2892.5063715139777	0.11445195186440413	0.3
39398.74995715199	1200	7.926540238498145	0.0	550906	5785.24248616026	0.09522608625617755	0.75

