18887.595181568446	300	4.0	0.9336433919469613	181801	933.6433919469613	-3.7146665853719334
18888.18028734952	300	7.414894218923852	0.0	155580	585.1057810761481	0.3
18888.834888924175	300	10.760292644273582	0.0	139857	654.6015746502692	0.3
18889.414882832356	300	14.180298736091636	0.0	155432	579.993908181947	0.3
18890.02064332145	300	17.574538246996248	0.0	163442	605.7604890953843	0.3
18890.50688998025	300	21.088291588197613	0.0	126289	486.24665879863795	0.3
18891.03155963656	300	24.563621931884285	0.0	153295	524.6696563133273	0.3
18891.591216397894	300	28.00396517055344	0.0	173849	559.6567613308482	0.3
18892.087031677245	300	31.50814989120083	0.0	150710	495.8152793526114	0.3
18892.550828269603	300	35.04435329884235	0.0	139105	463.79659235847004	0.3
18893.022170842913	300	38.573010725533514	0.0	141840	471.34257330883423	0.3
18899.63779141365	300	35.95739015479431	0.0	156148	6615.620570739208	0.3
18902.15827849858	300	37.4369030698636	0.0	160746	2520.487084930713	0.3
18903.171831463995	300	40.423350104445916	0.0	179801	1013.5529654176821	0.3
18903.978996643054	300	43.61618492538845	0.0	140051	807.1651790574679	0.3
18904.523904370653	300	47.07127719778751	0.0	138313	544.9077276009394	0.3
18904.9348680985	300	50.6603134699444	0.0	143509	410.9637278431086	0.3
18905.362222151783	300	54.23295941665981	0.0	150616	427.354053284586	0.3
18905.82363450338	300	57.77154706506092	0.0	165384	461.41235159888697	0.3
18906.78437527726	750	59.882724748111876	0.0	350713	888.8223169490425	0.3
18907.84292903728	750	59.84240712706924	0.0	386472	1040.3176210426427	0.75
18911.77291579762	750	59.912420366727716	0.0	399894	3429.9867603415155	0.75
18919.995474318475	750	55.68986184587546	0.0	401853	8222.558520852257	0.75
18921.23335823594	750	58.451977928411154	0.0	343800	1237.8839174643133	0.75
18924.0254754423	750	59.65986072204943	0.0	359903	1292.1172063617182	0.75
18926.722486131453	750	59.617746667621994	0.0	379700	1542.1140544274394	0.75
18928.622743889373	750	59.80206610887372	0.0	425781	1315.6805587482766	0.75
18930.621244380778	750	59.80710443700792	0.0	277716	1494.9616718657944	0.75
18933.500014208632	750	59.82948893285014	0.0	400396	1477.6155041577863	0.75
18937.686547393612	750	59.64295574787206	0.0	400508	2186.533184978078	0.75
18940.124018317965	750	59.63856400378492	0.0	358218	1004.391744087137	0.75
18948.324168313127	750	55.43841400862127	0.0	400322	8200.149995163647	0.75
18951.037441287703	750	56.72514103404615	0.0	369834	2713.272974575119	0.75
18952.07788955444	750	59.684692767313926	0.0	412837	1040.4482667322225	0.75
18955.16806959343	750	59.67157806488393	0.0	401088	1013.1147024299994	0.75
18959.120454835298	1200	59.71919282301442	0.0	598727	2452.385241869508	0.75
18961.267858523323	1200	59.93671617856764	0.0	487812	1782.4766444467753	1.2
18963.83318694268	1200	59.86901548117927	0.0	575591	1567.7006973883756	1.2
18966.334584538083	1200	59.89513050346315	0.0	605884	1973.8849777161192	1.2
18969.98536080897	1200	59.548998755062804	0.0	587506	1846.1317484003428	1.2
18975.189139579754	1200	58.345219984277996	0.0	566904	5203.778770784812	1.2
18980.210227408472	1200	57.32413215555828	0.0	641452	5021.087828719711	1.2
18981.79887573242	1200	59.735483831607134	0.0	599477	1088.6483239511522	1.2
18984.71040325687	1200	59.927299782054035	0.0	634861	2808.184049553097	1.2
18992.513461095543	1200	56.12424194338195	0.0	630203	7803.05783867208	1.2
18995.48168701972	1200	57.156016019201836	0.0	638661	2968.2259241801166	1.2
18999.137445374112	1200	57.500257664810796	0.0	538612	3655.7583543910473	1.2
19000.65415866995	1200	59.98354436897541	0.0	550906	1016.7132958353832	1.2

