8885.277015595975	300	4.0	1.3005863288753805	181801	1300.5863288753806	-5.292521214164136
8885.721719698891	300	7.555295897083275	0.0	155580	444.7041029167248	0.3
8886.121915250636	300	11.155100345338017	0.0	139857	400.1955517452589	0.3
8886.558733697728	300	14.71828189824762	0.0	155432	436.8184470903956	0.3
8887.01394035163	300	18.26307524434528	0.0	163442	455.20665390233955	0.3
8887.383856487719	300	21.893159108256192	0.0	126289	369.91613608908693	0.3
8887.815769117336	300	25.461246478638596	0.0	153295	431.91262961759605	0.3
8888.294866666156	300	28.98214892981842	0.0	173849	479.0975488201797	0.3
8888.720845024287	300	32.556170571687574	0.0	150710	425.9783581308451	0.3
8889.08442283911	300	36.19259275686514	0.0	139105	363.5778148224309	0.3
8889.437530503454	300	39.83948509252258	0.0	141840	353.10766434256465	0.3
8889.818187691637	300	43.45882790434038	0.0	156148	380.6571881821968	0.3
8890.64209222651	750	46.63492336946719	0.0	386351	823.9045348731967	0.3
8891.571002209499	750	49.70601338647651	0.0	434409	928.9099829906681	0.75
8892.389828823929	750	52.8871867720462	0.0	337059	818.8266144303201	0.75
8893.272562617649	750	56.00445297832763	0.0	366214	882.7337937185632	0.75
8894.592838955832	1200	58.68417664014384	0.0	617242	1320.2763381837917	0.75
8898.131025139644	1850	59.14599045633089	0.0	885714	3538.1861838129385	1.2000000000000002
8901.413415415793	1850	59.86360018018277	0.0	987708	2282.3902761481213	1.85
8905.450231506513	1850	59.82678408946392	0.0	923755	3536.8160907188476	1.85
8908.701734718414	1850	59.65993352026898	0.0	891604	1666.8505691949488	1.85
8914.247795151172	1850	58.11387308751107	0.0	955231	5546.060432757913	1.85
8921.422104936426	1850	54.939563302257206	0.0	968026	7174.3097852538585	1.85
8923.740735875353	1850	56.62093236333024	0.0	874175	2318.6309389269636	1.85
8926.998421632425	1850	57.363246606260155	0.0	897976	3257.6857570700877	1.85
8929.18391731239	1850	59.17775092629527	0.0	905935	2185.495679964884	1.85
8932.122933364397	1850	59.75116055483146	0.0	1076599	1926.590371463809	1.85
8941.395699130486	1850	54.47839478874126	0.0	758197	9272.765766090186	1.85
8951.52257349364	1850	48.35152042558976	0.0	972798	10126.8743631515	1.85
8953.013994600982	1850	50.86009931824779	0.0	975811	1491.421107341972	1.85
8954.5525997379	1850	53.32149418132809	0.0	873429	1538.6051369196994	1.85
8956.16119617293	1850	55.71289774629899	0.0	954453	1608.5964350290994	1.85
8957.515551918288	1850	58.358542000940126	0.0	885062	1354.3557453588667	1.85
8962.685576390986	2850	57.18851752824285	0.0	1587293	5170.024472697279	1.85
8966.347544421242	2850	57.526549497985485	0.0	1492672	3661.9680302573643	2.85
8976.00569575532	2850	51.86839816390645	0.0	1439896	9658.151334079033	2.85
8979.19769386234	2850	52.67640005688855	0.0	1139291	3191.998107017902	2.85
8982.391623775882	2850	53.48247014334572	0.0	1499009	3193.9299135428314	2.85
8992.473090499372	2850	47.401003419857204	0.0	1427478	10081.466723488518	2.85
8995.613732162887	2850	48.260361756341034	0.0	1402287	3140.6416635161645	2.85
9008.06976706386	2850	39.80432685536817	0.0	1339500	12456.034900972865	2.85
9015.296172415137	2850	36.577921504091584	0.0	1527299	7226.405351276584	2.85
9019.496055187044	2850	36.37803873218495	0.0	1343002	4199.8827719066385	2.85
9021.962066857252	1850	37.91202706197696	0.0	973972	2466.0116702079877	0.8500000000000001
9025.916409667903	1200	37.95768425132573	0.0	630203	3954.342810651228	0.5499999999999999
9034.280075890332	1200	33.59401802889608	0.0	638661	8363.666222429641	1.2
9035.586379985942	750	36.28771393328635	0.0	331053	1306.3040956097354	0.3
9036.82991180882	750	39.044182110406965	0.0	314107	1243.5318228793794	0.75

