22388.940149617833	300	4.0	3.396460785206581	450283	3396.460785206581	0	-13.854781376388297
22389.830726373246	300	7.109423244589667	0.0	155580	890.5767554103332	0	-0.15000000000000002
22390.553139380187	750	10.387010237645361	0.0	139857	722.4130069443053	1	0.3
22393.179881139284	750	11.760268478550412	0.0	382355	2626.7417590949503	1	0.3
22402.419989819693	300	6.5201597981381765	0.0	411561	9240.108680412235	0	0.75
22403.055220628896	750	9.884928988937215	0.0	126289	635.2308092009606	1	-0.15000000000000002
22404.496141203148	750	12.444008414684193	0.0	352642	1440.9205742530226	1	0.3
22405.29992358788	1850	15.640226029948787	0.0	437162	803.7823847354074	3	0.75
22418.320782183102	750	6.619367434724812	0.0	852833	13020.858595223974	1	0.75
22421.477103407793	750	7.463046210034751	0.0	362795	3156.3212246900616	1	-0.3500000000000001
22428.591326065118	300	4.348823552707565	0.0	353220	7114.222657327185	0	0.75
22433.15955036271	300	4.0	0.21940074488317715	156148	4568.224297590743	0	-1.0934232029976616
22433.744508935833	300	7.415041426874092	0.0	160746	584.9585731259074	0	0.3
22434.38932582961	750	10.770224533099993	0.0	179801	644.8168937740985	1	0.3
22448.722808212613	300	4.0	3.5632578499010505	337059	14333.482383001045	0	-15.022008754574516
22449.498397300806	300	7.224410911807391	0.0	138313	775.589088192609	0	-0.15000000000000002
22450.33944325973	750	10.383364952883664	0.0	143509	841.0459589237284	1	0.3
22451.835282161937	750	12.887526050679472	0.0	372963	1495.8389022041906	1	0.3
22453.01098767021	1850	15.711820542403679	0.0	405596	1175.7055082757936	3	0.75
22458.779054536804	1850	13.94375367581186	0.0	923755	5768.066866591818	3	0.75
22460.77084420193	1850	15.951964010687403	0.0	891604	1991.7896651244564	3	1.85
22466.19244333612	1850	14.53036487649604	0.0	955231	5421.599134191363	3	1.85
22477.832299907517	300	6.8905083050993685	0.0	968026	11639.856571396671	0	1.85
22481.79775153127	300	6.925056681346642	0.0	137654	3965.451623752727	0	-1.25
22482.344599155444	750	10.378209057172437	0.0	146754	546.8476241742062	1	0.3
22483.632484752423	750	13.090323460194186	0.0	379700	1287.88559697825	1	0.3
22484.473633513047	1850	16.24917469956938	0.0	425781	841.148760624805	3	0.75
22485.6469472824	1850	19.075860930217896	0.0	758197	1173.3137693514834	3	0.75
22487.42587749963	1850	21.296930712989447	0.0	972798	1778.9302172284483	3	1.85
22489.039134896408	4300	23.68367331620876	0.0	975811	1613.2573967806868	5	1.85
22497.954530995237	2850	18.768277217378106	0.0	2113193	8915.396098830655	4	1.8499999999999996
22504.743583660147	1850	15.979224552470171	0.0	1497683	6789.052664907932	3	1.4000000000000001
22506.115123078966	1850	18.6076851336543	0.0	885062	1371.5394188158712	3	0.8500000000000001
22509.488459627697	1850	19.234348584923097	0.0	1035329	3373.3365487312044	3	1.85
22510.99088592942	4300	21.731922283199534	0.0	1026056	1502.4263017235603	5	1.85
22517.781346914053	4300	18.941461298566182	0.0	2143948	6790.460984633355	5	1.8499999999999996
22535.2407563154	1850	5.482051897214613	0.0	1919781	17459.409401351568	3	4.3
22545.577850551614	750	4.0	4.855042338996112	938587	10337.094236210725	1	-21.47668205768328
22546.31920071883	1850	7.2586498327797635	0.0	378327	741.3501672202362	3	-0.3500000000000001
22560.737828889512	300	4.0	7.15997833790109	930577	14418.628170680853	0	-30.037906852974686
22562.56771003838	300	6.170118851132389	0.0	147968	1829.881148867611	0	-1.25
22566.167981414295	300	6.569847475214228	0.0	161857	3600.2713759181606	0	0.3
22567.33908627645	300	9.398742613061325	0.0	145210	1171.104862152904	0	0.3
22567.66660628397	1850	13.071222605539997	0.0	172312	327.5200075213262	3	0.3
22569.12416676782	1850	15.613662121691474	0.0	958994	1457.560483848523	3	0.30000000000000004
22575.936647961094	1850	12.801180928414155	0.0	982064	6812.481193277319	3	1.85
22583.48108134414	750	9.25674754537111	0.0	830730	7544.433383043044	1	1.85
22584.108346960533	1850	12.629481928975228	0.0	314107	627.2656163958833	3	-0.3500000000000001

