46467.04846544121	300	4.0	0.8165189291242223	181801	816.5189291242223	-3.211031395234156
46467.380020417244	300	7.668445023962994	0.0	155580	331.55497603700564	0.3
46467.68629863096	300	11.36216681024466	0.0	139857	306.2782137183361	0.3
46468.018127908326	300	15.030337532881632	0.0	155432	331.82927736302673	0.3
46468.61441088082	750	18.434054560391886	0.0	411561	596.282972489745	0.3
46470.03031734678	750	21.018148094438203	0.0	318564	1415.9064659536853	0.75
46472.05101935411	1200	22.997446087098783	0.0	561791	2020.7020073394192	0.75
46474.43635992453	1850	24.612105516682334	0.0	1060487	2385.340570416446	1.2000000000000002
46478.96870647611	1850	24.079758965104386	0.0	852833	4532.346551577949	1.85
46490.623218164044	1850	16.425247277168822	0.0	913888	11654.511687935563	1.85
46491.6626872643	750	19.385778176906054	0.0	353220	1039.4691002627721	-0.3500000000000001
46492.82894309813	1200	22.219522343075887	0.0	594078	1166.255833830164	0.75
46500.08081928859	1850	18.967646152612616	0.0	946851	7251.876190463274	1.2000000000000002
46503.495293426044	1200	19.553172015157003	0.0	687371	3414.474137455613	0.5499999999999999
46504.18948190547	1200	22.858983535725	0.0	526950	694.1884794320071	1.2
46505.34548603975	1850	25.702979401448037	0.0	923170	1156.0041342769637	1.2000000000000002
46511.37625876504	2850	23.672206676155852	0.0	1491626	6030.772725292184	1.85
46512.6532296955	1850	26.395235745695704	0.0	885714	1276.970930460151	0.8500000000000001
46514.72619569005	2850	28.322269751140848	0.0	1537156	2072.9659945548574	1.85
46518.750545176015	2850	28.297920265173868	0.0	1336050	4024.34948596698	2.85
46521.872353614664	4300	29.17611182652625	0.0	2039773	3121.8084386476175	2.8499999999999996
46535.386840004474	4300	19.66162543671474	0.0	2176469	13514.486389811507	4.3
46536.70150227152	1200	22.346963169671003	0.0	656471	1314.6622670437382	-1.9000000000000001
46537.79084235641	1200	25.2576230847814	0.0	536667	1089.3400848896017	1.2
46539.51144973683	2850	27.53701570436217	0.0	1383735	1720.6073804192295	1.2000000000000002
46541.73593017038	4300	29.312535270809047	0.0	2105231	2224.480433553122	2.8499999999999996
46544.256180951816	4300	30.7922844893724	0.0	2395588	2520.2507814366486	4.3
46546.34499535272	4300	32.70347008846933	0.0	1972048	2088.8144009030684	4.3
46548.59940659604	4300	34.44905884514802	0.0	2134614	2254.41124332131	4.3
46551.203980534236	4300	35.84448490695673	0.0	2164140	2604.5739381912967	4.3
46556.26582266498	4300	34.782642776203154	0.0	2113193	5061.842130753574	4.3
46561.40937321821	4300	33.63909222297715	0.0	2147852	5143.550553226007	4.3
46567.28962775761	4300	31.758837683573088	0.0	2191074	5880.254539404058	4.3
46575.27278644709	4300	27.77567899409455	0.0	2286761	7983.158689478535	4.3
46588.0700054423	2850	18.978459998877536	0.0	1492672	12797.218995217017	1.4000000000000001
46592.404220404605	1200	18.644245036573242	0.0	598727	4334.214962304296	-0.44999999999999996
46595.58694074781	1200	19.46152469336192	0.0	487812	3182.7203432113206	1.2
46597.025979042	1200	22.02248639917054	0.0	575591	1439.0382941913829	1.2
46600.16814840583	1850	22.880317035346568	0.0	908665	3142.1693638239703	1.2000000000000002
46601.332785795756	1850	25.71567964541508	0.0	930577	1164.6373899314906	1.85
46607.18395894538	2850	23.86450649579205	0.0	1339500	5851.173149623027	1.85
46608.64291290808	1850	26.405552533091175	0.0	1025005	1458.9539627008767	0.8500000000000001
46610.464152780034	2850	28.584312661133374	0.0	1343002	1821.239871957799	1.85
46616.073651540144	4300	26.974813901023435	0.0	2219102	5609.498760109942	2.8499999999999996
46620.03244023636	2850	27.016025204809797	0.0	1464921	3958.7886962136345	1.4000000000000001
46630.365122837764	2850	20.683342603399254	0.0	1483527	10332.682601410543	2.85
46631.458120994546	1200	23.590344446623156	0.0	538612	1092.9981567760979	-0.44999999999999996
46633.129937088415	1850	25.918528352754866	0.0	846370	1671.8160938682877	1.2000000000000002

