30481.692570818905	750	4.0	4.016564637456403	450283	4016.5646374564026	0.11210649912138693	-16.52122794106253
30483.690064833747	300	6.0025059851589955	0.0	155580	1997.4940148410044	0.0778875925755321	-0.15000000000000002
30485.540409598445	300	8.152161220458881	0.0	139857	1850.3447647001155	0.07558429254272868	0.3
30488.7075342458	750	8.985036573101684	0.0	382355	3167.1246473571955	0.1207262241222668	0.3
30491.74725122376	750	9.94531959514381	0.0	411561	3039.716977957874	0.1353945130367014	0.75
30495.267605973753	1200	10.424964845148722	0.0	520315	3520.354749995089	0.14780186570706427	0.75
30498.69770101197	1200	10.994869806931026	0.0	561791	3430.095038217695	0.16378292547016746	1.2
30502.407105097307	1200	11.285465721592676	0.0	709534	3709.4040853383503	0.19127978070776305	1.2
30505.23706733983	1850	12.45550347907159	0.0	852833	2829.962242521088	0.3013584376448249	1.2000000000000002
30508.74245632159	1850	12.950114497312777	0.0	913888	3505.388981758812	0.2607094404517301	1.85
30511.768381009166	1850	13.924189809737964	0.0	939819	3025.924687574814	0.31058902551644013	1.85
30517.006286002223	2850	12.686284816679345	0.0	1519951	5237.904993058619	0.29018300293996757	1.85
30520.103030277332	1850	13.589540541569097	0.0	946851	3096.744275110248	0.30575692271725957	0.8500000000000001
30525.361011438377	2850	12.331559380525853	0.0	1578343	5257.981161043244	0.3001804212791889	1.85
30528.19645890303	1850	13.496111915872014	0.0	821631	2835.4474646538392	0.28977119493212244	0.8500000000000001
30534.06069637404	2850	11.631874444863083	0.0	1471065	5864.2374710089325	0.2508535862117646	1.85
30537.644455366626	1850	12.04811545227827	0.0	966699	3583.758992584813	0.26974442254632786	0.8500000000000001
30541.445886381898	1850	12.246684437008035	0.0	885714	3801.4310152702346	0.2329948896723664	1.85
30545.941311147537	1850	11.75125967136753	0.0	987708	4495.424765640503	0.21971405406431543	1.85
30549.96400685076	1850	11.72856396814545	0.0	923755	4022.695703222082	0.2296358134322948	1.85
30552.408652274702	1850	13.28391854420462	0.0	891604	2444.6454239408286	0.36471710427547915	1.85
30565.26584694241	2850	4.426723876498165	0.0	1468126	12857.194667706455	0.11418711763675064	1.85
30566.256123403753	300	7.436447415152305	0.0	163927	990.2764613458601	0.16553660154378597	-2.25
30568.5930961541	750	9.099474664804799	0.0	343800	2336.972750347506	0.14711339699997666	0.3
30571.005097327066	1200	10.687473491842713	0.0	587236	2412.0011729620855	0.2434642265446489	0.75
30573.12390797589	1200	12.568662843017828	0.0	590335	2118.810648824886	0.2786162134532436	1.2
30580.266504103933	1850	9.426066714975034	0.0	1076599	7142.596128042793	0.15072936796371944	1.2000000000000002
30582.72860034782	1200	10.963970471089189	0.0	487160	2462.0962438858464	0.19786391421934474	0.5499999999999999
30585.17418958072	1200	12.518381238184979	0.0	622896	2445.589232904211	0.2547018083082956	1.2
30591.196621290233	1850	10.495949528670439	0.0	975811	6022.43170951454	0.16202940059218351	1.2000000000000002
30593.923505339804	1200	11.769065479099613	0.0	570392	2726.884049570826	0.20917354373383493	0.5499999999999999
30598.11377521987	1850	11.578795599036134	0.0	954453	4190.269880063478	0.22777840743411523	1.2000000000000002
30603.872843809728	1850	9.819727009176455	0.0	885062	5759.0685898596785	0.15368144799636163	1.85
30607.624619678034	1200	10.067951140868741	0.0	670129	3751.7758683077136	0.17861648017429949	0.5499999999999999
30612.73577723765	1200	8.95679358125563	0.0	690253	5111.1575596131115	0.1350482727150068	1.2
30614.011353003898	750	11.681217815008452	0.0	365161	1275.5757662471774	0.2862715094332077	0.3
30618.498687177253	1850	11.19388364165496	0.0	728962	4487.334173353493	0.1624487884875374	0.75
30623.204482064117	1850	10.488088754789723	0.0	938587	4705.794886865237	0.19945344464965392	1.85
30631.791200579355	1200	5.901370239551752	0.0	605884	8586.718515237972	0.0705605987811059	0.5499999999999999
30634.92157122641	300	6.770999592500461	0.0	149991	3130.370647051291	0.04791477333244443	-0.6000000000000001
30636.514069895176	300	9.178500923729636	0.0	147968	1592.4986687708235	0.09291561927283097	0.3
30645.389704092453	1200	4.302866726454324	0.0	641452	8875.634197275313	0.07227111727936199	0.29999999999999993
30646.291359909144	300	7.40121090976375	0.0	145210	901.6558166905734	0.16104814865274983	-0.6000000000000001
30648.851327769447	750	8.841243049458253	0.0	438281	2559.9678603054967	0.171205665038192	0.3
30651.13516805952	750	10.557402759385546	0.0	398987	2283.840290072708	0.17470004436575465	0.75
30655.28580591294	1200	10.406764905967435	0.0	638661	4150.637853418111	0.15387056701997098	0.75
30657.141096504853	1200	12.551474314052363	0.0	538612	1855.2905919150699	0.2903113950704797	1.2
30661.752063848366	1850	11.940506970540998	0.0	846370	4610.967343511365	0.18355584348065856	1.2000000000000002

