71135.49801050735	300	4.0	7.449224392530751	181801	7449.224392530751	-31.73166488788223
71136.6266082404	300	6.8714022669405095	0.0	155580	1128.59773305949	0.3
71137.64923411232	300	9.848776395025732	0.0	139857	1022.6258719147778	0.3
71139.36035141793	300	12.137659089425298	0.0	155432	1711.1173056004327	0.3
71142.76691374187	300	12.73109676548804	0.0	163442	3406.5623239372576	0.3
71143.9373256321	300	15.560684875271425	0.0	126289	1170.4118902166156	0.3
71146.02336254097	750	17.47464796639196	0.0	352642	2086.036908879465	0.3
71149.213196746	750	18.284813761362457	0.0	437162	3189.8342050295028	0.75
71152.05061049106	1200	19.4474000162967	0.0	584846	2837.413745065755	0.75
71157.28589778667	1200	18.212112720692026	0.0	560821	5235.287295604679	1.2
71159.68245486348	750	19.815555643899554	0.0	353220	2396.55707679247	0.3
71162.42600981708	1200	21.07200069028984	0.0	594078	2743.5549536097133	0.75
71165.08921678255	1200	22.40879372480746	0.0	624282	2663.2069654823827	1.2
71168.81339054505	1850	22.68461996230934	0.0	1036454	3724.173762498119	1.2000000000000002
71171.87801912581	1850	23.61999138154122	0.0	821631	3064.6285807681234	1.85
71175.74723698475	1850	23.750773522601655	0.0	923170	3869.2178589395626	1.85
71185.21731162533	1850	18.280698882024854	0.0	966699	9470.0746405768	1.85
71187.2792952773	1200	20.218715230054183	0.0	581493	2061.983651970673	0.5499999999999999
71189.13712114484	1200	22.360889362501304	0.0	639204	1857.8258675528762	1.2
71192.09530200288	1850	23.40270850447781	0.0	923755	2958.1808580234942	1.2000000000000002
71198.67538201879	1850	20.82262848856191	0.0	891604	6580.080015915899	1.85
71200.8153900094	1200	22.682620497948882	0.0	616206	2140.007990613027	0.5499999999999999
71204.402675435	1850	23.095335072348085	0.0	968026	3587.2854256007995	1.2000000000000002
71207.6249023231	1850	23.873108184239193	0.0	874175	3222.2268881088894	1.85
71210.56231399396	1850	24.935696513393662	0.0	897976	2937.4116708455335	1.85
71213.59250918073	1850	25.90550132662769	0.0	905935	3030.1951867659686	1.85
71219.63412986856	2850	23.863880638801387	0.0	1547572	6041.620687826303	1.85
71222.18157737552	1850	25.3164331318306	0.0	758197	2547.447506970787	0.8500000000000001
71228.73012886601	2850	22.767881641346705	0.0	1498470	6548.5514904838965	1.85
71231.07105846687	1850	24.426952040477225	0.0	975811	2340.929600869477	0.8500000000000001
71234.56443250047	1850	24.933578006873272	0.0	873429	3493.374033603957	1.85
71240.8735428012	1850	22.624467706133178	0.0	954453	6309.110300740093	1.85
71244.49922994374	1850	22.998780563595684	0.0	885062	3625.6871425374948	1.85
71249.70401152465	1850	21.793998982688855	0.0	1035329	5204.781580906827	1.85
71254.06798151507	1850	21.43002899227523	0.0	1026056	4363.969990413626	1.85
71256.22804305557	1200	23.269967451771265	0.0	598727	2160.061540503964	0.5499999999999999
71261.17861474301	1850	22.31939576431974	0.0	728962	4950.571687451528	1.2000000000000002
71263.88199200635	1200	23.616018500964614	0.0	575591	2703.3772633551243	0.5499999999999999
71269.96251537178	1850	21.53549513554492	0.0	908665	6080.523365419696	1.2000000000000002
71273.08032246298	1200	22.417688044352474	0.0	587506	3117.8070911924437	0.5499999999999999
71279.27557575383	1850	20.222434753504373	0.0	858450	6195.253290848101	1.2000000000000002
71285.17125500056	1200	18.326755506760094	0.0	641452	5895.67924674428	0.5499999999999999
71290.05164144814	750	17.446369059180984	0.0	372093	4880.386447579113	0.3
71304.6544687815	1200	6.843541725823845	0.0	634861	14602.827333357138	0.75
71305.27312216016	300	10.224888347176762	0.0	167025	618.6533786470818	-0.6000000000000001
71305.86932640742	300	13.628684099909787	0.0	160064	596.2042472669751	0.3
71306.99759848455	750	16.500412022777827	0.0	331053	1128.272077131963	0.3
71308.01399906263	750	19.484011444695273	0.0	314107	1016.4005780825551	0.75

