70179.40060567834	750	4.0	1.2730900632482312	450283	1273.0900632482312	-4.724287271967394
70180.13235968558	750	7.268245992753625	0.0	398865	731.754007246375	0.75
70180.78559405508	750	10.615011623254885	0.0	350812	653.2343694987409	0.75
70184.32067579393	1850	11.079929884408983	0.0	933276	3535.081738845901	0.75
70188.48136324502	1850	10.919242433316368	0.0	996749	4160.687451092614	1.85
70189.75696759405	1850	13.643638084292078	0.0	801058	1275.6043490242898	1.85
70193.18743200543	1850	14.2131736729063	0.0	905515	3430.4644113857767	1.85
70194.89641811037	1850	16.5041875679662	0.0	1060487	1708.9861049401031	1.85
70196.29769276218	1850	19.102912916160683	0.0	852833	1401.2746518055153	1.85
70197.83201461664	1850	21.568591061708084	0.0	913888	1534.3218544526005	1.85
70199.40760194344	1850	23.993003734891463	0.0	939819	1575.5873268166215	1.85
70200.86890246696	1850	26.53170321138764	0.0	917428	1461.3005235038202	1.85
70202.24138306192	1850	29.15922261642813	0.0	946851	1372.4805949595104	1.85
70203.7942898482	1850	31.606315830147814	0.0	1036454	1552.9067862803151	1.85
70205.04846016	1850	34.35214551833825	0.0	821631	1254.1703118095618	1.85
70208.18044562514	4300	35.220160053202676	0.0	2152483	3131.9854651355695	1.8499999999999996
70212.29284356095	4300	35.107762117395296	0.0	2289689	4112.397935807388	4.3
70217.75571632833	4300	33.644889350000994	0.0	2059512	5462.8727673943	4.3
70221.11383689618	4300	34.286768782161374	0.0	2220726	3358.1205678396223	4.3
70224.3784477302	4300	35.02215794813686	0.0	2156729	3264.610834024511	4.3
70229.3347031358	4300	34.065902542525755	0.0	2039773	4956.255405611099	4.3
70232.42821553782	4300	34.97239014050851	0.0	2176469	3093.51240201725	4.3
70236.35594927662	4300	35.044656401694624	0.0	2221506	3927.7337388138853	4.3
70240.4937690879	4300	34.90683659042063	0.0	2044075	4137.8198112739965	4.3
70248.51397853828	4300	30.886627140036428	0.0	2186790	8020.209450384202	4.3
70258.4908813178	4300	24.90972436049817	0.0	2105231	9976.902779538255	4.3
70262.05758288155	4300	25.343022796748027	0.0	2395588	3566.7015637501418	4.3
70264.8379282324	4300	26.562677445896732	0.0	1972048	2780.345350851299	4.3
70267.90726252036	4300	27.493343157933356	0.0	2134614	3069.334287963376	4.3
70274.69867978436	4300	24.701925893937528	0.0	2164140	6791.417263995825	4.3
70278.04155158825	4300	25.35905409005004	0.0	2113193	3342.8718038874867	4.3
70281.1209407687	4300	26.279664909601504	0.0	2147852	3079.389180448541	4.3
70284.29795727812	4300	27.10264840019327	0.0	2191074	3177.016509408233	4.3
70309.3985569003	4300	6.002048778015949	0.0	2286761	25100.59962217732	4.3
70309.95421927418	300	9.446386404125418	0.0	179328	555.6623738905314	-3.7
70310.90009214103	750	12.500513537269695	0.0	365161	945.872866855724	0.3
70312.45741589491	1850	14.943189783397518	0.0	728962	1557.3237538721762	0.75
70313.89320289186	1850	17.50740278644356	0.0	938587	1435.7869969539586	1.85
70315.23697834251	1850	20.163627335816496	0.0	908665	1343.775450627063	1.85
70316.63219669578	1850	22.768408982540855	0.0	930577	1395.2183532756426	1.85
70317.94494094314	1850	25.455664735177788	0.0	858450	1312.7442473630697	1.85
70321.57571015836	1850	25.824895519958478	0.0	1025005	3630.769215219307	1.85
70323.61254153083	1850	27.788064147484565	0.0	886255	2036.8313724739123	1.85
70326.54645663615	1850	28.85414904217158	0.0	973972	2933.915105312982	1.85
70328.02559046315	1850	31.375015215166886	0.0	958994	1479.1338270046945	1.85
70329.5008984806	1850	33.899707197698405	0.0	982064	1475.3080174684803	1.85
70334.22659530536	4300	33.17401037295367	0.0	1961140	4725.696824744741	1.8499999999999996
70346.1330483657	4300	25.267557312603973	0.0	2155012	11906.453060349691	4.3

