89009.18782137264	300	4.0	7.49325938324108	450283	7493.25938324108	0	-31.471015347936643
89010.81029592101	300	6.37752545162965	0.0	155580	1622.4745483703505	0	-0.15000000000000002
89011.79583069684	300	9.391990675800567	0.0	139857	985.5347758290833	0	0.3
89012.57131774069	750	12.616503631949383	0.0	155432	775.4870438511849	1	0.3
89014.81131453875	750	14.37650683389197	0.0	411561	2239.996798057412	1	0.3
89018.36680771147	750	14.82101366117374	0.0	318564	3555.493172718231	1	0.75
89021.64412444859	750	15.543696924043658	0.0	352642	3277.316737130083	1	0.75
89024.167618534	750	17.020202838648395	0.0	437162	2523.4940853952635	1	0.75
89026.9132809009	750	18.27454047175434	0.0	374758	2745.662366894056	1	0.75
89029.16170742942	750	20.026113943223887	0.0	362795	2248.4265285304496	1	0.75
89031.59980847091	750	21.588012901733308	0.0	353220	2438.1010414905777	1	0.75
89034.2001806473	1850	22.987640725351042	0.0	405134	2600.372176382267	3	0.75
89039.63283062988	1850	21.55499074276124	0.0	946851	5432.649982589801	3	0.75
89043.84676598154	1850	21.341055391103655	0.0	1036454	4213.935351657586	3	1.85
89046.50444663546	1850	22.683374737186742	0.0	821631	2657.6806539169115	3	1.85
89049.74033478064	1850	23.44748659200951	0.0	923170	3235.888145177234	3	1.85
89053.69764927216	1850	23.49017210048077	0.0	966699	3957.31449152874	3	1.85
89056.68290886431	1850	24.50491250832407	0.0	885714	2985.259592156696	3	1.85
89060.0330924479	1850	25.154728924729632	0.0	987708	3350.1835835944416	3	1.85
89063.32594067666	1850	25.861880695973426	0.0	923755	3292.848228756207	3	1.85
89066.90929611909	1850	26.278525253540217	0.0	891604	3583.3554424332065	3	1.85
89069.77860470525	1850	27.40921666739294	0.0	955231	2869.3085861472773	3	1.85
89072.54609124122	1850	28.641730131410068	0.0	968026	2767.4865359828723	3	1.85
89075.20560594327	1850	29.98221542937761	0.0	874175	2659.514702032454	3	1.85
89077.94074246507	1850	31.247078907582623	0.0	897976	2735.1365217949883	3	1.85
89081.30302240436	1850	31.88479896829141	0.0	905935	3362.279939291212	3	1.85
89084.34064409103	1850	32.84717728160834	0.0	1076599	3037.621686683074	3	1.85
89086.98181132344	1850	34.20601004921273	0.0	758197	2641.167232395607	3	1.85
89090.8267389281	1850	34.36108244455102	0.0	972798	3844.9276046617065	3	1.85
89093.97034948683	4300	35.21747188581707	0.0	975811	3143.6105587339525	5	1.85
89100.5663535352	4300	32.62146783744336	0.0	2113193	6596.004048373703	5	1.8499999999999996
89107.53542918168	4300	29.652392190972638	0.0	2147852	6969.075646470726	5	4.3
89114.17878272811	4300	27.00903864455349	0.0	2191074	6643.35354641915	5	4.3
89120.67264990998	4300	24.515171462685036	0.0	2286761	6493.867181868452	5	4.3
89126.49925693362	4300	22.688564439037425	0.0	2307787	5826.607023647612	5	4.3
89132.06964034738	4300	21.118181025266175	0.0	2143948	5570.383413771249	5	4.3
89137.20074512484	4300	19.98707624783192	0.0	1919781	5131.104777434256	5	4.3
89143.1708079881	4300	18.01701338455097	0.0	2147467	5970.062863280951	5	4.3
89150.09518780358	4300	15.092633569073657	0.0	2133870	6924.379815477314	5	4.3
89155.96764450675	4300	13.220176865899088	0.0	2146120	5872.456703174567	5	4.3
89162.50789212341	4300	10.67992924923848	0.0	2108491	6540.247616660608	5	4.3
89169.86516624916	1850	7.322655123503079	0.0	2184571	7357.2741257354	3	4.3
89173.18152979972	1850	8.006291572932037	0.0	886255	3316.3635505710413	3	-0.6000000000000001
89176.23947652933	1850	8.948344843331515	0.0	973972	3057.9467296005223	3	1.85
89181.73040538262	750	7.457415990047725	0.0	958994	5490.92885328379	1	1.85
89183.54656666449	750	9.641254708180007	0.0	393804	1816.1612818677174	1	-0.3500000000000001
89184.95501524092	750	12.232806131741626	0.0	331053	1408.448576438383	1	0.75
89185.96977811058	1850	15.218043262085056	0.0	314107	1014.7628696565689	3	0.75

