58662.542784973106	300	4.0	2.911863785581973	450283	2911.863785581973	0	-11.771014278002484
58663.22571625561	750	7.317068717497237	0.0	155580	682.9312825027636	1	-0.15000000000000002
58665.67919951443	750	8.863585458679243	0.0	350812	2453.483258817993	1	0.3
58666.18839668299	1850	12.354388290122783	0.0	382355	509.1971685564596	3	0.75
58667.38725703152	1850	15.155527941594627	0.0	996749	1198.8603485281544	3	0.75
58670.07125884789	1850	16.471526125224504	0.0	801058	2684.001816370125	3	1.85
58670.79290120972	1850	19.74988376340077	0.0	905515	721.642361823734	3	1.85
58671.62435577797	4300	22.918429195156882	0.0	1060487	831.45456824389	5	1.85
58673.16084847418	4300	25.381936498939293	0.0	2055469	1536.492696217587	5	1.8499999999999996
58689.062420733164	1850	13.480364239962435	0.0	2169201	15901.572258976857	3	4.3
58689.770756043625	4300	16.772028929498823	0.0	939819	708.3353104636072	5	-0.6000000000000001
58697.70712182308	1850	12.83566315004536	0.0	2102452	7936.365779453467	3	1.8499999999999996
58729.45897080877	300	4.0	18.916185835648143	946851	31751.8489856935	0	-81.93959909328701
58729.96604267365	300	7.492928135122126	0.0	179801	507.07186487787374	0	-1.25
58730.378698452805	1850	11.080272355966219	0.0	140051	412.65577915590626	3	0.3
58732.206245855814	1850	13.252724952961843	0.0	923170	1827.5474030043752	3	0.30000000000000004
58733.73333585346	1850	15.72563495531781	0.0	966699	1527.0899976440337	3	1.85
58734.963683235226	1850	18.495287573546925	0.0	885714	1230.3473817708848	3	1.85
58739.29581132171	1850	18.163159487065144	0.0	987708	4332.128086481782	3	1.85
58745.863082955286	1850	15.59588785349166	0.0	923755	6567.271633573482	3	1.85
58757.70554446656	300	7.75342634221275	0.0	891604	11842.46151127891	0	1.85
58758.25378597175	750	11.205184837027998	0.0	157812	548.2415051847515	1	-1.25
58758.79686009085	1850	14.662110717921696	0.0	401853	543.074119106303	3	0.3
58759.88421307334	1850	17.574757735438666	0.0	874175	1087.3529824830284	3	0.75
58761.12714602812	4300	20.331824780652926	0.0	897976	1242.9329547857433	5	1.85
58766.39394420366	4300	19.06502660511423	0.0	2105231	5266.798175538693	5	1.8499999999999996
58771.22935909415	4300	18.22961171462509	0.0	2395588	4835.414890489142	5	4.3
58773.35354325143	4300	20.10542755734567	0.0	1972048	2124.184157279423	5	4.3
58776.41279781536	4300	21.0461729934205	0.0	2134614	3059.2545639251657	5	4.3
58788.61793528129	1850	12.841035527486401	0.0	2164140	12205.137465934102	3	4.3
58791.02032011614	1850	14.438650692637387	0.0	873429	2402.384834849015	3	-0.6000000000000001
58792.4653856346	1850	16.993585174176783	0.0	954453	1445.0655184606003	3	1.85
58795.850698004826	1850	17.608272803952147	0.0	885062	3385.312370224636	3	1.85
58797.46502603765	1850	19.99394477113004	0.0	1035329	1614.3280328221067	3	1.85
58801.1436174475	1850	20.315353361272695	0.0	1026056	3678.5914098573417	3	1.85
58803.32503450868	1850	22.133936300102082	0.0	943942	2181.417061170613	3	1.85
58804.38576951959	4300	25.073201289184407	0.0	728962	1060.7350109176784	5	1.85
58809.2906153845	4300	24.16835542427369	0.0	2147467	4904.845864910717	5	1.8499999999999996
58812.26761636362	4300	25.191354445154207	0.0	2133870	2977.0009791194834	5	4.3
58815.45899935919	4300	25.999971449587814	0.0	2146120	3191.3829955663914	5	4.3
58818.45171023313	4300	27.007260575651454	0.0	2108491	2992.7108739363593	5	4.3
58822.86724919068	4300	26.59172161810845	0.0	2184571	4415.538957543	5	4.3
58825.88091116572	4300	27.578059643066336	0.0	2121928	3013.661975042114	5	4.3
58828.5372838575	4300	28.921686951279945	0.0	2219102	2656.3726917863883	5	4.3
58831.53337200169	4300	29.92559880709207	0.0	2124950	2996.088144187876	5	4.3
58835.85550455759	4300	29.603466251188163	0.0	2246506	4322.132555903909	5	4.3
58838.86573749448	4300	30.593233314299543	0.0	1961140	3010.2329368886185	5	4.3
58841.39317366658	4300	32.065797142204325	0.0	2155012	2527.4361720952143	5	4.3

