55210.8228144886	300	4.0	0.46714511776966045	181801	467.14511776966043	-1.70872400640954
55211.167630472824	300	7.655184015782108	0.0	155580	344.81598421789204	0.3
55211.737520701434	300	11.085293787175887	0.0	139857	569.8902286062196	0.3
55212.0856059417	300	14.737208546905094	0.0	155432	348.08524027079386	0.3
55212.53723990983	300	18.285574578774064	0.0	163442	451.6339681310304	0.3
55212.79093036182	300	22.031884126777925	0.0	126289	253.69045199613873	0.3
55213.08176327553	300	25.741051213074055	0.0	153295	290.83291370387036	0.3
55213.40086495017	300	29.421949538430365	0.0	173849	319.101674643688	0.3
55213.688142607134	300	33.134671881466275	0.0	150710	287.27765696409085	0.3
55214.26710948099	750	36.55570500761393	0.0	362795	578.9668738523477	0.3
55214.832907463824	750	39.989907024780294	0.0	353220	565.7979828336286	0.75
55215.47010490445	750	43.35270958415599	0.0	405134	637.1974406243113	0.75
55216.08146931322	750	46.74134517538594	0.0	386351	611.3644087700447	0.75
55216.7589298645	750	50.06388462410126	0.0	434409	677.4605512846773	0.75
55219.1484559703	750	51.67435851830014	0.0	337059	2389.5261058011242	0.75
55223.823781258754	750	50.99903322984846	0.0	366214	4675.325288451682	0.75
55224.982083826704	750	53.84073066189413	0.0	360831	1158.3025679543266	0.75
55228.706986032535	1200	54.11582845605873	0.0	581493	3724.902205835404	0.75
55233.99833269348	1200	52.824481795120136	0.0	639204	5291.346660938594	1.2
55238.34030487874	1200	52.482509609868764	0.0	586839	4341.9721852513685	1.2
55241.68955515879	1200	53.133259329813924	0.0	601738	3349.2502800548427	1.2
55244.82853463925	1200	53.994279849344224	0.0	616206	3138.9794804696985	1.2
55248.47247541937	1200	54.35033906923072	0.0	656471	3643.9407801135017	1.2
55249.292900189525	1200	57.52991429907125	0.0	536667	820.4247701594747	1.2
55251.10158335254	1850	59.72123113605809	0.0	897976	1808.6831630131637	1.2000000000000002
55258.520462809065	1850	56.302351679534034	0.0	905935	7418.879456524055	1.85
55260.698183798435	1850	58.12463069016479	0.0	1076599	2177.7209893692407	1.85
55262.77606271134	1850	59.85144851711585	0.0	758197	1273.182173048944	1.85
55265.57114686452	1850	59.565254763751284	0.0	972798	1786.1937533645619	1.85
55269.40048917763	1850	59.73591245064078	0.0	975811	3329.342313110498	1.85
55272.93932565179	1850	59.54711059002399	0.0	873429	2688.801860616792	1.85
55279.755400257214	1850	56.731035984593085	0.0	954453	6816.074605430905	1.85
55284.78384459442	1850	55.70259164738527	0.0	885062	5028.444337207816	1.85
55286.151868440975	1850	58.334567800826065	0.0	1035329	1368.0238465592045	1.85
55288.04960932172	1850	59.50148610282625	0.0	1026056	1333.0816979998217	1.85
55289.76844050235	1850	59.63490006768293	0.0	943942	1366.586035143318	1.85
55291.35179324532	1850	59.72834634138989	0.0	728962	1406.5537262930422	1.85
55308.14991870105	1850	46.93022088566088	0.0	938587	16798.125455729005	1.85
55311.16647229461	1850	47.913667292098246	0.0	908665	3016.5535935626317	1.85
55312.7999733429	1850	50.28016624379969	0.0	930577	1633.5010482985508	1.85
55315.0526500941	1850	52.02748949260317	0.0	858450	2252.676751196521	1.85
55316.864959987746	1850	54.21517959895686	0.0	1025005	1812.309893646314	1.85
55320.1472470882	1850	54.93289249849719	0.0	886255	3282.287100459665	1.85
55325.253607851635	1850	53.82653173506621	0.0	973972	5106.360763430981	1.85
55328.993512494155	1850	54.08662709254696	0.0	958994	3739.9046425192405	1.85
55332.35549016034	1850	54.72464942636278	0.0	982064	3361.9776661841843	1.85
55333.610502405354	1850	57.46963718134777	0.0	830730	1255.0122450150109	1.85
55335.668093989436	2850	59.4120455972635	0.0	1364537	2057.5915840842713	1.85

