71288.96203413466	750	4.0	2.8218586377583454	450283	2821.8586377583456	-11.383992142360885
71291.21854108256	750	5.743493052097658	0.0	398865	2256.506947902342	0.75
71294.24787710834	750	6.714157026325812	0.0	350812	3029.336025771846	0.75
71294.56492712344	300	10.39710701121584	0.0	155432	317.0500151099711	-0.15000000000000002
71295.27260058366	750	13.689433550997386	0.0	411561	707.6734602184544	0.3
71298.46430551203	1850	14.49772862262685	0.0	801058	3191.704928370537	0.75
71299.67875517713	1850	17.283278957531387	0.0	905515	1214.44966509546	1.85
71303.890144619	1850	17.07188951565576	0.0	1060487	4211.389441875628	1.85
71305.091980165	1850	19.870053969660542	0.0	852833	1201.8355459952195	1.85
71306.03925318856	1850	22.922780946097202	0.0	913888	947.2730235633401	1.85
71309.41138177294	1850	23.550652361729142	0.0	939819	3372.128584368061	1.85
71312.69782277787	1850	24.264211356800637	0.0	917428	3286.4410049285075	1.85
71313.67205887639	1850	27.289975258284816	0.0	946851	974.2360985158191	1.85
71314.73091888841	1850	30.23111524625429	0.0	1036454	1058.8600120305252	1.85
71324.112702546	1850	24.84933158865826	0.0	821631	9381.783657596032	1.85
71328.2271041208	1850	24.734930013851557	0.0	923170	4114.401574806703	1.85
71330.15015790683	1850	26.811876227822896	0.0	966699	1923.05378602866	1.85
71333.7224234545	1850	27.239610680162187	0.0	885714	3572.2655476607115	1.85
71335.27371176022	1850	29.688322374435543	0.0	987708	1551.2883057266454	1.85
71336.15444827346	1850	32.807585861193914	0.0	923755	880.7365132416318	1.85
71344.88442125425	4300	28.077612880407344	0.0	2039773	8729.972980786566	1.8499999999999996
71348.21835195489	4300	28.743682179762015	0.0	2176469	3333.930700645329	4.3
71354.29237186721	4300	26.669662267443467	0.0	2221506	6074.019912318548	4.3
71364.14477447067	4300	20.8172596639789	0.0	2044075	9852.402603464569	4.3
71366.40576679466	4300	22.55626733998848	0.0	2186790	2260.992323990417	4.3
71368.61394281968	4300	24.348091314981776	0.0	2105231	2208.1760250067064	4.3
71375.94855442952	4300	21.013479705128162	0.0	2395588	7334.611609853611	4.3
71378.87413050274	4300	22.087903631914177	0.0	1972048	2925.5760732139856	4.3
71383.40854010756	4300	21.55349402707659	0.0	2134614	4534.409604837589	4.3
71386.74268252045	4300	22.21935161419417	0.0	2164140	3334.1424128824196	4.3
71395.77286614798	4300	17.18916798666012	0.0	2113193	9030.183627534048	4.3
71400.85766637762	4300	16.10436775702109	0.0	2147852	5084.8002296390305	4.3
71406.55005083274	4300	14.41198330190042	0.0	2191074	5692.384455120669	4.3
71411.56620244765	4300	13.395831686986709	0.0	2286761	5016.151614913711	4.3
71415.79815035764	4300	13.163883776990277	0.0	2307787	4231.947909996432	4.3
71429.81641551314	4300	4.0	0.8543813784991034	2143948	14018.26515548938	0.626160072453855
71431.25925041166	1850	6.557165101487215	0.0	728962	1442.834898512785	-0.6000000000000001
71434.92216121165	1850	6.894254301493573	0.0	938587	3662.9107999936414	1.85
71436.38383134447	1850	9.432584168670912	0.0	908665	1461.6701328226618	1.85
71437.28008761953	1850	12.536327893616154	0.0	930577	896.2562750547585	1.85
71438.10421594337	1850	15.712199569772409	0.0	858450	824.1283238437452	1.85
71440.6785991888	1850	17.13781632433431	0.0	1025005	2574.3832454381027	1.85
71447.61105687237	1850	14.20535864077722	0.0	886255	6932.457683557088	1.85
71448.95352016567	1850	16.86289534748368	0.0	973972	1342.4632932935424	1.85
71450.12100242381	1850	19.695413089346093	0.0	958994	1167.482258137585	1.85
71454.90725121363	1850	18.90916429951924	0.0	982064	4786.248789826851	1.85
71455.80668184547	1850	22.009733667693336	0.0	830730	899.4306318259036	1.85
71456.66796530332	1850	25.148450209855174	0.0	846370	861.283457838163	1.85

