55518.57015266604	750	4.0	1.4603660136358845	450283	1460.3660136358844	1	-5.529573858634303
55519.85251283858	750	6.7176398274600935	0.0	398865	1282.360172539907	1	0.75
55521.68053905368	750	8.88961361235135	0.0	350812	1828.0262151087413	1	0.75
55522.80938580882	750	11.76076685722057	0.0	382355	1128.84675513078	1	0.75
55523.796119431005	1850	14.774033235034702	0.0	411561	986.7336221858696	3	0.75
55527.33556375309	1850	15.234588912946771	0.0	801058	3539.4443220879307	3	0.75
55529.11252177432	1850	17.45763089172259	0.0	905515	1776.95802122418	3	1.85
55531.13579461553	1850	19.43435805051023	0.0	1060487	2023.2728412123624	3	1.85
55534.748279316824	1850	19.821873349217064	0.0	852833	3612.4847012931637	3	1.85
55544.94480929457	750	13.625343371470438	0.0	913888	10196.529977746628	1	1.85
55547.48978500346	750	15.080367662579546	0.0	353220	2544.975708890891	1	-0.3500000000000001
55548.51126357908	1850	18.058889086963127	0.0	405134	1021.4785756164148	3	0.75
55551.19183381883	1850	19.378318847207776	0.0	946851	2680.5702397553546	3	0.75
55553.65259513731	1850	20.917557528727553	0.0	1036454	2460.76131848022	3	1.85
55555.17314597043	1850	23.39700669560898	0.0	821631	1520.5508331185738	3	1.85
55558.2880046792	1850	24.28214798684891	0.0	923170	3114.858708760072	3	1.85
55560.37714079609	1850	26.193011869955885	0.0	966699	2089.1361168930225	3	1.85
55569.42915565498	1850	21.14099701106002	0.0	885714	9052.014858895865	3	1.85
55573.543234190896	1850	21.02691847514456	0.0	987708	4114.07853591546	3	1.85
55576.66748692108	1850	21.90266574495795	0.0	923755	3124.252730186607	3	1.85
55578.04836477899	1850	24.521787887052525	0.0	891604	1380.8778579054288	3	1.85
55579.90102896312	1850	26.66912370291822	0.0	955231	1852.6641841343055	3	1.85
55581.72681394177	4300	28.843338724267994	0.0	968026	1825.7849786502256	5	1.85
55592.68619157349	4300	21.883961092544943	0.0	2044075	10959.37763172305	5	1.8499999999999996
55598.93979302681	4300	19.630359639227823	0.0	2186790	6253.601453317122	5	4.3
55604.26457667233	4300	18.30557599370894	0.0	2105231	5324.783645518884	5	4.3
55609.016307427766	4300	17.55384523827567	0.0	2395588	4751.73075543327	5	4.3
55615.28275705317	4300	15.287395612867167	0.0	1972048	6266.4496254085025	5	4.3
55622.56294546985	4300	12.007207196194557	0.0	2134614	7280.18841667261	5	4.3
55632.16221607006	1850	6.40793659598842	0.0	2164140	9599.270600206137	3	4.3
55633.83334207529	1850	8.736810590755608	0.0	873429	1671.126005232812	3	-0.6000000000000001
55635.68526898431	1850	10.88488368173706	0.0	954453	1851.9269090185476	3	1.85
55637.69323054482	1850	12.87692212122595	0.0	885062	2007.9615605111094	3	1.85
55644.01991228846	1850	10.550240377592567	0.0	1035329	6326.681743633385	3	1.85
55645.62355302423	1850	12.946599641822628	0.0	1026056	1603.6407357699395	3	1.85
55647.25553692041	1850	15.31461574563141	0.0	943942	1631.9838961912176	3	1.85
55648.63739544782	1850	17.932757218225767	0.0	728962	1381.8585274056427	3	1.85
55650.75391596205	1850	19.816236703995717	0.0	938587	2116.52051423005	3	1.85
55660.28737547381	1850	14.282777192230428	0.0	908665	9533.459511765288	3	1.85
55663.30660364874	1850	15.263549017298049	0.0	930577	3019.2281749323815	3	1.85
55665.157785166404	1850	17.412367499638503	0.0	858450	1851.1815176595458	3	1.85
55667.0167023401	1850	19.55345032593843	0.0	1025005	1858.9171737000693	3	1.85
55670.074002253416	1850	20.496150412625983	0.0	886255	3057.299913312449	3	1.85
55674.98845114803	1850	19.581701518010014	0.0	973972	4914.448894615967	3	1.85
55676.827144029776	1850	21.743008636260825	0.0	958994	1838.6928817491894	3	1.85
55678.69867711858	2850	23.871475547456047	0.0	982064	1871.5330888047768	4	1.85
55688.8249620495	1850	17.745190616531428	0.0	1231456	10126.284930924618	3	1.85
55690.353606492936	1850	20.21654617309183	0.0	846370	1528.6444434395944	3	0.8500000000000001

