89434.81114129866	750	4.0	6.4054538221712605	450283	6405.45382217126	0.070296814636526	-26.79345143533642
89440.54908026286	300	4.0	1.737938964209693	155580	5737.938964209693	0.027114265413143622	-7.62313754610168
89443.50247022079	300	5.046610042082774	0.0	139857	2953.3899579172257	0.0473547354033225	0.3
89445.39642971361	300	7.152650549261186	0.0	155432	1893.9594928215881	0.08206722508538981	0.3
89458.83979023449	750	4.0	6.2907099716301955	411561	13443.360520891381	0.030614443416913648	-26.75005287800984
89460.50295490095	300	6.336835333539584	0.0	126289	1663.1646664604161	0.07593295032461882	-0.15000000000000002
89461.85932991099	300	8.980460323496025	0.0	153295	1356.3750100435586	0.11301815417188871	0.3
89480.93966121027	750	4.0	10.09987097577772	437162	19080.331299273745	0.022911656676351304	-43.12944519584419
89492.53318470162	300	4.0	7.593523491360009	150710	11593.523491360009	0.012999499255969556	-32.80215101284804
89495.73923033381	300	4.7939543678084995	0.0	139105	3206.0456321915003	0.043388340640964126	0.3
89503.04822514596	300	4.0	2.515040444341279	141840	7308.994812149778	0.019406225294375454	-10.514673910667497
89508.25561232242	300	4.0	1.2073871764500572	156148	5207.387176450057	0.02998586329554395	-4.891764858735246
89509.12589028502	300	7.129722037390971	0.0	160746	870.2779626090281	0.18470650402096309	0.3
89525.20266198911	750	4.0	8.947049666692152	434409	16076.771704083123	0.027020909918728915	-38.17231356677625
89526.80627082207	300	6.396391167048291	0.0	140051	1603.6088329517088	0.08733488935840596	-0.15000000000000002
89530.38773516865	300	6.814926820453549	0.0	138313	3581.4643465947415	0.03861911961555839	0.3
89531.34820439557	300	9.854457593530674	0.0	143509	960.4692269228765	0.14941551064553102	0.3
89541.37726382082	1200	4.0	0.17460183170313212	581493	10029.059425233805	0.0579808110954975	-0.4507878763234682
89544.47385441196	300	4.903409408854184	0.0	165384	3096.5905911458162	0.053408416492928684	-0.6000000000000001
89545.18786974215	300	8.189394078656383	0.0	140881	714.0153301978007	0.19730808855458654	0.3
89547.00713318217	750	10.370130638645279	0.0	386472	1819.2634400111046	0.21243322517251323	0.3
89555.18487312416	1200	6.192390696653037	0.0	616206	8177.739941992241	0.07535162580015736	0.75
89556.12894020879	300	9.248323612025208	0.0	163927	944.0670846278285	0.17363914351978868	-0.6000000000000001
89560.92080070237	1200	8.456463118447886	0.0	536667	4791.860493577321	0.11199553925230323	0.29999999999999993
89567.02414426405	750	6.3531195567516	0.0	359903	6103.343561696286	0.058968169882931035	0.3
89567.95096591157	300	9.42629790924622	0.0	153938	926.8216475053813	0.16609236568258534	-0.15000000000000002
89576.53710045805	1200	4.840163362752197	0.0	696376	8586.134546494022	0.08110471554214711	0.29999999999999993
89577.86100003892	300	7.51626378188083	0.0	111155	1323.8995808713669	0.08396029548316632	-0.6000000000000001
89586.35104912623	750	4.0	0.9737853054200541	400396	8490.049087300884	0.047160622498508074	-3.887276813306233
89587.08665772178	300	7.264391404433246	0.0	149029	735.6085955667542	0.20259279309424014	-0.15000000000000002
89591.10112072868	750	7.249928397538104	0.0	358218	4014.4630068951424	0.0892318597492949	0.3
89593.82573760346	750	8.525311522775818	0.0	400322	2724.6168747622874	0.14692781348751158	0.75
89611.52237559529	750	4.0	9.171326469057455	369834	17696.63799183327	0.020898545823826692	-38.68670381694705
89613.98988273098	300	5.532492864310892	0.0	163444	2467.5071356891085	0.06623851158766943	-0.15000000000000002
89615.5958446279	300	7.926530967387956	0.0	179328	1605.961896922935	0.11166391951365541	0.3
89625.37364663342	750	4.0	1.8512710381287287	365161	9777.802005516685	0.03734591882653937	-7.660465463953534
89626.77060286228	300	6.60304377113455	0.0	131610	1396.95622886545	0.09421197119890305	-0.15000000000000002
89634.85055860935	300	4.0	1.4769119759395408	124011	8079.955747074091	0.015347980098146799	-6.050721496540025
89638.84588188845	300	4.004676720905459	0.0	144254	3995.3232790945412	0.03610571408696926	0.3
89640.73031209936	300	6.120246509992195	0.0	149991	1884.4302109132643	0.0795948818541329	0.3
89642.04233308822	300	8.808225521139818	0.0	147968	1312.0209888523782	0.11277868361650775	0.3
89658.7648300134	750	4.0	7.914271404045399	384505	16722.496925185216	0.02299327676484182	-33.731367037395216
89672.07292675045	300	4.0	9.308096737036514	145210	13308.096737036514	0.010911402499493386	-40.17481596925702
89675.4601681547	300	4.612758595745131	0.0	172312	3387.241404254869	0.05087089446401754	0.3
89683.2978623105	300	4.0	3.2249355600450245	167025	7837.6941557901555	0.021310476867307845	-13.567222908193603
89688.40782916102	300	4.0	1.1099668505165154	160064	5109.9668505165155	0.0313238822642892	-4.472857457221016
89689.16385688056	300	7.243972280464337	0.0	137507	756.0277195356626	0.18188089728304419	0.3
89701.62574727609	750	4.0	5.217918115075519	314107	12461.890395539856	0.0252054054425338	-22.13704789482473

