54511.092917534006	750	4.0	2.911863785581973	450283	2911.863785581973	-11.771014278002484
54513.39378009776	750	5.699137436248606	0.0	398865	2300.862563751394	0.75
54514.50242183002	750	8.590495703995094	0.0	350812	1108.6417322535124	0.75
54515.01161899857	750	12.081298535438632	0.0	382355	509.1971685564596	0.75
54516.2104793471	1850	14.882438186910479	0.0	996749	1198.8603485281544	0.75
54518.79378166405	1850	16.299135869959503	0.0	801058	2583.3023169509756	1.85
54519.51542402588	1850	19.57749350813577	0.0	905515	721.642361823734	1.85
54520.34687859412	1850	22.74603893989188	0.0	1060487	831.45456824389	1.85
54521.03119081464	1850	26.061726719375134	0.0	852833	684.312220516745	1.85
54521.75876623278	1850	29.334151301229248	0.0	913888	727.5754181458822	1.85
54522.5047161981	1850	32.58820133590916	0.0	939819	745.9499653200883	1.85
54538.32586696539	4300	20.76705056862055	0.0	2102452	15821.15076728861	1.8499999999999996
54546.262886802426	4300	16.830030731585133	0.0	2209463	7937.019837035419	4.3
54580.721568822344	4300	4.0	17.628651288331792	2275376	34458.68201991692	-71.50320053982671
54581.01990761217	300	7.7016612101684	0.0	140051	298.33878983160025	-3.7
54581.670833357646	750	11.050735464694323	0.0	366214	650.9257454740747	0.3
54583.045289738926	1850	13.676279083416771	0.0	966699	1374.4563812775516	0.75
54585.78015314971	1850	14.941415672631397	0.0	885714	2734.863410785374	1.85
54589.46355547349	1850	15.258013348848118	0.0	987708	3683.4023237832785	1.85
54604.62559204354	1850	4.0959767787958405	0.0	923755	15162.036570052278	1.85
54605.506817630914	300	7.214751191419827	0.0	157671	881.225587376013	-1.25
54606.38875972803	300	10.33280909429998	0.0	157812	881.9420971198468	0.3
54607.17717587635	750	13.544392945983953	0.0	401853	788.4161483160285	0.3
54608.26452885883	1850	16.457039963500925	0.0	874175	1087.3529824830284	0.75
54609.48391113207	1850	19.237657690264804	0.0	897976	1219.382273236119	1.85
54612.73956488198	1850	19.982003940352303	0.0	905935	3255.6537499125016	1.85
54614.64797357276	1850	22.073595249573476	0.0	1076599	1908.408690778829	1.85
54615.71484299677	1850	25.00672582556907	0.0	758197	1066.869424004405	1.85
54617.23221358875	1850	27.48935523358234	0.0	972798	1517.370591986729	1.85
54620.08294755969	1850	28.638621262643234	0.0	975811	2850.733970939105	1.85
54621.31391135186	1850	31.407657470475474	0.0	873429	1230.9637921677588	1.85
54622.1428457634	1850	34.57872305893408	0.0	954453	828.9344115413926	1.85
54625.17966178224	4300	35.541907040091104	0.0	2191074	3036.816018842981	1.8499999999999996
54637.74470100242	4300	26.976867819910943	0.0	2286761	12565.039220180157	4.3
54644.071050833336	4300	24.650517988996153	0.0	2307787	6326.349830914787	4.3
54647.3240028554	4300	25.3975659669324	0.0	2143948	3252.9520220637532	4.3
54652.9363770016	4300	23.785191820735186	0.0	1919781	5612.374146197215	4.3
54657.841209923004	4300	22.880358899323838	0.0	2147467	4904.832921411347	4.3
54660.818260693726	4300	23.903308128599665	0.0	2133870	2977.0507707241713	4.3
54664.0096436893	4300	24.711925133033276	0.0	2146120	3191.3829955663914	4.3
54667.00229517435	4300	25.719273647979428	0.0	2108491	2992.6514850538474	4.3
54671.417875748564	4300	25.30369307376127	0.0	2184571	4415.580574218158	4.3
54674.43149368864	4300	26.290075133693623	0.0	2121928	3013.6179400676474	4.3
54677.08779497222	4300	27.63377385011424	0.0	2219102	2656.3012835793847	4.3
54680.08408165906	4300	28.637487163274695	0.0	2124950	2996.286686839543	4.3
54684.40616455262	4300	28.31540426971273	0.0	2246506	4322.082893561966	4.3
54687.41639748951	4300	29.30517133282411	0.0	1961140	3010.2329368886185	4.3
54689.9436519953	4300	30.777916827035384	0.0	2155012	2527.2545057887264	4.3

