56423.19030928078	750	4.0	1.838759477692079	450283	1838.7594776920791	-7.15666575407594
56423.89953304608	750	7.290776234692609	0.0	398865	709.2237653073912	0.75
56426.38091330441	2850	8.809395976360229	0.0	1300868	2481.3802583323795	0.75
56433.533392906524	2850	5.65691637424487	0.0	1520281	7152.479602115359	2.85
56434.283285063975	750	8.907024216797076	0.0	411561	749.8921574477946	-1.35
56434.88180728849	750	12.308501992278234	0.0	318564	598.5222245188422	0.75
56435.53579780311	750	15.654511477660218	0.0	352642	653.9905146180157	0.75
56437.341937851306	1850	17.848371429464837	0.0	1060487	1806.1400481953815	0.75
56442.94626575645	2850	16.24404352432681	0.0	1348011	5604.327905138029	1.85
56444.976170177404	1200	18.21413910337045	0.0	560821	2029.904420956361	-0.44999999999999996
56446.04808858015	1200	21.142220700625096	0.0	607410	1071.9184027453512	1.2
56450.140508877594	1850	21.04980040318668	0.0	917428	4092.4202974384166	1.2000000000000002
56451.90057457687	1200	23.28973470389672	0.0	624282	1760.065699289959	0.5499999999999999
56455.071922363444	1200	24.118386917332256	0.0	687371	3171.347786564465	1.2
56456.13109465162	1200	27.059214629162287	0.0	526950	1059.172288169968	1.2
56457.24820894293	1200	29.94210033784198	0.0	587876	1117.1142913203114	1.2
56460.44018729881	1850	30.750121981968334	0.0	966699	3191.9783558736403	1.2000000000000002
56464.623741403804	1850	30.566567876978965	0.0	885714	4183.554104989368	1.85
56466.337186109005	1850	32.85312317177745	0.0	987708	1713.4447052015141	1.85
56469.8509323218	4300	33.33937695898027	0.0	2156729	3513.7462127971794	1.8499999999999996
56473.84918958994	4300	33.34111969084278	0.0	2039773	3998.2572681374854	4.3
56481.119479408866	4300	30.07082987191656	0.0	2176469	7270.289818926223	4.3
56491.048360734334	4300	24.141948546449786	0.0	2221506	9928.881325466771	4.3
56508.23596180831	2850	10.954347472474291	0.0	1323990	17187.601073975493	1.4000000000000001
56508.66531259224	300	14.524996688543128	0.0	146754	429.3507839311649	-2.25
56509.64211403656	750	17.54819524421957	0.0	379700	976.8014443235593	0.3
56511.29456050121	1200	19.895748779579947	0.0	696376	1652.446464639622	0.75
56516.592663116535	1850	18.597646164248502	0.0	758197	5298.102615331443	1.2000000000000002
56517.633275454165	1200	21.557033826625524	0.0	622896	1040.6123376229762	0.5499999999999999
56524.7999014563	2850	18.39040782448611	0.0	1561263	7166.626002139412	1.2000000000000002
56529.262325838004	1850	17.92798344278633	0.0	873429	4462.42438169978	0.8500000000000001
56531.57183083488	1200	19.61847844591637	0.0	620283	2309.5049968699614	0.5499999999999999
56535.92645240171	1200	19.263856879085196	0.0	584349	4354.621566831175	1.2
56537.26828664768	750	21.922022633109783	0.0	412837	1341.834245975413	0.3
56542.35405957999	1200	20.836249700804007	0.0	690253	5085.772932305776	0.75
56543.77882250841	1200	23.411486772384052	0.0	598727	1424.7629284199556	1.2
56547.952894945025	2850	23.23741433576961	0.0	1139291	4174.072436614438	1.2000000000000002
56551.448396431835	1850	23.74191284895966	0.0	938587	3495.50148680995	0.8500000000000001
56554.44781698084	1850	24.742492299948168	0.0	908665	2999.4205490114937	1.85
56571.53310862359	1850	11.657200657210568	0.0	930577	17085.2916427376	1.85
56571.977787352625	300	15.21252192816836	0.0	147968	444.6787290422077	-1.25
56572.45669661035	300	18.733612670446526	0.0	161857	478.90925772183596	0.3
56574.876179611296	300	20.31412966950438	0.0	145210	2419.4830009421444	0.3
56575.444503283725	300	23.745805997078655	0.0	172312	568.3236724257204	0.3
56576.65521267767	750	26.53509660312977	0.0	398987	1210.7093939488889	0.3
56581.63071326185	1200	25.559596018955137	0.0	638661	4975.500584174631	0.75
56582.244581840416	750	28.945727440388108	0.0	331053	613.8685785670277	0.3
56600.73863177228	4300	14.451677508529938	0.0	2155012	18494.04993185817	0.75

