55182.86287982386	300	4.0	11.238223119625928	450283	11238.223119625929	0	-47.57435941439149
55185.68144593285	300	5.18143389100905	0.0	155580	2818.56610899095	0	-0.15000000000000002
55192.62775306808	300	4.0	1.7648732442201727	139857	6946.307135229223	0	-7.288954950146742
55198.533391281206	300	4.0	1.9056382131190586	155432	5905.6382131190585	0	-7.894244316411952
55201.784019563616	300	4.749371717589005	0.0	163442	3250.6282824109953	0	0.3
55207.26365993435	300	4.0	0.7302686531494937	126289	5479.640370738499	0	-2.840155208542823
55210.668916377	300	4.594743557358456	0.0	153295	3405.256442641545	0	0.3
55214.80692003635	300	4.45673989800369	0.0	173849	4138.003659354766	0	0.3
55217.10856140918	300	6.15509852518284	0.0	150710	2301.64137282085	0	0.3
55219.489035996834	300	7.774623937528917	0.0	139105	2380.474587653923	0	0.3
55222.800705622765	300	8.462954311601585	0.0	141840	3311.669625927332	0	0.3
55226.9314583388	300	8.332201595570526	0.0	156148	4130.752716031058	0	0.3
55232.15779078363	300	7.105869150732359	0.0	160746	5226.332444838167	0	0.3
55236.65255199014	300	6.611107944223308	0.0	179801	4494.761206509052	0	0.3
55243.41601906229	300	4.0	0.15235912792976433	140051	6763.467072153072	0	-0.3551442500979866
55247.56132978199	300	4.0	0.14531071968750348	138313	4145.3107196875035	0	-0.3248360946562649
55250.641803275794	300	4.91952650619071	0.0	143509	3080.47349380929	0	0.3
55256.30513924402	300	4.0	0.7438094620347847	150616	5663.335968225495	0	-2.8983806867495745
55259.767675847455	300	4.5374633965620506	0.0	165384	3462.536603437949	0	0.3
55263.586179647784	300	4.718959596234063	0.0	140881	3818.503800327988	0	0.3
55266.82119998435	300	5.483939259663907	0.0	157671	3235.020336570157	0	0.3
55271.91439574727	300	4.3907434967468335	0.0	157812	5093.195762917073	0	0.3
55276.01751495161	300	4.287624292401067	0.0	163927	4103.119204345767	0	0.3
55278.714072108356	300	5.591067135654041	0.0	137654	2696.5571567470265	0	0.3
55281.759544403074	300	6.545594840936436	0.0	146754	3045.472294717604	0	0.3
55284.61676299459	300	7.688376249415319	0.0	153938	2857.218591521116	0	0.3
55287.89897086205	300	8.40616838195618	0.0	181901	3282.2078674591394	0	0.3
55290.93685430819	300	9.368284935822826	0.0	111155	3037.8834461333527	0	0.3
55295.18273100285	300	9.12240824115822	0.0	153605	4245.876694664607	0	0.3
55298.86265163777	300	9.442487606243114	0.0	149029	3679.920634915106	0	0.3
55302.443138344235	300	9.862000899775525	0.0	157421	3580.48670646759	0	0.3
55305.5041012023	300	10.801038041707114	0.0	157488	3060.9628580684102	0	0.3
55308.63410266934	300	11.671036574662512	0.0	143881	3130.001467044602	0	0.3
55311.42372284477	300	12.881416399239503	0.0	163444	2789.6201754230074	0	0.3
55314.544127881694	300	13.761011362314747	0.0	179328	3120.4050369247575	0	0.3
55317.82695788216	300	14.47818136184651	0.0	159914	3282.830000468237	0	0.3
55321.84137245449	300	14.463766789519726	0.0	131610	4014.414572326783	0	0.3
55325.113297491705	750	15.19184175229806	0.0	124011	3271.925037221666	1	0.3
55332.4658124775	750	11.83932676650631	0.0	378327	7352.51498579175	1	0.3
55340.7902204726	300	7.514918771407958	0.0	390680	8324.407995098352	0	0.75
55343.60275972107	300	8.702379522935011	0.0	147968	2812.5392484729464	0	-0.15000000000000002
55346.34122262544	300	9.963916618569309	0.0	161857	2738.462904365703	0	0.3
55348.96933797549	300	11.335801268520042	0.0	145210	2628.115350049268	0	0.3
55351.82987807394	300	12.475261170063957	0.0	172312	2860.5400984560847	0	0.3
55354.71456303593	300	13.590576208078408	0.0	167025	2884.68496198555	0	0.3
55357.8410491605	300	14.464090083506326	0.0	160064	3126.486124572082	0	0.3
55360.54814903246	750	15.756990211550802	0.0	137507	2707.099871955524	1	0.3
55366.64708499815	750	13.65805424586465	0.0	314107	6098.935965686153	1	0.3

