30530.132526665206	300	4.0	9.960234672496796	450283	9960.234672496796	0	-42.07900909173622
30531.71029326445	300	6.4222334007583415	0.0	155580	1577.7665992416582	0	-0.15000000000000002
30537.32813318232	300	4.804393482885126	0.0	139857	5617.839917873215	0	0.3
30544.449417586526	300	4.0	2.316890921319928	155432	7121.284404205054	0	-9.662630961675688
30547.58850673015	300	4.860910856373603	0.0	163442	3139.089143626397	0	0.3
30549.9416993689	300	6.507718217624175	0.0	126289	2353.1926387494277	0	0.3
30552.556757991282	300	7.892659595245925	0.0	153295	2615.0586223782507	0	0.3
30556.023653018903	300	8.425764567624542	0.0	173849	3466.895027621382	0	0.3
30565.016446068108	300	4.0	0.5670284815796768	150710	8992.79304920422	0	-2.13822247079261
30568.868242173645	300	4.148203894463741	0.0	139105	3851.796105536259	0	0.3
30573.405791564233	300	4.0	0.38934549612322733	141840	4537.549390586968	0	-1.3741856333298774
30581.69362389488	300	4.0	4.287832330649286	156148	8287.832330649286	0	-18.137679021791925
30590.6724123417	300	4.0	4.978788446815905	160746	8978.788446815905	0	-21.10879032130839
30597.459813303816	300	4.0	2.787400962116537	179801	6787.400962116537	0	-11.685824137101108
30604.31014490228	300	4.0	2.8503315984638764	140051	6850.331598463877	0	-11.956425873394668
30609.164587651278	300	4.0	0.8544427489960317	138313	4854.442748996032	0	-3.374103820682936
30613.45047704437	300	4.0	0.28588939309192574	143509	4285.889393091926	0	-0.9293243902952806
30617.3998754996	300	4.050601544769707	0.0	150616	3949.398455230293	0	0.3
30618.985155211256	300	6.46532183311236	0.0	165384	1585.2797116573472	0	0.3
30621.04716505227	300	8.403311992098818	0.0	140881	2062.009841013543	0	0.3
30622.38927075322	300	11.06120629114639	0.0	157671	1342.1057009524266	0	0.3
30623.518512336144	750	13.931964708220203	0.0	157812	1129.2415829261884	1	0.3
30632.918671781168	300	8.531805263199589	0.0	401853	9400.159445020614	0	0.3
30634.183973344454	300	11.266503699915742	0.0	137654	1265.3015632838458	0	-0.15000000000000002
30635.451220293427	750	13.999256750938413	0.0	146754	1267.2469489773293	1	0.3
30640.588196219753	750	12.862280824615482	0.0	379700	5136.975926322932	1	0.3
30643.31672411621	750	14.133752928159035	0.0	425781	2728.527896456445	1	0.75
30645.240290601367	750	16.21018644300512	0.0	277716	1923.5664851539161	1	0.75
30653.37141282695	750	12.079064217422301	0.0	400396	8131.122225582818	1	0.75
30666.06756428588	300	4.0	0.6170872415124395	400508	12696.15145893474	0	-1.9034751385034898
30667.779692318018	300	6.287871967863738	0.0	157421	1712.1280321362633	0	-0.15000000000000002
30669.30713559587	300	8.760428690011661	0.0	157488	1527.4432778520775	0	0.3
30670.74418496062	300	11.32337932526274	0.0	143881	1437.0493647489213	0	0.3
30672.81616820454	300	13.251396081343042	0.0	163444	2071.983243919697	0	0.3
30674.329513015964	750	15.738051269919998	0.0	179328	1513.3448114230455	1	0.3
30680.41114252812	750	13.65642175776183	0.0	365161	6081.629512158167	1	0.3
30684.52018379709	750	13.547380488794557	0.0	321064	4109.041268967272	1	0.75
30687.691921665297	750	14.375642620586614	0.0	361565	3171.737868207944	1	0.75
30690.31655940178	750	15.751004884102779	0.0	378327	2624.6377364838345	1	0.75
30695.2734594878	750	14.794104798082971	0.0	390680	4956.900086019807	1	0.75
30700.197229883765	750	13.87033440211709	0.0	345516	4923.770395965884	1	0.75
30704.61796509616	750	13.449599189718421	0.0	384505	4420.7352123986675	1	0.75
30717.99120027198	300	4.076364013899651	0.0	372093	13373.23517581877	0	0.75
30722.4070780751	300	4.0	0.3395137892210005	172312	4415.877803120651	0	-1.609909293650302
30726.158315308883	300	4.248762766217497	0.0	167025	3751.237233782503	0	0.3
30731.77363480093	300	4.0	1.3665567258295095	160064	5615.319492047006	0	-5.576193921066891
30737.824826806034	300	4.0	2.0511920051037777	137507	6051.192005103778	0	-8.520125621946244
30739.75866271115	300	6.066164094889093	0.0	118421	1933.8359051109069	0	0.3

