43495.39136656987	750	4.0	1.5362961300793794	450283	1536.2961300793793	1	-5.856073359341331
43496.9331002176	750	6.458266352273833	0.0	398865	1541.733647726167	1	0.75
43499.50263788538	750	7.888728684492355	0.0	350812	2569.5376677814784	1	0.75
43500.78052487294	750	10.610841696923735	0.0	382355	1277.8869875686194	1	0.75
43502.416452436715	750	12.974914133148808	0.0	411561	1635.9275637749272	1	0.75
43504.0316074005	750	15.359759169368356	0.0	318564	1615.1549637804526	1	0.75
43506.21798226211	750	17.1733843077558	0.0	352642	2186.374861612554	1	0.75
43508.53194840707	750	18.85941816279755	0.0	437162	2313.966144958255	1	0.75
43510.3085107077	750	21.082855862164127	0.0	374758	1776.5623006334192	1	0.75
43511.872050493446	1850	23.519316076410384	0.0	362795	1563.5397857537428	3	0.75
43515.50150584194	1850	23.889860727915767	0.0	939819	3629.455348494621	3	0.75
43519.28066214395	1850	24.11070442590614	0.0	917428	3779.1563020096246	3	1.85
43523.46826676441	1850	23.923099805451056	0.0	946851	4187.604620455083	3	1.85
43527.09367294445	1850	24.29769362541182	0.0	1036454	3625.4061800392365	3	1.85
43530.442037118475	1850	24.949329451385523	0.0	821631	3348.3641740262956	3	1.85
43533.80052843607	1850	25.59083813378538	0.0	923170	3358.491317600144	3	1.85
43537.700136781285	1850	25.691229788571658	0.0	966699	3899.6083452137204	3	1.85
43541.200076875364	1850	26.19128969448601	0.0	885714	3499.9400940856503	3	1.85
43544.99149936881	1850	26.39986720104534	0.0	987708	3791.4224934406693	3	1.85
43548.36431544468	1850	27.02705112516725	0.0	923755	3372.816075878087	3	1.85
43551.71848980934	1850	27.672876760512526	0.0	891604	3354.1743646547275	3	1.85
43555.19084115458	1850	28.20052541527132	0.0	955231	3472.3513452412067	3	1.85
43559.14878326399	1850	28.24258330586613	0.0	968026	3957.9421094051863	3	1.85
43562.58079478655	1850	28.810571783305615	0.0	874175	3432.011522560516	3	1.85
43566.307944069136	1850	29.083422500716296	0.0	897976	3727.149282589318	3	1.85
43569.68489854329	1850	29.706468026564007	0.0	905935	3376.9544741522905	3	1.85
43574.034453748514	1850	29.356912821340103	0.0	1076599	4349.5552052239045	3	1.85
43576.91321106911	1850	30.47815550074159	0.0	758197	2878.7573205985123	3	1.85
43581.06944274365	1850	30.321923826214153	0.0	972798	4156.231674527436	3	1.85
43584.92137875398	1850	30.46998781588435	0.0	975811	3851.936010329801	3	1.85
43588.03463998041	1850	31.35672658944595	0.0	873429	3113.261226438398	3	1.85
43592.96274416345	1850	30.428622406403854	0.0	954453	4928.104183042098	3	1.85
43596.35708304346	1850	31.034283526390546	0.0	885062	3394.338880013307	3	1.85
43603.66329668654	1850	27.72806988331274	0.0	1035329	7306.213643077805	3	1.85
43610.665620871376	1850	24.725745698484673	0.0	1026056	7002.324184828072	3	1.85
43614.70277317337	1850	24.68859339648689	0.0	943942	4037.1523019977813	3	1.85
43617.811772124325	1850	25.579594445531743	0.0	728962	3108.9989509551465	3	1.85
43621.252606920134	1850	26.138759649732215	0.0	938587	3440.8347957995265	3	1.85
43625.82006948388	1850	25.571297085977942	0.0	908665	4567.462563754274	3	1.85
43630.71667044008	1850	24.67469612978282	0.0	930577	4896.600956195122	3	1.85
43635.21788025242	1850	24.173486317436502	0.0	858450	4501.209812346318	3	1.85
43639.564545169465	1850	23.826821400394834	0.0	1025005	4346.664917041669	3	1.85
43643.095155931434	1850	24.296210638427837	0.0	886255	3530.610761966997	3	1.85
43646.11609200406	1850	25.27527456581128	0.0	973972	3020.936072616557	3	1.85
43649.65409221609	1850	25.73727435377869	0.0	958994	3538.000212032589	3	1.85
43652.87957199331	1850	26.511794576555147	0.0	982064	3225.4797772235424	3	1.85
43657.14224034713	1850	26.249126222735388	0.0	830730	4262.668353819761	3	1.85
43660.50777716838	1850	26.883589401491577	0.0	846370	3365.53682124381	3	1.85

