73858.17920792064	750	4.0	3.0809933151986453	450283	3080.993315198645	-12.498271255354174
73863.61444292065	750	4.0	1.435234999997846	398865	5435.234999997846	-5.421510499990737
73864.58435409743	300	7.030088823213811	0.0	139857	969.9111767861887	-0.15000000000000002
73865.63922666437	300	9.975216256281348	0.0	155432	1054.872566932463	0.3
73867.94364163301	750	11.670801287625707	0.0	411561	2304.414968655641	0.3
73869.74939267841	750	13.86505024223166	0.0	318564	1805.7510453940474	0.75
73872.61726016385	750	14.997182756788735	0.0	352642	2867.8674854429246	0.75
73875.81277884037	750	15.801664080283157	0.0	437162	3195.5186765055782	0.75
73878.35935719991	750	17.255085720731795	0.0	374758	2546.5783595513626	0.75
73881.58639226692	1200	18.028050653708345	0.0	560821	3227.0350670234507	0.75
73884.49898408641	1200	19.11545883423419	0.0	607410	2912.591819474155	1.2
73889.1333642877	1850	18.481078632945355	0.0	917428	4634.3802012888345	1.2000000000000002
73894.15336645114	1850	17.461076469501524	0.0	946851	5020.002163443829	1.85
73900.49145902363	1850	15.122983897020898	0.0	1036454	6338.092572480625	1.85
73905.93091422509	1850	13.683528695554669	0.0	821631	5439.4552014662295	1.85
73911.5486785827	1850	12.065764337944085	0.0	923170	5617.764357610585	1.85
73918.44046249935	1850	9.173980421296497	0.0	966699	6891.783916647588	1.85
73922.59838622974	1200	9.016056690913892	0.0	581493	4157.923730382605	0.5499999999999999
73927.01163200337	1200	8.602810917280134	0.0	639204	4413.245773633758	1.2
73930.6339398134	1200	8.980503107244175	0.0	586839	3622.3078100359603	1.2
73934.52092973833	1200	9.093513182318215	0.0	601738	3886.9899249259597	1.2
73940.76959149518	1200	6.8448514254678825	0.0	616206	6248.6617568503325	1.2
73944.50761054237	750	7.106832378272544	0.0	401853	3738.0190471953383	0.3
73947.68847459418	750	7.925968326471156	0.0	343800	3180.864051801388	0.75
73952.60961429561	750	7.004828625041448	0.0	359903	4921.139701429708	0.75
73954.3297456583	300	9.284697262350647	0.0	153938	1720.1313626908002	-0.15000000000000002
73956.11560104908	300	11.498841871557845	0.0	181901	1785.8553907928024	0.3
73956.90504740663	300	14.709395514004507	0.0	111155	789.4463575533372	0.3
73959.80821454457	750	15.806228376063086	0.0	400396	2903.1671379414215	0.3
73964.78099306239	750	14.83344985823707	0.0	400508	4972.778517826015	0.75
73971.05275863863	750	12.561684281996593	0.0	358218	6271.765576240478	0.75
73977.13188443465	300	10.48255848597925	0.0	157488	6079.1257960173425	-0.15000000000000002
73978.15573805285	300	13.458704867775689	0.0	143881	1023.853618203562	0.3
73984.3706745382	750	11.24376838244425	0.0	412837	6214.936485331437	0.3
73985.4426002555	300	14.171842665139803	0.0	179328	1071.925717304448	-0.15000000000000002
73988.32141984	750	15.293023080655107	0.0	365161	2878.8195844846937	0.3
73991.59435779287	750	16.020085127783076	0.0	321064	3272.9379528720333	0.75
73995.19094100753	750	16.423501913124024	0.0	361565	3596.5832146590474	0.75
73998.66493788868	750	16.949505031968656	0.0	378327	3473.9968811553676	0.75
74002.91552252576	750	16.69892039488931	0.0	390680	4250.584637079347	0.75
74005.11220744578	750	18.50223547485676	0.0	345516	2196.6849200325464	0.75
74007.26955747348	750	20.34488544716873	0.0	384505	2157.3500276880272	0.75
74013.50648791145	1850	18.10795500920648	0.0	886255	6236.930437962246	0.75
74019.70691684834	1850	15.907526072315068	0.0	973972	6200.428936891414	1.85
74024.38638451714	1850	15.228058403511989	0.0	958994	4679.4676688030795	1.85
74029.44435264607	1850	14.170090274591306	0.0	982064	5057.968128920682	1.85
74036.41066748723	2850	11.203775433426523	0.0	1231456	6966.314841164784	1.85
74045.11639605416	2850	6.498046866495186	0.0	1364537	8705.728566931337	2.85

