23590.904375715254	300	4.0	2.404487815774514	181801	2404.4878157745143	-10.03929760783041
23591.57654152395	300	7.3278341913040865	0.0	155580	672.1658086959134	0.3
23592.30127330953	300	10.603102405722112	0.0	139857	724.7317855819765	0.3
23593.085389843796	300	13.818985871459589	0.0	155432	784.1165342625226	0.3
23593.88065372924	300	17.023721986012443	0.0	163442	795.2638854471467	0.3
23594.59332913691	300	20.311046578342143	0.0	126289	712.6754076703004	0.3
23595.43993733778	300	23.464438377474433	0.0	153295	846.6082008677082	0.3
23596.070770036415	300	26.83360567883871	0.0	173849	630.8326986357287	0.3
23596.628287859417	300	30.276087855834888	0.0	150710	557.5178230038175	0.3
23597.149035764458	300	33.75533995079245	0.0	139105	520.7479050424395	0.3
23598.517179107712	300	36.38719660754258	0.0	141840	1368.1433432498686	0.3
23599.088585847636	300	39.81578986761991	0.0	156148	571.4067399226724	0.3
23600.60090200706	300	42.303473708196684	0.0	160746	1512.3161594232326	0.3
23604.162784392818	300	42.74159132243778	0.0	179801	3561.8823857589045	0.3
23606.634778716092	300	44.26959699916403	0.0	140051	2471.994323273748	0.3
23610.252319448176	300	44.65205626707647	0.0	138313	3617.5407320875615	0.3
23612.197773043717	300	46.70660267153685	0.0	143509	1945.453595539623	0.3
23612.84034016333	300	50.06403555192679	0.0	150616	642.5671196100602	0.3
23613.53806736701	300	53.36630834824597	0.0	165384	697.7272036808189	0.3
23614.144273204223	300	56.76010251103223	0.0	140881	606.2058372137416	0.3
23615.273717429143	300	59.63065828611227	0.0	157671	629.4442249199536	0.3
23616.821287025883	300	59.514788275473144	0.0	157812	615.8700106391226	0.3
23618.54659804731	300	59.57748259406188	0.0	163927	937.305681411275	0.3
23621.46944958315	300	59.957559448448144	0.0	137654	2619.923145613737	0.3
23622.906083895465	300	59.61120644160471	0.0	146754	846.3530068434308	0.3
23624.839586871913	300	59.65209566336545	0.0	153938	1459.1107782392592	0.3
23625.827583652586	300	59.85529337213272	0.0	181901	796.8022912327268	0.3
23626.712737567796	300	59.71581360199734	0.0	111155	639.4797701353797	0.3
23627.461575347883	300	59.6462317873936	0.0	153605	569.5818146037366	0.3
23630.834190910686	300	59.540552006833266	0.0	149029	3105.679780560332	0.3
23634.47182042367	300	59.902922493850156	0.0	157421	2137.6295129831137	0.3
23636.528549978346	300	59.993340379373876	0.0	157488	409.58211447628116	0.3
23639.04932669147	300	59.76102578391165	0.0	143881	732.314595462228	0.3
23641.525755002564	300	59.63554266719787	0.0	163444	625.4831167137759	0.3
23643.373517874697	300	59.72113390076725	0.0	179328	414.40876643062154	0.3
23644.88351500757	300	59.89331235098818	0.0	159914	327.8215497790669	0.3
23646.31268348548	300	59.979815903573595	0.0	131610	413.49644741458695	0.3
23647.753899310384	300	59.72754397012273	0.0	124011	252.2719334508649	0.3
23652.763862413427	300	58.71758086707627	0.0	144254	5009.963103046456	0.3
23653.9565763394	300	59.88917727164079	0.0	149991	328.40359543548396	0.3
23655.452046673374	300	59.53459743571939	0.0	147968	354.5798359213924	0.3
23656.844090480583	300	59.62052079163989	0.0	161857	414.07664407949903	0.3
23657.924782920563	300	59.777158179219164	0.0	145210	343.36261242072743	0.3
23659.731491415456	300	59.95246884554858	0.0	172312	1324.6893336705862	0.3
23660.898150855355	300	59.820148706212784	0.0	167025	632.3201393357965	0.3
23664.96982163309	300	59.7484779284778	0.0	160064	3571.6707777349875	0.3
23665.67166156752	300	59.8725629744102	0.0	137507	375.9149540675946	0.3
23666.20024381665	300	59.97773423602913	0.0	118421	394.8287383810763	0.3

