75834.44524168881	750	4.0	7.615839737091137	450283	7615.839737091137	0.059124537220367666	-31.99811086949189
75836.78058956449	300	5.664652124314129	0.0	155580	2335.3478756858717	0.06661962511872348	-0.15000000000000002
75838.88801074876	300	7.557230940037236	0.0	139857	2107.4211842768927	0.06636404770126116	0.3
75843.2567846662	750	7.188457022602859	0.0	382355	4368.773917434377	0.08751997865445582	0.3
75845.98850945402	750	8.45673223476716	0.0	411561	2731.7247878356993	0.15065975966271222	0.75
75849.17636638116	750	9.268875307641306	0.0	318564	3187.8569271258552	0.09993045713228246	0.75
75852.84739008527	1200	9.597851603532428	0.0	561791	3671.0237041088767	0.15303387972439478	0.75
75858.95464109369	1200	7.49060059510924	0.0	709534	6107.251008423188	0.11617894843709599	1.2
75861.53086873784	750	8.91437295095624	0.0	374758	2576.2276441530007	0.1454677349071033	0.3
75865.2051296182	750	9.24011207060836	0.0	362795	3674.2608803478793	0.0987395864949172	0.75
75869.10348978077	1200	9.341751908033238	0.0	607410	3898.3601625751207	0.1558116681550445	0.75
75876.037216507	1200	6.408025181792494	0.0	594078	6933.726726240744	0.08567946552489689	1.2
75881.02987312483	300	5.415368563958446	0.0	160746	4992.656617834048	0.032196486220543656	-0.6000000000000001
75883.6448243369	300	6.8004173518931745	0.0	179801	2614.9512120652716	0.06875883541169181	0.3
75885.61775600673	300	8.827485682056919	0.0	140051	1972.9316698362554	0.07098623948371391	0.3
75892.61518062111	750	5.830061067679526	0.0	366214	6997.424614377393	0.05233554059983031	0.3
75896.01817983095	300	6.427061857849757	0.0	143509	3402.999209829769	0.04217132921614133	-0.15000000000000002
75898.68587009945	300	7.75937158935369	0.0	150616	2667.690268496067	0.056459328048196186	0.3
75901.63333491223	750	8.81190677658637	0.0	405596	2947.4648127673195	0.13760842817973915	0.3
75905.01069428584	750	9.434547402964737	0.0	350713	3377.3593736216335	0.10384236949706686	0.75
75910.0774702992	1200	8.367771389610322	0.0	601738	5066.776013354416	0.11876151588584326	0.75
75913.23050640788	750	9.214735280925623	0.0	399894	3153.036108684698	0.1268282335551233	0.3
75922.34889775347	1200	4.096343935340581	0.0	656471	9118.391345585042	0.07199416817285993	0.75
75923.27897741525	300	7.1662642735655	0.0	137654	930.0796617750811	0.1480023762021457	-0.6000000000000001
75927.6469753249	750	6.7982663639086764	0.0	359903	4367.997909656823	0.08239541488889499	0.3
75928.67991494396	300	9.765326744841031	0.0	153938	1032.9396190676457	0.14902904018624813	-0.15000000000000002
75933.06227135024	1200	9.382970338574978	0.0	696376	4382.3564062660525	0.15890446495960397	0.29999999999999993
75936.29787098049	1200	10.147370708324436	0.0	487160	3235.599630250543	0.15056250947904748	1.2
75942.67019321908	1200	7.775048469728767	0.0	622896	6372.322238595669	0.0977502355777403	1.2
75945.35720573363	750	9.088035955178178	0.0	400508	2687.0125145505885	0.14905326932092322	0.3
75949.5187366042	1200	8.926505084608223	0.0	570392	4161.530870569956	0.1370630226568234	0.75
75952.37866954919	750	10.066572139627915	0.0	400322	2859.9329449803085	0.13997600912379307	0.3
75963.94084922351	1200	4.0	1.4956075346936013	584349	11562.179674321516	0.0505396920355582	-5.681112399182485
75965.12306814431	300	6.817781079198424	0.0	163444	1182.2189208015761	0.1382518898354127	-0.6000000000000001
75969.0791511859	300	6.861698037599966	0.0	179328	3956.0830415984574	0.04532968547787168	0.3
75970.3730418821	300	9.567807341392312	0.0	159914	1293.8906962076544	0.1235915834843716	0.3
75973.76030709724	1200	10.180542126259436	0.0	487812	3387.265215132876	0.14401352389551936	0.29999999999999993
75979.43343058985	1200	8.507418633642379	0.0	575591	5673.123492617056	0.10145927560876616	1.2
75981.8169749137	750	10.123874309801417	0.0	378327	2383.5443238409616	0.15872454991327584	0.3
75989.61389393982	1200	6.326955283675197	0.0	587506	7796.919026126219	0.07535104546185001	0.75
75990.62685733306	300	9.31399189042817	0.0	147968	1012.963393247029	0.14607438036402504	-0.6000000000000001
75994.92994873888	1200	9.010900484620317	0.0	641452	4303.091405807853	0.14906771423312937	0.29999999999999993
76001.09808733276	1200	6.842761890727398	0.0	599477	6168.138593892919	0.09718928828764367	1.2
76004.21552592449	300	7.72532329900216	0.0	172312	3117.438591725238	0.05527358276033913	-0.6000000000000001
76006.89114530382	750	9.049703919679324	0.0	398987	2675.619379322838	0.14911949101705865	0.3
76011.69256850689	1200	8.248280716612475	0.0	638661	4801.423203066848	0.13301493598649322	0.75
76014.22366724552	750	9.717181977977523	0.0	331053	2531.0987386349516	0.13079418631394063	0.3
76019.0360710379	1200	8.904778185591294	0.0	550906	4812.40379238623	0.11447626254297197	0.75

