48349.08652940881	300	4.0	2.2524267985250623	181801	2252.426798525062	-9.385435233657766
48351.79529120229	300	5.2912382065098615	0.0	155580	2708.761793490138	0.3
48353.037747753144	300	8.048781655656596	0.0	139857	1242.4565508532655	0.3
48354.33441428408	300	10.752115124718578	0.0	155432	1296.6665309380166	0.3
48356.178913607015	300	12.907615801781068	0.0	163442	1844.499322937511	0.3
48357.180509921425	300	15.906019487372534	0.0	126289	1001.5963144085345	0.3
48358.39952667411	300	18.68700273467938	0.0	153295	1219.0167526931534	0.3
48359.78246367603	300	21.30406573276468	0.0	173849	1382.9370019146986	0.3
48360.925134251935	300	24.16139515685325	0.0	150710	1142.6705759114311	0.3
48362.30836381907	300	26.778165589719837	0.0	139105	1383.2295671334127	0.3
48363.606232389146	300	29.480297019647484	0.0	141840	1297.8685700723515	0.3
48364.78908076197	300	32.29744864681992	0.0	156148	1182.8483728275587	0.3
48366.172510790246	300	34.91401861854582	0.0	160746	1383.4300282741108	0.3
48368.0607753511	300	37.02575405769309	0.0	179801	1888.2645608527237	0.3
48369.19838722316	300	39.88814218564094	0.0	140051	1137.6118720521545	0.3
48370.34899575099	300	42.73753365781061	0.0	138313	1150.608527830331	0.3
48371.460756760294	300	45.62577264850312	0.0	143509	1111.761009307483	0.3
48372.64223242329	300	48.444296985504224	0.0	150616	1181.4756629989008	0.3
48375.830174792594	300	49.25635461620276	0.0	165384	3187.9423693014587	0.3
48378.7830885552	300	50.30344085359647	0.0	140881	2952.9137626062934	0.3
48379.96580062858	300	53.12072878021781	0.0	157671	1182.7120733786587	0.3
48381.16578967084	300	55.92073973795918	0.0	157812	1199.9890422586288	0.3
48382.477082345766	300	58.60944706303094	0.0	163927	1311.2926749282362	0.3
48384.81556012977	300	59.827697942477414	0.0	137654	1281.7491205535307	0.3
48388.12736676151	300	59.66015895833049	0.0	146754	2167.53898414692	0.3
48390.104894789874	300	59.836028939595316	0.0	153938	1324.1300187351746	0.3
48392.00936485578	300	59.931992912407345	0.0	181901	1404.036027187966	0.3
48396.242257578684	750	59.69910018949999	0.0	277716	4232.892722907357	0.3
48402.177001943906	750	57.76435582427625	0.0	400396	5934.744365223736	0.75
48406.36921354449	750	57.572144223699354	0.0	400508	4192.211600576897	0.75
48408.95387772831	750	58.98748003988259	0.0	358218	2584.664183816762	0.75
48412.252947171735	750	59.577918745189486	0.0	400322	2909.5612946931046	0.75
48415.216967848704	750	59.76716247722247	0.0	369834	2810.7562679670123	0.75
48419.35685697985	750	59.62727334607434	0.0	412837	4139.889131148126	0.75
48428.101715645476	750	54.88241468045475	0.0	401088	8744.85866561959	0.75
48435.82122062384	750	51.16290970209731	0.0	365161	7719.504978357441	0.75
48439.139078962	750	51.84505136393684	0.0	321064	3317.858338160472	0.75
48444.52445988782	750	50.45967043811746	0.0	361565	5385.380925819372	0.75
48451.40314742045	750	47.58098290548185	0.0	378327	6878.687532635615	0.75
48457.59119427555	750	45.39293605037886	0.0	390680	6188.046855102991	0.75
48459.83277151819	300	47.15135880774706	0.0	147968	2241.577242631799	-0.15000000000000002
48461.11295177843	300	49.87117854750421	0.0	161857	1280.1802602428472	0.3
48462.70913028274	300	52.275000043190616	0.0	145210	1596.178504313592	0.3
48466.237630701544	300	52.74649962438308	0.0	172312	3528.500418807539	0.3
48468.333327451466	300	54.650802874459664	0.0	167025	2095.6967499234074	0.3
48471.052474791955	300	55.93165553397032	0.0	160064	2719.147340489349	0.3
48472.27906662223	300	58.70506370370414	0.0	137507	1226.5918302661817	0.3
48474.00810231435	300	59.69372744113713	0.0	118421	1011.3362625670092	0.3

