83073.90965127765	750	4.0	2.074314474069518	450283	2074.314474069518	-8.169552238498927
83075.0952101222	750	6.814441155439415	0.0	398865	1185.5588445605856	0.75
83076.87179084074	750	9.037860436914276	0.0	350812	1776.580718525139	0.75
83078.11172870177	750	11.797922575894987	0.0	382355	1239.9378610192896	0.75
83083.08755611129	1850	10.822095166378615	0.0	996749	4975.827409516373	0.75
83085.45490079315	1850	12.454750484524077	0.0	801058	2367.3446818545385	1.85
83088.1493022748	1850	13.760349002865338	0.0	905515	2694.401481658739	1.85
83093.25846794796	1850	12.651183329714426	0.0	1060487	5109.165673150911	1.85
83099.5075660004	1850	10.402085277285792	0.0	852833	6249.098052428633	1.85
83100.56450465912	750	13.345146618562561	0.0	362795	1056.938658723231	-0.3500000000000001
83103.21863720255	1850	14.691014075129551	0.0	939819	2654.1325434330097	0.75
83107.31849215586	1850	14.591159121822047	0.0	917428	4099.854953307504	1.85
83110.10743911481	1850	15.802212162862661	0.0	946851	2788.946958959387	1.85
83114.30520557615	1850	15.604445701522264	0.0	1036454	4197.766461340396	1.85
83116.69972011443	1850	17.20993116325086	0.0	821631	2394.5145382714036	1.85
83119.39929315301	1850	18.510358124674056	0.0	923170	2699.5730385768024	1.85
83122.40626726608	1850	19.5033840115937	0.0	966699	3006.9741130803595	1.85
83124.92917240792	1850	20.98047886974175	0.0	885714	2522.9051418519493	1.85
83129.20498796174	1850	20.704663315929764	0.0	987708	4275.815553811988	1.85
83134.08237655977	1850	19.827274717887796	0.0	923755	4877.388598041966	1.85
83136.66680789187	1850	21.242843385794238	0.0	891604	2584.4313320935617	1.85
83139.20578643416	1850	22.703864843516143	0.0	955231	2538.9785422780924	1.85
83142.02048020328	1850	23.889171074389754	0.0	968026	2814.6937691263934	1.85
83145.30930197297	1850	24.600349304703187	0.0	874175	3288.821769686563	1.85
83147.95408546092	1850	25.955565816757662	0.0	897976	2644.7834879455254	1.85
83150.82045588721	1850	27.08919539046549	0.0	905935	2866.37042629217	1.85
83155.11898525343	1850	26.790666024261288	0.0	1076599	4298.529366204201	1.85
83157.92288070903	1850	27.986770568655647	0.0	758197	2803.8954556056415	1.85
83160.82111573343	1850	29.088535544250878	0.0	972798	2898.2350244047716	1.85
83163.60031639988	1850	30.30933487779499	0.0	975811	2779.2006664558908	1.85
83167.21076045069	1850	30.698890826998056	0.0	873429	3610.44405079693	1.85
83170.15245380496	1850	31.757197472728787	0.0	954453	2941.6933542692664	1.85
83172.76374699791	1850	33.145904279780375	0.0	885062	2611.2931929484103	1.85
83176.03393012015	1850	33.87572115755091	0.0	1035329	3270.1831222294627	1.85
83179.69796091047	1850	34.211690367225565	0.0	1026056	3664.030790325348	1.85
83183.27975897226	1850	34.629892305440286	0.0	943942	3581.7980617852777	1.85
83185.54896577282	1850	36.360685504868144	0.0	728962	2269.2068005721394	1.85
83188.82377709806	1850	37.08587417962934	0.0	938587	3274.81132523881	1.85
83196.42504477064	4300	33.484606507053236	0.0	2133870	7601.267672576107	1.8499999999999996
83203.36821295581	4300	30.54143832187708	0.0	2146120	6943.168185176152	4.3
83213.11491957342	4300	24.79473170427797	0.0	2108491	9746.70661759911	4.3
83221.54323157223	4300	20.366419705466082	0.0	2184571	8428.31199881189	4.3
83227.5457430592	4300	18.363908218488	0.0	2121928	6002.511486978085	4.3
83234.28522825897	4300	15.624423018726901	0.0	2219102	6739.485199761099	4.3
83248.6769142077	4300	5.232737070000127	0.0	2124950	14391.685948726774	4.3
83251.58623110405	1850	6.323420173630864	0.0	982064	2909.316896369262	-0.6000000000000001
83254.14061950006	1850	7.769031777629714	0.0	830730	2554.38839600115	1.85
83256.6068522525	1850	9.302799025193282	0.0	846370	2466.2327524364314	1.85

