21638.730874775618	300	4.0	2.2071109720730187	450283	2207.1109720730187	0	-8.74057717991398
21639.330098298167	750	7.40077647745236	0.0	155580	599.2235225476394	1	-0.15000000000000002
21641.564133284024	750	9.166741491593397	0.0	350812	2234.034985858964	1	0.3
21643.754018144024	750	10.976856631597354	0.0	382355	2189.8848599960434	1	0.75
21646.78146492764	750	11.949409847982041	0.0	411561	3027.4467836153126	1	0.75
21648.92389990715	750	13.806974868471892	0.0	318564	2142.434979510148	1	0.75
21650.54144734176	750	16.189427433863308	0.0	352642	1617.547434608583	1	0.75
21651.935818921338	1850	18.795055854282676	0.0	437162	1394.3715795806338	3	0.75
21664.76737529955	750	9.963499476071105	0.0	852833	12831.556378211571	1	0.75
21667.340844246188	750	11.390030529435682	0.0	362795	2573.4689466354234	1	-0.3500000000000001
21669.834590567516	750	12.896284208106602	0.0	353220	2493.746321329081	1	0.75
21675.038975661635	750	11.691899113984988	0.0	405134	5204.385094121613	1	0.75
21677.021975566495	750	13.708899209125262	0.0	386351	1982.9999048597263	1	0.75
21679.673745567638	750	15.05712920798023	0.0	434409	2651.7700011450315	1	0.75
21680.786710069155	1850	17.944164706465113	0.0	337059	1112.9645015151177	3	0.75
21683.80215418152	1850	18.928720594097225	0.0	923170	3015.444112367887	3	0.75
21686.68311800756	1850	20.04775676805902	0.0	966699	2880.9638260382026	3	1.85
21689.341415894127	1850	21.389458881490658	0.0	885714	2658.297886568364	3	1.85
21693.33985601014	1850	21.39101876547499	0.0	987708	3998.4401160156654	3	1.85
21699.002687727167	1850	19.72818704844896	0.0	923755	5662.831717026031	3	1.85
21710.44267695322	750	12.288197822397507	0.0	891604	11439.989226051452	1	1.85
21711.65542648265	1850	15.075448292967247	0.0	399894	1212.74952943026	3	-0.3500000000000001
21718.6979471393	1850	12.032927636315925	0.0	968026	7042.52065665132	3	0.75
21721.139485243228	1850	13.591389532390782	0.0	874175	2441.5381039251433	3	1.85
21723.82627733119	1850	14.904597444427331	0.0	897976	2686.7920879634503	3	1.85
21728.46640541655	1850	14.264469359068153	0.0	905935	4640.128085359178	3	1.85
21735.86873387938	1850	10.86214089624083	0.0	1076599	7402.328462827323	3	1.85
21740.70397025099	1850	10.026904524631695	0.0	758197	4835.236371609135	3	1.85
21747.769964578285	750	6.960910197336246	0.0	972798	7065.994327295449	1	1.85
21749.725474062245	750	9.005400713375709	0.0	400508	1955.5094839605376	1	-0.3500000000000001
21750.87704642106	750	11.853828354559846	0.0	358218	1151.5723588158628	1	0.75
21752.081703714557	1850	14.649171061065413	0.0	400322	1204.6572934944331	3	0.75
21754.677309479714	1850	16.05356529590931	0.0	885062	2595.6057651561046	3	0.75
21762.991033771516	1850	11.73984100410834	0.0	1035329	8313.724291800969	3	1.85
21772.409976204664	750	6.320898570958592	0.0	1026056	9418.942433149748	1	1.85
21773.664910065592	750	9.065964710028979	0.0	365161	1254.933860929614	1	-0.3500000000000001
21774.769332178657	750	11.961542596964934	0.0	321064	1104.4221130640449	1	0.75
21775.93294910495	1850	14.797925670671802	0.0	361565	1163.6169262931312	3	0.75
21778.529003901323	1850	16.20187087429761	0.0	908665	2596.054796374192	3	0.75
21781.25293461408	1850	17.477940161540808	0.0	930577	2723.9307127568063	3	1.85
21788.591715888866	1850	14.139158886757366	0.0	858450	7338.78127478344	3	1.85
21798.513271998647	750	8.21760277697542	0.0	1025005	9921.556109781946	1	1.85
21799.739455521336	750	10.991419254285743	0.0	372093	1226.1835226896762	1	-0.3500000000000001
21804.116179414905	750	10.614695360716224	0.0	438281	4376.7238935695195	1	0.75
21805.55135485184	750	13.179519923782623	0.0	398987	1435.1754369336018	1	0.75
21809.850482538048	750	12.880392237572538	0.0	393804	4299.127686210086	1	0.75
21810.9374722395	750	15.793402536119999	0.0	331053	1086.9897014525402	1	0.75
21811.9976929479	1850	18.73318182772118	0.0	314107	1060.2207083988205	3	0.75

