50823.88721911411	300	4.0	5.877794828885686	450283	5877.794828885686	0	-24.52451776420845
50826.5253034793	300	5.361915634808818	0.0	155580	2638.0843651911814	0	-0.15000000000000002
50827.33704094441	750	8.550178169698352	0.0	139857	811.7374651104661	1	0.3
50829.213869411666	300	10.67334970244774	0.0	382355	1876.8284672506134	0	0.3
50829.94020324756	750	13.947015866544985	0.0	163442	726.3338359027547	1	-0.15000000000000002
50831.1977268651	750	16.689492249004818	0.0	318564	1257.5236175401635	1	0.3
50832.45849935779	1850	19.428719756320884	0.0	352642	1260.7724926839373	3	0.75
50839.75840807893	1850	16.128811035180647	0.0	1060487	7299.908721140237	3	0.75
50842.800607950216	1850	17.086611163896887	0.0	852833	3042.199871283761	3	1.85
50845.93215275692	1850	17.955066357189853	0.0	913888	3131.5448067070324	3	1.85
50850.38421089781	1850	17.503008216297765	0.0	939819	4452.058140892092	3	1.85
50854.472747028136	1850	17.414472085974865	0.0	917428	4088.5361303228997	3	1.85
50860.83707330657	1850	15.050145807541634	0.0	946851	6364.326278433229	3	1.85
50873.74787338376	300	6.13934573035257	0.0	1036454	12910.800077189064	0	1.85
50874.340124318725	750	9.547094795389276	0.0	140051	592.2509349632953	1	-1.25
50875.759589684174	750	12.127629429939203	0.0	366214	1419.4653654500735	1	0.3
50877.11097673801	1850	14.776242376098558	0.0	360831	1351.387053840645	3	0.75
50879.689080006254	1850	16.198139107854132	0.0	885714	2578.103268244428	3	0.75
50884.7343141277	1850	15.152904986415276	0.0	987708	5045.234121438853	3	1.85
50887.9309426131	1850	15.956276501010901	0.0	923755	3196.6284854043756	3	1.85
50897.81238591042	300	10.074833203690572	0.0	891604	9881.44329732033	0	1.85
50898.4548287022	750	13.432390411912147	0.0	157812	642.4427917784255	1	-1.25
50900.27476080379	750	15.612458310323342	0.0	401853	1819.9321015888047	1	0.3
50904.043436863365	750	15.843782250752831	0.0	343800	3768.6760595705105	1	0.75
50905.41128737238	1850	18.475931741731706	0.0	359903	1367.850509021126	3	0.75
50913.794302639995	1850	14.092916474113322	0.0	905935	8383.015267618386	3	0.75
50922.746468426856	750	9.140750687260656	0.0	1076599	8952.165786852665	1	1.85
50923.807834066705	750	12.079385047408339	0.0	277716	1061.365639852316	1	-0.3500000000000001
50925.31123708545	750	14.575982028658007	0.0	400396	1503.403018750332	1	0.75
50926.86177036043	1850	17.02544875367669	0.0	400508	1550.5332749813153	3	0.75
50929.57629837909	1850	18.310920735013312	0.0	873429	2714.528018663379	3	0.75
50936.73873671126	1850	15.148482402843564	0.0	954453	7162.438332169747	3	1.85
50952.91149638569	300	4.0	1.024277271586161	885062	16172.759674429726	0	-2.5543922678204924
50953.47789847267	750	7.433597913021858	0.0	163444	566.4020869781427	1	-1.25
50954.751518552104	750	10.15997783359472	0.0	401088	1273.6200794271392	1	0.3
50955.92013820683	750	12.991358178873908	0.0	365161	1168.6196547208117	1	0.75
50956.9622267574	1850	15.949269628297833	0.0	321064	1042.088550576077	3	0.75
50960.10716002395	1850	16.80433636174907	0.0	938587	3144.933266548764	3	0.75
50962.8560654331	1850	18.05543095259564	0.0	908665	2748.9054091534313	3	1.85
50971.03565961529	1850	13.875836770404938	0.0	930577	8179.5941821907	3	1.85
50973.95203599785	1850	14.959460387851626	0.0	858450	2916.3763825533115	3	1.85
50978.910745058085	1850	14.00075132761828	0.0	1025005	4958.709060233347	3	1.85
50987.152723260035	750	9.758773125665538	0.0	886255	8241.978201952741	1	1.85
50990.58469871104	750	10.32679767465756	0.0	438281	3431.975451007981	1	-0.3500000000000001
50992.24249877581	750	12.66899760989249	0.0	398987	1657.800064765069	1	0.75
50993.7019379102	1850	15.20955847550467	0.0	393804	1459.43913438782	3	0.75
51000.22654944514	1850	12.684946940561797	0.0	830730	6524.611534942874	3	0.75
51003.08590931966	1850	13.825587066047955	0.0	846370	2859.3598745138397	3	1.85

