33810.40439749836	300	4.0	9.972036218458321	450283	9972.036218458321	0	-42.12975573937078
33812.257135569766	300	6.147261928584503	0.0	155580	1852.738071415497	0	-0.15000000000000002
33814.41466205979	300	7.9897354385569	0.0	139857	2157.5264900276034	0	0.3
33816.346256253804	300	10.058141244545569	0.0	155432	1931.594194011332	0	0.3
33818.50053747756	300	11.903860020787494	0.0	163442	2154.281223758073	0	0.3
33821.47474873435	300	12.929648763997363	0.0	126289	2974.211256790131	0	0.3
33823.32378446638	750	15.080613031969166	0.0	153295	1849.0357320281978	1	0.3
33831.5386410778	750	10.865756420544741	0.0	437162	8214.856611424424	1	0.3
33846.3448500508	300	4.0	3.9404525524552665	374758	14806.208973000008	0	-16.193945975557646
33851.90850827865	300	4.0	1.5636582278429696	139105	5563.65822784297	0	-6.873730379724769
33853.37170724807	300	6.536801030572949	0.0	141840	1463.198969427051	0	0.3
33856.43461881668	300	7.473889461957719	0.0	156148	3062.9115686152304	0	0.3
33859.27384843666	300	8.634659841981755	0.0	160746	2839.2296199759644	0	0.3
33861.29927758876	300	10.609230689870529	0.0	179801	2025.429152111226	0	0.3
33862.51330872142	750	13.395199557206492	0.0	140051	1214.031132664037	1	0.3
33866.73154150266	750	13.176966775970715	0.0	366214	4218.232781235775	1	0.3
33870.517117538046	750	13.391390740592167	0.0	360831	3785.576035378547	1	0.75
33879.0586721062	300	8.849836172438302	0.0	372963	8541.554568153866	0	0.75
33885.283174208365	300	6.625334070272743	0.0	165384	6224.502102165558	0	-0.15000000000000002
33887.00640299732	300	8.902105281313196	0.0	140881	1723.2287889595473	0	0.3
33888.61618483597	300	11.292323442663793	0.0	157671	1609.7818386494016	0	0.3
33890.30094779945	750	13.607560479185741	0.0	157812	1684.7629634780537	1	0.3
33898.32054900857	300	9.587959270066818	0.0	401853	8019.601209118922	0	0.3
33899.89026633096	300	12.018241947678584	0.0	137654	1569.7173223882346	0	-0.15000000000000002
33901.94264964184	300	13.965858636797421	0.0	146754	2052.3833108811627	0	0.3
33903.694507629734	750	16.214000648899777	0.0	153938	1751.8579878976407	1	0.3
33909.02174663817	750	14.886761640468915	0.0	425781	5327.239008430865	1	0.3
33915.29544328496	750	12.613064993682885	0.0	277716	6273.69664678603	1	0.75
33923.46994182461	300	8.438566454035161	0.0	400396	8174.498539647723	0	0.75
33926.46924613722	300	9.439262141426545	0.0	149029	2999.3043126086154	0	-0.15000000000000002
33930.533301292206	300	9.375206986440368	0.0	157421	4064.0551549861775	0	0.3
33935.37431789262	300	8.534190386017452	0.0	157488	4841.016600422916	0	0.3
33940.45270269259	300	7.455805586054177	0.0	143881	5078.384799963274	0	0.3
33942.7887360638	300	9.119772214844106	0.0	163444	2336.0333712100705	0	0.3
33946.17939061925	300	9.72911765939368	0.0	179328	3390.6545554504255	0	0.3
33948.10179638521	300	11.806711893433654	0.0	159914	1922.405765960025	0	0.3
33950.18586470726	300	13.722643571382259	0.0	131610	2084.0683220513947	0	0.3
33951.78459560837	750	16.123912670275075	0.0	124011	1598.730901107184	1	0.3
33957.802731938835	750	14.105776339810248	0.0	378327	6018.136330464826	1	0.3
33965.259993304375	750	10.648514974269023	0.0	390680	7457.261365541226	1	0.75
33972.82834445357	300	7.080163825069007	0.0	345516	7568.351149200016	0	0.75
33981.853960640205	300	4.0	1.9454523615624257	161857	9025.616186631432	0	-8.51544515471843
33987.52270245954	300	4.0	1.6687418193325958	145210	5668.741819332596	0	-6.875589823130162
33989.2830590643	300	6.239643395234673	0.0	172312	1760.3566047653271	0	0.3
33992.70559914765	300	6.817103311881836	0.0	167025	3422.540083352837	0	0.3
33995.671541008756	300	7.85116145078119	0.0	160064	2965.9418611006454	0	0.3
33996.89857038519	300	10.624132074351778	0.0	137507	1227.0293764294127	0	0.3
33997.95134801053	750	13.57135444901059	0.0	118421	1052.777625341186	1	0.3

