49779.29062674579	750	4.0	1.470373287085653	450283	1470.373287085653	-5.572605134468308
49781.6297222257	1850	5.660904520094726	0.0	957685	2339.0954799052747	0.75
49782.944546522114	1850	8.346080223677374	0.0	877771	1314.8242964173517	1.85
49784.71243808457	1850	10.578188661214856	0.0	933276	1767.8915624625188	1.85
49791.67184979424	1850	7.61877695154749	0.0	996749	6959.411709667365	1.85
49799.73237675434	750	4.0	0.4417500085539159	318564	8060.526960101406	-2.2495250367818382
49802.69333259987	300	5.039044154473948	0.0	153295	2960.9558455260517	-0.15000000000000002
49805.09899562484	300	6.633381129503993	0.0	173849	2405.6630249699547	0.3
49805.796811655324	300	9.935565099025792	0.0	150710	697.8160304781999	0.3
49806.447054498654	300	13.285322255686467	0.0	139105	650.2428433393271	0.3
49809.41733424315	750	14.315042511190823	0.0	353220	2970.2797444956436	0.3
49810.624690004784	750	17.107686749564746	0.0	405134	1207.3557616260764	0.75
49814.52818686013	1850	17.204189894219713	0.0	946851	3903.496855345034	0.75
49818.30758093719	1850	17.424795817165315	0.0	1036454	3779.3940770543963	1.85
49824.80279699429	1850	14.929579760056573	0.0	821631	6495.2160571087425	1.85
49837.541464186215	1850	6.190912568134468	0.0	923170	12738.667191922104	1.85
49837.991698904334	300	9.740677850012874	0.0	143509	450.2347181215933	-1.25
49839.03389536013	750	12.698481394217184	0.0	372963	1042.1964557956908	0.3
49844.35179631399	1850	11.380580440363552	0.0	987708	5317.900953853631	0.75
49846.37195281014	1850	13.360423944203657	0.0	923755	2020.1564961598963	1.85
49852.73303847695	1850	10.99933827740178	0.0	891604	6361.085666801877	1.85
49856.046622031456	750	11.685754722892424	0.0	399894	3313.5835545093537	-0.3500000000000001
49862.32414607079	750	9.40823068356586	0.0	401853	6277.524039326564	0.75
49863.762095237464	300	11.970281516888608	0.0	137654	1437.949166677251	-0.15000000000000002
49864.62803192	300	15.104344834350108	0.0	146754	865.9366825384998	0.3
49867.64011359785	750	16.09226315649704	0.0	379700	3012.081677853068	0.3
49869.18234902684	750	18.550027727510017	0.0	425781	1542.2354289870223	0.75
49876.04891436115	1850	15.683462393206078	0.0	758197	6866.5653343039385	0.75
49886.80955865967	1850	8.922818094692134	0.0	972798	10760.644298513944	1.85
49891.0833374438	750	8.649039310558152	0.0	400508	4273.778784133983	-0.3500000000000001
49891.68704999058	300	12.045326763776716	0.0	157421	603.7125467814355	-0.15000000000000002
49893.398046753464	750	14.334330000886524	0.0	400322	1710.9967628901927	0.3
49895.02241952726	750	16.709957227089	0.0	369834	1624.3727737975248	0.75
49900.20381945839	1850	15.528557295960494	0.0	1035329	5181.399931128505	0.75
49912.000910691706	1850	7.731466062638765	0.0	1026056	11797.09123332173	1.85
49916.52842086951	750	7.203955884841784	0.0	365161	4527.51017779698	-0.3500000000000001
49916.89437426449	300	10.83800248985679	0.0	131610	365.9533949849954	-0.15000000000000002
49917.759958484974	750	13.972418269373923	0.0	361565	865.584220482865	0.3
49922.916447015006	1850	12.815929739341561	0.0	908665	5156.488530032361	0.75
49936.337705801205	1850	4.0	0.6053290468499072	930577	13421.258786191469	-0.7529149014546008
49937.25723406301	300	7.0804717381972	0.0	147968	919.528261802799	-1.25
49938.255564552506	300	10.08214124869531	0.0	161857	998.3304895018897	0.3
49942.56330151038	750	9.774404290821257	0.0	372093	4307.736957874052	0.3
49945.82149738811	750	10.516208413090956	0.0	438281	3258.195877730303	0.75
49950.00229113403	750	10.335414667169644	0.0	398987	4180.793745921312	0.75
49957.90132211488	750	6.4363836863242865	0.0	393804	7899.030980845357	0.75
49959.23427038677	300	9.103435414431962	0.0	137507	1332.9482718923257	-0.15000000000000002
49961.57482889353	300	10.762876907677528	0.0	118421	2340.5585067544353	0.3

