23126.385547023507	300	4.0	2.3588352088088587	450283	2358.8352088088586	0	-9.392991397878092
23126.679576108654	750	7.705970914853278	0.0	155580	294.0290851467213	1	-0.15000000000000002
23127.24218294384	1850	11.143364079665647	0.0	350812	562.6068351876307	3	0.3
23128.661592824585	1850	13.723954198918738	0.0	933276	1419.40988074691	3	0.75
23134.326204324094	1850	12.059342699411584	0.0	996749	5664.611499507156	3	1.85
23136.99834515877	1850	13.387201864738598	0.0	801058	2672.1408346729854	3	1.85
23138.84027321718	1850	15.54527380632384	0.0	905515	1841.9280584147584	3	1.85
23140.213117232954	1850	18.17242979055297	0.0	1060487	1372.844015770868	3	1.85
23141.381585808198	1850	21.003961215305264	0.0	852833	1168.4685752477092	3	1.85
23142.581809875126	1850	23.80373714837565	0.0	913888	1200.2240669296102	3	1.85
23143.71372609723	1850	26.671820926274066	0.0	939819	1131.9162221015815	3	1.85
23144.93043844844	1850	29.45510857506526	0.0	917428	1216.712351208809	3	1.85
23146.3570813599	1850	32.02846566360389	0.0	946851	1426.642911461371	3	1.85
23147.68035980899	1850	34.70518721451478	0.0	1036454	1323.2784490891092	3	1.85
23148.728791771675	4300	37.65675525182555	0.0	821631	1048.4319626892257	5	1.85
23151.641378998218	4300	38.74416802528624	0.0	2152483	2912.5872265393123	5	1.8499999999999996
23155.46122382354	4300	38.924323199962664	0.0	2289689	3819.844825323575	5	4.3
23158.567597467572	4300	39.817949555929665	0.0	2059512	3106.3736440330017	5	4.3
23161.602435666256	4300	40.783111357244316	0.0	2220726	3034.8381986853483	5	4.3
23164.679476792677	4300	41.706070230823286	0.0	2156729	3077.0411264210293	5	4.3
23169.31429055468	4300	41.07125646882284	0.0	2039773	4634.813762000449	5	4.3
23172.449475799265	4300	41.93607122423519	0.0	2176469	3135.1852445876425	5	4.3
23175.71273829812	4300	42.67280872538507	0.0	2221506	3263.2624988501298	5	4.3
23179.0324225671	4300	43.353124456404586	0.0	2044075	3319.684268980485	5	4.3
23181.953985031767	4300	44.43156199173421	0.0	2186790	2921.5624646703704	5	4.3
23186.640186156816	4300	43.7453608666869	0.0	2105231	4686.201125047306	5	4.3
23190.343831370308	4300	44.04171565319444	0.0	2395588	3703.6452134924725	5	4.3
23193.957862863725	4300	44.42768415977924	0.0	1972048	3614.0314934151975	5	4.3
23198.600027604323	4300	43.7855194191787	0.0	2134614	4642.164740600536	5	4.3
23203.21442971008	4300	43.17111731342429	0.0	2164140	4614.402105754406	5	4.3
23210.394411230274	4300	39.9911357932292	0.0	2113193	7179.98152019509	5	4.3
23215.777788480118	4300	38.6077585433857	0.0	2147852	5383.377249843502	5	4.3
23221.609331296986	4300	36.77621572651559	0.0	2191074	5831.542816870114	5	4.3
23225.105662526585	4300	37.27988449692009	0.0	2286761	3496.3312295955056	5	4.3
23230.184051590717	4300	36.20149543278858	0.0	2307787	5078.389064131501	5	4.3
23234.213846967363	4300	36.17170005614364	0.0	2143948	4029.7953766449473	5	4.3
23238.209648814773	4300	36.175898208733194	0.0	1919781	3995.8018474104515	5	4.3
23241.86844220847	4300	36.51710481503725	0.0	2147467	3658.7933936959425	5	4.3
23244.752128378204	4300	37.63341864529991	0.0	2133870	2883.686169737339	5	4.3
23251.587834816557	4300	34.79771220694708	0.0	2146120	6835.7064383528295	5	4.3
23258.25619320267	4300	32.129353820832414	0.0	2108491	6668.358386114661	5	4.3
23275.647309148982	1850	18.738237874521303	0.0	2184571	17391.115946311114	3	4.3
23276.761704828892	1850	21.623842194611825	0.0	886255	1114.395679909478	3	-0.6000000000000001
23281.869274056473	1850	20.51627296703161	0.0	973972	5107.569227580213	3	1.85
23286.24790443868	1850	20.137642584826995	0.0	958994	4378.630382204616	3	1.85
23287.90176175769	1850	22.483785265815804	0.0	982064	1653.8573190111888	3	1.85
23289.22326364686	1850	25.16228337664101	0.0	830730	1321.5018891747948	3	1.85
23291.06123558002	1850	27.324311443485467	0.0	846370	1837.9719331555468	3	1.85

