11134.821034152032	300	4.0	2.1141967118637797	450283	2114.1967118637795	0	-8.341045861014253
11135.461301223375	750	7.359732928655831	0.0	155580	640.267071344169	1	-0.15000000000000002
11136.350273949456	750	10.470760202575995	0.0	350812	888.9727260798362	1	0.3
11137.37768215736	1850	13.443351994671886	0.0	382355	1027.4082079041088	3	0.75
11146.738135573312	750	8.08289857871963	0.0	996749	9360.453415952255	1	0.75
11147.550201391708	1850	11.270832760323236	0.0	318564	812.0658183963957	3	-0.3500000000000001
11152.000764263861	750	10.820269888170955	0.0	905515	4450.562872152281	1	0.75
11152.957574953778	1850	13.86345919825368	0.0	437162	956.8106899172735	3	-0.3500000000000001
11154.748092087277	1850	16.07294206475576	0.0	852833	1790.517133497921	3	0.75
11156.542124231624	1850	18.278909920408942	0.0	913888	1794.0321443468151	3	1.85
11158.017823748887	1850	20.803210403145737	0.0	939819	1475.6995172632044	3	1.85
11161.591261631727	1850	21.229772520305993	0.0	917428	3573.437882839746	3	1.85
11163.29163255691	1850	23.52940159512394	0.0	946851	1700.3709251820555	3	1.85
11165.151916670704	4300	25.669117481329266	0.0	1036454	1860.2841137946723	5	1.85
11168.353290223435	4300	26.46774392859971	0.0	2005399	3201.373552729558	5	1.8499999999999996
11172.516944399533	4300	26.304089752502815	0.0	2152483	4163.654176096894	5	4.3
11175.287636624524	4300	27.53339752750964	0.0	2289689	2770.692224993179	5	4.3
11178.866007915096	4300	27.95502623693759	0.0	2059512	3578.3712905720445	5	4.3
11182.756778279589	4300	28.064255872444193	0.0	2220726	3890.7703644934013	5	4.3
11185.436395939618	4300	29.384638212415293	0.0	2156729	2679.6176600289004	5	4.3
11189.032934693669	4300	29.788099458365213	0.0	2039773	3596.538754050079	5	4.3
11196.631786977332	1850	26.189247174700668	0.0	2176469	7598.852283664547	3	4.3
11203.832648657659	1850	22.988385494374008	0.0	968026	7200.861680326661	3	-0.6000000000000001
11205.664300302053	1850	25.15673384998078	0.0	874175	1831.6516443932258	3	1.85
11206.951304701148	4300	27.869729450885963	0.0	897976	1287.004399094818	5	1.85
11209.675259408816	4300	29.145774743218468	0.0	2105231	2723.954707667496	5	1.8499999999999996
11214.290312286317	4300	28.53072186571683	0.0	2395588	4615.052877501636	5	4.3
11218.149894732225	4300	28.6711394198086	0.0	1972048	3859.58244590823	5	4.3
11222.283066966349	4300	28.537967185684945	0.0	2134614	4133.172234123657	5	4.3
11226.404017367966	4300	28.417016784067194	0.0	2164140	4120.9504016177525	5	4.3
11231.505285038076	4300	27.315749113957253	0.0	2113193	5101.267670109942	5	4.3
11235.108231478867	4300	27.712802673165083	0.0	2147852	3602.9464407921682	5	4.3
11239.357205607379	4300	27.4638285446536	0.0	2191074	4248.974128511479	5	4.3
11243.02861806785	4300	27.792416084181085	0.0	2286761	3671.4124604725175	5	4.3
11252.699725369037	4300	22.121308782995555	0.0	2307787	9671.107301185528	5	4.3
11255.9880914353	4300	22.83294271673152	0.0	2143948	3288.366066264036	5	4.3
11258.725946788889	4300	24.09508736314388	0.0	1919781	2737.855353587643	5	4.3
11261.434152055139	4300	25.386882096893995	0.0	2147467	2708.2052662498836	5	4.3
11264.732455198711	4300	26.088578953321132	0.0	2133870	3298.303143572863	5	4.3
11271.774513117287	4300	23.046521034744618	0.0	2146120	7042.057918576511	5	4.3
11274.099051350135	4300	24.72198280189692	0.0	2108491	2324.538232847701	5	4.3
11282.471649974594	4300	20.349384177438765	0.0	2184571	8372.598624458155	5	4.3
11285.01160730283	4300	21.80942684920247	0.0	2121928	2539.9573282362962	5	4.3
11307.059335158103	300	4.0	0.23830100607009444	2219102	22047.727855272566	0	3.2753056738985937
11307.350223086241	1850	7.709112071861364	0.0	167025	290.8879281386364	3	-3.7
11309.530539342792	1850	9.528795815311248	0.0	982064	2180.316256550115	3	0.30000000000000004
11310.992650452605	1850	12.066684705498261	0.0	830730	1462.1111098129875	3	1.85
11313.530757921955	1850	13.528577236148314	0.0	846370	2538.1074693499468	3	1.85

