18572.977752538332	750	4.0	3.0783874561015443	450283	3078.387456101544	-12.48706606123664
18575.985023082416	300	4.9927294559130315	0.0	155580	3007.270544086969	-0.15000000000000002
18576.434191822707	300	8.54356071562197	0.0	139857	449.1687402910602	0.3
18577.523462103734	750	11.454290434592146	0.0	382355	1089.2702810298256	0.3
18585.737251343624	750	7.240501194706733	0.0	411561	8213.789239885413	0.75
18586.23288074039	300	10.74487179794205	0.0	126289	495.6293967646826	-0.15000000000000002
18590.488987129418	300	10.4887654089157	0.0	153295	4256.1063890263495	0.3
18592.64300679751	300	12.334745740822896	0.0	173849	2154.0196680928043	0.3
18593.703983569823	300	15.273768968508644	0.0	150710	1060.9767723142522	0.3
18594.590370814174	300	18.387381724157205	0.0	139105	886.3872443514434	0.3
18600.55575537859	300	16.421997159738297	0.0	141840	5965.384564418906	0.3
18603.104662037258	300	17.873090501072497	0.0	156148	2548.9066586658014	0.3
18604.970681026556	300	20.007071511773937	0.0	160746	1866.0189892985595	0.3
18610.282240744076	300	18.695511794254077	0.0	179801	5311.55971751986	0.3
18611.358104891315	300	21.619647647016464	0.0	140051	1075.8641472376135	0.3
18611.935346211834	300	25.04240632649748	0.0	138313	577.2413205189788	0.3
18613.37594444805	750	27.601808090283182	0.0	360831	1440.5982362143006	0.3
18614.894444767648	750	30.083307770686925	0.0	372963	1518.5003195962574	0.75
18616.73478976191	1200	32.24296277642294	0.0	639204	1840.3449942639836	0.75
18619.29191291676	1850	33.685839621574004	0.0	923755	2557.123154848937	1.2000000000000002
18635.231421247143	4300	21.74633129119152	0.0	2039773	15939.508330382489	1.8499999999999996
18636.488002471982	750	24.489750066351057	0.0	399894	1256.581224840462	-2.8
18643.448302529705	1850	21.52945000862945	0.0	968026	6960.300057721607	0.75
18644.46497734874	750	24.512775189592972	0.0	343800	1016.6748190364787	-0.3500000000000001
18646.991491331577	1850	25.986261206756726	0.0	897976	2526.513982836245	0.75
18649.958454292686	1850	27.019298245648663	0.0	905935	2966.9629611080636	1.85
18666.441039024507	1850	14.536713513827657	0.0	1076599	16482.584731821007	1.85
18666.787900384366	300	18.189852153967003	0.0	111155	346.86135986065614	-1.25
18667.86945644381	750	21.10829609452488	0.0	400396	1081.5560594421208	0.3
18669.169558983307	750	23.808193555027756	0.0	400508	1300.1025394971273	0.75
18670.391593332464	750	26.586159205868494	0.0	358218	1222.03434915926	0.75
18672.675433823526	750	28.302318714809772	0.0	400322	2283.840491058724	0.75
18679.378595727285	1200	25.599156811053064	0.0	584349	6703.161903756705	0.75
18697.549162887673	1200	11.428589650662172	0.0	670129	18170.567160390892	1.2
18699.50866734856	300	13.469085189776226	0.0	179328	1959.5044608859464	-0.6000000000000001
18700.956076049075	300	16.02167648926277	0.0	159914	1447.408700513455	0.3
18702.031264619338	300	18.946487918997075	0.0	131610	1075.188570265698	0.3
18703.217746193208	300	21.76000634512725	0.0	124011	1186.4815738698283	0.3
18704.795343507172	300	24.18240903116612	0.0	144254	1577.5973139611265	0.3
18706.635982380954	750	26.34177015738373	0.0	390680	1840.638873782387	0.3
18714.823824781895	1200	22.15392775644346	0.0	566904	8187.842400940274	0.75
18715.61667544394	300	25.36107709439694	0.0	161857	792.850662046521	-0.6000000000000001
18717.630925272264	750	27.34682726607147	0.0	372093	2014.2498283254663	0.3
18721.669172303562	750	27.30858023477262	0.0	438281	4038.247031298851	0.75
18722.513499474982	750	30.464253063349428	0.0	398987	844.3271714231938	0.75
18728.385250097843	4300	28.59250244049343	0.0	2246506	5871.750622855996	0.75
18740.560116215565	4300	20.417636322771052	0.0	1961140	12174.866117722378	4.3
18759.04173692827	2850	5.936015610067669	0.0	1364537	18481.620712703385	1.4000000000000001

