28152.645245948952	750	4.0	1.0254599288478716	450283	1025.4599288478717	-3.659477694045848
28155.529663246136	750	5.115582702815144	0.0	398865	2884.417297184857	0.75
28162.23002633623	1850	4.0	1.5847803872775321	877771	6700.3630900926755	-6.064555665293387
28164.174423210847	750	6.055603125382128	0.0	382355	1944.3968746178716	-0.3500000000000001
28164.856540911784	750	9.373485424447976	0.0	411561	682.1177009341526	0.75
28165.402603107374	750	12.827423228855128	0.0	318564	546.0621955928464	0.75
28169.72767063944	1850	12.502355696788088	0.0	905515	4325.06753206704	0.75
28179.70395842436	1850	6.526067911868233	0.0	1060487	9976.287784919856	1.85
28181.91612045981	750	8.313905876417005	0.0	374758	2212.1620354512297	-0.3500000000000001
28183.252834601877	750	10.977191734351061	0.0	362795	1336.7141420659423	0.75
28184.08833207478	750	14.141694261445405	0.0	353220	835.497472905656	0.75
28187.23528921873	1850	14.994737117494441	0.0	917428	3146.9571439509627	0.75
28190.512848346276	1850	15.717177989949635	0.0	946851	3277.5591275448082	1.85
28195.099759292145	1850	15.130267044077987	0.0	1036454	4586.910945871647	1.85
28196.47808782636	1850	17.751938509863606	0.0	821631	1378.328534214381	1.85
28198.726788199176	1850	19.50323813704968	0.0	923170	2248.7003728139266	1.85
28206.144144818016	1850	16.085881518211043	0.0	966699	7417.35661883864	1.85
28207.708477822493	1850	18.521548513733883	0.0	885714	1564.3330044771553	1.85
28209.443738531012	1850	20.786287805213842	0.0	987708	1735.2607085200436	1.85
28211.071822940372	1850	23.158203395855068	0.0	923755	1628.0844093587712	1.85
28212.4908592945	1850	25.739167041725107	0.0	891604	1419.036354129959	1.85
28217.835764968902	1850	24.39426136732498	0.0	955231	5344.905674400126	1.85
28221.595161153444	1850	24.63486518278309	0.0	968026	3759.3961845418908	1.85
28223.183800700484	1850	27.04622563574134	0.0	874175	1588.6395470417526	1.85
28224.675091390523	1850	29.554934945702392	0.0	897976	1491.2906900389448	1.85
28226.120608626705	1850	32.10941770952067	0.0	905935	1445.5172361817188	1.85
28227.823367975838	1850	34.40665836038856	0.0	1076599	1702.7593491321147	1.85
28240.300963582482	4300	25.929062753743377	0.0	1972048	12477.595606645184	1.8499999999999996
28253.07304460771	4300	17.15698172851564	0.0	2134614	12772.081025227737	4.3
28255.680642868938	1850	18.549383467290543	0.0	975811	2607.598261225095	-0.6000000000000001
28259.173558591647	1850	19.056467744581152	0.0	873429	3492.9157227093924	1.85
28262.811104156954	1850	19.41892217927458	0.0	954453	3637.5455653065715	1.85
28269.56488491969	1850	16.665141416534265	0.0	885062	6753.780762740315	1.85
28274.970602740108	1850	15.259423596118962	0.0	1035329	5405.7178204153015	1.85
28279.560849910904	1850	14.669176425326063	0.0	1026056	4590.247170792899	1.85
28282.370964720776	1850	15.85906161545686	0.0	943942	2810.1148098692033	1.85
28284.26845503526	1850	17.96157130097108	0.0	728962	1897.4903144857756	1.85
28286.60565885846	1850	19.624367477768924	0.0	938587	2337.2038232021587	1.85
28291.786096840664	1850	18.443929495565506	0.0	908665	5180.437982203419	1.85
28294.504262291528	1850	19.72576404470222	0.0	930577	2718.1654508632864	1.85
28296.454916090934	1850	21.775110245294186	0.0	858450	1950.6537994080347	1.85
28298.345859903653	1850	23.884166432576812	0.0	1025005	1890.9438127173746	1.85
28301.81253572322	1850	24.417490613010187	0.0	886255	3466.675819566624	1.85
28303.30853172012	1850	26.921494616114078	0.0	973972	1495.9959968961084	1.85
28306.685518480313	1850	27.544507855918216	0.0	958994	3376.9867601958667	1.85
28308.326852879654	1850	29.903173456574073	0.0	982064	1641.3343993441404	1.85
28311.812267327696	1850	30.417759008532208	0.0	830730	3485.4144480418654	1.85
28316.451138638746	1850	29.778887697482432	0.0	846370	4638.871311049779	1.85

