10666.361976637223	750	4.0	2.1141967118637797	450283	2114.1967118637795	-8.341045861014253
10667.585217887165	750	6.77675875005922	0.0	398865	1223.2412499407797	0.75
10668.51058301558	750	9.851393621643016	0.0	350812	925.3651284162041	0.75
10671.740361271524	750	10.621615365700585	0.0	382355	3229.7782559424304	0.75
10677.49337879711	750	8.86859784011509	0.0	411561	5753.0175255854965	0.75
10677.863593197168	300	12.498383440059019	0.0	126289	370.21440005607167	-0.15000000000000002
10678.753970874277	750	15.608005762948792	0.0	352642	890.3776771102251	0.3
10682.566711421392	1850	15.795265215833748	0.0	1060487	3812.740547115045	0.75
10685.358944779688	1850	17.0030318575387	0.0	852833	2792.233358295044	1.85
10687.271919209734	1850	19.090057427494195	0.0	913888	1912.9744300445084	1.85
10688.870099422344	1850	21.49187721488544	0.0	939819	1598.1802126087516	1.85
10692.334251858727	1850	22.027724778502463	0.0	917428	3464.152436382978	1.85
10694.042925646489	1850	24.319050990739495	0.0	946851	1708.6737877629687	1.85
10695.887836983535	1850	26.47413965369277	0.0	1036454	1844.911337046722	1.85
10697.398040261447	1850	28.963936375779873	0.0	821631	1510.2032779128983	1.85
10698.935461058069	1850	31.42651557915817	0.0	923170	1537.4207966217048	1.85
10701.115765159928	1850	33.24621147730061	0.0	966699	2180.304101857559	1.85
10704.36919871411	4300	33.99277792311652	0.0	2059512	3253.433554184097	1.8499999999999996
10707.0794614513	4300	35.28251518592879	0.0	2220726	2710.2627371877365	4.3
10711.045083925344	4300	35.31689271188401	0.0	2156729	3965.622474044782	4.3
10714.453657214433	4300	35.90831942279528	0.0	2039773	3408.573289088734	4.3
10717.168831742243	4300	37.193144894984385	0.0	2176469	2715.1745278108906	4.3
10721.050181662029	4300	37.311794975199106	0.0	2221506	3881.3499197852816	4.3
10728.597326301675	4300	33.764650335551735	0.0	2044075	7547.144639647373	4.3
10737.867703692236	4300	28.49427294499016	0.0	2186790	9270.377390561573	4.3
10740.61049877022	4300	29.751477867006603	0.0	2105231	2742.7950779835564	4.3
10745.156786559794	4300	29.205190077432192	0.0	2395588	4546.287789574414	4.3
10747.515484074327	4300	30.846492562900735	0.0	1972048	2358.697514531456	4.3
10751.443869686093	4300	30.918106951132877	0.0	2134614	3928.385611767854	4.3
10755.499871429447	4300	30.862105207779887	0.0	2164140	4056.00174335299	4.3
10762.27921551423	4300	28.08276112299519	0.0	2113193	6779.344084784698	4.3
10766.01008342258	4300	28.351893214648047	0.0	2147852	3730.867908347143	4.3
10770.165138778633	4300	28.196837858595085	0.0	2191074	4155.055356052961	4.3
10773.700707539461	4300	28.66126909776548	0.0	2286761	3535.5687608296084	4.3
10780.483509778302	4300	25.878466858924998	0.0	2307787	6782.80223884048	4.3
10786.964941231678	4300	23.39703540555003	0.0	2143948	6481.431453374967	4.3
10789.460020273076	4300	24.90195636415072	0.0	1919781	2495.079041399312	4.3
10792.297292886147	4300	26.064683751079944	0.0	2147467	2837.272613070774	4.3
10795.801571019387	4300	26.560405617840846	0.0	2133870	3504.278133239098	4.3
10802.888413026223	4300	23.47356361100413	0.0	2146120	7086.842006836717	4.3
10804.815028876945	4300	25.546947760281395	0.0	2108491	1926.6158507227383	4.3
10813.370822047758	4300	20.99115458946788	0.0	2184571	8555.793170813515	4.3
10816.032876353502	4300	22.32910028372537	0.0	2121928	2662.054305742511	4.3
10837.984623780558	4300	4.377352856670124	0.0	2219102	21951.747427055245	4.3
10838.275511708698	300	8.086464928531488	0.0	167025	290.8879281386364	-3.7
10838.852733739248	750	11.509242897980927	0.0	393804	577.2220305505618	0.3
10840.673979153627	1850	13.687997483601867	0.0	830730	1821.2454143790605	0.75
10842.23721516813	1850	16.12476146910004	0.0	846370	1563.236014501827	1.85

