52842.76409354037	750	4.0	0.8991224160180585	450283	899.1224160180585	1	-3.1162263888776516
52843.7269255319	750	7.037168008474348	0.0	398865	962.831991525653	1	0.75
52844.232086865435	1850	10.532006674932601	0.0	350812	505.16133354174576	3	0.75
52845.44315669407	1850	13.320936846299299	0.0	933276	1211.0698286333031	3	0.75
52846.657786062446	1850	16.106307477919	0.0	996749	1214.6293683802994	3	1.85
52847.63163069378	1850	19.132462846590837	0.0	801058	973.8446313281645	3	1.85
52850.44319437558	1850	20.32089916479818	0.0	905515	2811.563681792654	3	1.85
52852.36563806558	1850	22.39845547478894	0.0	1060487	1922.4436900092437	3	1.85
52860.77864610096	1850	17.985447439410777	0.0	852833	8413.00803537816	3	1.85
52862.40761880567	1850	20.35647473470339	0.0	913888	1628.9727047073854	3	1.85
52867.08421348152	1850	19.679880058859283	0.0	939819	4676.594675844109	3	1.85
52868.25422022606	4300	22.50987331432166	0.0	917428	1170.0067445376224	5	1.85
52876.54888457676	4300	18.215208963621976	0.0	2209463	8294.664350699686	5	1.8499999999999996
52881.95698723389	4300	16.807106306492813	0.0	2275376	5408.102657129162	5	4.3
52885.203291744096	4300	17.560801796285464	0.0	2005399	3246.3045102073465	5	4.3
52890.32789400418	4300	16.436199536199467	0.0	2152483	5124.602260085998	5	4.3
52899.720768156905	1850	11.043325383471075	0.0	2289689	9392.874152728393	3	4.3
52901.00601412923	1850	13.758079411150181	0.0	885714	1285.2459723208929	3	-0.6000000000000001
52905.33224872838	1850	13.431844812000657	0.0	987708	4326.234599149526	3	1.85
52906.52334690932	1850	16.24074663105549	0.0	923755	1191.0981809451634	3	1.85
52908.74933762264	1850	18.014755917734227	0.0	891604	2225.9907133212637	3	1.85
52911.93357765891	1850	18.83051588147143	0.0	955231	3184.2400362627973	3	1.85
52913.28886448349	1850	21.47522905688813	0.0	968026	1355.2868245833029	3	1.85
52916.007428173594	1850	22.756665366781768	0.0	874175	2718.563690106364	3	1.85
52918.65489723108	1850	24.109196309293942	0.0	897976	2647.469057487822	3	1.85
52921.42983490964	1850	25.33425863073222	0.0	905935	2774.9376785617246	3	1.85
52928.11466801286	1850	22.64942552751527	0.0	1076599	6684.833103216951	3	1.85
52930.30049481438	1850	24.463598725990533	0.0	758197	2185.8268015247345	3	1.85
52933.89178356579	1850	24.872309974580087	0.0	972798	3591.2887514104486	3	1.85
52944.212125359285	1850	18.551968181087442	0.0	975811	10320.341793492644	3	1.85
52946.47294470149	1850	20.2911488388772	0.0	873429	2260.819342210247	3	1.85
52950.606722610304	1850	20.157370930069593	0.0	954453	4133.777908807604	3	1.85
52952.1394363562	1850	22.624657184166555	0.0	885062	1532.7137459030396	3	1.85
52954.21135449432	4300	24.552739046050686	0.0	1035329	2071.918138115867	5	1.85
52958.26395528125	4300	24.500138259118387	0.0	2307787	4052.6007869323007	5	1.8499999999999996
52963.34082469048	4300	23.4232688498877	0.0	2143948	5076.869409230681	5	4.3
52966.33228402447	4300	24.43180951589883	0.0	1919781	2991.459333988874	5	4.3
52969.93869412323	4300	24.825399417135745	0.0	2147467	3606.410098763086	5	4.3
52974.89241565003	4300	23.871677890333153	0.0	2133870	4953.721526802589	5	4.3
52979.79131371238	4300	22.97277982798692	0.0	2146120	4898.898062346235	5	4.3
52982.12662999536	4300	24.637463545015954	0.0	2108491	2335.3162829709663	5	4.3
52986.860063858316	4300	23.904029682053224	0.0	2184571	4733.43386296273	5	4.3
52991.61695437057	4300	23.147139169803996	0.0	2121928	4756.890512249227	5	4.3
53003.295668923005	1850	15.468424617364832	0.0	2219102	11678.714552439164	3	4.3
53004.7047750073	1850	18.05931853307341	0.0	958994	1409.1060842914235	3	-0.6000000000000001
53007.57360985927	1850	19.190483681110464	0.0	982064	2868.834851962944	3	1.85
53010.61325145211	1850	20.15084208826683	0.0	830730	3039.641592843632	3	1.85
53012.33276683796	1850	22.431326702422066	0.0	846370	1719.5153858447661	3	1.85

