64499.36084433104	750	4.0	4.9214292590961	450283	4921.4292590961	0.09149435586577988	-20.412145814113227
64502.298034419764	300	5.062809911265709	0.0	155580	2937.1900887342904	0.05296899257447902	-0.15000000000000002
64508.22841652718	300	4.0	0.8675721961418449	139857	5930.382107407554	0.023583134689636045	-3.430560443409933
64511.03557021843	300	5.192846308748569	0.0	155432	2807.1536912514316	0.055369964417840006	0.3
64513.99378041624	300	6.234636110938298	0.0	163442	2958.2101978102714	0.05525029969844034	0.3
64519.02069479194	300	5.2077217352359595	0.0	126289	5026.9143757023385	0.02512256835135678	0.3
64528.02126669472	300	4.0	3.792850167540858	153295	9000.571902776817	0.01703169550289422	-16.00925572042569
64531.04226226747	300	4.979004427250033	0.0	173849	3020.9955727499664	0.0575469231296317	0.3
64536.89719386652	300	4.0	0.8759271718038999	150710	5854.9315990539335	0.025740693541894222	-3.4664868387567696
64538.72321716995	300	6.173976696572987	0.0	139105	1826.0233034270125	0.07617920304682471	0.3
64543.81706210822	300	5.080131758299168	0.0	141840	5093.84493827382	0.027845370583280085	0.3
64554.6902007219	300	4.0	5.793006855388971	156148	10873.13861368814	0.014360894820509883	-24.609929478172575
64557.14982674688	300	5.540373975022422	0.0	160746	2459.626024977579	0.06535383768411106	0.3
64562.726966602364	300	4.0	0.03676588045825247	179801	5577.139855480674	0.03223892616271922	0.14190671402951438
64568.56024126825	300	4.0	1.833274665882047	140051	5833.274665882047	0.0240089843221574	-7.583081063292801
64573.65720634739	300	4.0	1.09696507913398	138313	5096.96507913398	0.027136344442740545	-4.416949840276114
64575.66936745781	300	5.987838889570028	0.0	143509	2012.1611104299716	0.07132082975668587	0.3
64592.32598892961	300	4.0	10.668782582219826	150616	16656.621471789855	0.009042409966216	-45.57576510354525
64609.370177843935	300	4.0	13.044188914329695	165384	17044.188914329694	0.009703248469685491	-55.79001233161769
64615.986608171326	300	4.0	2.6164303273896783	140881	6616.4303273896785	0.021292599336654776	-10.950650407775615
64617.092319630334	300	6.894288540994147	0.0	157671	1105.7114590058536	0.14259687617035477	0.3
64618.19894834943	300	9.787659821897853	0.0	157812	1106.628719096294	0.14260609477844927	0.3
64636.75195496188	1200	4.0	8.765346790553723	656471	18553.006612451576	0.03538353721921379	-37.390991199381006
64637.87844103702	300	6.8735139248592185	0.0	137654	1126.4860751407814	0.1221976933738811	-0.6000000000000001
64639.07410798074	300	9.677846981136478	0.0	146754	1195.6669437227413	0.12273819291438924	0.3
64649.69929037116	1200	4.0	0.9473354092789777	590335	10625.182390415455	0.05555998742501749	-3.7735422598996036
64651.206935819835	300	6.4923545513257395	0.0	181901	1507.64544867426	0.12065237231999983	-0.6000000000000001
64652.175322613555	300	9.523967757608336	0.0	111155	968.386793717404	0.11478368015873358	0.3
64656.94514761874	1200	8.754142752421343	0.0	622896	4769.825005186994	0.1305909544527578	0.29999999999999993
64660.52346357498	750	9.175826796178022	0.0	400508	3578.3159562433216	0.11192639355985531	0.3
64667.7832831436	1200	5.916007227555186	0.0	570392	7259.819568622836	0.07856834382844056	0.75
64678.68626202486	300	4.0	4.98697165369646	157488	10902.978881251645	0.014444492804696748	-22.043978110894777
64681.018443899295	300	5.667818125557681	0.0	143881	2332.181874442319	0.06169373048335067	0.3
64690.093126058746	300	4.0	3.4068640338849225	163444	9074.682159442604	0.018010988939147512	-14.349515345705166
64694.71437909885	300	4.0	0.6212530401049189	179328	4621.253040104919	0.03880505967618008	-2.3713880724511514
64696.92168310523	300	5.7926959936145845	0.0	159914	2207.304006385415	0.07244765539200383	0.3
64700.649898663454	300	6.064480435388072	0.0	131610	3728.215558226513	0.03530107043022104	0.3
64704.51251708484	300	6.201862014007556	0.0	124011	3862.6184213805154	0.03210542343855906	0.3
64706.97134504883	300	7.7430340500156	0.0	144254	2458.8279639919565	0.05866778892729069	0.3
64714.30507288278	750	4.409306216067426	0.0	390680	7333.727833948174	0.0532716796758565	0.3
64716.90830114875	300	5.806077950094284	0.0	147968	2603.228265973142	0.056840194128994846	-0.15000000000000002
64719.853714678524	300	6.8606644203198	0.0	161857	2945.4135297744842	0.05495221583109676	0.3
64722.328210322936	300	8.386168775903771	0.0	145210	2474.4956444160307	0.05868266542625856	0.3
64730.83042615258	750	4.0	0.1160470537350393	438281	8502.21582963881	0.05154903248540786	-0.199002331060669
64733.64135069149	300	5.189075461090159	0.0	167025	2810.924538909841	0.05941995158104714	-0.15000000000000002
64737.177751207666	300	5.652674944915154	0.0	160064	3536.400516175005	0.045261841600771596	0.3
64741.00639942022	300	5.824026732358536	0.0	137507	3828.648212556617	0.03591528716297974	0.3
64754.352645415296	300	4.0	7.522219262718331	118421	13346.245995076868	0.008872981963893283	-32.04554282968883

