37267.91962501435	750	4.0	2.541384863789411	450283	2541.384863789411	-10.177954914294467
37268.49976029085	300	7.419864723501709	0.0	155580	580.1352764982912	-0.15000000000000002
37269.02935162241	300	10.89027339193453	0.0	139857	529.5913315671778	0.3
37269.51187616263	300	14.407748851720681	0.0	155432	482.5245402138475	0.3
37270.56065001794	750	17.35897499640509	0.0	411561	1048.7738553155912	0.3
37273.88776246341	1200	18.03186255093084	0.0	520315	3327.1124454742535	0.75
37275.241477461044	750	20.678147553294053	0.0	352642	1353.714997636788	0.3
37276.997822983525	750	22.92180203081445	0.0	437162	1756.3455224796012	0.75
37281.005082686825	1200	22.914542327510514	0.0	584846	4007.259703303938	0.75
37288.00695679318	1200	19.912668221159162	0.0	560821	7001.874106351352	1.2
37290.449041620515	750	21.470583393828154	0.0	353220	2442.084827331009	0.3
37291.4269901156	750	24.492634898743653	0.0	405134	977.9484950844992	0.75
37300.02843471625	1200	19.891190298086247	0.0	624282	8601.444600657407	0.75
37300.577276622564	300	23.34234839177992	0.0	179801	548.8419063063253	-0.6000000000000001
37301.53617820875	750	26.383446805594616	0.0	337059	958.9015861853032	0.3
37306.3983951229	750	25.521229891439145	0.0	366214	4862.216914155474	0.75
37307.20621060002	300	28.713414414310577	0.0	143509	807.8154771285652	-0.15000000000000002
37308.050069702265	300	31.869555312071718	0.0	150616	843.8591022388559	0.3
37310.66018389918	300	33.25944111515657	0.0	165384	2610.114196915144	0.3
37311.06679522309	300	36.85282979124759	0.0	140881	406.6113239089839	0.3
37311.512331626516	300	40.407293387814526	0.0	157671	445.5364034330633	0.3
37313.81270794681	1850	42.106917067523824	0.0	955231	2300.3763202906994	0.30000000000000004
37320.20176477721	2850	39.717860237121464	0.0	1505760	6389.056830402364	1.85
37330.329923029494	1850	33.58970198483317	0.0	874175	10128.158252288295	0.8500000000000001
37339.05609931396	1850	28.86352570037102	0.0	897976	8726.17628446215	1.85
37340.59244550884	1200	31.327179505490523	0.0	590335	1536.3461948804961	0.5499999999999999
37345.98647050899	1850	29.933154505336073	0.0	1076599	5394.025000154449	1.2000000000000002
37348.83136546582	1200	31.088259548510493	0.0	487160	2844.8949568255807	0.5499999999999999
37351.49597124796	1200	32.423653766363394	0.0	622896	2664.605782147099	1.2
37354.72879089359	1850	33.190834120732966	0.0	975811	3232.819645630429	1.2000000000000002
37371.77169626642	2850	20.147928747906974	0.0	1341201	17042.90537282599	1.85
37372.972360931686	300	22.947264082638995	0.0	157488	1200.6646652679826	-2.25
37373.78708052393	300	26.13254449039487	0.0	143881	814.7195922441248	0.3
37374.954189771466	750	28.96543524286007	0.0	412837	1167.109247534799	0.3
37376.636089057625	1200	31.283535956702696	0.0	690253	1681.8992861573734	0.75
37378.77396471037	1850	33.14566030394976	0.0	943942	2137.8756527529313	1.2000000000000002
37390.19782368001	4300	25.721801334312563	0.0	1919781	11423.858969637198	1.8499999999999996
37394.36355194266	1850	25.556073071665015	0.0	938587	4165.728262647548	-0.6000000000000001
37397.48702390187	1850	26.43260111245079	0.0	908665	3123.4719592142246	1.85
37402.70701903019	1850	25.212605984128597	0.0	930577	5219.995128322192	1.85
37407.41796327011	1200	24.501661744208445	0.0	566904	4710.944239920149	0.5499999999999999
37411.99358148627	1200	23.926043528049554	0.0	641452	4575.618216158891	1.2
37413.81845470638	1200	26.10117030794094	0.0	599477	1824.8732201086116	1.2
37415.49508455807	1200	28.424540456252725	0.0	634861	1676.629851688216	1.2
37429.46572943663	4300	18.453895577685138	0.0	2124950	13970.644878567586	1.1999999999999997
37431.71472020491	1200	20.20490480941101	0.0	638661	2248.9907682741323	-1.9000000000000001
37440.96478175833	2850	14.95484325599145	0.0	1231456	9250.061553419557	1.2000000000000002
37443.320179305796	1850	16.599445708520594	0.0	846370	2355.397547470858	0.8500000000000001

