84596.30365730179	750	4.0	4.271052191572359	450283	4271.052191572359	-17.615524423761144
84597.21236689518	300	7.091290406596756	0.0	155580	908.7095934032437	-0.15000000000000002
84598.74445884408	750	9.559198457697137	0.0	350812	1532.0919488996176	0.3
84601.73606587428	1200	10.567591427502066	0.0	617681	2991.6070301950713	0.75
84603.72737662918	1200	12.57628067260657	0.0	652874	1991.310754895496	1.2
84605.26396938099	1200	15.039687920796833	0.0	520315	1536.592751809737	1.2
84611.26220916456	2850	13.041448137233022	0.0	1388403	5998.239783563811	1.2000000000000002
84615.64812553942	1850	12.655531762375073	0.0	1060487	4385.91637485795	0.8500000000000001
84617.33090757062	1850	14.972749731185063	0.0	852833	1682.7820311900095	1.85
84622.11613271976	2850	14.187524582041139	0.0	1429765	4785.225149143926	1.85
84624.61341654322	2850	15.690240758574367	0.0	1354548	2497.2838234667715	2.85
84629.86891456934	2850	14.434742732459068	0.0	1519951	5255.4980261153	2.85
84632.2009788305	1850	16.10267847129301	0.0	946851	2332.064261166059	0.8500000000000001
84635.0053712861	1850	17.29828601570111	0.0	1036454	2804.392455591899	1.85
84636.65442045979	1850	19.649236842004285	0.0	821631	1649.0491736968243	1.85
84638.20712234166	1850	22.09653496013983	0.0	923170	1552.7018818644551	1.85
84644.60559449725	4300	19.69806280455274	0.0	2289689	6398.472155587088	1.8499999999999996
84646.62843367619	2850	21.675223625620976	0.0	1358801	2022.839178931766	1.4000000000000001
84649.19790921829	4300	23.10574808351579	0.0	2220726	2569.4755421051873	2.8499999999999996
84651.66068849275	4300	24.642968809056036	0.0	2156729	2462.779274459751	4.3
84654.0435757619	4300	26.260081539895815	0.0	2039773	2382.887269160223	4.3
84656.58079171281	4300	27.722865588992512	0.0	2176469	2537.215950903302	4.3
84659.16885407355	4300	29.134803228247936	0.0	2221506	2588.062360744578	4.3
84661.55659826602	4300	30.747059035777166	0.0	2044075	2387.7441924707714	4.3
84664.10546654271	4300	32.198190759097905	0.0	2186790	2548.8682766792595	4.3
84666.56225536604	4300	33.74140193576245	0.0	2105231	2456.788823335462	4.3
84669.34685490106	4300	34.95680240073919	0.0	2395588	2784.5995350232593	4.3
84677.52410439639	4300	30.779552905413926	0.0	1972048	8177.249495325268	4.3
84678.32278501766	1200	33.980872284131365	0.0	622896	798.6806212825612	-1.9000000000000001
84680.04415584638	2850	36.25950145542286	0.0	1561263	1721.3708287085124	1.2000000000000002
84691.3053703832	4300	28.998286918587997	0.0	2113193	11261.214536834856	2.8499999999999996
84692.32555016511	1200	31.97810713667537	0.0	620283	1020.1797819126309	-1.9000000000000001
84693.264218023	1200	35.0394392787952	0.0	584349	938.6678578801667	1.2
84698.7812267434	1850	33.52243055839977	0.0	1035329	5517.008720395431	1.2000000000000002
84699.71111899856	750	36.59253830323889	0.0	401088	929.8922551608734	-0.3500000000000001
84704.39359763126	1850	35.910059670538004	0.0	943942	4682.478632700887	0.75
84707.97015648214	1200	36.333500819654944	0.0	487812	3576.55885088306	0.5499999999999999
84711.43982749093	1200	36.86382981087732	0.0	575591	3469.671008777621	1.2
84712.75293624128	1200	39.55072106053103	0.0	605884	1313.10875034629	1.2
84720.77140282898	4300	35.532254472819005	0.0	2146120	8018.466587712028	1.1999999999999997
84724.52646879002	4300	35.77718851177033	0.0	2108491	3755.0659610486664	4.3
84728.4141409696	4300	35.8895163321907	0.0	2184571	3887.6721795796357	4.3
84734.01376766637	4300	34.28988963542506	0.0	2121928	5599.6266967656375	4.3
84741.24695889998	4300	31.056698401824566	0.0	2219102	7233.191233600495	4.3
84745.64459206218	4300	30.659065239624724	0.0	2124950	4397.63316219984	4.3
84752.28097578055	4300	28.022681521254366	0.0	2246506	6636.38371837036	4.3
84767.37813907159	4300	16.92551823021521	0.0	1961140	15097.163291039155	4.3
84774.08445561821	1850	14.219201683584874	0.0	846370	6706.316546630337	-0.6000000000000001

