2980.0874158145807	750	4.0	11.815576504270883	450283	11815.576504270883	0.03810927040565814	-50.056978968364795
2981.0974881805682	300	6.989927634012219	0.0	155580	1010.0723659877804	0.15402856789162192	-0.15000000000000002
2981.9628292485595	300	10.124586566020787	0.0	139857	865.3410679914327	0.16162066631672292	0.3
2985.3668036586996	1200	10.720612155880746	0.0	617681	3403.9744101400406	0.1814587671869685	0.29999999999999993
2989.795311669055	1200	10.292104145525366	0.0	652874	4428.50801035538	0.14742527245595025	1.2
2992.6785939946926	1200	11.408821819887626	0.0	520315	2883.28232563774	0.18045926178419378	1.2
3004.7608070083584	1850	4.0	0.6733911937783105	905515	12082.213013665936	0.07494612112663393	-1.695582133246735
3007.1029679323888	300	5.657839075969738	0.0	173849	2342.160924030263	0.07422589891938344	-1.25
3008.00508778966	300	8.755719218697894	0.0	150710	902.1198572718431	0.16706205809034236	0.3
3010.3190190725277	750	10.441787935830481	0.0	362795	2313.9312828674124	0.1567872834799252	0.3
3018.8318940089416	1200	5.928912999416428	0.0	607410	8512.874936414053	0.07135192335573817	0.75
3019.780004561443	300	8.98080244691522	0.0	156148	948.1105525012078	0.16469387413531722	-0.6000000000000001
3024.5630263088897	750	8.19778069946857	0.0	386351	4783.021747446649	0.08077550561133205	0.3
3027.631975343694	750	9.128831664664249	0.0	434409	3068.9490348043223	0.14154976021871218	0.75
3036.9328550466657	1200	4.0	0.17204803830769924	526950	9300.879702971948	0.05665593114075237	0.010193435276893259
3037.9473893938143	300	6.985465652851507	0.0	138313	1014.5343471484932	0.13633151049912723	-0.6000000000000001
3038.7539337582893	300	10.178921288376426	0.0	143509	806.544364475082	0.17793069584386598	0.3
3042.050120851483	1200	10.88273419518317	0.0	581493	3296.1870931932563	0.17641383318343906	0.29999999999999993
3046.038289116662	1200	10.89456593000394	0.0	639204	3988.1682651792294	0.16027508307031624	1.2
3049.1935720931124	1200	11.73928295355365	0.0	586839	3155.282976450291	0.185986171249907	1.2
3057.104588826171	1850	7.828266220494698	0.0	891604	7911.016733058951	0.11270409734745229	1.2000000000000002
3059.99561215216	750	8.937242894505664	0.0	399894	2891.023325989035	0.13832264734951388	-0.3500000000000001
3062.4747122095705	750	10.458142837095286	0.0	401853	2479.100057410379	0.1620963215255491	0.75
3068.374325790436	1200	8.55852925623019	0.0	536667	5899.613580865096	0.09096646630223962	0.75
3071.1293780465794	750	9.803477000086792	0.0	359903	2755.052256143397	0.13063381981139	0.3
3074.5062892736764	1200	10.426565772989639	0.0	590335	3376.9112270971523	0.174815078129093	0.75
3079.2284459439074	1200	9.70440910275876	0.0	696376	4722.156670230879	0.14746990594150539	1.2
3081.9777499923216	1200	10.955105054344365	0.0	487160	2749.304048414395	0.17719393396338234	1.2
3086.3798889383334	1200	10.552966108332845	0.0	622896	4402.138946011521	0.1414984869035912	1.2
3098.589512958367	1200	4.0	1.6566579117004858	641447	12209.62402003333	0.05253617957011005	-5.923629020312089
3100.7088968687026	300	5.880616089664567	0.0	157421	2119.383910335433	0.07427677412870663	-0.6000000000000001
3104.111370874112	300	6.478142084254958	0.0	157488	3402.474005409609	0.04628631982187347	0.3
3105.2228639895225	300	9.366648968844249	0.0	143881	1111.4931154107092	0.12944839514083215	0.3
3109.254112734664	1200	9.335400223703072	0.0	670129	4031.2487451411757	0.16623360213325955	0.29999999999999993
3112.8759846564903	1200	9.713528301876623	0.0	690253	3621.8719218264478	0.19057907482601355	1.2
3116.376401641411	1200	10.213111316955956	0.0	598727	3500.4169849206687	0.17104447915183715	1.2
3126.344479672177	1200	4.245033286190484	0.0	487812	9968.078030765471	0.048937417874781605	1.2
3127.2741345454892	300	7.315378412877819	0.0	124011	929.6548733126651	0.13339466457924126	-0.6000000000000001
3130.209764654872	750	8.379748303494994	0.0	378327	2935.6301093828247	0.1288742061851716	0.3
3132.700063004673	750	9.889449953694019	0.0	390680	2490.2983498009767	0.1568808010619382	0.75
3135.7715028177754	1200	10.818010140591387	0.0	566904	3071.4398131026323	0.18457271979793044	0.75
3144.6775498207126	1200	5.911963137654178	0.0	641452	8906.047002937208	0.07202432232711659	1.2
3145.509323203568	300	9.080189754798853	0.0	145210	831.7733828553243	0.17457880114114846	-0.6000000000000001
3151.455730995172	1200	7.1337819631947585	0.0	634861	5946.407791604095	0.10676378449799198	0.29999999999999993
3156.3125566455865	750	6.276956312780132	0.0	398987	4856.825650414627	0.08214974732847133	0.3
3157.4273063336595	300	9.162206624707169	0.0	160064	1114.749688072963	0.14358739160241277	-0.15000000000000002
3160.8191581742476	1200	9.770354784119593	0.0	538612	3391.8518405875743	0.15879585114976472	0.29999999999999993
3167.4418735508466	1200	7.147639407520535	0.0	550906	6622.715376599059	0.08318430865179427	1.2

