37045.652685129564	300	4.0	8.823799836193976	450283	8823.799836193975	0	-37.19233929563409
37046.42613759367	300	7.226547535889511	0.0	155580	773.4524641104892	0	-0.15000000000000002
37048.94615430198	300	8.706530827581846	0.0	139857	2520.016708307664	0	0.3
37049.50788259427	750	12.144802535284422	0.0	155432	561.7282922974248	1	0.3
37051.046692225456	750	14.60599290409716	0.0	411561	1538.8096311872614	1	0.3
37053.55686505525	750	16.095820074295066	0.0	318564	2510.172829802095	1	0.75
37054.945873625344	750	18.70681150420547	0.0	352642	1389.0085700895986	1	0.75
37056.15810002353	1850	21.49458510602341	0.0	437162	1212.226398182056	3	0.75
37060.357580719436	1850	21.295104410120878	0.0	852833	4199.480695902534	3	0.75
37069.91067100951	1850	15.742014120045821	0.0	913888	9553.090290075057	3	1.85
37075.32669465965	1850	14.325990469904292	0.0	939819	5416.02365014153	3	1.85
37079.69003410288	1850	13.962651026672994	0.0	917428	4363.339443231301	3	1.85
37087.703249246886	750	9.949435882664572	0.0	946851	8013.215144008422	1	1.85
37093.643316995476	300	8.009368134074412	0.0	434409	5940.06774859016	0	-0.3500000000000001
37096.583826068505	300	9.068859061051409	0.0	140051	2940.509073023002	0	-0.15000000000000002
37100.249469044116	300	9.40321608543837	0.0	138313	3665.642975613041	0	0.3
37101.35632790322	750	12.296357226342073	0.0	143509	1106.8588590962966	1	0.3
37102.82061377614	300	14.832071353417462	0.0	372963	1464.2858729246107	0	0.3
37103.404278451024	1850	18.248406678535304	0.0	165384	583.6646748821591	3	-0.15000000000000002
37110.86249507039	1850	14.790190059172946	0.0	923755	7458.216619362356	3	0.30000000000000004
37113.24615218542	1850	16.406532944145955	0.0	891604	2383.657115026993	3	1.85
37117.71890264292	1850	15.933782486639648	0.0	955231	4472.750457506308	3	1.85
37121.91136170091	1850	15.741323428648549	0.0	968026	4192.459057991098	3	1.85
37131.5240257867	300	10.12865934286621	0.0	874175	9612.664085782339	0	1.85
37132.19581433945	750	13.456870790108932	0.0	146754	671.7885527572802	1	-1.25
37133.52555211377	1850	16.12713301578555	0.0	379700	1329.7377743233824	3	0.3
37141.26047409945	1850	12.39221103010923	0.0	1076599	7734.9219856763175	3	0.75
37148.28462292357	750	9.368062205986487	0.0	758197	7024.1488241227435	1	1.85
37150.40166601606	750	11.25101911349367	0.0	400396	2117.043092492817	1	-0.3500000000000001
37157.249750843715	300	8.402934285842866	0.0	400508	6848.084827650804	0	0.75
37157.671990129544	1850	11.980695000016627	0.0	157421	422.239285826239	3	-0.15000000000000002
37159.90790367055	1850	13.744781459010452	0.0	954453	2235.913541006176	3	0.30000000000000004
37163.01205161904	1850	14.64063351051691	0.0	885062	3104.147948493542	3	1.85
37170.13228111618	750	11.520404013383674	0.0	1035329	7120.229497133236	1	1.85
37171.144056982885	1850	14.508628146682486	0.0	401088	1011.7758667011883	3	-0.3500000000000001
37173.464062834566	1850	16.188622294999004	0.0	943942	2320.005851683481	3	0.75
37179.104070866546	1850	14.548614263021811	0.0	728962	5640.008031977193	3	1.85
37181.56763158307	1850	16.08505354649444	0.0	938587	2463.5607165273727	3	1.85
37183.969783793254	1850	17.68290133630982	0.0	908665	2402.1522101846194	3	1.85
37186.70332862301	1850	18.949356506560463	0.0	930577	2733.5448297493554	3	1.85
37195.315525297556	1850	14.33715983201249	0.0	858450	8612.196674547973	3	1.85
37198.33050040459	1850	15.322184724975	0.0	1025005	3014.9751070374905	3	1.85
37204.76964138756	1850	12.883043742005507	0.0	886255	6439.140982969492	3	1.85
37211.031693801575	1850	10.620991327988232	0.0	973972	6262.052414017273	3	1.85
37213.92443744728	1850	11.72824768228102	0.0	958994	2892.743645707213	3	1.85
37224.503833237715	300	5.148851891847442	0.0	982064	10579.395790433578	0	1.85
37224.92086848498	750	8.731816644580716	0.0	137507	417.03524726672583	1	-1.25
37225.77075751182	1850	11.881927617744195	0.0	314107	849.8890268365208	3	0.3

