39478.82440111155	300	4.0	68.97500684214549	450283	68975.00684214549	0	-295.8425294212256
39502.632214730664	300	4.0	19.80781361911581	155580	23807.81361911581	0	-85.32359856219799
39532.00374403762	300	4.0	25.371529306951988	139857	29371.529306951987	0	-108.79757601989354
39550.12914419847	300	4.0	14.125400160847269	155432	18125.400160847268	0	-60.43922069164326
39553.74043377399	300	4.388710424475296	0.0	163442	3611.2895755247037	0	0.3
39555.38364631012	300	6.745497888349742	0.0	126289	1643.212536125555	0	0.3
39561.80820869756	300	4.320935500906803	0.0	153295	6424.562387442938	0	0.3
39567.01194048217	300	4.0	0.882796283700146	173849	5203.731784606949	0	-3.4960240199106276
39571.81503067307	300	4.0	0.8030901908952183	150710	4803.090190895218	0	-3.153287820849439
39582.36378092314	300	4.0	6.548750250068735	139105	10548.750250068735	0	-27.85962607529556
39587.84290895203	300	4.0	1.4791280288918178	141840	5479.128028891818	0	-6.060250524234816
39593.94696107714	300	4.0	2.1040521251116195	156148	6104.05212511162	0	-8.747424137979962
39630.140621146595	300	4.0	32.19366006945983	160746	36193.66006945983	0	-138.13273829867725
39634.09290047591	300	4.04772067068416	0.0	179801	3952.2793293158406	0	0.3
39636.09280075653	300	6.047820390066432	0.0	140051	1999.900280617727	0	0.3
39637.043299842306	300	9.097321304289018	0.0	138313	950.4990857774137	0	0.3
39637.72176167849	750	12.418859468102838	0.0	143509	678.4618361861806	1	0.3
39639.12062718958	1850	15.019993957019599	0.0	372963	1398.865511083238	3	0.3
39688.76875987482	300	4.0	34.62813872822319	987708	49648.132685242796	0	-148.1509965313597
39699.25338738259	300	4.0	6.484627507769487	140881	10484.627507769486	0	-29.13389828340879
39703.608232799714	300	4.0	0.3548454171281228	157671	4354.845417128123	0	-1.2258352936509278
39706.01729515336	300	5.590937646358866	0.0	157812	2409.062353641134	0	0.3
39707.128729651326	300	8.479503148394674	0.0	163927	1111.4344979641924	0	0.3
39712.05748165844	300	7.550751141276307	0.0	137654	4928.752007118366	0	0.3
39713.670196763116	300	9.9380360366054	0.0	146754	1612.715104670908	0	0.3
39717.79630896275	300	9.811923836963011	0.0	153938	4126.112199642389	0	0.3
39720.37468783467	300	11.233544965042105	0.0	181901	2578.378871920906	0	0.3
39721.98232746664	300	13.62590533307179	0.0	111155	1607.639631970315	0	0.3
39726.49526907223	300	13.112963727490246	0.0	153605	4512.941605581544	0	0.3
39728.60276762247	750	15.005465177243746	0.0	149029	2107.4985502465006	1	0.3
39733.55622497421	750	14.052007825505488	0.0	358218	4953.457351738259	1	0.3
39741.90579199292	300	9.702440806797005	0.0	400322	8349.567018708482	0	0.75
39744.20009598432	300	11.408136815401022	0.0	143881	2294.3039913959838	0	-0.15000000000000002
39749.7951959299	300	9.813036869821131	0.0	163444	5595.09994557989	0	0.3
39755.48155097135	300	8.12668182837146	0.0	179328	5686.355041449672	0	0.3
39758.946743954366	300	8.661488845356187	0.0	159914	3465.1929830152726	0	0.3
39764.88207981144	300	6.7261529882867706	0.0	131610	5935.335857069416	0	0.3
39771.00887492118	300	4.599357878547141	0.0	124011	6126.79510973963	0	0.3
39772.7649779566	300	6.843254843129985	0.0	144254	1756.1030354171558	0	0.3
39773.93770406203	300	9.67052873770291	0.0	149991	1172.7261054270766	0	0.3
39775.095692050425	750	12.512540749304714	0.0	147968	1157.987988398195	1	0.3
39785.063056967774	300	6.545175831962852	0.0	384505	9967.364917341862	0	0.3
39794.86789872813	300	4.0	3.2596659284002674	145210	9804.841760363119	0	-14.166563492121147
39804.07279607967	300	4.0	5.204897351537094	172312	9204.897351537094	0	-22.081058611609503
39806.144784630684	300	5.9280114489847175	0.0	167025	2071.9885510152826	0	0.3
39810.86492774411	300	5.2078683355660536	0.0	160064	4720.143113418664	0	0.3
39811.463894717024	750	8.608901362650988	0.0	137507	598.9669729150645	1	0.3
39812.67729241407	750	11.395503665602385	0.0	314107	1213.3976970486021	1	0.3

