56955.36699365926	300	4.0	1.817724802350717	450283	1817.724802350717	0	-7.066216650108083
56956.05338192635	300	7.313611732916667	0.0	155580	686.3882670833336	0	-0.15000000000000002
56956.52304982179	750	10.843943837471437	0.0	139857	469.6678954452304	1	0.3
56957.729389691485	750	13.637603967781972	0.0	382355	1206.3398696894662	1	0.3
56959.211385395465	1850	16.15560826380202	0.0	411561	1481.9957039799515	3	0.75
56963.000957795826	1850	16.366035863437716	0.0	801058	3789.572400364302	3	0.75
56964.71238337436	1850	18.65461028490657	0.0	905515	1711.425578531146	3	1.85
56969.13298310319	1850	18.234010556073553	0.0	1060487	4420.599728833016	3	1.85
56971.45087604503	1850	19.916117614232434	0.0	852833	2317.892941841122	3	1.85
56975.782171273706	1850	19.584822385555405	0.0	913888	4331.295228677028	3	1.85
56979.27650426341	1850	20.090489395844845	0.0	939819	3494.332989710563	3	1.85
56980.740216178674	1850	22.626777480587453	0.0	917428	1463.7119152573898	3	1.85
56982.072348090594	1850	25.2946455686596	0.0	946851	1332.1319119278508	3	1.85
56985.15576963835	1850	26.211224020900875	0.0	1036454	3083.421547758726	3	1.85
56986.267118829346	1850	29.099874829905605	0.0	821631	1111.349190995269	3	1.85
56987.46811606724	1850	31.89887759201593	0.0	923170	1200.9972378896782	3	1.85
56988.70816123371	1850	34.65883242553499	0.0	966699	1240.0451664809393	3	1.85
56989.812410304214	4300	37.55458335504158	0.0	885714	1104.2490704934107	5	1.85
56995.82848532604	4300	35.538508333211155	0.0	2220726	6016.075021830427	5	1.8499999999999996
57007.94121622146	4300	27.42577743779403	0.0	2156729	12112.730895417122	5	4.3
57010.565630925004	4300	28.80136273424599	0.0	2039773	2624.4147035480396	5	4.3
57013.36056034383	4300	30.006433315425124	0.0	2176469	2794.9294188208673	5	4.3
57021.03801211177	4300	26.3289815474849	0.0	2221506	7677.451767940224	5	4.3
57023.95252975431	4300	27.4144639049457	0.0	2044075	2914.5176425392033	5	4.3
57027.06495020636	4300	28.302043452893646	0.0	2186790	3112.4204520520548	5	4.3
57038.984076855166	4300	20.382916804088165	0.0	2105231	11919.12664880548	5	4.3
57051.60387665731	4300	11.763117001937994	0.0	2395588	12619.79980215017	5	4.3
57072.87741415925	300	4.0	9.51042049999847	1972048	21273.537501936462	0	-36.59480814999342
57073.2594278996	750	7.617986259657742	0.0	153605	382.01374034225887	1	-3.7
57077.9143948411	300	6.963019318162735	0.0	400508	4654.966941495006	0	0.3
57078.28328588833	1850	10.594128270934295	0.0	157421	368.8910472284405	3	-0.15000000000000002
57080.2326561775	1850	12.644757981768516	0.0	954453	1949.3702891657795	3	0.30000000000000004
57083.1651826123	1850	13.712231546964343	0.0	885062	2932.5264348041724	3	1.85
57085.78499980265	1850	15.092414356611766	0.0	1035329	2619.8171903525777	3	1.85
57095.94037074131	750	8.937043417951024	0.0	1026056	10155.37093866074	1	1.85
57096.66862087871	1850	12.208793280555405	0.0	365161	728.25013739562	3	-0.3500000000000001
57098.042507458274	1850	14.834906700985599	0.0	728962	1373.8865795698055	3	0.75
57099.7716397899	1850	17.105774369361907	0.0	938587	1729.1323316236958	3	1.85
57102.69101574867	1850	18.186398410589025	0.0	908665	2919.3759587728814	3	1.85
57104.103210403926	1850	20.774203755332614	0.0	930577	1412.1946552564082	3	1.85
57108.91340603007	1850	19.964008129184748	0.0	858450	4810.195626147866	3	1.85
57110.39649205311	1850	22.480922106152196	0.0	1025005	1483.086023032554	3	1.85
57120.786031540185	750	16.091382619072423	0.0	886255	10389.539487079774	1	1.85
57122.26924149409	1850	18.60817266516657	0.0	438281	1483.2099539058524	3	-0.3500000000000001
57124.87691155078	1850	20.000502608476378	0.0	958994	2607.670056690193	3	0.75
57131.956686313	1850	16.920727846252195	0.0	982064	7079.774762224183	3	1.85
57138.91942879477	1850	13.957985364481125	0.0	830730	6962.742481771069	3	1.85
57142.97214035694	1850	13.905273802309013	0.0	846370	4052.7115621721105	3	1.85

