57163.80395732527	300	4.0	1.1478229125200663	181801	1147.8229125200662	-4.635638523836285
57164.558237231766	300	7.245720093497056	0.0	155580	754.2799065029437	0.3
57165.26782285371	300	10.53613447154959	0.0	139857	709.5856219474673	0.3
57166.04752149154	300	13.756435833722819	0.0	155432	779.6986378267711	0.3
57167.48380393426	750	16.320153391004126	0.0	411561	1436.2824427186913	0.3
57168.42426065923	750	19.379696666033873	0.0	318564	940.4567249702554	0.75
57170.021685239466	1200	21.782272085799555	0.0	561791	1597.4245802343166	0.75
57172.876724293485	1850	22.927233031781928	0.0	1060487	2855.039054017627	1.2000000000000002
57174.99725691556	1850	24.806700409714523	0.0	852833	2120.532622067406	1.85
57177.240972441214	1850	26.562984884055034	0.0	913888	2243.71552565949	1.85
57180.65559780482	2850	27.14835952044098	0.0	1354548	3414.6253636140536	1.85
57184.85229895328	4300	26.951658371979974	0.0	2102452	4196.701148461007	2.8499999999999996
57187.58176680249	2850	28.2221905227711	0.0	1422919	2729.4678492088738	1.4000000000000001
57191.88756347309	4300	27.91639385217995	0.0	2275376	4305.79667059115	2.8499999999999996
57193.839661361344	2850	29.964295963919728	0.0	1231445	1952.0978882602194	1.4000000000000001
57197.19196250254	4300	30.61199482272705	0.0	2152483	3352.3011411926814	2.8499999999999996
57211.84921687939	4300	19.954740445876205	0.0	2289689	14657.254376850846	4.3
57213.0168251165	1200	22.7871322087625	0.0	581493	1167.6082371137009	-1.9000000000000001
57214.68494444103	1850	25.11901288422421	0.0	987708	1668.1193245382904	1.2000000000000002
57221.27255444696	2850	22.531402878300906	0.0	1336050	6587.610005923306	1.85
57225.05897061416	1850	22.744986711097475	0.0	891604	3786.4161672034315	0.8500000000000001
57226.45827475499	1850	25.345682570278214	0.0	955231	1399.30414081926	1.85
57230.52979985799	2850	25.27415746727417	0.0	1505760	4071.5251030040467	1.85
57233.82224762425	2850	25.981709701016634	0.0	1323990	3292.447766257539	2.85
57236.25379022202	2850	27.550167103246718	0.0	1383735	2431.5425977699174	2.85
57239.75396312894	4300	28.049994196329383	0.0	2105231	3500.172906917333	2.8499999999999996
57242.348159350586	2850	29.455797974677758	0.0	1547572	2594.1962216516245	1.4000000000000001
57247.451476086106	2850	28.352481239161982	0.0	1141971	5103.316735515775	2.85
57253.733623341825	4300	26.070333983441618	0.0	2134614	6282.1472557203615	2.8499999999999996
57257.958335172254	2850	25.84562215300882	0.0	1561263	4224.711830432799	1.4000000000000001
57261.26544595776	2850	26.538511367505677	0.0	1341201	3307.110785503141	2.85
57264.91569134139	2850	26.88826598387374	0.0	1497683	3650.2453836319373	2.85
57268.086753837815	2850	27.717203487446813	0.0	1358081	3171.0624964269305	2.85
57272.37613837571	4300	27.42781894955599	0.0	2286761	4289.384537890819	2.8499999999999996
57275.24397410629	2850	28.55998321897521	0.0	1492672	2867.8357305807845	1.4000000000000001
57278.93975530031	4300	28.86420202496093	0.0	2143948	3695.781194014278	2.8499999999999996
57280.75175654698	2850	31.05220077828416	0.0	1139291	1812.0012466767687	1.4000000000000001
57285.958393622626	4300	29.845563702636706	0.0	2147467	5206.637075647454	2.8499999999999996
57298.798607403	4300	21.005349922268326	0.0	2133870	12840.21378036838	4.3
57299.797592457675	1200	24.006364867587468	0.0	587506	998.9850546808576	-1.9000000000000001
57301.09779776118	1850	26.706159564082988	0.0	858450	1300.2053035044817	1.2000000000000002
57310.39728915392	2850	21.40666817133729	0.0	1527299	9299.491392745698	1.85
57311.69858773888	1850	24.10536958638773	0.0	886255	1301.2985849495606	0.8500000000000001
57313.15199536338	1850	26.651961961880836	0.0	973972	1453.4076245068934	1.85
57318.213583941135	2850	25.590373384134715	0.0	1464921	5061.588577746123	1.85
57321.00242249865	2850	26.801534826616276	0.0	1483527	2788.838557518437	2.85
57323.08305447076	2850	28.72090285451403	0.0	1231456	2080.6319721022496	2.85
57325.37989075992	2850	30.42406656534374	0.0	1364537	2296.836289170289	2.85

