46806.55830255976	300	4.0	0.719916137888035	181801	719.916137888035	-2.7956393929185506
46806.82721782196	300	7.73108473779333	0.0	155580	268.9152622066703	0.3
46807.07704120432	300	11.481261355440596	0.0	139857	249.8233823527336	0.3
46807.345776755385	300	15.212525804371646	0.0	155432	268.73555106894963	0.3
46808.17024970091	750	18.388052858843277	0.0	411561	824.4729455283663	0.3
46809.81841929995	750	20.73988325980762	0.0	318564	1648.1695990356588	0.75
46812.26489094967	1200	22.293411610078227	0.0	561791	2446.4716497293934	0.75
46813.0888265202	1850	25.46947603954666	0.0	1060487	823.9355705315687	1.2000000000000002
46813.76709203824	1850	28.79121052151282	0.0	852833	678.2655180338367	1.85
46825.68592768743	4300	20.872374872316804	0.0	2169201	11918.835649196018	1.8499999999999996
46827.14938443445	1200	23.40891812529468	0.0	607410	1463.456747022122	-1.9000000000000001
46828.91091961738	1850	25.647382942366605	0.0	917428	1761.5351829280783	1.2000000000000002
46830.571481169245	2850	27.98682139050282	0.0	1422919	1660.561551863785	1.85
46833.974822893215	4300	28.583479666530426	0.0	2275376	3403.3417239723904	2.8499999999999996
46835.00132386303	2850	31.55697869672115	0.0	1231445	1026.5009698092797	1.4000000000000001
46841.68787463859	4300	28.870427921155017	0.0	2152483	6686.550775566131	2.8499999999999996
46850.777488586	4300	23.780813973747005	0.0	2289689	9089.613947408014	4.3
46852.63587902295	1850	25.92242353680214	0.0	885714	1858.3904369448655	-0.6000000000000001
46858.14366275561	2850	24.414639804141864	0.0	1537156	5507.783732660275	1.85
46859.30330143921	2850	27.255001120542435	0.0	1336050	1159.6386835994297	2.85
46861.09634047285	2850	29.461962086896886	0.0	1415116	1793.0390336455505	2.85
46871.09991308329	4300	23.458389476460077	0.0	2176469	10003.572610436806	2.8499999999999996
46875.128350529725	1850	23.429952030027067	0.0	968026	4028.4374464330117	-0.6000000000000001
46880.28197810416	1850	22.27632445559302	0.0	874175	5153.627574434045	1.85
46883.85572640559	1850	22.702576154160298	0.0	897976	3573.7483014327245	1.85
46885.00316235682	1850	25.555140202924296	0.0	905935	1147.4359512360036	1.85
46886.47223125595	2850	28.08607130379185	0.0	1547572	1469.0688991324444	1.85
46887.33804868037	2850	31.220253879379023	0.0	1141971	865.8174244128262	2.85
46888.95046394295	4300	33.60783861680028	0.0	2134614	1612.4152625787453	2.8499999999999996
46890.580434947624	4300	35.97786761212753	0.0	2164140	1629.971004672744	4.3
46892.07231456139	4300	38.485987998363775	0.0	2113193	1491.879613763759	4.3
46893.557441213954	4300	41.00086134580008	0.0	2147852	1485.1266525636865	4.3
46895.41468122708	4300	43.1436213326708	0.0	2191074	1857.2400131292852	4.3
46898.18959401075	4300	44.368708549000594	0.0	2286761	2774.9127836702028	4.3
46900.374085567186	4300	46.1842169925655	0.0	2307787	2184.4915564350854	4.3
46919.28839632053	4300	31.269906239222895	0.0	2143948	18914.31075334261	4.3
46921.11943023097	4300	33.438872328785216	0.0	1919781	1831.0339104376785	4.3
46922.69063831535	4300	35.8676642444036	0.0	2147467	1571.2080843816273	4.3
46927.892849606644	4300	34.66545295311283	0.0	2133870	5202.211291290758	4.3
46951.57776731427	4300	14.980535245481864	0.0	2146120	23684.91770763097	4.3
46951.945103808765	750	18.613198750983603	0.0	345516	367.3364944982599	-2.8
46952.344864163766	750	22.213438395986863	0.0	384505	399.76035499673947	0.75
46953.227956636685	1850	25.330345923066236	0.0	886255	883.0924729206265	0.75
46956.85569510489	1850	25.702607454857485	0.0	973972	3627.738468208752	1.85
46958.42788629957	2850	28.130416260172908	0.0	1464921	1572.1911946845792	1.85
46967.71374673007	2850	22.844555829674196	0.0	1483527	9285.860430498711	2.85
46969.242037816046	1850	25.316264743703115	0.0	830730	1528.2910859710792	0.8500000000000001
46974.2164399638	1850	24.341862595958013	0.0	846370	4974.402147745102	1.85

