22359.708690744792	300	4.0	2.019936747749429	181801	2019.936747749429	-8.385728015322544
22363.36784664518	300	4.340844099609736	0.0	155580	3659.1559003902635	0.3
22365.121957116335	300	6.586733628455694	0.0	139857	1754.1104711540422	0.3
22366.82576008285	300	8.882930661938307	0.0	155432	1703.802966517387	0.3
22370.94295628551	300	8.765734459278585	0.0	163442	4117.196202659721	0.3
22375.021284727318	300	8.68740601747143	0.0	126289	4078.328441807155	0.3
22378.78563133217	300	8.92305941261844	0.0	153295	3764.346604852992	0.3
22380.5499523064	300	11.158738438390344	0.0	173849	1764.3209742280937	0.3
22382.122142708966	300	13.586548035821163	0.0	150710	1572.1904025691813	0.3
22390.026459663288	750	9.682231081500468	0.0	362795	7904.316954320695	0.3
22393.03822332156	300	10.670467423224917	0.0	141840	3011.7636582755513	-0.15000000000000002
22394.948618586073	300	12.760072158711868	0.0	156148	1910.3952645130487	0.3
22403.407321168102	750	8.30136957668561	0.0	386351	8458.702582026257	0.3
22405.334521287004	300	10.37416945778304	0.0	179801	1927.200118902571	-0.15000000000000002
22407.027218576797	300	12.681472167992837	0.0	140051	1692.6972897902026	0.3
22410.129952480154	300	13.578738264633802	0.0	138313	3102.7339033590342	0.3
22413.97179394676	750	13.736896798030283	0.0	360831	3841.8414666035187	0.3
22418.101897871333	750	13.60679287345591	0.0	372963	4130.103924574374	0.75
22424.65422306153	750	11.05446768325955	0.0	405596	6552.325190196361	0.75
22426.028294983375	300	13.68039576141495	0.0	140881	1374.0719218445997	-0.15000000000000002
22429.902370380103	750	13.806320364687927	0.0	386472	3874.075396727022	0.3
22435.840235924392	750	11.868454820399743	0.0	399894	5937.8655442881845	0.75
22439.718743691534	300	11.989947053260444	0.0	163927	3878.507767139298	-0.15000000000000002
22442.697229500463	300	13.011461244328988	0.0	137654	2978.485808931456	0.3
22446.80874519644	750	12.899945548354117	0.0	359903	4111.515695974871	0.3
22457.119040729496	750	6.589650015297647	0.0	379700	10310.29553305647	0.75
22465.220193713536	300	4.0	1.5115029687388533	181901	8101.152984036501	-6.649462765577069
22466.400569194207	300	6.8196245193266405	0.0	111155	1180.3754806733593	0.3
22468.141312974018	300	9.078880739519613	0.0	153605	1740.743779807028	0.3
22471.746298157108	300	9.473895556428733	0.0	149029	3604.9851830908788	0.3
22475.68362494192	300	9.536568771613812	0.0	157421	3937.3267848149203	0.3
22478.47729541958	300	10.742898293955344	0.0	157488	2793.6704776584684	0.3
22480.0712569563	300	13.148936757234035	0.0	143881	1593.9615367213091	0.3
22489.326412887196	750	7.893780826339421	0.0	412837	9255.155930894613	0.3
22496.852054828323	300	4.368138885211445	0.0	179328	7525.641941127977	-0.15000000000000002
22503.125427765928	300	4.0	1.9052340523941949	159914	6273.37293760564	-7.892506425295038
22506.499909513957	300	4.625518251970867	0.0	131610	3374.481748029133	0.3
22507.937404386346	300	7.188023379582881	0.0	124011	1437.4948723879866	0.3
22509.49527138364	300	9.63015638228745	0.0	144254	1557.8669972954326	0.3
22511.012967523937	300	12.112460241991137	0.0	149991	1517.6961402963113	0.3
22514.81239648052	300	12.313031285409794	0.0	147968	3799.4289565813438	0.3
22521.930961365822	300	9.194466400104687	0.0	161857	7118.564885305105	0.3
22526.770007277046	300	8.355420488883373	0.0	145210	4839.045911221314	0.3
22530.172896453136	300	8.952531312795237	0.0	172312	3402.8891760881356	0.3
22537.753418491757	300	5.372009274173279	0.0	167025	7580.522038621959	0.3
22539.45380075139	300	7.671627014541674	0.0	160064	1700.3822596316047	0.3
22541.04960565794	300	10.07582210799318	0.0	137507	1595.8049065484952	0.3
22542.251221772687	300	12.874205993245358	0.0	118421	1201.6161147478222	0.3

