17070.91630235507	300	4.0	0.5311291743800871	181801	531.1291743800871	-1.9838554498343746
17071.346705375116	300	7.569596979954565	0.0	155580	430.403020045435	0.3
17071.74159691247	300	11.174705442599901	0.0	139857	394.891537354665	0.3
17072.17593293147	300	14.74036942359864	0.0	155432	434.3360190012614	0.3
17072.71658682638	300	18.19971552868959	0.0	163442	540.6538949090498	0.3
17073.15252666886	300	21.763775686212327	0.0	126289	435.93984247726394	0.3
17073.60244153674	300	25.313860818330514	0.0	153295	449.91486788181174	0.3
17074.09940005499	300	28.81690230007729	0.0	173849	496.9585182532246	0.3
17074.52791939214	300	32.38838296292713	0.0	150710	428.5193371501586	0.3
17074.95993605866	300	35.95636629640714	0.0	139105	432.0166665199854	0.3
17075.516882060834	300	39.39942029423766	0.0	141840	556.946002169484	0.3
17076.12193962109	300	42.79436273398131	0.0	156148	605.0575602563492	0.3
17076.74245824817	300	46.17384410690337	0.0	160746	620.518627077946	0.3
17077.275538977447	300	49.640763377622314	0.0	179801	533.0807292810466	0.3
17077.674618213165	300	53.24168414190561	0.0	140051	399.0792357167068	0.3
17078.069737750546	300	56.84656460452505	0.0	138313	395.1195373805604	0.3
17078.9766953734	300	59.939606981670025	0.0	143509	406.95762285502343	0.3
17081.064141823346	300	59.99464485495772	0.0	150616	444.96212671230955	0.3
17083.381383189222	750	59.69626632983092	0.0	405596	2298.3785251267996	0.3
17086.102871402207	750	59.72545368376379	0.0	350713	970.8126460671339	0.75
17088.774795514688	750	59.71832928603281	0.0	386472	1007.1243977309709	0.75
17091.937012097766	750	59.936620940566975	0.0	399894	1781.708345465841	0.75
17096.31744764052	750	59.55618539781117	0.0	401853	2880.435542755802	0.75
17099.949784222503	750	59.79048899700404	0.0	343800	2265.69640080713	0.75
17102.67981098918	750	59.55329575480318	0.0	359903	1237.1932422008638	0.75
17104.852996506877	750	59.93811974389098	0.0	379700	1115.1760109122004	0.75
17107.144362945637	750	59.7814412779048	0.0	425781	1156.6784659861837	0.75
17108.8603694718	750	59.95028191826169	0.0	277716	831.1593596431104	0.75
17111.27680425529	1200	59.89448810977671	0.0	622896	1555.7938084849836	0.75
17115.176934385996	1200	59.583743604374106	0.0	641447	2810.744505402603	1.2
17117.38000074988	1200	59.98740319883506	0.0	570392	1596.3404055390383	1.2
17119.84378523472	1200	59.76987398233645	0.0	620283	1717.529216498611	1.2
17122.306568647313	1200	59.871109827259886	0.0	584349	1898.764155076568	1.2
17126.528436160766	1200	59.64924231380805	0.0	670129	3721.8675134518294	1.2
17129.090727264356	1200	59.672540167498425	0.0	690253	1976.702146309633	1.2
17131.78054367782	1200	59.58892641940765	0.0	598727	2083.61374809078	1.2
17134.300013339278	1850	59.84279300431704	0.0	728962	2246.133415090614	1.2000000000000002
17137.587439480216	1850	59.79224807227888	0.0	938587	3050.5449320381545	1.85
17141.56548665782	1850	59.81420089467498	0.0	908665	3478.0471776038994	1.85
17145.079878136654	1850	59.82796922356016	0.0	930577	3486.2316711148233	1.85
17148.91564621672	1850	59.99220114349373	0.0	858450	3835.7680800664334	1.85
17153.607535224914	1850	59.300312135298796	0.0	1025005	4691.8890081949385	1.85
17157.06475061644	1850	59.843096743773785	0.0	886255	2957.215391525007	1.85
17161.07069195224	1850	59.83715540796816	0.0	973972	2505.9413358056236	1.85
17170.27683263269	1850	54.631014727520295	0.0	958994	9206.14068044786	1.85
17172.72760553927	1850	56.18024182094053	0.0	982064	2450.77290657977	1.85
17174.936062405013	1850	57.97178495519682	0.0	830730	2208.456865743712	1.85
17177.28655075772	1850	59.62129660249196	0.0	846370	2350.488352704861	1.85

