34264.697158397496	750	4.0	13.845957270111386	450283	13845.957270111387	-58.78761626147896
34271.651034478804	300	4.0	2.9538760813102045	155580	6953.876081310204	-12.851667149633878
34273.82004331177	300	5.830991167040226	0.0	139857	2169.008832959774	0.3
34276.35044905636	300	7.300585422452361	0.0	155432	2530.405744587865	0.3
34278.67359780143	300	8.977436677379911	0.0	163442	2323.148745072448	0.3
34284.19197308644	300	7.459061392370844	0.0	126289	5518.375285009068	0.3
34287.05778972461	300	8.593244754196038	0.0	153295	2865.8166381748074	0.3
34289.17630069181	300	10.47473378698983	0.0	173849	2118.510967206206	0.3
34294.583798737	300	9.06723574179634	0.0	150710	5407.498045193492	0.3
34301.82209253487	300	5.828941943930388	0.0	139105	7238.293797865952	0.3
34303.56740509798	300	8.083629380823682	0.0	141840	1745.312563106705	0.3
34310.024986270284	300	5.626048208511444	0.0	156148	6457.581172312239	0.3
34318.093754522066	300	4.0	2.442720043267576	160746	8068.76825177902	-10.203696186050577
34320.890679975695	300	5.203074546366823	0.0	179801	2796.925453633177	0.3
34322.32178997169	300	7.771964550371788	0.0	140051	1431.109995995035	0.3
34324.44204887318	300	9.651705648890323	0.0	138313	2120.2589014814666	0.3
34326.28667455852	300	11.807079963546078	0.0	143509	1844.6256853442426	0.3
34333.22686232241	300	8.866892199659352	0.0	150616	6940.187763886727	0.3
34337.17441589276	300	8.919338629296611	0.0	165384	3947.5535703627406	0.3
34338.27607713475	300	11.817677387311312	0.0	140881	1101.661241985298	0.3
34339.6549141801	300	14.438840341965022	0.0	157671	1378.8370453462908	0.3
34344.07152783045	750	14.022226691612053	0.0	399894	4416.61365035297	0.3
34349.53837253039	750	12.555381991667895	0.0	401853	5466.8446999441585	0.75
34360.9023239036	750	5.1914306184536345	0.0	343800	11363.95137321426	0.75
34366.31637063532	300	4.0	0.22261611326603906	146754	5414.0467317196735	-1.1072492870439679
34369.376195331984	300	4.94017530333685	0.0	153938	3059.8246966631505	0.3
34371.696430636606	300	6.619939998713139	0.0	181901	2320.2353046237104	0.3
34375.75577399004	300	6.5605966452852025	0.0	111155	4059.3433534279366	0.3
34378.945628612746	300	7.370742022574306	0.0	153605	3189.854622710897	0.3
34380.66403943027	300	9.652331205056893	0.0	149029	1718.4108175174133	0.3
34382.56424139942	300	11.752129235905981	0.0	157421	1900.2019691509122	0.3
34384.62801307109	300	13.688357564237737	0.0	157488	2063.7716716682426	0.3
34386.63109417635	300	15.685276458975906	0.0	143881	2003.0811052618328	0.3
34395.06469649312	750	11.25167414221143	0.0	412837	8433.602316764476	0.3
34396.90719327359	300	13.409177361743128	0.0	179328	1842.4967804683026	-0.15000000000000002
34398.037078091395	300	16.27929254393394	0.0	159914	1129.8848178091885	0.3
34400.75386279007	750	17.562507845260363	0.0	321064	2716.7846986735753	0.3
34404.77606210115	750	17.540308534179843	0.0	361565	4022.1993110805174	0.75
34407.434578586006	750	18.881792049323654	0.0	378327	2658.5164848561926	0.75
34409.511955642956	750	20.804414992376135	0.0	390680	2077.3770569475173	0.75
34429.89300663363	1850	4.423364001699734	0.0	858450	20381.050990676402	0.75
34432.73190130656	300	5.584469328774019	0.0	161857	2838.894672925715	-1.25
34435.28405095259	300	7.032319682740297	0.0	145210	2552.1496460337216	0.3
34437.69066033749	300	8.625710297842991	0.0	172312	2406.609384897307	0.3
34443.87177725722	300	6.44459337810694	0.0	167025	6181.1169197360505	0.3
34446.74982205515	300	7.56654858018264	0.0	160064	2878.0447979243004	0.3
34448.43142357292	300	9.884947062408205	0.0	137507	1681.6015177744348	0.3
34450.516097166845	300	11.800273468482425	0.0	118421	2084.673593925782	0.3

