89910.78571865577	300	4.0	8.681668871255347	450283	8681.668871255348	0	-36.58117614639799
89911.13441480331	750	7.651303852459943	0.0	155580	348.69614754005636	1	-0.15000000000000002
89911.82028852044	1850	10.965430135331635	0.0	350812	685.8737171283086	3	0.3
89920.92616527346	750	5.859553382314641	0.0	933276	9105.876753016993	1	0.75
89921.6974733285	750	9.088245327278257	0.0	411561	771.3080550363845	1	-0.3500000000000001
89922.31257227919	1850	12.473146376589026	0.0	318564	615.0989506892314	3	0.75
89924.10220729372	1850	14.683511362061846	0.0	905515	1789.6350145271786	3	0.75
89931.48194228859	750	11.303776367183113	0.0	1060487	7379.734994878733	1	1.85
89932.18102762543	1850	14.604691030342007	0.0	374758	699.0853368411058	3	-0.3500000000000001
89935.48356152565	1850	15.302157130123021	0.0	913888	3302.533900218984	3	0.75
89938.58611913164	1850	16.19959952412696	0.0	939819	3102.5576059960617	3	1.85
89939.77405446566	1850	19.011664190122488	0.0	917428	1187.9353340044704	3	1.85
89941.03369295935	1850	21.752025696426188	0.0	946851	1259.6384936963	3	1.85
89944.38659471682	1850	22.399123938961836	0.0	1036454	3352.90175746435	3	1.85
89945.49366991996	1850	25.29204873581615	0.0	821631	1107.0752031456866	3	1.85
89947.1938483399	1850	27.591870315877014	0.0	923170	1700.1784199391325	3	1.85
89953.37374946725	1850	25.411969188522065	0.0	966699	6179.90112735495	3	1.85
89961.72509114613	1850	21.06062750964407	0.0	885714	8351.341678877994	3	1.85
89967.17800934122	1850	19.60770931454238	0.0	987708	5452.918195101692	3	1.85
89972.562928481	1850	18.222790174763954	0.0	923755	5384.919139778424	3	1.85
89978.22047997218	1850	16.56523868357957	0.0	891604	5657.551491184387	3	1.85
89991.52009754648	300	7.265621109278567	0.0	955231	13299.617574301003	0	1.85
89992.17230760977	750	10.61341104599611	0.0	163927	652.2100632824582	1	-1.25
89995.67103613746	750	11.11468251830218	0.0	343800	3498.72852769393	1	0.3
89999.20364855981	750	11.582070095961074	0.0	359903	3532.6124223411052	1	0.75
90000.11357829269	1850	14.672140363082708	0.0	379700	909.9297328783648	3	0.75
90001.51661437882	1850	17.26910427693579	0.0	1076599	1403.0360861469217	3	0.75
90005.89185644613	1850	16.893862209632346	0.0	758197	4375.242067303445	3	1.85
90007.10851007074	1850	19.677208585015926	0.0	972798	1216.6536246164185	3	1.85
90009.16172628301	1850	21.623992372736016	0.0	975811	2053.2162122799145	3	1.85
90021.69269512001	750	13.09302353572312	0.0	873429	12530.968837012895	1	1.85
90023.76251110321	750	15.023207552525324	0.0	400322	2069.8159831977955	1	-0.3500000000000001
90024.8449993921	1850	17.940719263649743	0.0	369834	1082.4882888755797	3	0.75
90034.811950362	1850	11.973768293749304	0.0	1035329	9966.950969900437	3	0.75
90036.65665524529	1850	14.129063410450923	0.0	1026056	1844.7048832983821	3	1.85
90038.05462449805	1850	16.731094157681277	0.0	943942	1397.9692527696454	3	1.85
90039.12191469537	1850	19.663803960369563	0.0	728962	1067.290197311716	3	1.85
90040.39356813989	1850	22.392150515854542	0.0	938587	1271.6534445150223	3	1.85
90047.34499013529	1850	19.44072852045584	0.0	908665	6951.4219953987	3	1.85
90052.06280470622	1850	18.722913949523885	0.0	930577	4717.814570931955	3	1.85
90053.23983022892	1850	21.545888426820003	0.0	858450	1177.0255227038845	3	1.85
90057.8942084466	1850	20.891510209150876	0.0	1025005	4654.378217669124	3	1.85
90070.19346112554	750	12.592257530198866	0.0	886255	12299.252678952013	1	1.85
90071.08883373282	1850	15.696884922901699	0.0	438281	895.3726072971663	3	-0.3500000000000001
90072.63860510875	1850	18.1471135469836	0.0	958994	1549.7713759181004	3	0.75
90073.93068198267	1850	20.85503667305568	0.0	982064	1292.0768739279215	3	1.85
90076.89402267455	1850	21.89169598118409	0.0	830730	2963.340691871589	3	1.85
90078.0087405843	1850	24.776978071426253	0.0	846370	1114.717909757838	3	1.85

