3351.9981645124712	750	4.0	2.563469096620669	450283	2563.469096620669	-10.272917115468875
3352.8324550166235	750	7.165709495847812	0.0	398865	834.2905041521884	0.75
3353.899575083474	1200	10.098589428998054	0.0	571051	1067.1200668497581	0.75
3355.5496895329097	1850	12.448474979562002	0.0	933276	1650.1144494360508	1.2000000000000002
3361.108865624364	2850	10.889298888107477	0.0	1472558	5559.176091454526	1.85
3369.6814403588764	1200	6.316724153595036	0.0	520315	8572.574734512442	-0.44999999999999996
3369.966083039083	300	10.032081473388004	0.0	153295	284.6426802070316	-0.6000000000000001
3370.993282487584	1200	13.004882024886642	0.0	709534	1027.1994485013597	0.29999999999999993
3373.7552472190187	1200	14.242917293452356	0.0	584846	2761.9647314342865	1.2
3375.4313918827834	1200	16.566772629687947	0.0	560821	1676.1446637644062	1.2
3376.5523695917586	1200	19.44579492071286	0.0	607410	1120.9777089750892	1.2
3377.4418303460543	1200	22.55633416641697	0.0	594078	889.460754295889	1.2
3379.3792173725988	2850	24.618947139872574	0.0	1422919	1937.3870265443975	1.2000000000000002
3388.22492249612	2850	19.773242016351126	0.0	1578343	8845.705123521444	2.85
3389.7453389499155	1200	22.252825562555568	0.0	526950	1520.416453795557	-0.44999999999999996
3396.8281029194072	1200	19.17006159306375	0.0	587876	7082.763969491818	1.2
3398.8254353885895	300	21.172729123881286	0.0	143509	1997.3324691824637	-0.6000000000000001
3401.9096886537377	300	22.08847585873313	0.0	150616	3084.253265148158	0.3
3404.203271882847	300	23.794892629624105	0.0	165384	2293.583229109027	0.3
3407.1204062472516	300	24.877758265219487	0.0	140881	2917.1343644046187	0.3
3407.886402372042	300	28.111762140429093	0.0	157671	765.9961247903965	0.3
3409.8409284436407	1850	30.15723606883071	0.0	955231	1954.5260715983807	0.30000000000000004
3425.4475114953616	4300	18.550653017109777	0.0	2221506	15606.583051720934	1.8499999999999996
3426.5342622355897	1200	21.463902276881708	0.0	536667	1086.7507402280687	-1.9000000000000001
3430.316550835048	1850	21.681613677423506	0.0	897976	3782.2885994582034	1.2000000000000002
3433.699978450024	1200	22.298186062447158	0.0	590335	3383.427614976345	0.5499999999999999
3434.987179321952	750	25.010985190518905	0.0	425781	1287.2008719282549	0.3
3439.5380832928645	750	24.460081219606934	0.0	277716	4550.903970911972	0.75
3439.835814820539	300	28.162349691932363	0.0	153605	297.7315276745739	-0.15000000000000002
3440.8250510773814	1200	31.17311343508999	0.0	641447	989.2362568423711	0.29999999999999993
3441.713568518437	1200	34.28459599403433	0.0	570392	888.5174410556659	1.2
3442.672805295759	1200	37.32535921671219	0.0	620283	959.2367773221426	1.2
3443.5811064608592	1200	40.417058051612685	0.0	584349	908.301165099506	1.2
3446.9025371822327	4300	41.0956273302388	0.0	2286761	3321.43072137389	1.1999999999999997
3466.18179436318	4300	25.81637014929147	0.0	2307787	19279.25718094733	4.3
3466.8689964153737	300	29.129168097097835	0.0	159914	687.2020521936362	-3.7
3467.448726658437	300	32.54943785403466	0.0	131610	579.7302430631744	0.3
3468.9926299394224	750	35.00553457304924	0.0	361565	1543.9032809854157	0.3
3473.458754856397	750	34.53940965607501	0.0	378327	4466.12491697423	0.75
3474.571044710383	300	37.42711980208932	0.0	149991	1112.2898539856908	-0.15000000000000002
3475.863516945221	750	40.134647567251164	0.0	345516	1292.4722348381533	0.3
3479.2347673541353	1200	40.763397158336765	0.0	641452	3371.2504089144004	0.75
3492.5794542625213	1200	31.41871024995113	0.0	599477	13344.68690838564	1.2
3493.020267345712	300	34.9778971667601	0.0	172312	440.81308319103067	-0.6000000000000001
3494.41988227367	1200	37.57828223880246	0.0	630203	1399.6149279576414	0.29999999999999993
3500.1432835016935	2850	35.854881010778705	0.0	1483527	5723.40122802375	1.2000000000000002
3502.395229953372	2850	37.60293455910047	0.0	1231456	2251.946451678241	2.85
3504.8924352230288	2850	39.10572928944357	0.0	1364537	2497.205269656892	2.85

