22016.74348470432	300	4.0	0.7655070095636611	181801	765.5070095636611	-2.991680141123743
22017.052526441767	300	7.690958262551771	0.0	155580	309.0417374482293	0.3
22017.510694931694	300	11.232789772624843	0.0	139857	458.1684899269276	0.3
22017.819342064446	300	14.924142639874402	0.0	155432	308.6471327504409	0.3
22018.31738118123	750	18.426103523089054	0.0	411561	498.0391167853476	0.3
22018.693171851646	750	22.050312852673244	0.0	318564	375.79067041581067	0.75
22019.292321724104	1200	25.45116298021492	0.0	561791	599.1498724583208	0.75
22022.406531408957	2850	26.336953295362655	0.0	1638769	3114.209684852268	1.2000000000000002
22025.20537485071	2850	27.53810985361287	0.0	1348011	2798.8434417497856	2.85
22027.935935521684	2850	28.807549182638212	0.0	1429765	2730.560670974656	2.85
22030.388383418896	2850	30.355101285426983	0.0	1354548	2452.4478972112292	2.85
22034.15076147149	4300	30.592723232831176	0.0	2102452	3762.3780525958055	2.8499999999999996
22037.762725932676	4300	30.98075877164528	0.0	2209463	3611.964461185897	4.3
22044.10434088874	4300	28.639143815577476	0.0	2275376	6341.614956067802	4.3
22046.09689446052	2850	30.64659024380347	0.0	1231445	1992.5535717740113	1.4000000000000001
22049.919075118876	4300	30.82440958544553	0.0	2152483	3822.180658357937	2.8499999999999996
22059.543342908102	4300	25.200141796219302	0.0	2289689	9624.267789226227	4.3
22061.684960382536	2850	27.058524321784482	0.0	1358801	2141.617474434819	1.4000000000000001
22064.03044229662	2850	28.713042407704396	0.0	1537156	2345.481914080086	2.85
22066.652526343874	2850	30.090958360445974	0.0	1336050	2622.0840472584237	2.85
22070.105606187815	4300	30.63787851650258	0.0	2039773	3453.079843943394	2.8499999999999996
22077.151353730253	4300	27.592130974065917	0.0	2176469	7045.747542436663	4.3
22081.185202583387	2850	27.55828212093131	0.0	1505760	4033.8488531346097	1.4000000000000001
22085.254732231348	2850	27.48875247296902	0.0	1323990	4069.5296479622875	2.85
22089.626602402725	2850	27.116882301593243	0.0	1383735	4371.870171375777	2.85
22097.967321753473	4300	22.776162950845286	0.0	2105231	8340.719350747957	2.8499999999999996
22102.523181174583	1850	22.220303529734796	0.0	1076599	4555.859421110489	-0.6000000000000001
22104.333639826706	1850	24.409844877613658	0.0	758197	1810.458652121138	1.85
22105.916483560333	1850	26.827001143983217	0.0	972798	1582.8437336304423	1.85
22121.429335067987	4300	15.314149636329555	0.0	2164140	15512.85150765366	1.8499999999999996
22122.22747243415	750	18.516012270165227	0.0	358218	798.1373661643311	-2.8
22124.878416524545	1200	19.86506817977366	0.0	620283	2650.944090391565	0.75
22126.037258081014	1200	22.706226623301813	0.0	584349	1158.8415564718487	1.2
22129.943508146804	1850	22.799976557512796	0.0	1035329	3906.2500657890155	1.2000000000000002
22134.365446676286	1850	22.378038028032236	0.0	1026056	4421.938529480562	1.85
22140.731683832466	1850	20.01180087185135	0.0	943942	6366.237156180886	1.85
22147.118181727852	1200	17.625302976466745	0.0	487812	6386.497895384606	0.5499999999999999
22152.910514450123	750	15.83297025419804	0.0	361565	5792.332722268703	0.3
22154.934507877595	750	17.808976826722922	0.0	378327	2023.9934274751192	0.75
22157.088049944738	1200	19.655434759581418	0.0	587506	2153.5420671415054	0.75
22159.253815476357	1200	21.489669227958768	0.0	566904	2165.7655316226533	1.2
22160.970075221623	1200	23.773409482693992	0.0	641452	1716.2597452647765	1.2
22163.94432261748	1850	24.799162086837676	0.0	886255	2974.247395856317	1.2000000000000002
22165.76615888581	1850	26.97732581851136	0.0	973972	1821.8362683263142	1.85
22167.54716518336	2850	29.196319520961776	0.0	1464921	1781.0062975495805	1.85
22179.985997239288	4300	20.757487465035943	0.0	2246506	12438.832055925835	2.8499999999999996
22188.854011099884	1200	15.889473604439672	0.0	538612	8868.01386059627	-1.9000000000000001
22189.772163554284	750	18.971321150038683	0.0	314107	918.1524544009917	0.3

