22775.58961719294	750	4.0	3.569958680226765	450283	3569.958680226765	-14.600822324975088
22790.32032116468	750	4.0	10.730703971737057	398865	14730.703971737057	-45.39202707846935
22790.668969347884	300	7.6513518167942784	0.0	139857	348.64818320572124	-0.15000000000000002
22791.483426515486	750	10.836894649190057	0.0	382355	814.4571676042211	0.3
22801.66255174945	1850	4.657769415227227	0.0	996749	10179.12523396283	0.75
22805.167254882257	750	5.1530662824174085	0.0	318564	3504.7031328098183	-0.3500000000000001
22807.65442207544	300	6.665899089233933	0.0	153295	2487.1671931834762	-0.15000000000000002
22810.63300700471	300	7.687314159962956	0.0	173849	2978.584929270976	0.3
22811.756592639897	300	10.563728524776234	0.0	150710	1123.585635186722	0.3
22812.814252606193	300	13.506068558478185	0.0	139105	1057.6599662980489	0.3
22815.296588721187	750	15.023732443486738	0.0	353220	2482.3361149914467	0.3
22818.611918015664	750	15.708403149010739	0.0	405134	3315.329294476	0.75
22833.08487553332	750	5.235445631353762	0.0	386351	14472.957517656978	0.75
22835.329888149132	300	6.990433015544002	0.0	179801	2245.0126158097596	-0.15000000000000002
22835.898000206907	300	10.42232095777014	0.0	140051	568.112057773862	0.3
22837.30514871639	750	13.015172448286005	0.0	366214	1407.1485094841348	0.3
22839.264334054616	750	15.055987110062507	0.0	360831	1959.1853382234995	0.75
22840.459439800503	750	17.860881364173636	0.0	372963	1195.1057458888686	0.75
22850.35383293798	1850	11.966488226694782	0.0	987708	9894.393137478855	0.75
22851.030175822685	750	15.290145341991309	0.0	350713	676.3428847034729	-0.3500000000000001
22858.476215565166	1850	11.844105599509634	0.0	891604	7446.039742481675	0.75
22859.591403487015	750	14.728917677659858	0.0	399894	1115.1879218497759	-0.3500000000000001
22861.27829949676	1850	17.042021667916103	0.0	968026	1686.8960097437582	0.75
22866.857479573002	1850	15.462841591674259	0.0	874175	5579.1800762418425	1.85
22870.71201203074	1850	15.608309133934258	0.0	897976	3854.532457740002	1.85
22872.64346256597	1850	17.676858598704044	0.0	905935	1931.4505352302165	1.85
22874.46486312095	1850	19.855458043721626	0.0	1076599	1821.400554982417	1.85
22875.719386876463	1850	22.600934288208883	0.0	758197	1254.5237555127424	1.85
22879.226895012096	1850	23.09342615257663	0.0	972798	3507.5081356322507	1.85
22880.91535743393	1850	25.404963730743155	0.0	975811	1688.4624218334764	1.85
22882.783201680133	1850	27.53711948454197	0.0	873429	1867.844246201183	1.85
22885.702765224458	1850	28.617555940214647	0.0	954453	2919.563544327324	1.85
22887.08420959033	1850	31.236111574339095	0.0	885062	1381.4443658755506	1.85
22888.75541292358	1850	33.5649082410906	0.0	1035329	1671.203333248494	1.85
22890.344937711092	1850	35.97538345357477	0.0	1026056	1589.524787515823	1.85
22918.900770472654	4300	11.419550692014345	0.0	2143948	28555.83276156043	1.8499999999999996
22923.09362500934	1850	11.226696155326502	0.0	728962	4192.854536687843	-0.6000000000000001
22932.987684672844	1850	5.332636491822992	0.0	938587	9894.05966350351	1.85
22935.024372050662	750	7.2959491140065005	0.0	378327	2036.6873778164918	-0.3500000000000001
22946.13809479745	750	4.0	3.817773632784027	390680	11113.722746790527	-15.666426620971315
22952.478840907675	300	4.0	2.3407461102233094	147968	6340.746110223309	-10.21520827396023
22953.564425900808	300	6.914415006865824	0.0	161857	1085.5849931341754	0.3
22954.150518337916	300	10.328322569758324	0.0	145210	586.0924371075002	0.3
22956.02179995636	750	12.457040951311203	0.0	438281	1871.2816184471212	0.3
22957.823302982146	750	14.655537925528668	0.0	398987	1801.5030257825354	0.75
22959.080720321545	750	17.39812058613034	0.0	393804	1257.4173393983317	0.75
22968.479058499073	1850	11.999782408602993	0.0	830730	9398.338177527346	0.75
22969.093157532996	750	15.385683374676239	0.0	314107	614.0990339267543	-0.3500000000000001

