15719.201093357027	300	4.0	1.7882403100364181	181801	1788.2403100364181	-7.389433333156598
15719.657025683522	300	7.544067673504666	0.0	155580	455.9323264953338	0.3
15722.286153254669	300	8.91494010235789	0.0	139857	2629.1275711467765	0.3
15723.806476612044	300	11.394616744982603	0.0	155432	1520.323357375287	0.3
15725.255404314203	300	13.945689042823599	0.0	163442	1448.9277021590044	0.3
15726.78592307246	750	16.41517028456598	0.0	318564	1530.5187582576139	0.3
15727.963552567724	750	19.237540789302194	0.0	352642	1177.6294952637877	0.75
15730.288822314797	1200	20.91227104222858	0.0	709534	2325.2697470736175	0.75
15733.73768145615	1850	21.463411900875002	0.0	852833	3448.8591413535764	1.2000000000000002
15735.84652452887	1200	23.354568828154513	0.0	560821	2108.8430727204895	0.5499999999999999
15739.204429454283	1850	23.99666390274124	0.0	939819	3357.904925413275	1.2000000000000002
15742.620608730065	1850	24.580484626960192	0.0	917428	3416.179275781048	1.85
15746.525389285069	1850	24.675704071955444	0.0	946851	3904.7805550047497	1.85
15749.755220016392	1850	25.44587334063285	0.0	1036454	3229.8307313225932	1.85
15756.41655930328	2850	22.784534053744117	0.0	1231445	6661.339286888731	1.85
15759.782070073457	1850	23.41902328356628	0.0	923170	3365.5107701778393	0.8500000000000001
15762.883849052287	1850	24.317244304737926	0.0	966699	3101.77897882835	1.85
15768.87477812464	1850	22.326315232384577	0.0	885714	5990.929072353352	1.85
15772.966914248766	1850	22.234179108258164	0.0	987708	4092.1361241264103	1.85
15780.152602326541	1200	19.048491030482424	0.0	586839	7185.688077775745	0.5499999999999999
15782.99915706734	1200	20.201936289685364	0.0	601738	2846.5547407970594	1.2
15786.368752946155	1200	20.832340410869485	0.0	616206	3369.59587881588	1.2
15789.018499478698	1200	22.182593878327637	0.0	656471	2649.746532541849	1.2
15795.785292237864	1200	19.41580111916089	0.0	536667	6766.792759166748	1.2
15798.873150946874	1200	20.327942410152012	0.0	587236	3087.8587090088786	1.2
15800.836900222821	1200	22.364193134204385	0.0	590335	1963.7492759476268	1.2
15805.370936892836	1850	21.83015646419034	0.0	1076599	4534.036670014047	1.2000000000000002
15808.793693843365	1200	22.407399513661083	0.0	487160	3422.756950529255	0.5499999999999999
15813.689563339063	1850	21.511530017961398	0.0	972798	4895.869495699682	1.2000000000000002
15815.81920083028	1200	23.38189252674612	0.0	641447	2129.637491215278	0.5499999999999999
15819.933723928792	1850	23.26736942823345	0.0	873429	4114.523098512668	1.2000000000000002
15825.615414516475	1850	21.585678840551093	0.0	954453	5681.690587682358	1.85
15827.826431500504	1200	23.37466185652246	0.0	584349	2211.016984028632	0.5499999999999999
15833.97575820491	1850	21.225335152117268	0.0	1035329	6149.326704405193	1.2000000000000002
15836.511813416239	1200	22.689279940787202	0.0	690253	2536.0552113300646	0.5499999999999999
15839.779398423902	1850	23.421694933124844	0.0	943942	3267.5850076623583	1.2000000000000002
15844.576367198657	1850	22.624726158367952	0.0	728962	4796.96877475689	1.85
15847.23539070017	1200	23.965702656853836	0.0	575591	2659.023501514119	0.5499999999999999
15850.819125189377	1850	24.381968167648314	0.0	908665	3583.734489205521	1.2000000000000002
15855.991805722488	1850	23.209287634537727	0.0	930577	5172.680533110587	1.85
15859.17939491919	1850	24.021698437835262	0.0	858450	3187.589196702465	1.85
15863.376094401772	1850	23.824998955251846	0.0	1025005	4196.699482583415	1.85
15866.858991551588	1850	24.3421018054381	0.0	886255	3482.897149813742	1.85
15871.943719229715	1850	23.257374127310417	0.0	973972	5084.727678127684	1.85
15875.874165514062	1850	23.3269278429645	0.0	958994	3930.446284345916	1.85
15879.445332608877	1850	23.755760748148248	0.0	982064	3571.167094816255	1.85
15883.07633468681	1850	24.124758670214923	0.0	830730	3631.0020779333236	1.85
15886.64939649804	1850	24.551696858984887	0.0	846370	3573.061811230036	1.85

