35144.30812162009	300	4.0	0.3189282268335047	181801	318.9282268335047	-1.07139137538407
35144.59258943672	300	7.715532183372167	0.0	155580	284.467816627833	0.3
35144.85639362382	300	11.45172799626509	0.0	139857	263.8041871070757	0.3
35145.15438416004	300	15.153737460042887	0.0	155432	297.9905362222043	0.3
35145.84929701562	750	18.45882460446048	0.0	411561	694.9128555824037	0.3
35146.623038688194	750	21.6850829318837	0.0	318564	773.7416725767836	0.75
35148.726340631285	1200	23.581780988797405	0.0	561791	2103.301943086295	0.75
35150.775238126706	1850	25.532883493380023	0.0	1060487	2048.897495417378	1.2000000000000002
35152.43876979323	1850	27.869351826844394	0.0	852833	1663.5316665356277	1.85
35157.07237028655	2850	27.23575133352604	0.0	1429765	4633.600493318354	1.85
35159.97559167743	2850	28.332529942651476	0.0	1354548	2903.221390874565	2.85
35164.11554553334	4300	28.19257608673229	0.0	2102452	4139.953855919186	2.8499999999999996
35166.50752633769	2850	29.800595282382872	0.0	1422919	2391.980804349415	1.4000000000000001
35170.92186712172	4300	29.386254498357754	0.0	2275376	4414.340784025119	2.8499999999999996
35175.62466917444	2850	28.68345244563558	0.0	1231445	4702.802052722175	1.4000000000000001
35186.802219539764	4300	21.50590208031087	0.0	2152483	11177.550365324709	2.8499999999999996
35188.09078994659	1200	24.21733167348499	0.0	617242	1288.5704068258844	-1.9000000000000001
35189.67087442693	1850	26.637247193147243	0.0	885714	1580.0844803377436	1.2000000000000002
35192.035843216094	2850	28.272278403979943	0.0	1537156	2364.9687891673	1.85
35194.49740654599	2850	29.81071507407864	0.0	1336050	2461.5633299013025	2.85
35199.98945023961	4300	28.318671380453235	0.0	2039773	5492.043693625409	2.8499999999999996
35204.013336986056	4300	28.29478463401288	0.0	2176469	4023.8867464403506	4.3
35207.35427611454	4300	28.953845505523397	0.0	2221506	3340.9391284894846	4.3
35210.21356703369	4300	30.09455458638305	0.0	2044075	2859.2909191403455	4.3
35213.2669048951	4300	31.04121672497047	0.0	2186790	3053.337861412579	4.3
35216.20934849477	4300	32.0987731253018	0.0	2105231	2942.443599668676	4.3
35225.22830365182	4300	27.079817968253067	0.0	2395588	9018.95515704873	4.3
35229.36495397425	2850	26.943167645826435	0.0	1141971	4136.650322426634	1.4000000000000001
35233.88825460787	2850	26.419867012199923	0.0	1498470	4523.300633626511	2.85
35237.18129037933	2850	27.12683124074129	0.0	1561263	3293.0357714586335	2.85
35239.42033157368	2850	28.887790046389483	0.0	1341201	2239.0411943518043	2.85
35247.461402140034	4300	24.846719480030146	0.0	2147852	8041.070566359339	2.8499999999999996
35249.09204939554	1850	27.216072224525178	0.0	885062	1630.647255504965	-0.6000000000000001
35252.04543038919	2850	28.262691230875994	0.0	1587293	2953.3809936491834	1.85
35254.612979546735	2850	29.69514207332993	0.0	1492672	2567.549157546062	2.85
35262.097686598354	4300	26.210435021709017	0.0	2143948	7484.707051620911	2.8499999999999996
35265.555996396506	2850	26.752125223559908	0.0	1139291	3458.3097981491064	1.4000000000000001
35271.25777372591	2850	25.05034789415395	0.0	1499009	5701.777329405961	2.85
35276.39100914983	1850	23.917112470227842	0.0	908665	5133.235423926108	0.8500000000000001
35278.50224285926	1850	25.805878760802315	0.0	930577	2111.233709425527	1.85
35286.1235505864	2850	22.184571033662632	0.0	1339500	7621.307727139682	1.85
35287.33091896901	1200	24.977202651055876	0.0	641452	1207.3683826067568	-0.44999999999999996
35289.996755115004	2850	26.311366505063933	0.0	1343002	2665.8361459919424	1.2000000000000002
35293.38011324306	2850	26.92800837700503	0.0	1587250	3383.3581280589033	2.85
35299.593008825126	2850	24.715112794940744	0.0	1464921	6212.895582064286	2.85
35302.26199512218	1850	26.046126497887354	0.0	982064	2668.9862970533904	0.8500000000000001
35305.04177894615	2850	27.266342673917862	0.0	1231456	2779.783823969492	1.85
35308.3463182372	2850	27.961803382865988	0.0	1364537	3304.5392910518763	2.85

