29709.09462502838	750	4.0	1.267580259019436	450283	1267.580259019436	0.35523036651606277	-4.700595113783574
29709.473364511432	300	7.621260516953187	0.0	155580	378.73948304681227	0.4107836836772846	-0.15000000000000002
29709.92465716013	750	11.169967868253448	0.0	350812	451.29264869974	0.7773492455743654	0.3
29710.869382668618	1850	14.225242359766398	0.0	933276	944.7255084870485	0.9878805977141608	0.75
29713.004537152898	2850	16.090087875486088	0.0	1472558	2135.154484280313	0.6896728132982604	1.85
29717.581947145827	4300	15.512677882556387	0.0	1941625	4577.409992929699	0.4241754623245565	2.8499999999999996
29721.507589394132	4300	15.587035634250519	0.0	2157535	3925.6422483058695	0.5496005146498245	4.3
29725.598753078	4300	15.49587195038547	0.0	2290172	4091.163683865049	0.5597849846565913	4.3
29728.99315007173	4300	16.101474956655665	0.0	2055469	3394.3969937298057	0.6055476138462593	4.3
29735.163923994307	4300	13.93070103408001	0.0	2169201	6170.773922575652	0.35152819196049656	4.3
29737.33820850593	2850	15.756416522453256	0.0	1354548	2174.284511626757	0.6229856271139759	1.4000000000000001
29741.083971671982	4300	16.01065335640179	0.0	2102452	3745.7631660514658	0.5612880224395674	2.8499999999999996
29750.405865151828	4300	10.688759876558596	0.0	2209463	9321.893479843195	0.2370186920476553	4.3
29751.73666211998	1200	13.357962908405847	0.0	687371	1330.7969681527475	0.5165107949968701	-1.9000000000000001
29753.634862389095	2850	15.459762639290759	0.0	1231445	1898.200269115088	0.648743454542908	1.2000000000000002
29757.177991080946	4300	15.916633947437356	0.0	2152483	3543.1286918534024	0.6075091217965445	2.8499999999999996
29761.22512202962	4300	15.86950299876462	0.0	2289689	4047.1309486727364	0.5657560946356104	4.3
29767.78406696879	4300	13.310558059593664	0.0	2059512	6558.944939170955	0.31400050146789626	4.3
29771.90035594425	2850	13.194269084133442	0.0	1537156	4116.288975460222	0.37343247987785844	1.4000000000000001
29775.29537176563	2850	13.799253262751009	0.0	1336050	3395.0158213824348	0.3935327757783369	2.85
29780.09980275285	2850	12.994822275531998	0.0	1415116	4804.43098721901	0.2945439332492366	2.85
29784.39767818511	1850	12.696946843275512	0.0	955231	4297.875432256485	0.2222565579334349	0.8500000000000001
29788.293847734323	1850	12.800777294059559	0.0	968026	3896.1695492159547	0.24845581994623428	1.85
29790.99588733823	1850	14.098737690152353	0.0	874175	2702.0396039072057	0.32352412552944254	1.85
29795.903490447152	2850	13.191134581233833	0.0	1383735	4907.603108918521	0.2819573973872005	1.85
29806.597528638285	2850	6.4970963901013254	0.0	1480464	10694.038191132508	0.13843825630131001	2.85
29810.031362051155	300	7.063262977229984	0.0	181901	3433.833412871342	0.052973158021633895	-2.25
29810.668113070875	750	10.426511957511003	0.0	277716	636.7510197189795	0.43614535571936075	0.3
29811.99686353242	1200	13.097761495964413	0.0	622896	1328.7504615465923	0.46878328025187166	0.75
29816.536865751994	2850	12.557759276393602	0.0	1561263	4540.00221957081	0.3438903605090295	1.2000000000000002
29820.179877337265	1850	12.914747691121592	0.0	873429	3643.01158527201	0.23975465890119707	0.8500000000000001
29822.975206073646	1850	14.11941895474355	0.0	954453	2795.328736378044	0.34144570818411196	1.85
29827.369831860084	2850	13.72479316830442	0.0	1358081	4394.62578643913	0.30903222845293127	1.85
29846.181343449265	2850	4.0	5.086718420875663	1587293	18811.51158918008	0.08437881200960862	-19.022889209765346
29846.85872387623	300	7.322619573034209	0.0	179328	677.3804269657911	0.26473749884281256	-2.25
29848.157501674414	750	10.023841774850725	0.0	365161	1298.7777981834838	0.2811574085349526	0.3
29850.32764441578	1200	11.853699033488947	0.0	487812	2170.142741361779	0.22478337056017558	0.75
29852.847499275984	1850	13.333844173282525	0.0	938587	2519.8548602064225	0.3724766115787766	1.2000000000000002
29856.84704140345	2850	13.334302045816539	0.0	1427478	3999.542127465986	0.3569103548621491	1.85
29858.549433580276	2850	15.631909868991794	0.0	1402287	1702.3921768247462	0.8237156038953998	2.85
29868.88435606088	4300	9.296987388385924	0.0	2108491	10334.92248060587	0.20401614080383434	2.8499999999999996
29872.53333391212	1200	9.648009537149653	0.0	641452	3648.977851236271	0.1757895021979036	-1.9000000000000001
29881.089566511586	1200	5.091776937681481	0.0	599477	8556.232599468172	0.07006319580854564	1.2
29881.342924098368	300	8.838419350899533	0.0	172312	253.35758678194682	0.6801138351080876	-0.6000000000000001
29881.824332145847	750	12.357011303419563	0.0	398987	481.4080474799701	0.828791712329239	0.3
29882.892355296328	1850	15.288988152940052	0.0	982064	1068.0231504795129	0.919515648662747	0.75
29884.945395466144	4300	17.235947983122816	0.0	1961140	2053.0401698172336	0.9552370327827464	1.8499999999999996
29887.19348404852	4300	18.98785940074819	0.0	2155012	2248.088582374627	0.9585974578117774	4.3

