4808.983615197107	750	4.0	2.1845944849795664	450283	2184.5944849795665	0.2061174296172462	-8.643756285412135
4809.622294801309	300	7.361320395797541	0.0	155580	638.6796042024599	0.24359631805414833	-0.15000000000000002
4810.6087911719405	750	10.374824025165301	0.0	350812	986.4963706322393	0.3556140807443284	0.3
4813.07217561283	1200	11.911439584276184	0.0	617681	2463.3844408891164	0.25074486537596974	0.75
4818.708814113199	1850	10.274801083907466	0.0	996749	5636.638500368716	0.17683394099777702	1.2000000000000002
4821.641062030353	1200	11.342553166752953	0.0	520315	2932.2479171545133	0.17744577358415164	0.5499999999999999
4824.60690106532	1850	12.376714131787	0.0	905515	2965.839034965953	0.3053149511232308	1.2000000000000002
4829.84855554415	1850	11.135059652956636	0.0	1060487	5241.6544788303645	0.20231913497599324	1.85
4832.521877636388	1850	12.461737560719103	0.0	852833	2673.3220922375335	0.3190161793359478	1.85
4833.9636931019795	1850	15.019922095126848	0.0	913888	1441.815465592256	0.6338453302861482	1.85
4841.313883462297	4300	11.669731734809798	0.0	2173522	7350.190360317049	0.29570962022080816	1.8499999999999996
4850.388146944802	1850	6.595468252304387	0.0	917428	9074.26348250541	0.10110219983899978	-0.6000000000000001
4850.829645507199	300	10.153969689908342	0.0	160746	441.49856239604287	0.36409178577529333	-1.25
4852.326840219083	1200	12.656774978024227	0.0	687371	1497.1947118841153	0.4591059496429769	0.29999999999999993
4853.404108561279	1850	15.5795066358285	0.0	821631	1077.2683421957267	0.7626985476295742	1.2000000000000002
4858.25164299314	4300	14.731972203967711	0.0	2152483	4847.53443186079	0.44403666033863337	1.8499999999999996
4861.273451569314	2850	15.710163627793241	0.0	1491626	3021.808576174469	0.493620281496573	1.4000000000000001
4870.9503824516105	4300	10.033232745496933	0.0	2059512	9676.930882296308	0.2128269825475165	2.8499999999999996
4874.253592423503	1200	10.730022773605418	0.0	639204	3303.2099718915147	0.19350995105950625	-1.9000000000000001
4875.407489215689	1200	13.576125981418778	0.0	586839	1153.8967921866401	0.5085714805463123	1.2
4877.992728413982	2850	14.990886783125566	0.0	1415116	2585.2391982932113	0.5473830046110499	1.2000000000000002
4881.9713985369035	2850	15.012216660204523	0.0	1468126	3978.670122921044	0.36899917677068866	2.85
4892.628490581224	4300	8.355124615884813	0.0	2221506	10657.092044319708	0.20845329952687003	2.8499999999999996
4893.555624408523	750	11.427990788585836	0.0	343800	927.1338272989781	0.37082025256439366	-2.8
4896.524907683977	1850	12.458707513131674	0.0	897976	2969.283275454161	0.302421802400329	0.75
4909.484628032633	1850	4.0	0.5010128355240923	905935	12959.720348655766	0.0699039003641747	-0.30435519275359635
4910.83704605778	300	6.647581974853269	0.0	181901	1352.4180251467312	0.13450057350445663	-1.25
4911.978833033497	300	9.505794999137393	0.0	111155	1141.7869757158762	0.09735178484612524	0.3
4915.999745779239	1200	9.484882253395087	0.0	622896	4020.912745742307	0.15491408030666087	0.29999999999999993
4917.083384514739	1200	12.401243517894667	0.0	641447	1083.6387355004197	0.5919380500031521	1.2
4922.331835724501	1850	11.152792308132428	0.0	873429	5248.451209762239	0.16641652272110335	1.2000000000000002
4926.58075004165	1850	10.90387799098295	0.0	954453	4248.914317149479	0.2246345604446845	1.85
4927.480051799173	1200	14.004576233460424	0.0	584349	899.301757522526	0.6497807828262395	0.5499999999999999
4929.649758632683	2850	15.834869399950307	0.0	1587293	2169.7068335101176	0.7315702635420576	1.2000000000000002
4936.482540233702	4300	13.002087798932324	0.0	2307787	6832.781601017984	0.33775219738564066	2.8499999999999996
4946.732773819995	2850	6.751854212638846	0.0	1439896	10250.233586293478	0.14047445727728747	1.4000000000000001
4948.613328408783	300	8.871299623851243	0.0	131610	1880.5545887876037	0.0699846740874718	-2.25
4952.362309301595	750	9.122318731038458	0.0	361565	3748.9808928127836	0.09644354301542603	0.3
4953.539031772438	1200	11.945596260196316	0.0	605884	1176.722470842142	0.5148911616911578	0.75
4957.217452256391	1850	12.26717577624281	0.0	930577	3678.420483953506	0.2529827691150282	1.2000000000000002
4961.384046769331	1850	12.100581263302605	0.0	858450	4166.594512940204	0.20603156782689303	1.85
4963.910466630051	1850	13.574161402582995	0.0	1025005	2526.419860719611	0.4057144324807688	1.85
4967.870312060477	2850	13.61431597215658	0.0	1343002	3959.8454304264137	0.33915515734041657	1.85
4976.9346581143245	2850	8.549969918309191	0.0	1587250	9064.34605384739	0.17510915741420605	2.85
4977.762435579698	750	11.722192452935465	0.0	398987	827.7774653737239	0.4819979000272324	-1.35
4981.772208077835	1850	11.712419954798337	0.0	982064	4009.772498137128	0.24491763571530561	0.75
4984.8677101746025	1850	12.616917858031098	0.0	830730	3095.502096767238	0.26836680255121326	1.85
4989.089634017285	1850	12.394994015349027	0.0	846370	4221.92384268207	0.20047021962914535	1.85

