55148.191303397485	300	4.0	3.6837208861072464	450283	3683.7208861072463	0	-15.089999810261158
55153.522038131305	300	4.0	1.330734733818651	155580	5330.734733818651	0	-5.8721593554202
55154.36940849881	300	7.1526296324975105	0.0	139857	847.3703675024902	0	0.3
55155.39557092101	300	10.12646721029675	0.0	155432	1026.1624222007595	0	0.3
55156.546850026636	750	12.975188104670146	0.0	163442	1151.2791056266044	1	0.3
55158.41713750448	750	15.104900626823511	0.0	318564	1870.2874778466344	1	0.3
55162.86452459133	750	14.657513539975628	0.0	352642	4447.387086847883	1	0.75
55166.67098081849	750	14.851057312814634	0.0	437162	3806.456227160996	1	0.75
55175.277952483855	300	10.244085647449163	0.0	374758	8606.97166536547	0	0.75
55177.611649970975	300	11.910388160325155	0.0	139105	2333.6974871240072	0	-0.15000000000000002
55178.408272953384	750	15.113765177923222	0.0	141840	796.622982401933	1	0.3
55180.65779306447	750	16.864245066839654	0.0	405134	2249.520111083566	1	0.3
55182.612804671226	750	18.909233460081385	0.0	386351	1955.0116067582687	1	0.75
55187.82739658412	750	17.694641547186027	0.0	434409	5214.591912895358	1	0.75
55190.21419513196	750	19.307842999352165	0.0	337059	2386.7985478338633	1	0.75
55201.94783953492	300	11.574198596389467	0.0	366214	11733.644402962698	0	0.75
55202.54416209621	750	14.97787603510446	0.0	143509	596.322561285005	1	-0.15000000000000002
55206.510950509204	750	15.011087622112003	0.0	372963	3966.7884129924573	1	0.3
55208.388305141656	1850	17.133732989660675	0.0	405596	1877.35463245133	3	0.75
55217.047467063785	750	12.474571067533649	0.0	923755	8659.161922127027	1	0.75
55220.54910522602	750	12.972932905298181	0.0	386472	3501.6381622354684	1	-0.3500000000000001
55221.869629037996	1850	15.65240909331667	0.0	399894	1320.5238119815103	3	0.75
55231.75428952947	750	9.767748601847432	0.0	968026	9884.660491469238	1	0.75
55233.28171699339	750	12.240321137918219	0.0	343800	1527.427463929213	1	-0.3500000000000001
55239.26017251743	750	10.261865613878435	0.0	359903	5978.455524039785	1	0.75
55243.172222520756	750	10.349815610561327	0.0	379700	3912.050003317108	1	0.75
55246.99083333847	750	10.531204792846742	0.0	425781	3818.6108177145857	1	0.75
55248.08677982071	750	13.435258310606844	0.0	277716	1095.9464822398977	1	0.75
55249.97846506424	1850	15.54357306707629	0.0	400396	1891.685243530555	3	0.75
55257.32170728292	750	12.20033084839255	0.0	975811	7343.24221868374	1	0.75
55264.10650711803	300	9.415531013292524	0.0	358218	6784.799835100026	0	-0.3500000000000001
55264.96575838049	750	12.556279750832484	0.0	157488	859.2512624600406	1	-0.15000000000000002
55268.26972814475	750	13.252309986567466	0.0	369834	3303.9697642650167	1	0.3
55269.88745160543	750	15.634586525889786	0.0	412837	1617.7234606776813	1	0.75
55271.41345470365	1850	18.108583427666286	0.0	401088	1526.0030982234982	3	0.75
55275.73765566691	1850	17.784382464405308	0.0	943942	4324.200963260979	3	0.75
55284.621602176325	750	12.900435954994165	0.0	728962	8883.946509411144	1	1.85
55285.85972269005	1850	15.662315441266268	0.0	361565	1238.1205137278973	3	-0.3500000000000001
55289.007761076384	1850	16.514277054938383	0.0	908665	3148.0383863278857	3	0.75
55294.078668237686	1850	15.4433698936388	0.0	930577	5070.907161299581	3	1.85
55297.59724643702	1850	15.924791694301518	0.0	858450	3518.578199337282	3	1.85
55301.154902958064	1850	16.367135173259307	0.0	1025005	3557.65652104221	3	1.85
55304.4073751752	1850	17.11466295612462	0.0	886255	3252.472217134689	3	1.85
55309.775620294175	1850	15.746417837147673	0.0	973972	5368.245118976946	3	1.85
55313.13029753399	1850	16.391740597327647	0.0	958994	3354.6772398200264	3	1.85
55319.56391265468	1850	13.958125476642198	0.0	982064	6433.615120685447	3	1.85
55324.454232829565	1850	13.067805301762098	0.0	830730	4890.3201748801	3	1.85
55334.58766342836	750	6.93437470295974	0.0	846370	10133.430598802359	1	1.85

