21457.421884523923	300	4.0	3.0828408863184102	450283	3082.8408863184104	0	-12.506215811169163
21458.287075785443	750	7.134808738482778	0.0	155580	865.191261517222	1	-0.15000000000000002
21463.991775664468	300	5.430108859457332	0.0	350812	5704.699879025446	0	0.3
21464.807734298425	300	8.614150225497852	0.0	155432	815.9586339594804	0	-0.15000000000000002
21465.5664849903	750	11.85539953362596	0.0	163442	758.7506918718923	1	0.3
21466.974124002147	750	14.447760521775933	0.0	318564	1407.639011850026	1	0.3
21468.575637412716	750	16.84624711120673	0.0	352642	1601.5134105692032	1	0.75
21471.597682672716	750	17.824201851206514	0.0	437162	3022.045260000213	1	0.75
21474.236136490937	750	19.185748032984513	0.0	374758	2638.453818222002	1	0.75
21477.638701704884	750	19.783182819038945	0.0	362795	3402.565213945567	1	0.75
21479.572263411388	1850	21.849621112531736	0.0	353220	1933.5617065072097	3	0.75
21483.68914464588	1850	21.732739878037158	0.0	917428	4116.8812344945745	3	0.75
21490.3653201227	1850	19.056564401218694	0.0	946851	6676.175476818466	3	1.85
21497.95645138131	1850	15.46543314260627	0.0	1036454	7591.131258612421	3	1.85
21502.140221061254	1850	15.281663462659825	0.0	821631	4183.7696799464475	3	1.85
21506.78160122946	1850	14.640283294455788	0.0	923170	4641.380168204035	3	1.85
21516.331860524013	750	9.090023999901133	0.0	966699	9550.259294554655	1	1.85
21519.859165435555	300	9.56271908835998	0.0	372963	3527.304911541154	0	-0.3500000000000001
21520.534625294462	750	12.887259229452884	0.0	165384	675.4598589070963	1	-0.15000000000000002
21521.877356353674	1850	15.544528170239873	0.0	350713	1342.7310592130102	3	0.3
21531.539749416523	750	9.882135107392903	0.0	891604	9662.39306284697	1	0.75
21533.730759051632	750	11.691125472282796	0.0	399894	2191.0096351101074	1	-0.3500000000000001
21535.794819878432	750	13.627064645483674	0.0	401853	2064.06082679912	1	0.75
21537.32389670089	750	16.0979878230232	0.0	343800	1529.0768224604751	1	0.75
21538.796779566655	1850	18.625104957259392	0.0	359903	1472.8828657638085	3	0.75
21543.92858158835	1850	17.493302935566405	0.0	905935	5131.802021692985	3	0.75
21552.12102829531	1850	13.3008562286058	0.0	1076599	8192.446706960603	3	1.85
21554.45652240054	1850	14.9653621233784	0.0	758197	2335.4941052274	3	1.85
21559.46192640308	1850	13.959958120839573	0.0	972798	5005.404002538826	3	1.85
21565.04156523604	1850	12.380319287878502	0.0	975811	5579.638832961074	3	1.85
21567.87757898115	1850	13.544305542767262	0.0	873429	2836.0137451112396	3	1.85
21574.02916742163	1850	11.39271710228651	0.0	954453	6151.588440480753	3	1.85
21576.910236924432	1850	12.511647599485993	0.0	885062	2881.0695028005152	3	1.85
21581.572508185625	1850	11.849376338291881	0.0	1035329	4662.271261194113	3	1.85
21585.897714907136	1850	11.524169616782398	0.0	1026056	4325.206721509482	3	1.85
21590.646256957218	1850	10.775627566700134	0.0	943942	4748.542050082264	3	1.85
21592.903137161917	1850	12.51874736200145	0.0	728962	2256.880204698683	3	1.85
21597.439976931775	1850	11.981907592141328	0.0	938587	4536.839769860122	3	1.85
21601.19099147994	1850	12.23089304397661	0.0	908665	3751.014548164718	3	1.85
21606.22296486852	1850	11.198919655398267	0.0	930577	5031.973388578343	3	1.85
21609.173968956544	1850	12.247915567372232	0.0	858450	2951.0040880260344	3	1.85
21614.193105213046	1850	11.228779310871447	0.0	1025005	5019.136256500787	3	1.85
21617.329307879874	1850	12.09257664404374	0.0	886255	3136.2026668277076	3	1.85
21621.40783909292	1850	12.014045430995859	0.0	973972	4078.5312130478806	3	1.85
21628.875544705395	750	8.546339818522236	0.0	958994	7467.705612473623	1	1.85
21630.456425016855	750	10.965459507062027	0.0	393804	1580.8803114602083	1	-0.3500000000000001
21631.454071543714	1850	13.967812980199133	0.0	331053	997.6465268628937	3	0.75
21636.523763803547	1850	12.898120720370382	0.0	846370	5069.69225982875	3	0.75

