49803.613703309114	300	4.0	6.415189747440136	450283	6415.189747440137	0	-26.835315913992584
49804.28457807481	300	7.329125234296523	0.0	155580	670.8747657034775	0	-0.15000000000000002
49806.22470567892	300	9.388997630193517	0.0	139857	1940.1276041030062	0	0.3
49807.05204443375	750	12.561658875362237	0.0	155432	827.3387548312787	1	0.3
49809.11609511277	750	14.49760819634022	0.0	411561	2064.050679022019	1	0.3
49811.04808864493	750	16.565614664182924	0.0	318564	1931.993532157294	1	0.75
49816.230529878	750	15.383173431112775	0.0	352642	5182.441233070151	1	0.75
49818.227742404466	750	17.38596090464206	0.0	437162	1997.212526470712	1	0.75
49820.451301315035	300	19.16240199407554	0.0	374758	2223.5589105665194	0	0.75
49823.75380278863	750	19.859900520474334	0.0	139105	3302.5014736012085	1	-0.15000000000000002
49825.81917204918	750	21.794531259925222	0.0	353220	2065.3692605491133	1	0.3
49827.788571506004	300	23.82513180310168	0.0	405134	1969.3994568235391	0	0.75
49828.59784777713	1850	27.015855531971567	0.0	160746	809.2762711301149	3	-0.15000000000000002
49836.3203497898	1850	23.293353519304375	0.0	1036454	7722.502012667191	3	0.30000000000000004
49840.00050798647	1850	23.613195322632663	0.0	821631	3680.158196671712	3	1.85
49847.797282402535	1850	19.81642090656364	0.0	923170	7796.774416069022	3	1.85
49853.222785354694	1850	18.39091795440432	0.0	966699	5425.5029521593215	3	1.85
49855.9180663046	1850	19.695637004498998	0.0	885714	2695.2809499053174	3	1.85
49862.28533979149	1850	17.328363517616104	0.0	987708	6367.273486882896	3	1.85
49870.34836823591	1850	13.265335073188345	0.0	923755	8063.02844442776	3	1.85
49874.216580424385	1850	13.397122884716211	0.0	891604	3868.2121884721328	3	1.85
49883.15614012529	750	8.457563183812216	0.0	955231	8939.559700903996	1	1.85
49884.84105107196	750	10.772652237140148	0.0	401853	1684.910946672068	1	-0.3500000000000001
49888.67844180556	750	10.935261503543321	0.0	343800	3837.390733596827	1	0.75
49891.141651014696	750	12.472052294412073	0.0	359903	2463.209209131248	1	0.75
49892.52337635564	1850	15.090326953465699	0.0	379700	1381.725340946374	3	0.75
49895.47452356054	1850	16.139179748570605	0.0	1076599	2951.1472048950923	3	0.75
49897.41045941188	1850	18.203243897230795	0.0	758197	1935.9358513398117	3	1.85
49899.93204430733	1850	19.681659001783746	0.0	972798	2521.5848954470453	3	1.85
49909.18454507483	1850	14.429158234285829	0.0	975811	9252.500767497919	3	1.85
49913.64001942242	1850	13.973683886691811	0.0	873429	4455.474347594017	3	1.85
49916.53768498525	1850	15.076018323857816	0.0	954453	2897.6655628339954	3	1.85
49918.75037699709	1850	16.863326312014625	0.0	885062	2212.6920118431894	3	1.85
49921.49010756034	1850	18.123595748759055	0.0	1035329	2739.7305632555735	3	1.85
49924.25598540359	1850	19.35771790551013	0.0	1026056	2765.8778432489244	3	1.85
49930.93627814595	1850	16.67742516315084	0.0	943942	6680.292742359288	3	1.85
49933.76188355465	1850	17.85181975444777	0.0	728962	2825.6054087030707	3	1.85
49939.232888679966	1850	16.380814629133873	0.0	938587	5471.0051253138945	3	1.85
49941.31159933994	1850	18.30210396916406	0.0	908665	2078.7106599698127	3	1.85
49953.91026733454	300	9.703435974560874	0.0	930577	12598.667994603187	0	1.85
49954.67695616023	750	12.93674714888216	0.0	147968	766.6888256787131	1	-1.25
49956.35312386485	750	15.260579444254809	0.0	384505	1676.167704627352	1	0.3
49957.99397112566	750	17.61973218344116	0.0	372093	1640.8472608136476	1	0.75
49963.07949823272	750	16.534205076381294	0.0	438281	5085.527107059867	1	0.75
49964.61854110515	1850	18.99516220395069	0.0	398987	1539.0428724306046	3	0.75
49976.169803024575	750	11.443900284524942	0.0	982064	11551.26191942575	1	0.75
49978.87409200263	750	12.73961130647	0.0	331053	2704.2889780549413	1	-0.3500000000000001
49980.46436230902	750	15.149341000073708	0.0	314107	1590.2703063962924	1	0.75

