28287.28258368515	750	4.0	1.0254599288478716	450283	1025.4599288478717	-3.659477694045848
28295.184275539625	1850	4.0	3.90169185447417	957685	7901.69185447417	-16.02727497423893
28295.955417462297	300	7.228858077329276	0.0	139857	771.1419226707234	-1.25
28296.815331318267	300	10.368944221357998	0.0	155432	859.9138559712788	0.3
28297.807329349103	300	13.376946190522013	0.0	163442	991.9980308359842	0.3
28298.592015533293	300	16.592260006332847	0.0	126289	784.6861841891656	0.3
28299.10590546996	300	20.07837006966753	0.0	153295	513.8899366653192	0.3
28304.660391517424	2850	18.52388402220429	0.0	1638769	5554.4860474632405	0.30000000000000027
28316.004039487503	2850	11.180236052122122	0.0	1348011	11343.647970082167	2.85
28317.78943934169	750	13.394836197935119	0.0	362795	1785.3998541870028	-1.35
28318.624936814595	750	16.559338725029463	0.0	353220	835.497472905656	0.75
28320.340389311044	1200	18.843886228579024	0.0	594078	1715.452496450436	0.75
28324.31069280582	1850	18.87358273380498	0.0	946851	3970.3034947740475	1.2000000000000002
28328.868349767625	1850	18.31592577199913	0.0	1036454	4557.656961805848	1.85
28330.530052551825	1850	20.654222987798125	0.0	821631	1661.7027842010043	1.85
28340.520771177245	4300	14.663504362374484	0.0	2152483	9990.718625423642	1.8499999999999996
28341.63518259261	1200	17.549092947008475	0.0	617242	1114.411415366008	-1.9000000000000001
28342.689683675097	1200	20.494591864523116	0.0	581493	1054.5010824853557	1.2
28344.424944383612	1850	22.759331156003075	0.0	987708	1735.2607085200439	1.2000000000000002
28346.0487137158	1850	25.13556182381504	0.0	923755	1623.7693321880374	1.85
28348.946090068457	2850	26.238185471163884	0.0	1415116	2897.376352651154	1.85
28357.845088070102	4300	21.339187469518183	0.0	2176469	8898.998001645703	2.8499999999999996
28359.420409255967	1850	23.763866283655453	0.0	968026	1575.3211858627287	-0.6000000000000001
28365.803251359746	4300	21.381024179875595	0.0	2044075	6382.842103779856	1.8499999999999996
28376.446346038883	4300	14.737929500739378	0.0	2186790	10643.094679136218	4.3
28378.8321345657	1200	16.352140973920196	0.0	590335	2385.7885268191826	-1.9000000000000001
28380.436245745608	1200	18.74802979401307	0.0	696376	1604.1111799071277	1.2
28389.656758712757	2850	13.527516826862238	0.0	1141971	9220.512967150831	1.2000000000000002
28390.618233996585	750	16.566041543035478	0.0	400396	961.4752838267593	-1.35
28393.64326940437	1200	17.541006135249088	0.0	641447	3025.0354077863867	0.75
28394.25297916967	750	20.931296369950793	0.0	358218	609.7097652982955	0.3
28398.393824941813	1850	20.790450597808903	0.0	954453	4140.845772141889	0.75
28404.197133634763	1200	18.987141904859087	0.0	584349	5803.308692949817	0.5499999999999999
28408.413986151525	1200	18.770289388098167	0.0	670129	4216.85251676092	1.2
28410.684105257307	1200	20.500170282316233	0.0	690253	2270.119105781933	1.2
28414.9317048583	1850	20.252570681322698	0.0	943942	4247.599600993537	1.2000000000000002
28416.44171855405	1200	22.742556985573845	0.0	487812	1510.0136957488492	0.5499999999999999
28418.093313297966	1200	25.090962241657767	0.0	575591	1651.5947439160825	1.2
28420.36705726464	1850	26.817218274982633	0.0	908665	2273.743966675133	1.2000000000000002
28428.689096150276	4300	22.495179389347538	0.0	2146120	8322.038885635095	1.8499999999999996
28431.798000782735	2850	23.386274756885847	0.0	1339500	3108.9046324616893	1.4000000000000001
28437.316598362933	4300	21.8676771766878	0.0	2184571	5518.59758019805	2.8499999999999996
28442.5377808329	4300	20.64649470672374	0.0	2121928	5221.182469964057	4.3
28451.358309943233	4300	15.825965596388379	0.0	2219102	8820.529110335363	4.3
28466.60752109776	2850	4.576754441860998	0.0	1464921	15249.21115452738	1.4000000000000001
28466.973835166456	300	8.210440373162342	0.0	160064	366.3140686986562	-2.25
28469.36626271111	1850	9.818012828509595	0.0	830730	2392.4275446527477	0.30000000000000004
28478.461283928675	2850	4.722991610945899	0.0	1364537	9095.021217563695	1.85

