54887.727690427695	750	4.0	16.84431320531257	450283	16844.31320531257	-71.68054678284405
54890.00272364206	300	5.7249667856403	0.0	155580	2275.0332143597	-0.15000000000000002
54892.01549558408	300	7.712194843624466	0.0	139857	2012.7719420158332	0.3
54897.45704746255	300	6.2706429651475295	0.0	155432	5441.5518784769365	0.3
54899.30160507548	300	8.426085352224998	0.0	163442	1844.5576129225306	0.3
54900.22501730736	300	11.502673120338393	0.0	126289	923.4122318866059	0.3
54903.271795299814	300	12.455895127892	0.0	153295	3046.777992446393	0.3
54903.57333293403	300	16.154357493675228	0.0	173849	301.53763421677047	0.3
54904.74010711853	1850	18.987583309170336	0.0	852833	1166.7741845048922	0.30000000000000004
54910.80394909005	2850	16.92374133765678	0.0	1429765	6063.841971513558	1.85
54914.079412216226	1850	17.648278211477955	0.0	939819	3275.463126178822	0.8500000000000001
54914.94900876028	1200	20.778681667423196	0.0	594078	869.5965440547574	0.5499999999999999
54917.20219968289	1850	22.525490744815077	0.0	946851	2253.190922608119	1.2000000000000002
54922.89437597188	1850	20.833314455821306	0.0	1036454	5692.176288993772	1.85
54932.02899259967	1200	15.698697828040675	0.0	526950	9134.616627780631	0.5499999999999999
54932.4466764181	300	19.2810140096107	0.0	138313	417.68381842997456	-0.6000000000000001
54934.03363986662	1200	21.6940505610892	0.0	617242	1586.963448521501	0.29999999999999993
54935.58598640363	1200	24.141704024081697	0.0	581493	1552.3465370075012	1.2
54938.57645442108	1850	25.151236006629503	0.0	987708	2990.4680174521936	1.2000000000000002
54941.48836299086	1850	26.239327436851127	0.0	923755	2911.9085697783767	1.85
54949.4018246386	2850	22.325865789107112	0.0	1415116	7913.461647744013	1.85
54956.84269106819	1850	18.884999359513976	0.0	955231	7440.866429593136	0.8500000000000001
54958.98825320033	1200	20.73943722737381	0.0	656471	2145.562132140168	0.5499999999999999
54960.371271784665	1200	23.356418643042325	0.0	536667	1383.0185843314825	1.2
54990.15602186856	2850	4.0	6.428331440855178	1383735	29784.750083897503	-26.44182519567726
54992.72700242253	300	5.429019446035229	0.0	153938	2570.9805539647714	-2.25
54993.03880080619	300	9.11722106237087	0.0	181901	311.7983836643568	0.3
54993.260446807784	300	12.895575060775434	0.0	111155	221.64600159543696	0.3
54993.53618729697	300	16.619834571593056	0.0	153605	275.7404891823768	0.3
54994.12655891145	750	20.029462957117907	0.0	400508	590.3716144751497	0.3
55003.04012234658	4300	15.11589952198483	0.0	2113193	8913.563435133077	0.75
55004.38869783711	1850	17.76732403145548	0.0	954453	1348.5754905293502	-0.6000000000000001
55006.45163762791	1850	19.70438424064887	0.0	885062	2062.9397908066094	1.85
55011.62420426502	1850	18.53181760354223	0.0	1035329	5172.566637106639	1.85
55022.54842536164	1850	11.607596506918915	0.0	1026056	10924.221096623314	1.85
55023.52411284159	750	14.631909026976578	0.0	365161	975.6874799423364	-0.3500000000000001
55024.84036616179	1200	17.31565570676977	0.0	487812	1316.2533202068068	0.75
55026.54905670062	1200	19.60696516794478	0.0	575591	1708.6905388249936	1.2
55028.48648436477	1200	21.6695375038005	0.0	605884	1937.4276641442827	1.2
55030.36757153203	1200	23.78845033653622	0.0	587506	1881.0871672642802	1.2
55037.839599561295	1850	20.316422307269313	0.0	858450	7472.028029266905	1.2000000000000002
55038.78005228334	1200	23.37596958522708	0.0	641452	940.4527220422339	0.5499999999999999
55044.91193683258	1850	21.24408503598925	0.0	886255	6131.884549237827	1.2000000000000002
55047.37343708732	750	22.78258478124843	0.0	438281	2461.5002547408176	-0.3500000000000001
55048.61772272869	750	25.538299139876138	0.0	398987	1244.285641372295	0.75
55064.95239831513	1850	13.203623553433882	0.0	982064	16334.675586442254	0.75
55067.609791326875	300	14.54623054169439	0.0	137507	2657.393011739492	-1.25
55069.50631189677	300	16.6497099718071	0.0	118421	1896.5205698872949	0.3

