99030.30361722005	750	4.0	9.476586527007624	450283	9476.586527007625	0.04751531563783269	-39.999322066132784
99031.63782095918	300	6.66579626087374	0.0	155580	1334.20373912626	0.11660887721832187	-0.15000000000000002
99034.65793285065	300	7.645684369413982	0.0	139857	3020.111891459757	0.046308549161865914	0.3
99038.22546121269	750	8.078156007373995	0.0	382355	3567.5283620399878	0.1071764429593382	0.3
99040.53203300023	750	9.771584219819433	0.0	411561	2306.5717875545615	0.17842973811638396	0.75
99049.37230068506	1200	4.931316534989455	0.0	520315	8840.267684829978	0.058857380630325	0.75
99050.31114299454	300	7.992474225513491	0.0	153295	938.8423094759644	0.1632808816270381	-0.6000000000000001
99054.61316420393	750	7.6904530161297595	0.0	437162	4302.021209383731	0.10161781607362738	0.3
99058.61961266867	750	7.684004551387361	0.0	374758	4006.4484647423988	0.09353870474010845	0.75
99061.56399658383	750	8.739620636210034	0.0	362795	2944.383915177327	0.12321592918977432	0.75
99067.90166863051	750	6.401948589529305	0.0	353220	6337.672046680729	0.05573339822545634	0.75
99071.80591153559	300	6.497705684446431	0.0	156148	3904.242905082875	0.03999443779399926	-0.15000000000000002
99074.12271316814	300	8.180904051888332	0.0	160746	2316.801632558099	0.06938272044573456	0.3
99078.08717304537	750	8.216444174665067	0.0	434409	3964.4598772232644	0.10957583465424378	0.3
99081.68733533	750	8.616281890023217	0.0	337059	3600.162284641853	0.09362327954989143	0.75
99091.75411650773	750	4.0	1.4504992876859741	366214	10066.78117770919	0.036378460357408514	-5.487146937049689
99095.67024028902	300	4.0838762187101905	0.0	143509	3916.12378128981	0.036645675166256886	-0.15000000000000002
99097.0752791446	300	6.678837363132104	0.0	150616	1405.0388555780864	0.1071970354428603	0.3
99100.61660184212	300	7.13751466561692	0.0	165384	3541.3226975151833	0.04670119447630229	0.3
99105.9443189341	750	5.809797573640217	0.0	350713	5327.717091976703	0.0658280073707663	0.3
99108.02829650919	300	7.725819998543048	0.0	157671	2083.97757509717	0.07565868360778702	-0.15000000000000002
99114.1915352851	750	5.562581222628394	0.0	399894	6163.238775914654	0.06488374287278101	0.3
99115.83100422063	300	7.9231122870871635	0.0	163927	1639.46893554123	0.09998786585479498	-0.15000000000000002
99125.87440917185	750	4.0	2.1202926641296864	343800	10043.40495121685	0.03423141869414969	-8.817258455757651
99131.55191059169	300	4.0	1.6775014198356348	146754	5677.501419835635	0.025848342280863502	-7.36325610529323
99133.11178350025	300	6.440127091434973	0.0	153938	1559.8729085650275	0.09868624498492769	0.3
99137.31238331401	300	6.239527277671123	0.0	181901	4200.599813763849	0.043303577599555214	0.3
99145.13499815045	300	4.0	1.5830875587638185	111155	7822.614836434942	0.014209443047391234	-6.5072765026844195
99146.87299887014	300	6.261999280315107	0.0	153605	1738.0007196848928	0.08838028561222304	0.3
99149.82228096202	300	7.312717188429808	0.0	149029	2949.2820918852995	0.05053060214553253	0.3
99173.5386532503	750	4.0	16.403655099862753	358218	23716.37228829256	0.01510424931964962	-70.23571692940983
99182.48737045021	300	4.0	4.948717199914092	157488	8948.717199914092	0.01759894703137025	-21.42948395963059
99189.20496096488	300	4.0	2.717590514678116	143881	6717.590514678116	0.02141854280721877	-11.385639213115898
99194.38420269013	300	4.0	1.1792417252336653	163444	5179.241725233665	0.031557515302614324	-4.7707394185047605
99195.59471209664	300	6.789490593474208	0.0	179328	1210.5094065257917	0.14814259107219846	0.3
99197.79119235693	300	8.593010333194155	0.0	159914	2196.480260280055	0.07280466066178563	0.3
99202.51093269412	750	7.873269996005172	0.0	321064	4719.740337188981	0.06802577622124477	0.3
99207.50834312764	750	6.875859562496168	0.0	361565	4997.410433509004	0.07235047127120234	0.75
99208.31848187197	300	10.065720818153835	0.0	144254	810.1387443423331	0.17806085810289785	-0.15000000000000002
99215.12946897885	1200	7.254733711278885	0.0	587506	6810.98710687495	0.08625856880671183	0.29999999999999993
99224.5559193721	750	4.0	2.1717166819641363	345516	9426.450393243022	0.03665388195833179	-9.038381732445785
99226.18549739616	300	6.370421975935036	0.0	161857	1629.5780240649633	0.09932448622266617	-0.15000000000000002
99227.69812874202	300	8.857790630070207	0.0	145210	1512.631345864829	0.09599827505688632	0.3
99238.30770607783	750	4.0	1.7517867057401781	438281	10609.577335810385	0.04130993970143138	-7.232682834682766
99239.07800919768	300	7.229696880140296	0.0	167025	770.3031198597039	0.21683022656122752	-0.15000000000000002
99253.68785370406	750	4.0	7.3801476262428825	393804	14609.844506383179	0.026954701662152757	-31.434634792844392
99255.03083984142	300	6.657013862633828	0.0	137507	1342.986137366172	0.10238899432698166	-0.15000000000000002
99255.85436574851	300	9.83348795555094	0.0	118421	823.5259070828882	0.1437975405284741	0.3

