75394.96715096997	300	4.0	18.855057499180482	450283	18855.057499180482	0	-80.32674724647607
75397.7528920182	300	5.214258951773052	0.0	155580	2785.7410482269484	0	-0.15000000000000002
75400.46833751682	300	6.498813453147238	0.0	139857	2715.4454986258143	0	0.3
75403.18838070455	300	7.778770265420438	0.0	155432	2720.0431877267993	0	0.3
75406.64003260488	300	8.32711836509974	0.0	163442	3451.651900320699	0	0.3
75408.2222104615	300	10.744940508457422	0.0	126289	1582.1778566423177	0	0.3
75409.99868628575	300	12.968464684220555	0.0	153295	1776.4758242368664	0	0.3
75413.22132217181	300	13.745828798161016	0.0	173849	3222.6358860595387	0	0.3
75419.85385928559	300	11.113291684377042	0.0	150710	6632.537113783974	0	0.3
75424.6202205021	300	10.346930467873634	0.0	139105	4766.361216503409	0	0.3
75427.83208586588	300	11.135065104077137	0.0	141840	3211.8653637964962	0	0.3
75432.55980498182	300	10.407345988128707	0.0	156148	4727.71911594843	0	0.3
75436.318376363	300	10.648774606955433	0.0	160746	3758.5713811732744	0	0.3
75438.27978852471	300	12.687362445234522	0.0	179801	1961.4121617209114	0	0.3
75439.47122440302	750	15.495926566933896	0.0	140051	1191.4358783006244	1	0.3
75443.17215773098	750	15.794993238972307	0.0	366214	3700.9333279615903	1	0.3
75445.95674809486	750	17.010402875092367	0.0	360831	2784.5903638799414	1	0.75
75449.29921768341	750	17.667933286545477	0.0	372963	3342.469588546888	1	0.75
75454.81853226802	750	16.14861870193612	0.0	405596	5519.314584609359	1	0.75
75457.31819742228	750	17.648953547679	0.0	350713	2499.665154257117	1	0.75
75463.28438674042	750	15.682764229543634	0.0	386472	5966.189318135367	1	0.75
75472.79497014136	300	10.172180828594435	0.0	399894	9510.5834009492	0	0.75
75475.71107034557	300	11.256080624392744	0.0	163927	2916.100204201692	0	-0.15000000000000002
75478.0480808732	300	12.919070096765253	0.0	137654	2337.0105276274903	0	0.3
75482.44859328648	300	12.518557683478011	0.0	146754	4400.5124132872415	0	0.3
75484.9108819611	300	14.056269008868666	0.0	153938	2462.2886746093445	0	0.3
75489.39960389913	300	13.567547070822336	0.0	181901	4488.721938046329	0	0.3
75490.56110085614	750	16.40605011382474	0.0	111155	1161.4969569975922	1	0.3
75494.21106036997	750	16.756090599994753	0.0	400396	3649.9595138299887	1	0.3
75497.3568740213	750	17.610276948664996	0.0	400508	3145.8136513297577	1	0.75
75506.4459282246	750	12.521222745361168	0.0	358218	9089.054203303827	1	0.75
75515.68747252828	300	7.279678441679866	0.0	400322	9241.544303681303	0	0.75
75521.07112842752	300	5.896022542445666	0.0	143881	5383.6558992342	0	-0.15000000000000002
75523.82229759796	300	7.144853372001276	0.0	163444	2751.1691704443892	0	0.3
75526.91113705249	300	8.05601391746877	0.0	179328	3088.8394545325064	0	0.3
75529.9152479447	300	9.051903025259417	0.0	159914	3004.110892209354	0	0.3
75532.5197495455	300	10.447401424452796	0.0	131610	2604.5016008066214	0	0.3
75536.90757894902	300	10.05957202092696	0.0	124011	4387.829403525834	0	0.3
75539.85864938474	300	11.10850158521162	0.0	144254	2951.070435715341	0	0.3
75541.98696600088	300	12.98018496906249	0.0	149991	2128.3166161491295	0	0.3
75543.76004089386	750	15.207110076092079	0.0	147968	1773.0748929704123	1	0.3
75556.3705256636	300	6.596625306344142	0.0	384505	12610.484769747936	0	0.3
75560.03815375188	300	6.928997218064095	0.0	145210	3667.628088280048	0	-0.15000000000000002
75564.00002544366	300	6.967125526281006	0.0	172312	3961.871691783089	0	0.3
75570.28118139393	300	4.6859695759978734	0.0	167025	6281.155950283132	0	0.3
75575.3988604029	300	4.0	0.43170943296677616	160064	5117.679008964649	0	-1.5563505617571374
75578.98520248933	300	4.4136579135657215	0.0	137507	3586.342086434279	0	0.3
75580.71216800681	300	6.686692396091708	0.0	118421	1726.9655174740135	0	0.3

