54993.69517466616	300	4.0	0.6600890925282064	181801	660.0890925282064	-2.5383830978712876
54995.84414433429	300	5.851030331868713	0.0	155580	2148.969668131287	0.3
54996.55161743065	300	9.143557235506222	0.0	139857	707.4730963624927	0.3
54997.850934534625	300	11.84424013152956	0.0	155432	1299.3171039766619	0.3
54998.549275069236	300	15.14589959691452	0.0	163442	698.3405346150387	0.3
54999.10705683754	300	18.58811782860528	0.0	126289	557.7817683092389	0.3
54999.84548658099	300	21.849688085155158	0.0	153295	738.4297434501244	0.3
55001.1757269011	300	24.519447765049332	0.0	173849	1330.2403201058244	0.3
55003.30400465767	300	26.391170008478376	0.0	150710	2128.277756570954	0.3
55004.90356204679	300	28.791612619362088	0.0	139105	1599.5573891162903	0.3
55006.03695392603	300	31.658220740121166	0.0	141840	1133.3918792409195	0.3
55007.276605894156	300	34.418568771990095	0.0	156148	1239.651968131071	0.3
55008.55040546424	300	37.144769201907884	0.0	160746	1273.7995700822114	0.3
55009.355197924015	300	40.33997674212614	0.0	179801	804.7924597817373	0.3
55009.876033727625	300	43.81914093851937	0.0	140051	520.8358036067698	0.3
55010.3913988625	300	47.303775803645195	0.0	138313	515.3651348741755	0.3
55010.92311934532	300	50.77205532082248	0.0	143509	531.720482822714	0.3
55011.45676548147	300	54.238409184679085	0.0	150616	533.646136143398	0.3
55012.02548772132	300	57.669686944821834	0.0	165384	568.7222398572521	0.3
55013.78931161991	300	59.73347603313032	0.0	140881	936.2109116915094	0.3
55015.6094213811	300	59.859227825287945	0.0	157671	874.2482078423783	0.3
55019.94783104939	300	59.520818157001564	0.0	157812	3838.409668286383	0.3
55021.86742600834	300	59.62965617483509	0.0	163927	891.1619821664682	0.3
55024.026332517664	300	59.85741935327164	0.0	137654	1272.2368215634535	0.3
55025.742060854376	300	59.81439012509193	0.0	146754	543.0292281797114	0.3
55027.48677474351	300	59.7473827977415	0.0	153938	567.0073273504324	0.3
55030.1670113842	300	59.70611775829263	0.0	181901	1541.2650394488726	0.3
55032.47468905571	300	59.82726457250544	0.0	111155	1378.8531857871853	0.3
55034.33473163062	300	59.574155465909	0.0	153605	753.1091065964325	0.3
55035.49806720017	300	59.96145454118924	0.0	149029	612.700924719767	0.3
55038.993202367186	300	59.744204356349776	0.0	157421	2717.2501848394627	0.3
55040.44561693368	300	59.61793949174588	0.0	157488	626.2648646038986	0.3
55043.27219292456	300	59.57372627954591	0.0	143881	2044.213212199971	0.3
55044.24954960187	300	59.941729408431044	0.0	163444	631.9968711148697	0.3
55045.93189845776	300	59.97723484158381	0.0	179328	1464.4945668472371	0.3
55049.17886220684	300	59.84218022412133	0.0	159914	3135.054617462474	0.3
55051.01542272025	300	59.77535453511514	0.0	131610	1566.8256890061916	0.3
55054.85943558496	300	59.93134167041601	0.0	124011	3844.012864699132	0.3
55056.01518832893	300	59.577838966582924	0.0	144254	853.502703833089	0.3
55057.352209284676	300	59.52245360223248	0.0	149991	1055.385364350444	0.3
55060.480320117174	300	59.805215913979666	0.0	147968	1217.2376882528206	0.3
55064.97691309553	300	59.30862293562091	0.0	161857	4496.592978358757	0.3
55067.32402816938	300	59.764298538151344	0.0	145210	544.3243974695663	0.3
55073.45085654264	300	57.637470164891965	0.0	172312	6126.828373259379	0.3
55080.93098564871	300	54.15734105882499	0.0	167025	7480.1291060669755	0.3
55082.33243268534	300	56.75589402219286	0.0	160064	1401.4470366321293	0.3
55083.398213661596	300	59.690113045931	0.0	137507	565.7809762618651	0.3
55085.11889876205	300	59.691758569505026	0.0	118421	498.35447642597336	0.3

