5540.777515091876	300	4.0	5.962213182462472	450283	5962.213182462472	0	-24.88751668458863
5541.733087939213	300	7.0444271526629585	0.0	155580	955.5728473370419	0	-0.15000000000000002
5542.276716516888	750	10.500798574988538	0.0	139857	543.6285776744219	1	0.3
5547.3624141382215	300	9.41510095365551	0.0	382355	5085.697621333027	0	0.3
5549.035874977116	300	11.741640114760951	0.0	163442	1673.4608388945599	0	-0.15000000000000002
5549.485501444793	1850	15.292013647083621	0.0	126289	449.6264676773304	3	0.3
5553.924008556347	1850	14.853506535529661	0.0	905515	4438.507111553959	3	0.30000000000000004
5556.3916210994885	1850	16.38589399238793	0.0	1060487	2467.61254314173	3	1.85
5558.356853765792	1850	18.420661326084506	0.0	852833	1965.232666303425	3	1.85
5560.296668412581	1850	20.480846679295663	0.0	913888	1939.814646788839	3	1.85
5565.782004461834	1850	18.995510630042226	0.0	939819	5485.336049253437	3	1.85
5569.981599335301	1850	18.795915756574665	0.0	917428	4199.594873467562	3	1.85
5571.642992840791	1850	21.134522251086448	0.0	946851	1661.3935054882177	3	1.85
5573.603724910813	1850	23.173790181062948	0.0	1036454	1960.7320700234977	3	1.85
5575.1746427628605	1850	25.60287232901599	0.0	821631	1570.9178520469566	3	1.85
5576.939719135544	1850	27.83779595633314	0.0	923170	1765.0763726828536	3	1.85
5579.737284274218	1850	29.04023081765857	0.0	966699	2797.565138674566	3	1.85
5582.857936923826	1850	29.919578168050407	0.0	885714	3120.6526496081633	3	1.85
5584.49393393959	1850	32.283581152287546	0.0	987708	1635.9970157628636	3	1.85
5585.876653757935	1850	34.90086133394105	0.0	923755	1382.7198183464882	3	1.85
5588.0878064447	4300	36.68970864717611	0.0	891604	2211.1526867649386	5	1.85
5592.1039446496825	4300	36.6735704421935	0.0	2176469	4016.138204982614	5	1.8499999999999996
5595.175842214078	4300	37.60167287779684	0.0	2221506	3071.8975643966623	5	4.3
5597.848904513173	4300	38.928610578702866	0.0	2044075	2673.0622990939733	5	4.3
5600.41426770435	4300	40.36324738752538	0.0	2186790	2565.36319117749	5	4.3
5602.834694718991	4300	41.94282037288428	0.0	2105231	2420.4270146410995	5	4.3
5606.149789276728	4300	42.627725815147045	0.0	2395588	3315.094557737235	5	4.3
5613.642324451275	4300	39.13519064060008	0.0	1972048	7492.535174546966	5	4.3
5615.8015389125285	4300	40.97597617934729	0.0	2134614	2159.214461252783	5	4.3
5617.982563780915	4300	42.79495131096028	0.0	2164140	2181.024868387017	5	4.3
5620.146949582987	4300	44.63056550888904	0.0	2113193	2164.3858020712364	5	4.3
5622.410454020858	4300	46.367061071017744	0.0	2147852	2263.5044378712983	5	4.3
5624.690808240867	4300	48.08670685100788	0.0	2191074	2280.3542200098573	5	4.3
5627.259273372113	4300	49.518241719762756	0.0	2286761	2568.465131245121	5	4.3
5633.761161214808	4300	47.016353877067715	0.0	2307787	6501.8878426950505	5	4.3
5638.14447394023	4300	46.633041151646076	0.0	2143948	4383.312725421641	5	4.3
5641.427661178362	4300	47.34985391351485	0.0	1919781	3283.1872381312255	5	4.3
5644.155378294635	4300	48.622136797241446	0.0	2147467	2727.7171162734026	5	4.3
5646.6283411424865	4300	50.14917394938918	0.0	2133870	2472.9628478522677	5	4.3
5649.216607791087	4300	51.56090730078928	0.0	2146120	2588.266648599898	5	4.3
5651.6110564435985	4300	53.16645864827815	0.0	2108491	2394.4486525111256	5	4.3
5659.009569854401	4300	49.767945237475175	0.0	2184571	7398.513410802975	5	4.3
5661.279121711213	4300	51.49839338066407	0.0	2121928	2269.5518568111074	5	4.3
5663.614849970965	4300	53.162665120910454	0.0	2219102	2335.72825975362	5	4.3
5669.267108704527	4300	51.51040638734895	0.0	2124950	5652.258733561506	5	4.3
5672.256662496688	4300	52.52085259518771	0.0	2246506	2989.553792161241	5	4.3
5675.62676137746	4300	53.15075371441603	0.0	1961140	3370.0988807716876	5	4.3
5677.5345400830965	4300	55.24297500877892	0.0	2155012	1907.7787056370985	5	4.3

