91458.49467162602	750	4.0	3.373026629870343	450283	3373.0266298703427	0.13349524015388772	-13.754014508442474
91459.37465384466	300	7.120017781354971	0.0	155580	879.9822186450298	0.17679902696165545	-0.15000000000000002
91462.41026389209	750	8.08440773393091	0.0	350812	3035.610047424061	0.11556556821179645	0.3
91468.21133397834	750	6.283337647675332	0.0	382355	5801.070086255577	0.06591111541746586	0.75
91471.6356032608	300	6.859068365215162	0.0	163442	3424.2692824601713	0.04773047518113846	-0.15000000000000002
91472.36561628921	300	10.129055336800349	0.0	126289	730.0130284148119	0.1729955426606981	0.3
91479.8176918063	1200	6.676979819709478	0.0	561791	7452.0755170908715	0.07538718558495111	0.29999999999999993
91486.38336205148	300	4.111309574534398	0.0	173849	6565.67024517508	0.0264784848321855	-0.6000000000000001
91487.52352666593	300	6.9711449600784	0.0	150710	1140.164614455998	0.1321826673878207	0.3
91488.65196048807	300	9.842711137929443	0.0	139105	1128.4338221489556	0.12327262553606609	0.3
91493.51652516672	1200	8.978146459291066	0.0	607410	4864.564678638378	0.12486420473908015	0.29999999999999993
91501.79701719643	750	4.697654429581799	0.0	405134	8280.492029709269	0.04892631966149292	0.3
91505.60896972123	300	4.885701904792277	0.0	160746	3811.9525247895217	0.04216894070811537	-0.15000000000000002
91512.77634430495	300	4.0	2.281672678935317	179801	7167.374583727594	0.02508603365145867	-9.511192519421861
91513.63522781427	300	7.141116490672391	0.0	140051	858.8835093276092	0.16306169402372295	0.3
91515.90670663284	750	8.869637672104398	0.0	366214	2271.4788185679927	0.16122272283871533	0.3
91518.08565528032	750	10.690689024621554	0.0	360831	2178.948647482845	0.16559867090802602	0.75
91522.84950574169	1200	9.926838563261452	0.0	581493	4763.850461360102	0.12206365517064971	0.75
91526.38182616582	1200	10.394518139141164	0.0	639204	3532.3204241202866	0.18095866831197563	1.2
91534.45930534742	1200	6.317038957522646	0.0	586839	8077.479181618518	0.07265125502711758	1.2
91538.37887711872	300	6.397467186235069	0.0	157671	3919.5717712875776	0.04022658831125451	-0.6000000000000001
91546.93162380291	300	4.0	2.155279497959599	157812	8552.746684194668	0.018451616285050734	-8.967701841226274
91554.16225342843	300	4.0	3.2306296255112974	163927	7230.6296255112975	0.02267119303436985	-13.591707389698577
91558.70474887927	300	4.0	0.5424954508338151	137654	4542.495450833815	0.030303607673340078	-2.0327304385854053
91560.43586775674	300	6.268881122526616	0.0	146754	1731.1188774733832	0.08477407410298222	0.3
91563.76867931738	300	6.936069561877947	0.0	153938	3332.8115606486695	0.04618862998964119	0.3
91567.66910458503	300	7.035644294219496	0.0	181901	3900.42526765845	0.04663619670098204	0.3
91573.7854413267	750	4.91930755254788	0.0	277716	6116.336741671616	0.04540560988211699	0.3
91581.43763713611	300	4.0	2.732888256859128	153605	7652.195809407008	0.020073323242874953	-11.90141950449425
91582.94482560361	300	6.492811532503339	0.0	149029	1507.1884674966611	0.09887880859885238	0.3
91587.10091230653	300	6.336724829584908	0.0	157421	4156.086702918431	0.037877217501131044	0.3
91591.57598441589	300	5.8616527202278155	0.0	157488	4475.072109357092	0.03519228207981333	0.3
91593.42423156998	300	8.013405566145943	0.0	143881	1848.247154081873	0.07784727258052977	0.3
91598.43855374127	750	6.999083394848382	0.0	412837	5014.32217129756	0.08233156663987744	0.3
91599.8280639984	300	9.609573137725182	0.0	179328	1389.5102571232005	0.12905842118162927	-0.15000000000000002
91604.84616898168	1200	8.591468154454667	0.0	598727	5018.104983270514	0.11931336669839537	0.29999999999999993
91606.72272952525	750	10.71490761086612	0.0	321064	1876.5605435885452	0.17109173540760353	0.3
91611.94641411258	1200	9.491223023542647	0.0	575591	5223.684587323475	0.11018869734149143	0.75
91631.76644986874	1200	4.0	10.328812732615486	605884	19820.035756158133	0.030569268766921894	-43.21389475024658
91633.3644855228	300	6.40196434593708	0.0	149991	1598.0356540629202	0.09385960796222281	-0.6000000000000001
91634.17343272804	300	9.593017140702502	0.0	147968	808.9472052345787	0.1829142854348476	0.3
91639.93647498835	1200	7.829974880386581	0.0	641452	5763.0422603159195	0.11130440677435476	0.29999999999999993
91655.87295595356	750	4.0	8.106506084805673	372093	15936.480965192255	0.023348504654993083	-34.557976164664396
91657.11236073857	300	6.760595214995988	0.0	172312	1239.4047850040124	0.13902802545614035	-0.15000000000000002
91664.47479262555	300	4.0	0.6018366719958994	167025	7362.431886991887	0.022686118196231272	-2.2878976895823677
91666.31040894975	300	6.164383675804024	0.0	160064	1835.6163241959757	0.08719905019918046	0.3
91670.07494349398	300	6.399849131572127	0.0	137507	3764.5345442318976	0.03652695927858897	0.3
91674.43122033641	300	6.0435722891381065	0.0	118421	4356.27684243402	0.02718399318575759	0.3

