56736.440497620446	750	4.0	3.5807069879320856	450283	3580.7069879320857	-14.647040048107968
56741.23635521837	750	4.0	0.7958575979189427	398865	4795.857597918943	-2.6721876710514536
56741.57638704231	300	7.6599681760497464	0.0	139857	340.03182395025397	-0.15000000000000002
56742.36728794857	750	10.869067269791929	0.0	382355	790.9009062578159	0.3
56746.127811327875	1850	11.108543890490928	0.0	996749	3760.523379301001	0.75
56753.55093549462	1850	7.685419723751274	0.0	801058	7423.124166739654	1.85
56754.39641646869	750	10.83993874966956	0.0	352642	845.4809740817137	-0.3500000000000001
56758.33847829057	1850	10.897876927794497	0.0	1060487	3942.061821875062	0.75
56769.714455790105	1850	4.0	0.47810057173491805	852833	11375.977499529416	-0.20583245846014764
56771.142648150875	750	6.5718076392287115	0.0	362795	1428.1923607712888	-0.3500000000000001
56774.89303254568	750	6.821423244421546	0.0	353220	3750.384394807165	0.75
56777.507195438004	300	8.207260352103397	0.0	156148	2614.1628923181515	-0.15000000000000002
56777.922962144	300	11.791493646109359	0.0	160746	415.7667059940379	0.3
56778.91035690956	750	14.804098880552742	0.0	434409	987.3947655566174	0.3
56780.50310612344	1850	17.211349666668603	0.0	821631	1592.749213884136	0.75
56782.8211274433	1850	18.89332834681309	0.0	923170	2318.0213198555116	1.85
56787.0266856583	1850	18.68777013181689	0.0	966699	4205.558214996201	1.85
56790.13226073721	1850	19.582195052905394	0.0	885714	3105.575078911496	1.85
56791.84033648403	1850	21.874119306087376	0.0	987708	1708.0757468180166	1.85
56793.83132644756	1850	23.883129342559045	0.0	923755	1990.9899635283336	1.85
56795.62155929252	1850	26.092896497593795	0.0	891604	1790.2328449652478	1.85
56797.2992980071	1850	28.41515778302056	0.0	955231	1677.7387145732366	1.85
56799.190515423805	1850	30.52394036631753	0.0	968026	1891.2174167030316	1.85
56801.02554829903	1850	32.68890749109136	0.0	874175	1835.0328752261646	1.85
56804.635558924725	4300	33.0788968653936	0.0	2186790	3610.0106256977674	1.8499999999999996
56812.27626902	4300	29.43818677011108	0.0	2105231	7640.7100952825185	4.3
56819.22908503414	4300	26.4853707559787	0.0	2395588	6952.816014132381	4.3
56833.86879499523	4300	15.845660794889394	0.0	1972048	14639.709961089306	4.3
56836.142625116394	1850	17.571830673723934	0.0	972798	2273.8301211654602	-0.6000000000000001
56838.95862847894	1850	18.755827311176844	0.0	975811	2816.003362547088	1.85
56840.39706259618	1850	21.317393193935395	0.0	873429	1438.4341172414513	1.85
56842.2369390838	1850	23.477516706313118	0.0	954453	1839.8764876222738	1.85
56843.93283105426	1850	25.781624735852173	0.0	885062	1695.8919704609457	1.85
56845.61162270108	1850	28.102833089038278	0.0	1035329	1678.7916468138949	1.85
56849.92955208837	1850	27.784903701751062	0.0	1026056	4317.929387287215	1.85
56856.33086566803	1850	25.38359012208482	0.0	943942	6401.313579666245	1.85
56859.47207338949	1850	26.242382400630927	0.0	728962	3141.2077214538917	1.85
56862.98512626485	1850	26.729329525257498	0.0	938587	3513.0528753734307	1.85
56869.21997898264	1850	24.49447680747188	0.0	908665	6234.852717785615	1.85
56872.831754440114	1850	24.882701350000875	0.0	930577	3611.775457471004	1.85
56884.415416624004	1850	17.29903916611177	0.0	858450	11583.66218388911	1.85
56888.01935158412	750	17.695104206002178	0.0	384505	3603.9349601095914	-0.3500000000000001
56891.73176132865	750	17.98269446146687	0.0	372093	3712.4097445353073	0.75
56892.72724393891	750	20.987211851201156	0.0	438281	995.482610265717	0.75
56894.622224919614	1850	23.092230870498337	0.0	958994	1894.9809807028178	0.75
56897.13379724145	1850	24.580658548667074	0.0	982064	2511.5723218312646	1.85
56901.020958067376	1850	24.693497722733838	0.0	830730	3887.160825933237	1.85
56904.061716281336	1850	25.652739508772527	0.0	846370	3040.7582139613123	1.85

