85509.39371517638	750	4.0	12.706277120096921	450283	12706.27712009692	-53.88699161641676
85511.01747146521	300	6.37624371117206	0.0	155580	1623.7562888279408	-0.15000000000000002
85512.4852148981	300	8.908500278297593	0.0	139857	1467.7434328744653	0.3
85515.39392827217	300	9.999786904218004	0.0	155432	2908.7133740795884	0.3
85516.98873010174	300	12.404985074636814	0.0	163442	1594.801829581191	0.3
85528.00119286205	300	5.392522314334101	0.0	126289	11012.462760302713	0.3
85529.0875763926	300	8.306138783783018	0.0	153295	1086.3835305510838	0.3
85534.33290434652	300	7.060810829860646	0.0	173849	5245.327953922371	0.3
85535.41612620074	300	9.977588975653408	0.0	150710	1083.2218542072383	0.3
85539.59177499468	300	9.801940181707822	0.0	139105	4175.648793945586	0.3
85540.04387557085	300	13.349839605550715	0.0	141840	452.100576157106	0.3
85541.18669702334	750	16.207018153063174	0.0	405134	1142.821452487542	0.3
85557.59157474258	1850	4.0	0.19785956617340525	946851	16404.877719236578	-0.10079613454564251
85572.01963255784	300	4.0	10.428057815269826	179801	14428.057815269825	-46.09064860566025
85572.59412583153	300	7.425506726311734	0.0	140051	574.4932736882665	0.3
85575.8015570055	750	8.218075552347916	0.0	366214	3207.431173963817	0.3
85578.0278399948	300	9.991792563037796	0.0	143509	2226.282989310121	-0.15000000000000002
85579.28924791305	750	12.730384644796166	0.0	372963	1261.4079182416292	0.3
85581.71564018572	750	14.303992372136882	0.0	405596	2426.392272659285	0.75
85589.18108784642	750	10.83854471143532	0.0	350713	7465.44766070156	0.75
85597.91102181195	750	6.108610745897369	0.0	386472	8729.933965537952	0.75
85598.66598433336	300	9.353648224479604	0.0	157812	754.9625214177648	-0.15000000000000002
85600.56972133389	300	11.449911223957223	0.0	163927	1903.7370005223822	0.3
85602.87749536784	300	13.142137190006443	0.0	137654	2307.77403395078	0.3
85603.63125230081	300	16.388380257034274	0.0	146754	753.7569329721658	0.3
85609.19697426431	750	14.822658293542931	0.0	379700	5565.721963491344	0.3
85613.05303222992	750	14.966600327940615	0.0	425781	3856.0579656023174	0.75
85614.43357084584	750	17.58606171201014	0.0	277716	1380.5386159304755	0.75
85624.91629052653	750	11.103342031333582	0.0	400396	10482.719680676555	0.75
85626.07038850848	300	13.94924404937732	0.0	149029	1154.0979819562622	-0.15000000000000002
85642.38561972415	750	4.0	2.365987166295605	358218	16315.231215672926	-9.8737448150711
85644.75143292059	300	5.634186803565218	0.0	157488	2365.813196434782	-0.15000000000000002
85648.92900623621	300	5.456613487939328	0.0	143881	4177.57331562589	0.3
85653.20555336196	300	5.180066362201433	0.0	163444	4276.547125737894	0.3
85657.25331287667	300	5.132306847480884	0.0	179328	4047.759514720549	0.3
85658.62505603276	300	7.760563691389782	0.0	159914	1371.743156091102	0.3
85659.94346252472	300	10.442157199431628	0.0	131610	1318.4064919581542	0.3
85661.94574866793	300	12.43987105622802	0.0	124011	2002.2861432036104	0.3
85675.52821727764	300	4.0	1.142597553474474	144254	13582.468609702493	-4.613169479940238
85676.53550013943	300	6.992717138196729	0.0	149991	1007.2828618032715	0.3
85677.38629748033	300	10.141919797293362	0.0	147968	850.7973409033667	0.3
85688.65441403101	750	4.0	1.1261967533861952	384505	11268.116550679557	-4.54264603956064
85698.56938934138	300	4.0	5.914975310369264	145210	9914.975310369264	-25.584393834587832
85700.96260490388	300	5.606784437507345	0.0	172312	2393.215562492654	0.3
85702.17399156123	300	8.39539778014782	0.0	167025	1211.3866573595255	0.3
85703.21969729522	300	11.349692046165362	0.0	160064	1045.7057339824564	0.3
85707.08057542733	750	11.488813914047281	0.0	331053	3860.878132118082	0.3
85731.45595713952	750	4.0	12.886567798132619	314107	24375.3817121799	-54.66224153197026

