93613.85912448226	750	4.0	1.9492112377909716	450283	1949.2112377909716	0.23100780011421582	-7.631608322501178
93614.23446459994	300	7.624659882327855	0.0	155580	375.34011767214594	0.41450405292379866	-0.15000000000000002
93615.90920406606	750	9.94992041619177	0.0	350812	1674.7394661360859	0.20947258191113394	0.3
93617.63853642823	1200	12.220588054032756	0.0	617681	1729.3323621590143	0.3571788821605384	0.75
93621.66106769424	1850	12.198056788035716	0.0	996749	4022.53126599704	0.24779148602911902	1.2000000000000002
93624.36795342847	1850	13.491171053787786	0.0	801058	2706.88573424793	0.2959334374055367	1.85
93627.24558596397	2850	14.613538518284305	0.0	1388403	2877.6325355034824	0.4824809918814319	1.85
93632.29862554469	2850	13.560498937587148	0.0	1638769	5053.039580697155	0.3243135094884619	2.85
93639.64271253576	2850	10.216411946512988	0.0	1348011	7344.08699107416	0.183550521887655	2.85
93640.8527634701	1200	13.00636101216376	0.0	560821	1210.0509343492279	0.4634689202579829	-0.44999999999999996
93642.70529605773	2850	15.153828424535407	0.0	1354548	1852.532587628353	0.7311871375683155	1.2000000000000002
93645.75343446265	4300	16.105690019615196	0.0	2102452	3048.13840492021	0.6897495194464554	2.8499999999999996
93648.73628846735	4300	17.122836014920473	0.0	2209463	2982.854004694721	0.7407211336936106	4.3
93652.42982224315	4300	17.429302239117273	0.0	2275376	3693.5337758031997	0.616043100757944	4.3
93660.23512257285	4300	13.624001909412357	0.0	2005399	7805.300329704917	0.2569278458598165	4.3
93662.60284261062	2850	15.256281871640994	0.0	1471065	2367.720037771364	0.6213002282924683	1.4000000000000001
93672.42527899258	4300	9.433845489682593	0.0	2289689	9822.4363819584	0.23310805089108463	2.8499999999999996
93676.80102052583	1200	9.058103956428976	0.0	581493	4375.741533253617	0.13289016172022994	-1.9000000000000001
93677.80966303291	1200	12.049461449351321	0.0	639204	1008.6425070776562	0.6337270098322231	1.2
93681.91925717096	1850	11.939867311299178	0.0	923755	4109.594138052144	0.2247801045477058	1.2000000000000002
93685.23582657697	1850	12.623297905280964	0.0	891604	3316.5694060182145	0.268833210118294	1.85
93695.4381476761	1850	6.420976806143579	0.0	955231	10202.321099137385	0.09362879198938029	1.85
93695.69609967484	300	10.163024807424318	0.0	163927	257.9519987192606	0.6354942036266533	-1.25
93696.35868195411	1200	13.500442528137382	0.0	536667	662.5822792869353	0.8099628027745563	0.29999999999999993
93700.08467059137	2850	13.774453890887107	0.0	1383735	3725.9886372502747	0.37137391836524125	1.2000000000000002
93702.65624816027	2850	15.202876321980876	0.0	1480464	2571.577568906233	0.5757026417949681	2.85
93708.0463251041	4300	13.812799378159172	0.0	2395588	5390.076943821703	0.4444441192524919	2.8499999999999996
93710.54383066633	2850	15.315293815916368	0.0	1141971	2497.5055622428044	0.4572446273050498	1.4000000000000001
93716.98057768174	4300	12.87854680050996	0.0	2134614	6436.747015406406	0.33162931444886434	2.8499999999999996
93718.64051698141	1850	15.218607500838127	0.0	975811	1659.9392996718336	0.5878594477478277	-0.6000000000000001
93722.56629516164	4300	15.292829320612903	0.0	2113193	3925.7781802252243	0.538286399023891	1.8499999999999996
93726.64434964726	4300	15.214774834984372	0.0	2147852	4078.05448562853	0.5266854593456866	4.3
93731.66352081398	4300	14.195603668281732	0.0	2191074	5019.171166702639	0.43654099994350926	4.3
93735.89564525911	2850	13.963479223140277	0.0	1587293	4232.124445141455	0.37505820553604874	1.4000000000000001
93755.03718458608	2850	4.0	5.178060103824589	1492672	19141.539326964867	0.07798077126938578	-19.415658446445732
93755.35850020772	300	7.678684378359162	0.0	159914	321.31562164083783	0.4976851084406648	-2.25
93755.9229966167	750	11.114187969373745	0.0	321064	564.496408985417	0.5687618112169324	0.3
93761.07386501953	1850	9.963319566546001	0.0	938587	5150.868402827745	0.182219176767306	0.75
93764.37765561316	1200	10.659528972910941	0.0	605884	3303.79059363506	0.18339055785414182	0.5499999999999999
93769.23103588868	1200	9.806148697401543	0.0	587506	4853.380275509399	0.12105088961699725	1.2
93770.64340702604	1200	12.393777560037258	0.0	566904	1412.3711373642857	0.40138458299136237	1.2
93781.85176836263	1850	5.185416223453601	0.0	1025005	11208.361336583655	0.09145003174143071	1.2000000000000002
93784.94397705657	300	6.093207529521019	0.0	145210	3092.2086939325827	0.04695996110641745	-1.25
93785.41984025262	300	9.61734433346134	0.0	172312	475.863196059678	0.36210406988144206	0.3
93786.94764524442	1200	12.08953934166508	0.0	630203	1527.8049917962605	0.4124891614989829	0.29999999999999993
93795.78107836236	1850	7.2561062237302645	0.0	982064	8833.433117934816	0.11117580072079591	1.2000000000000002
93797.300982417	750	9.7362021690947	0.0	331053	1519.9040546355645	0.2178117750198241	-0.3500000000000001
93798.85201211406	1200	12.185172472038172	0.0	550906	1551.0296970565291	0.35518726755876007	0.75

