78605.95974647324	750	4.0	1.0783739192747983	450283	1078.3739192747983	0.4175573907636911	-3.8870078528816325
78606.3988571167	300	7.56088935654457	0.0	155580	439.1106434554301	0.35430705750085384	-0.15000000000000002
78607.30859457709	750	10.651151896147539	0.0	350812	909.7374603970313	0.38561894532395885	0.3
78608.7203259172	1200	13.239420556038452	0.0	617681	1411.7313401090871	0.4375343823933742	0.75
78612.03240713777	2850	13.92733933547592	0.0	1472558	3312.0812205625325	0.4446020196780974	1.2000000000000002
78614.73296741619	2850	15.226779057062865	0.0	1224260	2700.5602784130547	0.45333555773079015	2.85
78622.9186690724	4300	11.041077400839775	0.0	2157535	8185.701656223092	0.2635736178290541	2.8499999999999996
78625.36343982776	1850	12.596306645467102	0.0	1060487	2444.7707553726714	0.43377768556395524	-0.6000000000000001
78627.54802629956	1850	14.411720173688941	0.0	852833	2184.5864717781606	0.39038646948400724	1.85
78630.7715823689	2850	15.188164104323004	0.0	1429765	3223.556069365938	0.4435365693146543	1.85
78644.46835120434	4300	5.491395268891445	0.0	2173522	13696.76883543156	0.1586886678248824	2.8499999999999996
78644.8863061186	300	9.073440354634807	0.0	156148	417.95491425663965	0.37360010535519006	-3.7
78646.39522842217	1200	11.564518051043795	0.0	624282	1508.9223035910106	0.41372706766564565	0.29999999999999993
78648.99586026107	1850	12.963886212153076	0.0	1036454	2600.6318388907193	0.3985393028342266	1.2000000000000002
78651.0207482817	1850	14.9389981915163	0.0	821631	2024.8880206367778	0.4057661419428108	1.85
78654.41105759863	2850	15.548688874604341	0.0	1471065	3390.3093169119593	0.4339028868728443	1.85
78659.85432681922	4300	14.10541965401125	0.0	2289689	5443.269220593092	0.42064592200172646	2.8499999999999996
78663.36490006818	2850	14.594846405041629	0.0	1358801	3510.5732489696206	0.38705957791902457	1.4000000000000001
78669.98898887815	2850	11.970757595080856	0.0	1537156	6624.088809960772	0.23205546364181417	2.85
78675.81051760657	1850	10.149228866660208	0.0	923755	5821.52872842065	0.15867911043541477	0.8500000000000001
78682.4652961288	1200	7.494450344441889	0.0	601738	6654.778522218318	0.09042194236682356	0.5499999999999999
78683.42719367374	750	10.532552799500158	0.0	399894	961.8975449417303	0.41573450530453815	0.3
78685.03428950199	1200	12.925456971245644	0.0	656471	1607.0958282545123	0.4084827976393926	0.75
78687.63576784893	1850	14.323978624306003	0.0	874175	2601.4783469396425	0.3360300888255988	1.2000000000000002
78693.05546442565	2850	12.904282047572204	0.0	1383735	5419.696576733798	0.2553159536532419	1.85
78695.17480827615	1850	14.784938197076976	0.0	905935	2119.3438504952283	0.4274601310156961	0.8500000000000001
78698.71419722716	2850	15.245549246061477	0.0	1547572	3539.388951015498	0.4372427052856061	1.85
78703.11424102956	4300	14.84550544366978	0.0	1972048	4400.043802391699	0.4481882655186452	2.8499999999999996
78708.638662837	2850	13.321083636224738	0.0	1498470	5524.421807445039	0.2712446754121079	1.4000000000000001
78713.30862489315	2850	12.651121580077787	0.0	1561263	4669.962056146953	0.33432027524612307	2.85
78715.35866617736	1850	14.601080295859061	0.0	873429	2050.0412842187257	0.4260543466727624	0.8500000000000001
78718.95921735051	2850	15.000529122704258	0.0	1497683	3600.5511731548027	0.41595937065594607	1.85
78728.56298723049	4300	9.3967592427316	0.0	2191074	9603.769879972659	0.22814728251342042	2.8499999999999996
78734.23155393786	1200	7.728192535347897	0.0	670129	5668.566707383703	0.11821842003325289	-1.9000000000000001
78735.17963845159	750	10.780108021621388	0.0	401088	948.0845137265101	0.4230508928191397	0.3
78736.68200698812	1200	13.277739485095415	0.0	598727	1502.368536525971	0.39852205730058565	0.75
78739.53618988667	2850	14.423556586545997	0.0	1139291	2854.1828985494185	0.3991653795483891	1.2000000000000002
78742.9959775383	2850	14.9637689349148	0.0	1499009	3459.787651631197	0.43326618594446326	2.85
78746.51509812353	2850	15.444648349679014	0.0	1427478	3519.120585235786	0.40563486400235327	2.85
78751.85642433396	4300	14.103322139258104	0.0	2146120	5341.32621042091	0.4017953436007947	2.8499999999999996
78757.30402650223	2850	12.65571997098878	0.0	1339500	5447.602168269323	0.24588799964178604	1.4000000000000001
78762.49375891624	1850	11.465987556972813	0.0	1025005	5189.732414015967	0.19750632946541866	0.8500000000000001
78766.87657906147	1850	11.083167411752296	0.0	886255	4382.820145220518	0.2022111267710733	1.85
78773.58505448287	1850	8.374691990337649	0.0	973972	6708.475421414647	0.14518529752541212	1.85
78774.59778515775	750	11.361961315463203	0.0	398987	1012.7306748744477	0.3939714772137854	-0.3500000000000001
78777.5060864035	1850	12.45366006971182	0.0	982064	2908.3012457513837	0.3376761611042379	0.75
78781.67649835421	1850	12.283248119011194	0.0	830730	4170.411950700625	0.19919614892251547	1.85
78783.62854947444	1850	14.331196998787327	0.0	846370	1952.0511202238665	0.43357983365872915	1.85

