55249.67636167528	750	4.0	2.768975550909052	450283	2768.975550909052	-11.156594868908922
55251.94713948148	750	5.729222193790083	0.0	398865	2270.777806209917	0.75
55255.02590310848	750	6.6504585668001	0.0	350812	3078.763626989983	0.75
55256.09398786269	300	9.582373812589417	0.0	155432	1068.0847542106833	-0.15000000000000002
55257.021408617125	300	12.654953058159961	0.0	163442	927.420754429455	0.3
55258.465129843535	750	15.21123183175307	0.0	318564	1443.7212264068912	0.3
55260.30469167103	750	17.371670004256565	0.0	352642	1839.5618274965068	0.75
55264.17658418778	750	17.49977748751108	0.0	437162	3871.892516745488	0.75
55266.08121106542	750	19.595150609870238	0.0	374758	1904.6268776408403	0.75
55267.92963839971	750	21.746723275573583	0.0	362795	1848.4273342966544	0.75
55272.890339086436	1850	20.786022588851367	0.0	939819	4960.700686722216	0.75
55277.83525591713	1850	19.84110575815616	0.0	917428	4944.916830695204	1.85
55283.450231199735	1850	18.226130475555486	0.0	946851	5614.975282600676	1.85
55289.10893794136	1850	16.567423733929477	0.0	1036454	5658.706741626009	1.85
55293.28621538261	1850	16.390146292673936	0.0	821631	4177.277441255542	1.85
55301.110802761694	1850	12.565558913594312	0.0	923170	7824.587379079624	1.85
55302.71515278701	750	14.961208888282632	0.0	360831	1604.3500253116792	-0.3500000000000001
55304.37075510081	750	17.305606574483875	0.0	372963	1655.6023137987584	0.75
55315.02605156917	1850	10.65031010612279	0.0	987708	10655.296468361084	0.75
55316.97797719824	750	12.698384477047558	0.0	350713	1951.9256290752328	-0.3500000000000001
55320.497004492885	750	13.179357182403786	0.0	386472	3519.0272946437717	0.75
55322.66618013503	750	15.010181540262094	0.0	399894	2169.1756421416926	0.75
55327.77181305343	750	13.904548621857817	0.0	401853	5105.632918404277	0.75
55332.49704665958	750	13.17931501571	0.0	343800	4725.233606147818	0.75
55334.55182442854	750	15.124537246742628	0.0	359903	2054.7777689673703	0.75
55336.539082016934	750	17.137279658347506	0.0	379700	1987.2575883951213	0.75
55338.7896497964	750	18.88671187888374	0.0	425781	2250.567779463766	0.75
55340.16804338027	750	21.50831829501933	0.0	277716	1378.3935838644118	0.75
55346.95185234131	1850	18.724509333971305	0.0	972798	6783.808961048023	0.75
55353.215340590395	1850	16.461021084896245	0.0	975811	6263.48824907506	1.85
55358.250138024734	1850	15.426223650557604	0.0	873429	5034.797434338641	1.85
55367.58438618255	1850	10.091975492740442	0.0	954453	9334.248157817163	1.85
55370.87898609573	750	10.797375579551971	0.0	369834	3294.599913188469	-0.3500000000000001
55374.413457029266	750	11.262904646018981	0.0	412837	3534.4709335329903	0.75
55377.504818769696	750	12.171542905593967	0.0	401088	3091.3617404250167	0.75
55379.550428481285	750	14.125933194002675	0.0	365161	2045.60971159129	0.75
55381.545352094174	750	16.131009581115517	0.0	321064	1994.9236128871573	0.75
55383.37136474674	750	18.30499692855221	0.0	361565	1826.0126525633084	0.75
55385.36782242526	750	20.30853925002834	0.0	378327	1996.4576785238708	0.75
55392.2146718222	1850	17.461689853090867	0.0	930577	6846.849396937472	0.75
55397.32941290437	1850	16.346948770912487	0.0	858450	5114.741082178379	1.85
55403.65353992005	1850	14.02282175523131	0.0	1025005	6324.127015681178	1.85
55409.73633586514	1850	11.94002581014845	0.0	886255	6082.79594508286	1.85
55412.40136852771	750	13.27499314757591	0.0	438281	2665.0326625725397	-0.3500000000000001
55414.40102186263	750	15.275339812660455	0.0	398987	1999.6533349154552	0.75
55416.943218248234	750	16.733143427055825	0.0	393804	2542.19638560463	0.75
55418.80591932992	750	18.870442345370314	0.0	331053	1862.7010816855106	0.75
55420.40136491971	750	21.274996755578695	0.0	314107	1595.4455897916203	0.75

